553403
490376
653364
472878
420131
901678
291250
666159
672453
180497
745549
443015
28068
657094
190092
667275
438076
879127
403676
998061
391388
808438
924281
799491
800554
518495
568069
936368
7114
179593
337019
509169
456410
863688
28477
536710
374357
102786
678473
229946
90775
468171
895498
10001
741823
426272
247115
368398
953456
357437
887686
776286
204786
273115
676187
328612
86775
521866
257308
503202
243767
219046
691205
934913
939260
736697
434185
63933
958714
540909
841095
370095
204182
221932
35483
672632
629511
912918
284497
425927
162842
526366
977973
369864
929551
836610
254342
7210
811617
619876
921097
713226
710435
238666
38713
438657
288710
628655
33435
266439
618103
366851
526256
157378
631141
198918
359556
607727
83040
292732
25956
590124
565789
569806
373229
506655
764822
401981
270142
74695
446990
232259
707023
836957
184498
101896
872539
437414
354587
947070
666233
42264
37105
300057
158857
729254
851561
165550
58057
909802
649134
883879
286343
16878
800926
234145
728433
617751
430187
458210
556040
198831
988258
679162
528947
52238
401352
911669
757616
943139
411040
640249
653157
358692
867082
47491
101141
296080
958214
917177
633198
141725
202773
204267
731454
279044
721728
341098
878790
748901
765234
192837
439783
198295
781632
313245
118841
848
707017
399140
2875
571822
784185
329462
202212
836576
666343
836371
893400
175540
322590
536377
155318
976445
769145
999834
734286
681376
142312
134719
250480
511355
282255
883705
1504
311539
235021
499711
955621
78169
386778
383273
940928
603193
118793
113480
513658
761342
984493
678688
799382
87685
139032
566339
717990
860924
892542
149194
356986
947959
995065
237107
709491
813967
930278
566354
728437
564471
408876
545845
747387
165020
189661
134297
80452
342328
960436
336386
422763
778868
725246
331323
300116
609016
883286
644906
931906
25872
235529
408463
200326
376764
838168
987353
433746
216468
361307
496869
316012
520918
130754
27540
757950
190670
725175
808007
219018
179040
558431
158586
420410
83445
751552
791738
892437
690944
747453
282628
68558
746604
306812
450684
542391
105060
807656
774727
903187
96702
277074
504837
899272
779077
735154
934510
752179
654369
572236
816648
912278
432805
402478
894850
564460
676149
442134
234544
286878
951762
440304
134180
693646
851588
190460
425317
893840
423715
206798
787791
298680
889985
794351
945543
685390
850743
294369
376024
785630
461707
162240
656175
550764
248315
365636
253679
768965
278825
850083
803762
459313
582050
963987
184861
982981
998476
698157
230559
646165
914924
736237
306822
51590
44306
119702
254846
827200
557601
958259
425446
998531
137727
890679
866320
145873
54549
842630
958165
49545
187651
649357
911379
134676
441828
207052
626693
109880
197817
810228
756669
783690
344500
328746
248640
285824
760227
399403
37886
501605
653687
719627
656108
417573
485681
551958
283520
272520
747432
396375
6537
146620
298681
101558
391592
91722
738443
95612
584174
216939
6141
56051
456596
237620
475695
75689
516369
959596
766762
624083
564252
261694
252333
870285
848702
663945
557141
2751
459346
753685
181287
170908
510428
104801
654717
6852
612292
834456
477964
560841
13294
459297
228366
346767
240439
74901
219344
725389
470797
866956
463706
643120
124011
626448
479286
399070
710128
669171
551391
599511
437211
501629
834823
139576
721893
66621
549701
544346
89403
150016
980954
482839
999255
664992
544286
67500
795322
41716
156492
338618
559496
757285
648999
135655
77631
911456
28423
433378
927381
846247
575235
897219
145518
453827
138748
505168
409207
284052
285252
96604
829538
65928
204458
934473
711102
583146
160739
138223
778162
425426
848279
97749
263766
994427
899973
920284
799469
362609
329171
851580
200195
203177
750326
605925
149088
410859
690490
288135
552230
762602
321198
29037
371724
144756
932144
630532
689655
232900
518673
497658
303026
623989
67364
593154
752394
719313
833960
927028
831497
432712
714639
710032
26957
460860
279018
259491
984323
321849
516084
812034
517381
926978
209080
355315
492046
178118
64991
415212
857750
774770
960474
843251
850447
713696
849320
328676
624314
35885
277508
220561
446950
426472
201455
37187
83846
113381
341397
338335
467118
922802
702815
729892
290538
180961
435988
4817
574651
734468
100268
503972
896495
646263
935859
441340
536731
560855
818391
737056
972536
733201
994830
718424
456920
804757
623142
278777
808195
492648
852714
875455
453682
469657
595374
398738
869415
874379
887864
361643
678375
73521
678347
861840
245718
56409
168017
127995
707117
578975
45796
479833
667802
514498
710393
698862
779700
759123
604137
659157
26008
226377
150109
581861
123173
209778
944534
991280
713874
131588
902999
372965
720679
947154
997679
852437
84894
260890
874663
412754
987031
931771
567940
60979
701874
344195
141689
748917
867533
543718
207468
357244
332762
733132
539747
553399
262299
497217
4875
726817
159485
152464
395941
59747
488014
832361
585037
343574
807453
810559
465705
256679
75437
865327
339050
921236
463125
687386
71426
985811
510583
626515
939426
304273
34715
659764
191470
333463
489959
613707
617728
2825
183357
342194
440790
531401
116337
854460
581081
214392
24613
482443
746763
371548
479939
649599
39948
748061
522711
383625
619208
587754
236679
885341
591424
992377
876207
290502
541044
236971
32925
782483
824938
580365
453350
462639
153822
853755
463459
854927
381191
900831
742476
249540
148353
938647
157487
936496
288539
266293
222220
27669
265215
630752
735440
270409
209914
421335
647596
349382
327336
932118
441554
404190
304317
153809
213196
481675
322930
453661
467896
535012
144458
113710
225252
351340
944575
554363
867906
341765
993870
760766
484488
886402
73372
849303
910887
126106
34307
958032
291749
454199
300606
185275
372889
838446
48493
137912
32771
123978
434500
475027
334149
293057
788758
791370
260674
403144
464762
758891
112914
894402
308119
112348
295071
708243
437586
121333
376671
750356
595664
850439
825774
832991
114794
608960
699335
538313
152877
963110
845214
988975
61578
24321
802590
555817
886689
675862
693306
769628
876388
759053
140786
807980
303915
533236
890532
879438
321812
811612
677900
678651
685269
654305
663194
110272
112928
376712
331887
246770
461489
980609
914611
853888
355127
400203
114965
901601
465821
541942
65696
264620
862835
734212
732727
54086
987966
266601
199149
211189
892376
2930
243011
303763
516677
445186
398527
552031
656276
941046
336229
29742
354607
777578
443349
740159
125503
794389
228032
161067
644414
664080
756360
245947
937818
885364
858676
675924
719875
116320
890316
622733
578706
905882
389271
154721
274005
263309
861487
282368
601339
849136
697982
756672
296153
905928
306263
386992
543382
460291
559283
211725
818617
870853
192902
3790
105613
969217
180221
518490
967279
261181
807191
520666
591732
287223
280349
478760
402745
860134
731711
926182
836936
12505
380813
32108
104675
217404
293646
684505
332785
673018
111617
429962
168770