34394
249812
657740
2574
40601
278417
819886
594301
222437
418524
612117
870765
801436
9480
269797
108125
856762
428027
233499
502424
731356
325705
386146
973218
532065
633454
814020
115133
276777
994920
608637
842008
854527
148783
507052
464725
143251
302546
52899
508342
442528
442032
63581
164451
110380
557583
197263
692762
10862
508252
452631
969203
115337
23168
861393
22799
742455
290139
380105
22941
177537
373663
531658
928136
828522
892044
425557
420225
539820
464451
266797
983972
479066
725513
862095
381577
122148
109019
462144
490346
342137
787177
336766
845740
898375
461616
303640
457484
618077
728759
184922
185063
192498
149861
907232
938917
332799
810877
318411
189123
521543
777656
145746
827261
410679
197438
931888
450004
578983
988096
631739
542273
939520
946612
66901
453878
52345
487854
137723
528077
835962
998744
53499
149520
320097
445326
223042
687012
307874
736728
51475
831442
805192
589701
867348
195315
456219
302304
274691
759224
622682
404882
296070
88787
48680
778388
32863
191878
210371
750286
908414
769222
82735
997585
748272
537995
313393
592174
253686
519351
503351
661169
272880
868000
522261
810621
283576
314684
592938
67525
705484
396648
551329
200100
989347
216981
912339
460634
170400
796047
330954
86308
149412
188459
874849
530103
405374
104333
522247
674328
986045
880724
577954
289435
831911
809186
607951
603830
462338
285643
46920
44929
843023
656537
633311
295116
38358
66298
278055
853277
701085
699463
985649
726660
934834
542897
703732
374877
612968
969290
212742
546914
244382
174957
607111
353258
595514
4556
324893
862978
749749
622996
979353
450470
293200
243263
949368
621533
817957
620789
112134
70894
173464
131488
364958
222082
18540
576139
633228
125464
971570
387829
654739
336990
44380
763640
863818
104691
313071
620497
768416
183927
840215
268299
979649
629515
472724
296269
710161
690474
769939
477116
464662
238307
423383
732622
391410
154226
590550
277421
221965
391610
263712
176323
203025
356770
810426
778792
327183
412617
525961
749414
506559
204455
203690
338597
303460
556801
141982
913144
405646
223240
90659
330114
187833
876367
900958
40966
132627
216040
39539
650059
930715
971482
687351
221352
81189
530880
289149
360497
242234
778625
296461
836286
587164
275559
102515
26452
852134
374558
676339
206963
240658
421644
567578
401404
576469
954119
818607
944956
641701
363831
430537
953049
691162
220362
149562
33943
642738
236109
358889
937416
276591
504622
694014
818510
392283
631307
998134
523918
478828
350838
850390
796339
173378
652552
470075
3804
58060
701982
829264
909604
777419
920565
923290
968331
253999
521182
558574
32581
367645
106141
19074
899551
179346
910628
551776
779338
598049
373927
416566
712262
487000
326940
589579
215276
305409
484689
301772
630552
288644
509545
329412
365233
902762
398004
3947
355670
469500
271658
274197
740838
950602
346884
112011
666732
585863
540792
882423
52966
727121
408399
367288
293872
455567
297636
103958
951954
972852
74235
443599
663970
651040
390416
706199
530533
41161
493887
320620
347430
653123
7541
779181
863068
918678
551625
796514
390194
1341
596936
974037
708496
774039
90048
820736
256438
251555
440251
792856
476414
255514
723785
608944
740676
662760
863735
935756
814561
706057
986332
984579
762002
883261
460881
771407
203255
810855
55680
938741
165304
754056
529813
46091
382722
278418
453202
99691
915055
177068
63231
279475
708740
144001
362238
913141
384595
612229
983613
117122
537089
943430
125508
616974
158178
668778
769646
561600
536256
601419
803188
345881
667259
607084
636453
787134
276106
691798
581874
879779
663327
8211
240933
470358
871721
928070
358194
344742
419123
438885
790822
758126
556202
448469
601020
536833
33852
691040
717262
280307
407643
625429
405993
680962
968992
30461
366137
477792
189517
178485
235747
79902
835563
539885
40946
913846
25618
623996
801320
473269
680583
219229
955766
583811
4159
200138
181000
811089
554178
742579
981047
753949
396267
10267
543906
930341
63564
881552
50583
70246
990766
739653
834922
782223
440437
832141
32424
860743
277218
986998
462566
126168
656563
51200
389938
791670
109285
901113
911403
138608
680153
92790
307565
345202
291477
803247
463076
581364
646049
726264
173762
999747
868753
958488
784459
151402
26915
681864
148237
105917
799806
10
439278
562945
317531
733538
420253
629435
801471
689077
772331
629076
109222
177469
366194
424037
522108
286247
203315
486629
397636
119242
722686
673260
660380
240451
479690
701347
389719
936369
834597
749707
975818
936714
112773
592358
772515
660568
588220
971845
745010
632276
598602
120431
181068
811869
212044
564075
382852
95253
688659
829611
415642
225113
550288
344341
704624
872218
995754
4142
372535
972509
230002
908389
404009
969611
94766
309050
490671
863541
11986
703625
383970
947369
391949
71031
79086
564073
100030
107960
708627
526926
481479
940410
145733
38969
139386
214193
834804
510321
523313
197440
674278
17694
664378
475265
996607
483169
904494
838641
314210
652942
569443
650491
316786
583303
446519
859551
578802
200950
620877
588863
960778
937510
399828
663814
976427
595071
25923
369909
185417
37532
70241
999436
105927
538315
736576
798097
940977
252128
314570
316735
553570
603574
898931
283662
617990
429379
382350
45147
895738
810775
639228
521013
885200
557681
863742
479364
303086
938302
492460
916181
882454
914351
745983
875141
981248
117237
712072
760010
300323
4764
845763
163801
972051
75201
351814
423351
587268
987442
861332
395104
341868
965728
70031
980941
491079
301635
72073
853606
254196
854923
51771
42308
933820
734718
442702
906465
376307
300595
917271
587423
380792
785897
799712
757490
303639
945156
279009
846570
929293
119206
858318
62048
917995
77414
424330
623165
856275
475760
940985
664482
952543
398777
102579
151863
905122
891292
99092
231827
522886
417302
68464
799813
286676
185828
851773
45843
105427
654919
279450
811847
225012
131072
561361
165658
275901
160625
453879
802393
997900
258513
505067
438677
307612
891736
607522
24490
994015
648403
575120
168796
465972
466583
370160
372829
861829
571666
844464
916523
975488
198845
810236
903766
79472
16429
545318
118495
547191
420105
39087
494588
548906
215254
477685
933049
116745
197614
407736
941944
267417
392528
56778
941273
327392
741072
288851
656244
39613
729391
824254
102083
877729
186629
752196
258461
516782
170587
279315
964061
230698
985685
503450
714849
202080
667468
351028
505710
646483
770874
413166
303345
250272
347727
897975
226337
756975
426848
625699
222976
546133
787455
47900
587903
395914
792485
312741
209985
805634
151948
914828
674296
520426
108570
898156
805292
533952
678199
240348
84698
768655
78207
217528
207801
506694
983699
54089
600279
506548
541322
413652
692322
887779
792837
66108
731075
596238
735521
326932
81957
455551
621061
948101
477268
162634
591322
908569
56000
565791
823514
199714
93984
997840
123586
855625
865203
639584
516065
675894
195361
226116
92627
841305
512833
39353
614983
828628
111604
329537
809275
280837
425390
516603
775562
57331
846613
91806
254811
963604
860993
866322
842171
304632
691748
779947
219653
802966
71811
282818
657598
467313
199394
691186
424381
38183
413694
98988
776647
536150
462388
167160
265017
784811
69375
506761
722334
27464
619678
426618
145313
103121
416852
485163
919580
515924
638217
285363
418382
779859
82190
879424
759339
936303
224126
162898
204238
70706
171584
873616
724554
209784
844968
130566
110750
983803
184317
734524
470214
151610
829589
887860
609134
763398
25949
753151
27778
779241
83957
801340
662944
265331
521208
20270
541295
993250
807513
41017
601801
857965
565609
653177
445204
367085
132981
21887
747630
868521
739787
281897
670598
621948
149661
445533
107400
902373
7743
854882
187120
193259
569483
563547
696960
364587
437668
921568
663949
24255
915607
198778
77619
101965
541
13499
36840
154025
479741
933752
973038
941864
295054
866277
135202
946306
404570
486027
963762
977571
731039
6504
267628
27982
108847
768611
793073
484398
332599
659114
856648
632059
316700
676010
557774
523205
30721
742506
659275
550817
224357
974533
935521
917037
380458
813634
330654
870593
857392
208465
754160
165683
221600
791268
490040
779015
222917
58536
657143
231218
747412
926879
435877
80777
184012
472348
23328
339659
905080
311450
374466
844359
298322
656504
325579
156459
629698
525077
617533
294187
497988
992068
662215
212810
923431
943724
237593
555592
671089
120703
570006
84520
375776
486933
929448
310173
86987
215076
518061
952977
78247
953118
946702
847505
972518
917671
67377
756824
921210
505650
819076
240246
41848
574455
25722
748380
551767
997331
18451
537287
230807
759739
352019
972743
251710
758174
959764
522923
465853
927063
734583
812683
677362
834124
984502
483058
202823
388262
828053
760485
950327
821101
246903
204500
93809
619199
816077
295132
34325
511532
902377
764471
462939
117681
16113
9985
10451
129104
265710
537639
723719
669320
240772
134766
516732
285110
9404
696350
799767
290888
831741
562057
163357
182297
409242
206139
375059
577966
276101
906303
60612
678604
75360
448396
721185
300596
178228
618955
578370
245885
179835
165830
285579
316364
997143
634734
35498
125042
480934
183497
164092
552673
269165
506742
122447
973964
725233
119070
598658
556379
556196
753593
301257
379144
803069
647738
81933
317017
705312
814681
582832
122554
884413
772858
562286
657142
63605
278591
201375
559762
552246
931879
297305
67398
750311
69409
395890
362009
889023
737969
604578
892696
927152
22206
71879
297202
512257
13813
936387
710259
186106
423518
92992
324635
933496
928249
692116
661466
302816
401108
49983
690987
527216
27244
541649
136906
483505
225405
650281
377875
854409
641065
947032
256569
56685
240321
863203
353247
346419
771442
633959
117014
508677
979278
662295
229620
488434
272694
507425
39309
567262
874722
928624
632273
917402
920205
431562
578882
497550
81983
915289
499728
273043
755000
257670
944274
928029
268470
217601
713123
323029
448356
206173
552535
358853
5599
603801
106137
139501
859941
697146
547362
784819
809244
55507
588248
618678
795837
307239
79297
524867
505243
82981
890530
200352
716436
191889
661304
560646
403219
890116
180242
383277
160382
141834
523977
309055
393667
181673
139166
153582
329850
906945
973998
946273
556919
201679
671636
818569
533488
170507
596763
509459
7685
416242
485790
804086
419376
20190
148607
183659
558986
519440
614720
723261
292342
791760
452097
246262
878767
970091
790294
758905
974570
871707
871492
89454
379111
753797
683545
990551
187930
590236
626021
860208
422563
705496
627991
490048
417103
132665
596945
15119
968906
735745
272393
636608
792084
372050
521198
997718
30212
620375
241361
250343
583789
679225
734365
934688
350556
49786
651748
544367
529917
931570
979604
654033
704221
146532
505288
267640
731657
184637
821435
920984
177430
950888
616791
894670
600762
491600
854892
981613
32536
447219
274108
18919
944537
816159
118706
331925
867253
851277
593139
325603
610322
656791
117837
283291
690179
866582
92685
261644
69873
936028
715053
588310
843991
568651
651625
865301
118055
446672
31858
940136
419338
965696
829820
849053
451589
295117
47922
649275
588471
330596
971274
825899
392446
386855
340530
893891
828026
66754
923369
729520
473257
588972
714347
286848
360434
587004
384132
185034
838461
479717
154438
301306
61567
186512
973398
596669
369427
371732
578336
405189
81732
107093
839787
229689
513767
201590
919942
89533
592229
398396
47842
116505
131351
462912
58106
761864
708618
832464
276268
951456
86626
348132
494444
542809
635674
370104
335438
299835
419369
486283
85888
13160
357376
966258
91482
455107
844784
2265
936206
783868
599593
250391
357242
615738
853789
672365
620316
91427
736708
577052
541797
898827
915512
573728
193382
211446
331392
713804
622759
679435
534569
567235
462295
185816
794832
96016
258461
67900
80637
475491
591181
178997
893866
78889
396406
139591
641825
939206
290520
592581
654531
636594
81139
809343
925028
422253
43642
685128
763092
632224
202150
242082
552697
882386
16936
840584
642520
60803
755510
752856
738546
265641
728903
488220
952011
233860
408473
345908
872198
470624
447151
256609
38892
463271
821593
189296
357387
805728
765419
870145
310203
209160
975887
21427
522684
768075
473463
52525
447675
320671
530602
404684
237491
751678
435264
203364
761520
795390
222057
238965
162223
971598
912871
331308
607010
137743
211676
468306
982095
882124
266493
477461
144856
275416
879526
438065
851029
36803
802952
796155
59805
775608
60541
645578
252900
130614
262524
622722
684798
488553
500776
112766
847234
337509
584643
563162
885450
322814
637184
594266
970262
512454
397749
267002
623184
658148
736879
346898
709354
132109
602720
316198
982307
469346
368179
191176
120873
39974
598464
538026
910937
608026
449819
618116
73826
866807
480391
906654
679879
698440
893256
151355
845955
964257
691542
936354
363846
23423
639149
654025
183390
92670
311682
934497
395825
318385
803024
865209
713638
970529
144015
469455
596452
308709
106886
400954
603570
637467
493112
442541
505726
390976
290746
808360
8633
21554
177572
428417
821023
955711
295718
55691
715924
100137
389618
355040
882602
451448
843415
207824
233728
734396
921070
223206
240580
265822
286381
988371
716184
501602
110616
861370
270610
236604
138712
839127
914398
792139
567140
399821
446527
114230
810971
993930
258482
483362
431092
856089
986099
639565
211149
85444
930329
337866
199455
997091
520604
439385
526227
474821
692343
694818
228270
541498
884968
718862
312167
940604
115733
372291
547609
108280
215560
560826
465491
636156
233307
240958
759629
529470
438895
820227
491318
894278
799766
647968
77992
194233
172433
659114
753341
70468
526771
965615
476411
708705
157156
576844
392170
155721
770753
790571
543367
944374
552289
131997
406929
104147
785843
438480
891136
21443
545987
163117
999189
896203
757211
692688
697293
850205
618630
157093
402671
606338
253680
64796
771589
255715
682153
185608
825767
577523
683912
292697
907122
382269
873772
760436
959704
661573
716702
836524
961233
157214
498002
229920
315824
984776
727116
238577
172048
382723
92640
12061
738541
679604
371666
42365
637199
577907
883931
607255
43808
158127
12429
840097
708511
574846
50062
997331
615469
249029
769536
262631
87237
583361
192641
773808
874505
198063
655822
387540
377079
209502
190338
254056
211322
722959
979068
388071
878749
101638
665887
348813
180378
782576
536884
596694
18449
465904
129834
98638
354964
428552
49341
83285
210399
973792
502387
502193
281317
596214
90051
80
263557
852195
368721
495128
885595
34246
943380
175661
642995
796047
116825
372543
782809
963882
401312
400460
45516
350533
335012
991993
101585
192000
411129
681353
741987
991984
566797
159031
817352
434896
514064
170422
283710
424838
290160
377027
67156
475469
330173
854563
602774
442883
406764
198590
606945
352017
613687
452120
480660
116082
902689
964200
375527
178914
397272
419159
853141
529317
982003
341462
995189
638066
932570
979036
574631
26618
597444
839291
321641
452184
349723
208798
689225
791702
254653
939937
337589
282329
917788
406861
177582
865899
163333
105455
275867
143779
596158
959827
954106
601587
629255
217762
878769
664718
983363
878805
570691
100916
214257
622549
404574
660379
112210
283441
367953
603899
906031
749819
975962
105206
392755
36032
910621
740003
949939
663457
532401
545334
614927
368594
333589
423501
335280
175855
424832
609561
8305
260470
858710
84199
880218
592229
837750
15626
253447
92785
495280
451303
460583
266848
86932
267741
587552
618883
599142
118543
308880
285076
401773
770831
55279
859816
85610
952040
557200
78800
685862
632264
555910
200786
141605
602952
858531
232063
593270
447834
16348
361457
300204
436302
513416
54371
811367
915009
219591
544557
576715
956770
959935
782362
182419
965986
423490
807592
516606
797112
579148
98011
903783
267790
293224
389950
313970
509515
747377
990711
874850
943678
202934
883718
201160
764644
662583
357658
607447
374166
924620
873040
712338
182674
90725
524488
573798
950819
141612
49254
3540
666480
217095
702498
981510
32607
545529
209037
162499
335140
529320
928993
359614
160298
967609
464771
526473
625308
912087
567895
306151
674512
119827
557312
838078
997200
965733
550259
490923
421063
525585
387062
364976
857861
904549
62331
492425
264815
467359
535763
661980
163718
273515
507665
380558
64658
62729
127420
455154
923050
326669
840495
477468
917667
434560
591761
734420
400659
255268
306541
533862
588288
282773
317357
872470
572714
835531
255288
387825
358258
553916
216613
961535
955430
494174
839322
627989
627818
892746
188166
279623
416132
712892
936567
529018
167363
770615
854488
69207
556301
760774
492811
650907
589252
41821
572383
134667
793557
102877
887726
307717
910429
718390
169174
901042
643895
194535
433682
635032
930406
86049
696756
52300
190364
35657
349505
566340
156645
282972
810473
476043
831027
794670
531617
973069
981126
369227
275103
39954
662839
763006
387825
171336
937314
676976
183547
799544
912174
534375
603211
683995
290299
777264
810586
906950
858470
181144
7586
632768
710907
120916
523094
873716
869496
54656
890435
554818
809722
334596
455745
310191
810887
445075
327509
691133
132855
448845
968423
610326
62399
797509
198618
849634
481371
989020
918093
862008
291992
167756
359790
129200
661307
605953
428406
604951
83729
54433
186052
57212
476180
562605
763098
21799
603639
853887
384046
330025
907919
131123
281774
511503
15198
302946
521044
273968
359996
207818
213345
233254
627556
638089
939512
999001
284696
621064
966810
201718
823282
597941
303866
919039
13129
768232
406717
410877
921212
366247
330320
665744
81438
821509
789861
895975
148030
779557
662219
701898
517201
444892
601384
593876
60414
733492
409622
321727
586758
887693
461144
584344
542671
326367
430520
986705
642955
909530
810238
776501
921673
4718
181134
551286
678104
783206
43551
51618
583443
69935
439572
59060
534798
203767
22073
827527
559516
864113
503643
541157
13562
552181
335811
305406
387739
177859
323473
632116
909072
241896
626418
249811
270228
988473
819134
878686
698353
241148
281072
953412
799891
363175
759299
159666
521895
801984
490213
597954
467952
214371
62746
585809
300646
561826
131376
194734
40906
665286
173787
780270
540235
408116
816108
399644
739150
726955
293106
524429
576670
2282
700909
294866
790576
822255
90731
423880
484305
534105
234050
624201
796014
823791
354409
623749
939840
997561
278451
663659
854546
386828
189480
522944
724336
658852
638017
514643
18414
194409
177664
898183
612178
641748
110186
886095
963103
478699
466786
823289
876223
319720
451940
790625
112203
207032
454170
324358
947130
65439
281502
279545
275941
805560
772109
543985
729715
879962
251460
558396
733542
41559
539898
189520
505792
964062
43194
938368
685267
816192
334075
705098
370340
709071
167389
964365
963323
229155
105282
139927
248266
495670
563847
130397
44024
909039
381214
614340
66760
815676
582730
768348
125099
826520
352949
799724
484126
193708
320817
846120
924481
39698
739785
7935
6454
693812
734980
745745
506994
454675
477942
610558
300003
764004
238914
910681
194046
654228
442927
62204
317156
229420
549734
25845
582576
179088
745477
340766
431840
244514
531044
561099
147805
419076
655650
225564
493096
71610
379242
409777
640547
137389
890056
688893
394490
687947
124449
182772
350380
96204
560916
116702
954362
547920
870380
771853
290858
469796
50879
303019
676152
365604
335910
176557
348314
416314
220440
278564
305902
517764
449829
846002
760579
847508
558413
637209
101185
747217
3131
6767
729142
949370
706081
292078
60669
90123
647473
857320
214733
830584
725108
519063
747099
833430
412107
136274
201261
887257
668609
748380
553469
661624
258697
42263
215110
674157
696920
911638
6382
229976
904097
745936
108815
381507
257642
808944
421027
812096
282632
226632
614220
974575
64251
34598
789950
922268
570856
391999
411978
517893
948527
823112
25479
33529
986408
632228
641119
97883
677951
586040
73907
430342
852905
658778
379884
109514
957570
728999
898975
407829
552261
633843
996060
556782
725287
906267
469716
535258
93200
480055
226276
400545
386615
318252
139138
885738
268569
84958
674563
856771
89813
828418
754374
279229
707815
183057
513409
244340
167359
388440
803814
703981
914429
806444
726833
464728
759180
922940
560529
630260
146456
415551
616240
360978
779437
729292
969761
883889
302317
278344
513061
547976
791918
884281
617498
706339
209774
39161
723073
19365
267059
544839
121642
763372
108611
445688
755198
231761
669181
90379
445353
691790
481491
473049
46754
229179
498981
457387
179672
705137
763770
878118
720250
190159
866077
563489
27299
500891
275346
992727
111585
784320
95028
142840
606817
766069
953644
739866
191992
667711
144976
268301
267856
63181
276565
366603
80941
573632
287539
99598
613019
572238
82004
518972
628086
586748
630903
815806
562390
256328
117800
985646
765269
719145
144404
375086
188221
697326
438539
812246
130259
292099
305687
505413
223546
357523
614835
250841
886470
411975
353194
748665
690782
79852
491278
791247
751885
584690
35985
809939
60901
428240
291011
377283
12880
944197
898408
427375
464884
198650
429749
67504
996098
501060
586023
846969
790492
630725
206529
121413
678881
639858
122208
586288
569814
505838
217788
546082
352370
650389
955645
35878
992262
378134
332599
586776
648967
350392
144388
68093
254777
323837
318461
989165
917434
889635
229396
552875
550249
280519
228433
650965
614833
665125
455527
773366
971253
382074
183027
489785
206682
341130
156816
394361
355499
661246
846233
812851
706989
858405
270076
176605
880129
909083
702583
900944
525487
340487
162547
239264
726357
27710
408057
744588
524267
629381
489493
248209
420145
681075
841670
129369
199352
544629
486622
924112
420746
653036
895740
638360
778744
685233
309668
763090
54974
848056
943352
80989
708756
398802
320534
365211
18708
270540
192397
177966
92482
416629
777148
887107
89021
582269
215945
490948
383873
744889
668667
450801
29975
517827
609461
326793
883546
785087
972112
90850
345701
13752
436499
487192
930526
315496
124305
159266
286298
4950
710432
373248
430188
216602
282673
860304
470925
952188
966417
189313
249769
990779
966203
324702
773636
999785
678167
389068
334663
264947
550035
963023
331947
536255
561821
639174
400769
311214
474042
472887
656667
503489
787526
741253
609818
842455
963849
513854
336278
920660
77489
237649
492963
792798
388594
178205
46662
974273
579575
325924
639156
810931
745475
373406
340483
210929
961769
758506
327920
672136
411428
40991
673036
174575
269908
841281
557123
668561
403862
479567
355658
72809
710142
273850
991653
337031
830067
190256
758354
17775
147368
255061
558485
703776
859891
707219
428513
876978
465739
516552
90464
968473
264995
538590
547999
631366
884701
329273
392665
224556
900333
147337
39134
867872
669387
461566
220064
594585
620948
403355
209050
509271
997630
132132
457246
910561
868278
273265
260089
377382
859736
73253
906628
555717
497098
175352
102090
457320
926390
370735
161297
605707
54625
529070
955975
575707
359085
356900
482187
297273
43879
63844
202452
364637
587214
856468
525250
118359
922977
549566
428159
842033
818083
690820
907538
780337
1263
151664
63616
730427
995185
423785
978847
245203
596360
837826
140088
989183
96759
417133
517976
259722
942402
982029
775667
335205
809387
3369
189622
425897
806985
498748
604328
748472
615105
540265
839291
984577
101156
489099
53365
113313
980069
905195
50422
731687
864821
138443
808549
105200
235901
507807
445883
953265
32887
948315
681260
873939
156010
924775
302125
42553
620736
858544
552486
305821
31557
860824
586742
633944
65342
304141
159517
800128
708196
579383
785803
505067
656380
779
298562
679698
197332
535485
463402
655186
472347
620114
617841
49419
900637
476499
778140
932779
516507
436637
133679
387397
41027
50582
744437
341915
258257
423610
517549
29307
257218
59347
8465
368644
859632
904327
801156
136842
438863
497099
629207
235279
129602
530166
500087
92850
880859
630192
298295
245860
313454
151689
11318
531796
756496
109990
107373
886509
741553
25110
996695
420405
966675
997826
359805
141142
325734
580035
280605
835834
72386
883918
239798
968719
14208
49290
575411
509226
752502
162818
494450
945799
382285
922102
896687
427247
58752
245516
757970
738546
256946
521060
440465
909524
112300
226889
476867
928836
944691
554435
772355
437191
615490
207753
705981
84340
474153
372435
612760
207064
424834
263566
263744
873721
123147
621097
141966
366328
968613
146317
458391
65424
848744
984105
431950
443387
246689
783979
169046
635699
636713
212746
252201
783254
874147
594368
252766
241122
551313
106325
421722
290400
934931
767319
985238
494046
164094
265062
611912
863828
380885
421035
704497
664808
64103
946921
776706
337421
784644
755564
819244
159046
516829
449821
498435
590729
378167
950071
439245
838206
589324
814996
411053
836647
404926
240161
930023
975065
571001
595249
550223
983336
829540
740333
52435
21025
243907
998120
346913
941552
124076
490896
12918
110626
843747
68992
459845
173829
45845
613747
985536
704044
31917
650580
444805
853071
52887
175089
606632
600463
843471
82061
855385
121302
647333
688596
74162
95133
940431
981481
159456
290119
142378
796891
744427
903083
240079
474423
551267
266863
303246
680183
648617
553679
473674
425624
352343
670077
319281
588809
169101
384419
954901
969855
24153
303620
385580
772326
265474
433920
778465
827761
913393
673974
162964
372306
236797
361859
729525
758534
683921
688105
465400
776136
176316
472332
254069
352421
670549
127574
432608
245103
825737
632121
662176
711627
282499
488724
784974
104998
837686
914479
574027
153348
212298
327521
297278
223032
665825
604369
980009
730096
478020
874201
637543
24040
310191
585350
532868
674815
974517
34620
639672
697511
408657
89399
277762
895157
802443
448620
268190
830360
559939
258637
478306
877030
213278
776300
256955
316690
235978
993655
847422
10362
759215
739489
812845
876701
513715
721762
327049
934314
603946
36628
358670
56691
296857
554110
809552
238912
557285
9262
369072
156800
132317
797439
84859
538203
960865
430331
574175
316451
611565
810265
190730
298792
917190
634791
490209
754090
683967
780547
414617
645033
814504
788547
62326
28057
565460
240181
981342
366834
328134
32384
167257
613795
347960
423721
307304
345766
212999
387058
259454
906991
961342
645788
20383
223166
319165
885838
521236
2068
72261
155918
814408
668354
873955
855723
502083
575964
488503
923517
202816
718285
799777
625860
273836
50244
433159
860142
736638
699532
435524
447349
867629
814138
678512
900132
721875
163071
650952
529273
411868
104157
155578
283558
132778
930999
648656
116978
727753
603456
751542
324221
969226
753238
840553
226336
691646
207719
725502
17202
605521
122193
674317
242984
550336
416648
714168
386004
357880
403056
411035
693710
434957
313355
266002
311280
486291
326476
585761
346298
382813
62346
50500
950550
916240
390736
806164
295927
775650
519249
431891
248475
297588
82041
243092
642607
934922
920862
684234
331473
398371
579285
299499
80240
197497
438882
203648
857935
193175
58055
153100
198633
311506
46141
851286
499311
664229
95425
190997
891181
133357
711941
208248
728522
529149
677191
288847
916334
989855
258303
426329
228094
529320
37618
112811
571650
920695
634724
25849
864040
138890
517930
740164
472418
56060
993181
601056
299754
703263
164651
656225
944229
494514
340807
433569
113573
10495
825025
9457
949897
396436
62512
493658
175231
20187
936139
696974
522858
272792
826775
885232
596062
426815
738747
951357
743496
985840
741807
34837
862955
871312
859859
823658
383493
102597
322652
723908
357584
812301
247721
912430
250148
161724
238003
582465
651706
6480
775459
373834
245451
849330
527294
462299
709718
153996
348603
909419
308481
865665
761142
933802
827543
651150
124093
740710
868464
140987
852102
591635
909166
146237
446659
660410
163619
835883
190222
282049
587408
847451
771583
393043
911817
271577
541
577707
434228
922947
483953
467458
917744
703236
135798
593363
658066
413291
562028
849479
913098
517415
252300
475459
965796
432417
956565
990538
304682
68854
680325
823759
542120
562384
976675
857179
398664
416032
103161
817303
913691
543929
951264
333047
399608
355852
340659
63043
157951
26684
685989
692355
786807
297565
789487
399367
625237
748366
752033
638800
65950
607920
791898
701598
86179
211202
373203
672535
484715
647643
122901
755089
54959
571395
568587
231740
590527
965294
704178
710639
767810
833685
744620
670797
91482
464242
422260
322452
94246
597529
737581
920002
18145
216366
973459
710052
353768
288263
166930
554812
922392
380319
775733
385166
114390
801971
468471
851847
509288
217404
210806
590859
678336
607242
948357
540634
116121
391098
998368
281181
343546
444820
906427
861779
326808
549379
840051
369875
248985
773041
118694
413309
478130
510335
554142
471745
242033
253790
449960
959435
33431
364429
926531
523786
146781
806959
277556
411484
547351
511112
771702
287960
238326
186196
197263
830711
509416
467396
952510
869215
791834
932374
911505
888142
715869
660687
430035
238943
764710
140056
840993
745532
205232
555698
763550
559585
307900
333720
523900
933640
794040
248688
46715
342263
696766
934317
19759
294242
307443
175876
708665
261885
764176
975816
752664
749603
847293
429156
843416
847836
8281
676789
475304
212750
490839
29186
31561
120323
57666
34136
143395
185299
249568
244614
626674
263470
258677
25650
830877
140104
349791
416983
120999
180961
783006
978908
945790
515952
292534
283793
431217
344108
695277
81032
16191
473974
832495
513294
33866
77094
849682
318021
695467
67376
651827
262879
193119
152626
198527
56249
961694
98846
833038
520402
281100
973055
386281
430630
534345
737129
791276
109291
205411
360258
110663
207015
525611
606822
6750
5868
228069
922492
276945
943922
60952
398675
348182
841295
234438
741303
597633
8149
593142
109398
189285
473352
906797
151690
866197
826746
758459
209475
773380
786309
438577
608530
130378
503589
412848
740308
841159
796143
784412
394745
435490
335922
926064
649456
174507
205737
742124
754929
928031
18905
302377
434918
156361
686221
92428
885815
729477
207468
739865
307313
698144
938036
867935
488146
567067
576917
497681
279027
769678
380268
741429
360722
589738
297434
398069
728187
271895
928193
5203
195923
13756
627291
888890
656257
802908
522678
560047
258361
937821
741008
110950
532967
234853
324171
737649
672564
25757
9036
969492
424951
115735
554358
42867
339899
103372
543679
337900
53865
1086
750315
237762
706706
634620
694829
738542
932059
504900
427287
244570
625350
513730
931321
486376
59737
411959
820382
675948
876461
880501
912479
657083
836756
812103
433826
204635
32488
220973
696563
53401
99756
761860
797949
657466
754402
507396
385252
918281
620137
393380
235842
634575
163279
835288
610109
748001
748027
993082
914370
796051
700848
826375
126304
416459
972287
397504
682947
895728
521228
82480
647307
964224
575546
459214
863048
77057
928118
196920
172628
357839
649117
786335
795790
774100
715
518338
265582
139670
121729
952467
532682
730027
625202
199605
664548
960135
568554
933671
572589
502006
699356
588410
381467
241829
956998
809086
592930
266970
123331
731643
70929
827524
349485
444635
475020
725740
734380
438565
639138
724363
399520
144548
286026
337398
12327
95078
420543
902517
33803
970208
411701
800177
633867
46959
524534
421131
294276
356281
230558
994441
806140
403826
728751
806763
387723
942907
176978
341916
751463
602596
429867
782020
68170
40274
881815
830330
260226
931836
443781
83287
199125
724239
643438
451110
56846
24690
29810
987255
531304
848291
778513
702930
99222
823232
392642
377673
741613
799074
342259
79207
99951
446436
12254
373508
445365
657537
765893
671674
581176
914075
54410
139570
112956
307864
380461
668759
857497
175335
37794
933933
587431
223201
295758
900730
947653
704522
153822
329506
327686
333302
129476
342865
165177
15624
778063
361617
588308
74710
669862
242427
796989
613097
661090
454218
227828
843360
637573
773835
55071
690419
296090
715248
884723
502549
487273
320708
753597
424499
30807
353530
571723
154778
360600
168734
378041
670837
262483
278060
518875
654643
518417
929215
859588
804487
122144
254754
499185
953225
970826
308611
903317
146234
881645
816198
284738
847333
459191
593013
992753
247648
466240
95956
147758
861554
580164
304530
147683
544398
57979
483996
147390
851774
176855
915788
838722
713691
104410
637504
39976
105272
297617
101893
475823
103455
836336
553073
307399
2611
832203
754319
201558
805173
528815
457909
725540
982690
813531
563122
407594
620344
577822
660196
931186
696985
107662
780070
602282
457
338210
676966
72843
70930
639597
378772
252065
972295
719352
172534
341110
807141
955066
368152
593311
856788
529398
80481
370146
617101
988081
255041
642
565399
894735
721543
846249
349226
383626
540495
29170
315188
870029
42137
954448
565625
46579
787828
380574
310165
105623
533336
167683
189725
509079
867284
12353
207908
505770
462364
851931
249305
53467
696772
866849
569038
592738
479434
577305
390291
511901
828045
398412
947009
760368
730780
562794
871571
992310
54890
779290
221358
772130
635805
380386
746945
663607
990853
816
393223
474400
164458
223107
745513
281133
929086
815353
548929
145066
728497
988277
186362
680030
507555
827180
625491
197533
630773
142221
995458
336778
5176
11147
156533
640941
283015
149512
709491
753389
639793
170719
97441
452714
326926
788302
592033
681145
511155
131839
881813
337981
597568
262129
378241
394654
555542
786951
381391
703785
813862
609517
553836
858500
662949
415075
75855
697548
426203
979176
587993
827021
48987
754051
858775
26397
142413
792688
863077
245461
877543
541222
852590
187949
292282
484609
601870
378675
740137
250321
495640
593896
270964
317694
546227
320631
817650
44950
717599
149587
387165
229877
174742
298988
24903
876432
862413
556365
190763
20446
783705
144981
967198
685667
276015
806607
167333
282906
723076
926513
590240
497726
638163
140526
700003
215477
437693
623416
151205
445722
361226
338837
150417
534181
159501
54621
630778
590521
598502
799950
180844
594442
120289
302091
833565
474218
320252
20728
641283
326446
269894
615914
297599
358593
578595
410255
735286
464453
514668
974106
184641
106657
244979
984808
885178
174379
715684
44148
93879
633011
224583
818931
135635
300714
649761
564174
461287
816942
921275
194682
473752
46131
91706
281653
744586
792271
923309
420894
909299
66402
132006
594161
498442
849887
863487
992287
733341
287868
635198
362374
971010
843250
629011
785426
500773
466993
940030
23663
145793
747044
948173
840618
303402
666652
437955
91043
46662
256219
620565
805937
892508
817472
815053
542034
157764
830666
468945
492365
859966
870986
884607
268391
987039