545993
542449
611778
24735
788904
76829
239747
152766
639485
596372
538884
529260
750980
710655
836822
837115
331291
672350
374908
760541
738221
478398
551456
230250
184179
724311
950695
492944
933649
274180
256478
531863
699228
531743
859539
231119
789307
838584
705281
730457
211499
398514
499107
320400
892252
514171
429161
47698
5113
892838
221256
687150
470277
753511
206444
876716
171424
981354
553929
880691
158250
257808
803087
319515
634110
610823
528572
12816
935199
933444
829707
357599
699889
893024
376330
413600
698782
638476
151433
135680
804185
131955
888558
420458
199487
565739
904678
460050
342553
377878
570230
410782
853502
538523
977199
608881
389078
364925
964864
526037
659001
163733
42597
964291
316725
870192
776574
601170
745775
912903
704442
482043
498913
374871
842994
471749
295681
972893
757714
101137
412162
268976
229746
949700
392051
555514
485955
845324
543942
779412
839716
149457
679916
862589
837460
4858
362139
923767
881410
834841
244401
747839
877441
874612
482866
433447
306135
57009
619949
320401
918005
122269
331134
931914
420160
630681
73324
348224
957005
745825
344434
507554
639212
197370
186459
513491
312155
171256
75974
258378
26524
895209
85898
954185
5729
528226
360562
968439
900643
523427
861033
63196
673553
178281
44721
183929
475686
99665
281037
764930
749843
149092
384895
759033
548764
720451
409324
402728
416767
86512
286811
523899
398222
260662
260508
289399
571166
393015
611461
199579
914776
832528
132952
40530
219052
885802
245952
159505
183846
831648
853754
785171
748249
155528
9169
41583
533047
234080
613825
824658
167107
79767
959933
516703
720541
662901
967949
348064
138364
336039
294031
176167
992955
678251
477597
305285
263562
921364
506447
145574
555653
4539
632343
443143
875681
298882
851403
203222
876418
566982
966336
548837
16619
752033
157137
489610
896781
841944
651775
793493
917440
29288
211570
349998
797967
210728
817886
373515
634797
584923
467969
510796
486534
410708
253192
191987
140849
556806
95058
713155
598593
604711
205836
774516
193915
845569
731963
746959
321506
922325
856088
286700
211501
678316
830677
643398
33818
9467
561150
61176
203611
348594
542203
660055
893231
991457
601969
574699
987980
811335
806409
145162
520120
120761
385672
765267
133303
551148
469469
364740
146975
668639
842618
338169
556103
6311
432538
786882
669150
47768
620384
741087
419544
968909
475040
181146
192386
376469
447735
401345
981047
115578
84372
63167
948395
51567
322330
618134
485412
569877
608606
195836
23817
682410
160971
406031
514515
497039
664037
668277
874144
808436
471274
572628
552102
806306
582612
500331
222404
562532
417468
363723
439860
639251
735769
76598
399005
826429
532645
33042
220805
96561
96544
33034
508708
27370
848430
269890
393876
540374
288987
467828
576228
136001
241535
766124
157579
486115
753725
599260
539705
146306
405669
574557
893769
158789
701497
232515
453971
174039
41549
831195
601119
73972
840071
540804
848180
894163
197382
716455
584462
705904
790112
837460
958189
109429
286979
819962
637130
734084
607676
436995
158245
500132
36950
962378
389113
775365
655323
93882
688017
434865
547446
88196
86580
950418
754360
246716
913084
980890
570553
115281
172677
435474
752919
767911
862528
585923
316250
792403
602151
873531
248
753522
663435
247164
465587
172710
326857
340999
706400
220014
699035
899200
72580
205473
333066
577406
612567
14215
123650
691057
881962
659156
340670
929200
518564
114498
785378
379679
485928
964362
847271
595130
168723
709182
220272
581440
162657
423046
375996
432702
372527
816821
788341
651062
807515
792647
190949
126957
405383
927865
845320
302094
27581
527301
457916
934078
684012
778041
645844
529981
527953
602291
967117
35509
159665
872891
537624
338211
269058
635197
80662
649183
108073
109345
999842
339657
87774
619017
440647
796178
370605
594534
906002
565732
981717
778615
992131
660655
871187
413600
759389
367761
912825
112035
325981
415905
444791
464509
661319
458265
158139
717663
124763
324765
586293
694791
136039
652908
48243
598011
751990
269858
16300
987874
133158
828007
973912
69631
46743
118648
728956
506955
70272
344464
528772
776429
958683
22322
885000
560472
239744
686166
662321
510913
577744
762094
183477
937980
2120
522323
827965
455218
674613
297361
944808
257793
750662
901260
618985
651568
815805
162381
367628
364429
457216
502765
749526
400230
955148
876572
202633
4512
618249
178830
672838
980791
412344
718532
439501
765522
463368
95346
550817
560194
688648
249554
572231
403351
606200
168325
356524
806559
116408
438817
993574
405052
10722
546075
279699
22433
259827
134354
932702
765289
20516
380726
239968
460371
68887
411347
465506
182302
959597
988094
242113
212925
770100
404506
648746
459703
193022
307911
680005
268639
838541
914601
747439
529578
703722
33552
708895
535922
824020
690569
947754
966406
297110
227648
464609
721707
677105
391056
295256
637620
767481
756521
135554
224889
114620
245917
158072
711991
240604
768519
191704
861892
439742
920152
134922
726445
99291
272000
810718
858158
885620
544373
265489
526861
473570
133474
570223
579667
291787
868143
20114
15528
654513
197033
367048
503818
761508
359503
632210
710697
394008
928952
94409
607011
906257
772771
399516
623767
762
653405
746740
107304
954582
887817
109880
310352
349326
887247
733420
809310
982184
424292
63924
540238
829913
800113
509815
285891
990577
538339
230879
895715
462132
909262
279996
816079
275337
916798
422408
441789
106188
434652
270085
198581
925822
307066
189635
335972
314396
235131
29502
628064
804429
595234
627043
371129
319860
517045
627187
986104
586534
322637
752577
119991
460341
617341
534677
884700
558635
93725
309619
858676
507090
832050
30197
446056
995952
452475
132053
726686
282321
921755
136647
458734
529596
968926
819331
531071
25223
294121
519520
179710
294471
813891
443036
618362
549023
995002
275704
941535
808505
29363
408192
244046
322387
976274
360873
264533
609329
141378
297747
72016
742769
965473
187757
224603
418299
573579
896887
7986
883478
821826
554211
169128
757336
374391
218965
908672
152054
401591
921098
325996
938233
249077
878804
354912
660242
280240
424195
647953
756996
413376
718048
946767
93887
778563
930003
507132
783629
781022
285860
287848
33253
84210
755230
649227
546398
215581
689167
817949
324029
778858
725421
341590
848687
246550
311891
268541
133330
765504
713832
911407
788589
665516
798816
556527
512576
37683
450268
235748
371703
48971
644589
413747
148472
155951
312246
56185
255451
773675
590959
179237
42681
404294
346694
190257
308893
944139
998304
392187
800152
539958
652605
627908
577137
641848
728697
859332
973689
13735
208302
76711
726779
629574
196471
639912
873234
152428
545488
982025
138966
457747
573017
267948
619246
458431
363001
993041
463177
925000
530911
807853
110696
495686
98468
828771
262227
19225
686476
363169
36075
586578
184812
164762
373983
182274
199269
997339
262777
656413
126670
658253
330320
217801
295408
39686
517664
147913
389418
311883
255734
956801
191541
981350
212741
60005
10178
464160
698903
265730
720192
530460
646749
170089
337274
657744
855783
738483
70684
3424
390575
166966
821078
250457
603983
550723
876057
362311
808083
642520
857214
659635
449065
803561
636166
322748
426037
519494
472316
578192
583041
775208
392631
564040
228242
354782
105275
411998
651477
119631
683071
283211
575992
475883
67466
444033
717782
293491
817911
245698
610954
117025
713495
256476
10789
296372
881781
823681
913594
175196
396340
711495
347862
176319
65877
610808
816781
42534
354389
964375
15855
354184
830771
752880
581850
164464
882895
971674
299113
690765
635374
934925
560970
123350
913946
94682
192430
241304
656935
382539
618969
874589
999248
567383
57049
335931
148479
732418
352851
102646
173355
406095
668152
802771
931996
362019
497943
962426
801610
530104
729485
511366
445091
582906
294295
387693
705196
766145
813064
586183
825023
206508
884310
923773
154482
454550
748878
184207
752728
646456
284200
748929
756961
308507
269365
929443
288861
332728
241652
808892
491678
991406
801925
791954
386810
819166
21045
650521
765679
212710
914807
875510
400162
901497
301684
376430
807872
829848
227897
619568
379973
496303
575951
340027
691291
991630
429736
748333
581978
859394
31925
710122
52846
487248
631445
80549
328726
218189
55655
415182
750601
592093
41408
996952
119475
220678
245176
703013
912989
330160
144095
333457
146858
678907
614926
286296
95741
230141
439191
981861
537656
919767
94814
299320
377696
918514
403777
503474
82780
860123
916147
510464
982812
648377
306918
215970
444439
919143
668966
902103
300716
224498
781251
649575
876074
315696
70119
92492
945387
883899
11590
247166
247899
95753
342386
160474
128598
239721
991630
586862
806319
274716
446683
888803
678606
198094
283694
469320
831217
332592
135234
377527
682707
453299
485610
250214
244393
781410
581983
827148
504841
31324
202871
19501
179366
309293
250487
468740
555958
750601
762047
581453
430068
314084
443619
460460
254017
88177
967899
528445
201126
480372
428176
774009
621748
22534
738326
15169
893325
261605
407865
858570
622331
380149
506544
271014
318781
796887
160815
813099
637923
548005
865752
25602
788815
539527
886609
326862
296859
818549
244208
290934
876313
408905
143123
193041
439797
83135
97165
715053
564343
498893
961659
468476
69861
279129
443188
141212
490949
286620
945374
335554
159488
534033
619486
164418
712995
53529
91431
533565
939390
571182
813556
621735
682863
706626
116496
269171
740089
816179
553042
751774
582285
18797
793255
150485
161835
974429
392712
962692
427682
577358
448074
568956
694835
715297
403028
803328
921108
780397
467882
124269
994832
936497
103720
126211
322891
546738
510731
110164
415972
356214
788522
786119
559539
544347
331394
400713
583281
983316
535086
704082
362167
771393
321397
42319
463647
829483
230974
370609
807623
192089
813854
328914
559924
595281
290130
54719
724754
450542
707336
679334
659354
331034
531032
994269
317580
890281
262544
193228
882076
777939
255852
350009
956009
811147
672933
715567
25256
877504
224736
512457
64415
64431
534599
954720
185102
116195
135989
786191
949672
258443
756811
976351
972222
177974
644512
629652
963901
529645
575061
849491
203470
906540
470789
181934
235355
381887
8859
50958
944882
532022
275647
798908
714049
96773
594409
9420
674241
192442
491670
665254
625520
625307
218455
692914
759542
142043
799430
148319
415209
672697
690324
658064
139564
6518
284542
963301
826994
922289
699870
495713
814049
386144
255454
576765
329425
12973
229959
494728
968371
673898
227895
581881
937038
690803
589745
634195
245349
148703
430287
835891
847093
952802
873618
921017
919194
451138
437594
574609
301649
1012
998769
954141
112280
594835
156289
384321
410546
722044
912422
333898
560839
776776
664670
453627
626856
503015
92893
164214
264559
227670
885949
801796
204420
271804
666579
201537
196413
110119
316125
938343
686429
964638
227671
899893
586493
323810
457900
414971
751433
280262
267466
633029
963745
284968
433998
319586
618335
969867
887455
835215
599992
844050
671255
540485
154555
88859
599387
932828
499511
776566
135755
557338
666234
918913
533
863261
275443
140193
6116
189792
62265
429279
498742
945645
869349
412572
518220
918687
649241
949363
967162
171795
776868
878633
946846
23467
486846
901459
859117
391742
572973
904005
139113
277600
954315
719730
549871
944137
313502
727013
856940
246308
548967
1115
318320
936438
715574
978234
107675
363369
363706
612914
286579
540917
49687
901039
218392
31274
602096
268024
434063
419228
667396
395303
65402
82794
802740
657157
186920
412589
634210
441346
311753
970810
682614
480909
27770
80981
44602
985942
535871
748530
127589
849374
441166
627624
101301
575671
636872
212469
350197
957278
50691
505512
238686
603569
150146
211311
780122
985678
218822
687933
518564
778058
467197
512279
606154
658571
491737
84732
167444
386819
713852
437615
687679
811337
871503
160162
97890
524053
619058
513409
441394
573784
553869
687512
275105
999414
233413
788641
493025
533025
711819
503534
239302
709907
759950
741743
51081
150760
229457
148705
203368
698325
543959
283988
554283
665673
973754
593623
423426
123742
13659
557057
852875
408380
759603
229214
222895
115595
529032
782325
836268
384146
998908
802931
222893
835121
673344
973110
473173
626231
947813
143735
941658
451617
316435
398612
809422
420912
152530
75705
286394
861734
5893
523371
612771
281116
522104
663344
834094
961795
84046
406815
507039
29301
647965
985216
987389
401335
955221
598623
149138
58126
741403
245874
398350
947258
183540
500196
958539
56979
427164
501821
940588
206207
731255
76848
161246
994638
51359
165058
482112
847602
637532
916306
47903
521886
756081
332681
663386
784185
350483
871326
590437
908543
152373
643910
973288
126517
518398
295287
985799
535558
882268
139736
294525
803839
111346
50375
219809
845476
667053
156102
850443
708333
947636
363843
768080
682144
410045
205954
192744
711436
557437
445545
303537
856415
962680
930023
138637
110757
351350
310018
223974
727261
286166
408957
749393
391674
686332
921506
459728
778483
933797
306417
252658
740935
838108
232037
95509
408721
283718
486815
561356
425411
986263
737330
965467
908610
748007
693386
629599
660190
240095
915321
427915
284844
841037
393184
294796
34562
414744
979638
456654
599183
781773
897016
612952
91797
778455
448301
839891
290819
819789
370261
324136
140019
323046
690093
364038
956220
262216
411362
911875
718965
799101
189328
826138
818759
846215
343989
800339
397294
404490
122103
280832
182092
394215
318670
757859
338282
732650
369807
886509
975371
384921
208022
131361
17839
543085
327504
786071
328545
583453
831074
504157
75837
950229
555002
794232
84162
395078
401200
244872
54863
996758
602776
889865
965886
211128
128102
819446
538522
377943
669310
801032
900222
754541
381208
481820
278283
951792
195213
686642
374021
992683
746688
544657
431307
414378
738604
957321
921201
305230
337221
978064
255675
460993
180685
706126
248313
503620
207287
818868
558586
755748
92592
865095
684206
891148
642638
542715
923932
387443
687960
257274
326268
228342
783408
827140
743858
120576
372569
398000
755815
442021
165225
501392
108422
879246
351948
513074
931472
809743
414834
73987
549661
259925
182166
506511
850544
601339
971948
196387
565237
353403
651047
922324
778841
408001
126244
433816
884550
78107
115446
424145
304762
46413
575055
281450
934467
190658
498055
954458
419673
777436
889548
172870
22743
57132
323559
192963
788888
551741
998502
153785
896106
377611
350828
472675
59570
842513
641041
33970
570716
780544
867191
409489
939260
907148
716650
435524
880390
588831
953971
868778
358
836273
878778
771361
204157
713775
888661
720328
534330
65560
773553
229343
816912
752487
334043
840203
82777
33515
907564
99575
91655
589170
337999
63252
605698
119011
556464
711104
761444
268651
221507
841093
57485
956176
120814
440184
570339
934881
21780
833666
268713
310734
273727
780731
495803
985748
107114
509554
133796
981649
841064
852041
411548
164661
425075
837949
19425
783513
319765
690500
648816
271274
455340
393871
440928
71421
333854
368815
918172
960519
104538
537171
122555
334116
672006
211887
790014
729749
704266
890809
647717
808967
127801
191373
966254
361806
393879
897073
382891
197553
604043
191282
204158
162206
545250
75053
446324
173374
259005
700650
327164
976035
445209
442466
731971
421854
856377
189985
605485
258222
493874
525702
887729
626643
118227
709288
870033
558016
703790
541075
827829
402734
192775
88048
757923
611341
150873
119746
885533
519445
744447
528717
108120
827003
967046
387601
128916
240384
650572
540148
452956
68707
455380
672957
715804
167799
213994
364604
365210
608399
350829
774984
512595
837141
278654
715553
102259
35002
685508
492787
153071
994440
481753
653500
29187
133523
284564
708868
222915
467149
962355
592459
589536
32377
825253
178114
615802
731064
712626
530031
67292
685567
789384
334323
247321
831402
616099
693160
544064
41833
801495
955876
964926
751640
168893
66715
724625
774637
713400
168865
845029
587467
921315
370252
258637
22387
853785
336951
874335
921946
949792
930147
34796
229653
756530
336313
486810
207217
50538
428779
188960
907999
890056
130040
158750
261004
874465
974
250135
739407
668134
53705
252492
730172
42318
812442
613494
736789
323363
428931
563103
574112
579110
852670
634525
234004
355232
873021
171372
720173
846151
364237
34471
954335
886473
549972
101027
833319
894007
385273
755496
831740
477329
442850
162893
604005
960234
222680
189999
450916
465016
309640
162637
115664
182266
87395
780611
255552
425670
295204
66209
506915
521198
612721
97896
821997
318670
164635
573857
453356
742133
284608
16345
774585
102894
164432
896188
505481
477738
654444
997709
898915
87371
673258
922111
533548
853135
916405
772787
662750
175447
405394
883343
56471
416404
657789
98679
748174
46669
797042
366827
539936
604046
229063
436093
749640
309361
406838
333677
525614
929666
235513
774627
280982
300113
341326
344199
233913
693977
733850
220992
575473
614280
759914
353032
571469
352683
26196
77353
740292
212728
730172
446615
243911
20983
592434
841576
623855
188429
466745
664692
664598
180582
813923
794757
621761
319038
286935
569531
664122
285645
586165
503807
271421
862029
494608
241250
788104
891113
87706
954513
684885
13187
55838
86391
895076
904226
311270
945071
258609
617079
251516
917540
243462
971594
26958
872136
450665
349254
587115
755373
667189
135261
956329
731459
506502
548633
226793
153135
414926
231297
116147
255300
936709
1124
666043
220128
601469
397509
137093
985574
87443
718114
885348
212755
223681
547555
338782
884927
833361
582684
143339
321202
212332
999807
566684
373473
399825
734561
480921
864260
285089
326439
771779
544981
744406
890573
236216
338470
128404
584338
810804
3743
547544
541700
971668
833300
241997
371875
690422
979647
627069
371829
911997
286623
243492
121766
680497
325484
330785
374105
608707
856117
709190
22351
583278
193560
221838
277106
556600
896925
668270
396543
672151
812464
943300
298383
90097
533434
200364
350656
961788
360859
87026
321604
288517
927110
518433
602310
134668
607992
237242
331892
912843
26582
156032
347757
465495
786082
705008
343625
953632
945497
602639
498559
256787
215533
130907
558391
400606
664538
407587
46317
915219
244647
827571
204606
99558
554812
984039
457619
805777
504282
89312
942247
68951
990138
486805
475702
818596
312902
523841
613316
190291
139822
540666
791174
812042
791145
184098
159025
998592
957833
890550
916894
303903
332152
3588
278103
167109
551764
691257
296385
709156
977445
149784
958245
365576
36727
549895
836253
466745
169177
257668
557015
776566
137264
931572
21833
283938
923512
684700
209137
311739
287577
224425
28487
690756
512290
911977
875395
996997
560868
278940
876676
662121
813997
410149
919716
726085
811168
361819
704085
825336
705390
372861
796791
373357
727347
888002
883578
771965
46447
255949
932523
280498
993055
983423
277021
334054
51831
813479
398901
653771
511039
833812
153169
612932
177415
395020
2133
515887
4040
197845
715348
875078
783321
344176
196632
57435
798090
616165
704207
807937
906145
106169
412178
678473
50223
841341
697618
750826
563725
43713
620321
47418
669304
999205
171035
370393
888263
76751
447983
229677
279493
105208
597774
848263
301295
707297
934894
679844
847371
540516
238523
847888
715811
684389
271579
601957
612829
612775
603420
379698
430072
89851
898877
20919
559781
910867
515606
548236
532479
642100
642532
284128
378025
940490
477237
238239
208515
496981
143724
601709
937736
518849
469042
940880
329479
91604
322233
550314
625212
74945
975534
954211
454283
309337
157563
13157
975000
348833
608694
40961
361669
983550
477737
305071
259977
444045
495678
488370
5034
681807
883079
974426
908823
333698
640616
996387
176868
956811
435682
355387
419042
697486
67964
393825
33306
32480
875599
195625
337766
716372
527983
616348
537901
879154
524082
101884
973049
576966
162078
553252
763511
468180
198067
77134
98634
659689
9169
457519
766476
35980
94343
570941
898082
152852
329082
19856
42682
470611
93615
348006
57252
751344
738485
457665
105098
544210
72306
489195
691341
509560
890888
655770
571198
149990
608995
904238
577142
405306
635042
507414
596883
373917
101407
711123
608783
218325
538077
190997
758014
942710
762061
887425
366436
580985
732605
953364
370352
773349
721437
828513
282201
519529
110000
752886
75476
278475
70284
39133
117679
465211
792333
34302
956429
221761
387804
530722
78783
458646
225239
198354
972923
874894
906142
244126
88379
476402
680377
436473
913716
938092
98345
933505
208113
861787
941706
909853
416908
279623
427489
712576
164297
879662
259336
293258
65679
321149
141747
56333
361348
365658
758174
874412
571652
700126
617621
717856
334781
499552
439263
73364
655081
254700
25480
793328
792873
547987
714826
350452
167739
104348
310487
114554
340696
371800
68358
842973
435309
74835
355479
724729
913139
631399
875365
167176
494381
916330
993959
98923
296894
268167
606818
283978
484132
162218
271087
979730
469973
646741
304548
219421
337780
228112
557474
439856
602288
841085
260539
983005
305145
731145
792701
788489
645216
41727
238496
944584
993675
626487
806215
122788
288849
645867
965622
729661
751160
650665
780305
421258
944328
108005
950605
700797
771275
101542
42422
638085
544292
718241
296283
113197
716874
127843
922265
214370
954527
954343
915779
960337
250929
237127
597931
401903
432396
648336
323920
446930
262457
601326
37795
57469
525528
428294
386807
913849
94805
532259
98758
962782
574986
276359
52442
724401
962225
162403
658079
12455
281476
266531
112962
919176
996531
89760
61829
92975
175809
176569
362978
967085
744124
593532
911257
82254
734167
840061
867160
452339
605222
34057
699334
192286
924853
189045
311597
984333
17668
887119
581634
443581
66211
196214
991953
703567
810150
316102
429257
976072
388806
900779
461922
130803
359508
305303
946599
165281
399834
21774
52387
799505
774032
74590
879788
551594
586296
306349
805383
667301
772823
68970
68854
657543
8976
389221
449701
667148
875678
109883
941229
916320
775277
585834
365762
790470
440342
282371
438336
877019
515830
684989
825741
484469
11945
806757
918186
502182
860328
448819
978843
744476
278077
152313
350513
242282
467550
356213
50097
704033
645230
608005
946659
573912
411083
83706
830904
821964
42581
301060
722712
444704
199997
682125
518280
401797
180677
149539
659957
585652
997337
902989
112607
572760
949450
490110
378853
785610
322275
784871
719913
352180
794282
835431
598559
660247
50613
702046
793719
991463
232293
681311
827813
777299
248772
540292
801801
134115
397623
385243
631808
684411
477536
229309
166087
489468
629138
108799
307654
700746
396401
665410
728577
509096
536806
775782
210134
344254
74749
207067
353076
99005
810715
160855
379097
854105
477215
64868
318277
208949
973331
237009
268224
819805
287375
379080
691077
391148
603306
192640
98634
548046
794974
324041
882925
410528
878711
825796
12604
172148
240312
784309
857697
977072
703946
105073
247464
251542
554145
238322
846127
907678
707246
619337
639529
883647
319290
352754
139342
652812
90022
938179
388451
882171
511612
622591
5793
156098
682225
22663
834565
719130
70906
601008
193011
831334
791815
474224
99912
164396
590560
254193
555835
204929
283547
261320
514542
456260
832823
748991
985879
711168
4569
37006
383942
784757
659488
262313
178642
367089
119527
687923
503204
270871
500182
842704
787295
887361
335973
60951
627307
532546
772207
395367
580381
965764
90670
323025
957508
845328
588121
44403
246163
824749
423831
103460
83366
53343
231838
188427
686258
554704
420973
197066
716110
138829
91106
769688
399064
346791
494329
805293
92997
178490
778145
465750
478793
920458
75516
237416
521247
538312
910004
91089
96502
79797
615477
894154
460472
592158
839498
33448
856311
6021
143384
747474
700342
521696
769265
894861
878482
714875
369302
125235
173004
984952
727116
131651
530868
995191
570393
356113
680242
679440
38875
632286
84596
573053
929734
152322
7279
524565
945272
144902
888404
478515
85755
801102
178578
647861
837846
50611
808129
372064
11600
292079
149746
599649
295426
751153
506768
707758
572888
108113
990770
894859
281380
133918
959553
225833
641502
367890
337793
311145
787900
331687
774205
863230
855850
943747
835091
235056
637479
93454
797657
615100
670395
108772
717483
761881
526168
694950
267795
566357
547533
27755
7315
273182
95073
634260
961297
520285
655058
423997
405152
687549
541226
547664
723431
140170
953402
902707
408944
394548
553142
144865
945231
360370
900909
378327
304813
541827
228195
57060
162160
467983
294860
746595
795208
210540
907431
327750
213081
88958
838965
224648
524992
255158
326485
712132
419268
269626
53246
111844
417819
852517
986072
208242
469206
800421
402039
577098
459817
783427
99125
438768
513563
165312
146026
403582
944838
312922
836171
748662
769612
906414
929244
979894
397783
146231
427091
212809
557642
22900
870475
304217
410953
485160
385313
100035
121057
755451
227759
252739
203222
459966
889059
606094
257608
700492
290235
568191
404097
712076
725663
688937
604765
785106
808026
53899
937366
472677
742070
349473
666860
69083
192820
201175
852717
818145
48037
11737
670438
592407
179496
757829
542310
684184
771969
155074
89259
842007
493137
934698
492268
889636
470200
683171
738562
924238
252356
568651
196596
398371
736340
41873
531230
615699
429645
261729
666108
225331
626680
582263
720536
610141
219447
159125
887438
114740
404962
697743
536121
553861
431683
660228
215804
45641
235113
162343
950895
893703
574829
956091
902947
315222
786239
412893
607636
821760
328171
881211
792426
189955
339438
19427
46508
90289
934063
417078
80258
598967
515356
343355
215717
984186
321826
473935
183781
811741
513800
338234
503702
991135
668969
814942
738392
322658
669068
734089
431618
84806
369826
911849
861803
716020
371227
600991
845972
461367
985765
773676
971701
179268
273730
896520
731170
35226
809860
782801
857946
639620
951784
658464
482604
197564
44557
265016
811015
778154
545999
148376
49116
845641
137604
403696
494386
736747
494354
68208
479878
448723
294700
475963
964508
303104
711143
252474
201830
707465
25789
228430
951504
436003
39389
959517
663334
408064
333100
475405
609251
536722
441820
336847
470423
652590
461671
732883
261427
836747
428713
522841
27316
337705
496152
158824
203626
880270
824225
58327
883236
835819
933023
175048
162491
421918
702266
706741
997623
261009
456218
239202
860449
908607
250759
413682
51686
194391
19615
982934
531748
291385
905330
412896
945172
288093
775166
563446
665749
707283
789826
956961
3793
920100
938241
66757
441422
271256
113365
546795
591187
340433
656620
336570
322996
691477
271844
216133
513084
108969
231295
713406
690679
99736
789571
21831
58073
827155
976817
882345
380366
477426
932959
260445
141727
347545
699444
814088
240702
859125
435456
267205
882926
329830
512118
846234
966417
469879
852102
18827
786448
891656
542939
948877
277089
138509
267438
497427
555064
746799
897477
472773
229836
321424
157132
107983
236996
840428
194190
82518
167486
969371
785104
199172
701756
669874
714122
696260
85036
538250
781315
865162
81299
415768
554888
555273
231253
924027
797192
384136
414691
277461
662415
262095
619329
548240
258781
53371
339699
648578
469667
963121
749123
415659
708953
511151
590066
134875
58111
745022
250553
993073
572590
35588
714938
650750
603993
836534
387848
76935
607717
727786
189647
633385
55459
423434
889314
556759
89638
235109
895328
999679
267398
708703
503937
285259
783343
880265
37506
331396
485990
101451
812651
481296
527194
583934
710010
443612
575203
100374
850862
682389
256537
200124
416049
285583
484051
710586
565218
790985
734011
230736
86655
359880
748043
204899
124588
432863
726246
54485
399650
181008
503957
910064
205815
183309
809116
428859
672453
465239
200505
313583
129978
549192
472952
148548
284156
737004
445430
743076
316918
768009
435888
304513
588548
886783
541766
121218
97591
776970
697938
923480
792389
357925
554143
473391
157008
386761
729032
611457
822481
350804
136111
791812
871457
749956
28118
410948
835620
443618
46429
786955
369874
535035
508249
692156
52387
274505
480461
247999
722839
748209
597639
382102
638495
710758
278105
257422
412139
778603
325427
558930
436753
423285
945242
11610
539799
576558
151879
859520
167453
172310
671582
485747
946218
879044
704777
246212
134225
176651
622833
480606
700095
507512
516185
604435
673572
991991
734102
685393
748924
909716
122415
30771
861817
62047
440909
358836
922831
325674
263967
258750
351835
151852
24973
217952
222897
801992
246742
85791
801600
54055
510408
120355
180900
348929
151963
306706
669577
735099
989867
43514
508534
763307
413649
38312
487805
654519
901596
162838
973118
950555
284657
434112
173331
46217
418492
757527
966939
297706
90258
770447
987878
214915
134629
142803
256634
970419
513699
355352
101376
439384
832683
397071
446350
561298
846828
61236
293394
905503
646940
987140
87255
124646
776147
591435
869367
237327
950210
691739
7902
525135
750610
896665
335926
116161
651229
364529
395637
282096
939331
749481
916415
287985
76970
749267
101496
805293
926742
557597
285610
402557
453601
271298
557968
7918
696087
626851
204477
962851
863728
43888
903788
603418
785195
120384
511333
438983
354755
159041
963656
82460
499856
562953
378233
722666
119997
824907
936424
744865
589986
352549
59963
284275
363838
294677
594907
72215
530898
5644
227672
312490
830364
686107
574970
385072
29743
732938
219429
974647
367659
424008
627943
984668
202911
842620
529442
649895
742264
802489
511633
342034
665507
935057
288120
131943
399687
942337
518252
629319
812312
49929
101948
981190
477722
957023
968059
334644
747891
146681
759147
637303
654954
679368
681160
883732
515906
171845
630446
791116
894381
932771
77607
114019
152111
469796
809557
218812
506320
243784
324792
770847
758973
958752
296797
299101
193917
36800
269540
352779
730251
868626
829740
966953
557204
998536
608669
484455
787022
517225
701265
409597
375794
556685
423904
825016
603800
233380
552646
407893
48174
262896
302899
690758
235861
622547
369200
829137
792665
174210
214761
869272
757770
351065
423387
112243
427067
808841
699547
690425
854935
577068
202624
17950
49051
911609
374382
285174
462899
380243
674176
80344
468853
342460
627537
805214
257012
686374
944103
979656
937666
925802
299517
652608
916486
559122
741740
852472
71606
303056
580853
537391
236272
380370
656621
945875
266043
886061
408773
867777
17365
551094
979253
777768
536504
503664
716741
804107
871470
440223
930552
668388
911501
959675
217813
470246
923730
153664
910931
164828
847190
138402
377376
118509
403695
518366
406670
568448
509670
595436
544859
551868
305872
778321
141403
456872
752971
331024
84484
499954
625239
474432
355542
714059
143822
256889
587749
79855
691265
972904
720516
732738
658289
648515
565712
955862
510887
979414
29590
198409
698416
906171
281570
362956
65337
332071
588581
876286
733955
110369
307842
543030
824706
580431
531637
566688
51352
910185
518048
456830
514345
711118
62772
64848
961690
924661
682744
945615
469803
263612
592633
704403
59183
715548
704590
790100
142564
765182
640327
693837
432819
157926
654066
548348
441477
932942
227849
863686
702591
353038
913659
320056
334172
765238
363221
940649
772710
893566
81293
585915
344017
969941
275243
342272
441012
245333
365461
437561
79140
996888
56117
532473
269999
213156
207497
474408
753266
131969
723334
906403
277976
636972
40234
475713
724399
925732
875037
728369
193192
362593
121923
941951
963499
728548
704929
345013
968149
58345
708713
881758
29647
464570
671331
436518
7948
342814
689082
995549
691615
428142
897057
700826
805686
139207
958496
426620
81847
620891
382911
702476
327029
832610
313805
377406
117135
121903
239629
980502
650341
88861
690750
181032
885816
445096
313606
165751
146141
425111
292090
577023
958366
775127
585804
213071
241965
834916
701138
381389
763270
521760
607279
462365
266528
990790
989856
924957
803151
402040
545957
145864
528697
461364
593929
492602
701298
895141
68432
461586
94327
759574
243133
576371
685444
614465
723453
541861
859794
65222
737843
849242
73521
249527
377761
252554
113469
389328
447280
37631
89984
745732
313244
913261
33508
675954
450622
440441
420499
944758
243383
602010
669613
544412
248566
531165
26917
69232
905191
789442
334905
222641
666489
765444
781515
861796
663561
900406
874785
255044
524272
364745
969654
240342
623206
867050
524794
712923
662481
106696
809901
393567
518062
928627
568019
741231
346075
473056
778005
190248
994622
914889
787316
514025
355990
267825
873130
55786
20252
237125
425631
681126
158485
490462
468741
473012
775543
621284
12112
53044
360501
257676
242517
892900
505257
244225
127166
94674
510813
395489
762856
774636
639478
253150
520217
739059
700862
225925
315553
634062
442573
972763
412492
622715
963410
696931
170112
817824
220099
579517
24378
388096
182303
611625
168480
712329
432412
18920
481666
88457
666739
878531
478193
138817
633988
49189
99900
499090
762022
297315
607620
458260
986447
668956
223675
85318
721117
140988
377789
359007
108479
325914
724362
410627
19139
922817
406048
479569
136188
146700
558705
736217
583311
154795
407622
463851
902426
10690
231152
905163
133762
958576
923366
508736
993240
649325
350784
437195
892904
604492
986895
479413
854109
840416
42391
359361
696468
140155
249578
184641
791803
379729
949985
498053
981158
528700
493690
709678
231214
137497
941001
330848
180614
612495
845340
785046
403355
7600
882992
496335
111719
625527
186057
503270
246355
181681
283634
513023
460743
251257
234385
124701
955471
411164
205606
195409
202987
655067
411424
454541
654899
406094
74268
664279
500389
800741
854651
148825
188429
553418
745118
708693
78031
203234
995713
233141
187540
190323
558385
439808
981519
299168
267627
596777
759851
53967
357139
698818
995347
556587
999630
885070
41629
181765
32060
23219
642644
361941
894421
785486
36384
339487
264735
101025
535572
399857
704265
344935
16724
110857
169575
260681
708833
182675
965131
949417
971651
35535
477116
835995
404690
344017
944598
227891
881568
67554
403838
452985
700486
211588
526463
961145
540618
61011
384966
808631
101482
516423
558390
160768
776520
586774
503145
701020
164145
367606
354244
545760
234955
633600
434998
203616
202523
217392
523469
233793
274801
997257
358773
734571
674160
583702
939341
882014
994878
265418
657255
926748
725380
649289
834844
992452
681122
221504
195786
508927
135603
512559
717228
987411
594936
568199
689556
781205
973923
13357
828935
685179
605826
281566
283509
495760
995398
959726
320723
398080
52016
140009
977943
936851
904727
853018
199120
117559
109144
28841
969055
309045
323226
652767
833365
184326
756348
480198
277739
252479
382302
968108
922776
505127
384841
251078
342739
14185
52476
361072
630181
841956
177748
789778
555753
874848
143574
135071
961955
907868
634140
383863
93691
241283
790299
651244
394325
849020
204173
149538
774542
841376
770495
830224
372628
242567
324665
15971
769826
872443
294277
361601
834391
97550
990
125866
623090
139592
134902
122235
622700
237560
678052
830605
3954
584107
962793
560890
785534
189627
830109
652863
612881
692031
199739
483453
462863
773536
584454
757146
400374
788811
302358
947397
961020
869314
655426
15254
861893
526926
604587
944403
310526
847567
169635
455631
287449
646387
435001
64556
491749
674437
166498
457090
727305
828829
824966
723160
43421
345846
700004
650383
164772
685532
474722
710943
65962
763076
370485
884472
187767
485814
493417
920906
414381
22373
309453
569312
563331
578399
774143
178919
483102
315423
27984
772493
590409
242176
511763
26373
667217
323468
295303
772903
758272
514483
161246
729075
84660
920279
988137
224822
503386
887428
735331
947845
208908
837437
954327
567462
252357
614897
647534
421839
159933
121357
695193
5254
122150
809067
502231
188071
947265
307048
800803
675652
622877
902163
927166
808038
727597
78272
376276
845938
588165
761597
373710
589863
250865
620956
912115
453508
431538
492079
432379
956103
729046
135314
87922
305999
893746
600994
675334
173091
555199
437772
567405
519755
302991
421248
784565
543132
481898
602243
767913
350994
793673
931748
306589
905621
91630
953542
19479
57374
449822
41884
664474
98547
753213
27316
480336
315918
818948
510314
921555
481436
923169
77373
19864
198817
14763
230526
519224
131000
271551
975908
800732
876600
391676
35453
853573
75827
825625
529407
580918
78424
595678
345725
551294
256504
33989
304053
238374
106981
590830
518662
112051
860022
750649
155134
173208
221608
621892
825041
501819
963807
419969
780199
195042
766922
276978
639692
435322
183204
20228
908299
525380
112534
525701
549204
160476
745977
184132
590106
419304
541754
122308
963706
182105
684439
665564
891029
574113
900742
825134
736382
561777
557812
9538
130703
99373
603690
290174
61846
623791
729612
932548
194349
571317
117692
359592
236263
738088
135259
664140
75302
589706
23535
634074
62410
809083
981472
526814
734916
285159
432541
660158
696008
345487
780188
27158
603105
943667
562878
444276
350814
206937
468624
525933
122026
945789
863726
470746
46074
865814
437570
246771
902751
472896
247850
360710
171003
139274
56248
560979
198224
195934
766547
339911
395892
384329
861178
717459
68321
574567
480105
575017
522921
271340
877140
969555
487238
210129
271504
394159
783951
904537
181969
658251
821127
233022
148046
936921
948624
240061
662017
591375
705469
377019
268106
438046
130437
450834
122739
427660
15634
865597
111886
738416
408889
652124
909755
774218
116357
639651
801670
979004
709612
603877
496813
163817
293987
621305
391294
754793
839437
437446
872671
101286
83534
309873
785064
736982
552063
108319
656042
692821
399994
191209
850899
254046
722900
466204
941225
894885
49578
128169
151092
691221
32020
900016
71481
101025
291575
791651
134112
99273
196791
58778
497911
389547
38089
577843
474831
515139
791718
326628
650052
492609
911899
695839
473563
560966
808125
529184
508036
182010
811259
744662
96958
546316
319948
199596
999833
651719
88711
978418
328279
738318
471121
446381
135724
978548
522480
563895
2853
531514
209406
997012
119909
35878
673338
41299
374345
784764
604345
371934
721709
988892
476346
298398
583176
322999
766294
146253
116403
332847
810582
810841
253575
291275
523551
794610
734819
729043
420808
413233
985101
933070
58700
94884
351792
363926
454427
498234
348739
535509
710283
591752
448523
389470
660267
7157
372662
407018
917176
677000
181608
307693
304745
489612
535508
51924
807013
519454
506944
723742
443605
198867
900074
859476
683155
356168
714889
383462
348801
417799
797548
514916
700727
221458
226367
937685
919380
657552
170861
686904
91253
77585
592415
997717
924548
83776
487969
589758
836584
738980
152934
726887
304986
803026
663074
388895
208472
954355
157141
332714
969714
596462
643368
739965
185537
662002
366256
69974
140279
450209
635279
406965
427346
425820
327545
351290
89707
820583
908180
322268
560043
286329
373241
510723
759580
870691
702680
795588
184797
789274
649848
62775
908656
955619
504859
608437
378158
436762
823679
983923
594394
337054
372609
425014
524178
452124
548957
27506
241953
299447
745616
800067
403186
931665
986526
725255
822815
609785
634096
566806
339240
678449
832405
719390
976320
277850
164969
195360
20480
91134
320019
676417
210367
428986
370920
296526
643001
271686
888813
236879
643243
280611
125113
995718
248065
620320
38393
634885
785575
212552
49165
796905
696764
774635
376976
468918
607973
545415
198838
744208
464382
881107
684750
170516
28074
993769
354022
992465
280331
82894
876365
431719
889165
45087
760307
919866
569629
338137
165357
980114
575736
927364
805141
857106
294942
853245
363983
428498
436709
949855
542822
905372
298921
123469
349588
509376
608801
40671
218080
796372
492877
770087
83042
718796
493835
518623
819362
44849
603401
574768
432607
509889
881365
431585
495531
278948
332497
695130
246707
574982
743682
601940
157789
783829
879495
851360
743306
749593
372326
397200
226875
351466
174338
374470
342031
539923
91881
261271
599274
702786
638858
963227
877938
351592
391876
789460
870643
109619
879001
51832
728610
570661
912705
683804
568127
86929
853595
582399
740371
172530
373822
954353
289305
534184
280622
18398
300537
172944
613802
606523
652463
709374
663970
288460
627595
437210
127878
161999
472913
866516
985658
608073
811520
469637
278182
883178
593136
728548
974057
973919
944852
782497
909549
887605
191776
216097
679893
279589
432068
984279
274644
535232
205589
478524
364375
933816
103821
734442
274530
749064
189225
545434
939001
428609
854641
824632
108212
982386
405076
918880
105142
492660
224369
899000
46007
46415
167538
15786
245372
338828
446803
920124
405224
993433
161473
944461
957357
565714
837021
246574
391003
287218
50719
613530
850265
49493
189975
158100
817521
951465
263247
677916
319876
520625
366733
159757
75999
803125
68085
520854
442150
192074
645642
781907
63981
199673
713365
843847
151526
256207
435038
490232
417780
394241
465943
186727
904030
53689
232217
801067
348255
196033
640133
547113
321050
508107
84749
814002
930858
37658
871499
787321
575000
668753
639631
805807
138534
945302
673142
903485
268360
458211
607989
454493
27378
502121
603381
610134
909836
127585
661401
841554
911427
603632
507227
979485
404409
530165
725460
975612
290652
163379
178394
439976
210068
514454
78467
510182
580694
949668
797384
322628
195094
189697
317509
586930
27609
571294
370845
673850
611176
281728
681787
113693
249056
999529
333043
58700
196455
824869
131334
970304
944889
805106
175620
50102
159456
599948
711692
748938
712962
175573
925487
193583
695700
266782
79667
97481
304493
909717
864372
395303
682997
487051
771748
943584
838716
819231
116914
412937
97959
833100
820361
355216
138629
322061
38511
597816
123327
874473
942606
614577
119406
683294
148368
249619
971463
229422
712419
354679
883121
224128
544796
822514
551991
409909
58935
484911
37017
484809
775229
326952
822205
769185
932542
352705
750851
760951
800894
662721
378550
994398
231212
63533
706142
477556
109325
2115
63282
250596
465656
599696
881002
874261
818426
854830
905395
693427
604697
713182
714556
801688
661558
696062
671662
496854
233676
87334
490936
941411
598229
797285
772039
499938
440843
907539
215381
344010
564427
172307
634393
221749
464982
850856
579356
842887
894450
182704
989868
690489
895534
624192
444265
26561
668162
629278
7484
550496
630804
171669
796584
36999
476631
14073
597112
765351
197326
847415
490840
195028
846127
159448
300480
403477
21730
929746
419595
327050
981032
310347
631590
906554
760153
927595
952292
635641
101638
861660
457453
43506
548733
127969
462423
353943
124074
37456
807245
529890
995610
69101
164011
19462
298971
90981
249004
187063
289408
324964
281275
561491
856257
468499
464677
763307
846398
75505
736752
535090
852516
783117
87813
591105
949033
125982
708424
474629
938545
218239
694600
234950
867986
431177
575442
629140
455029
72655
46176
453968
819091
144752
874543
361364
614239
740893
77038
72128
269059
786216
563474
684386
822658
923588
91526
152961
759164
523935
207936
278727
698256
983833
291503
778440
414235
952991
764049
591091
763167
504297
445728
46164
944896
390924
642988
864451
982311
211644
619268
442861
39561
321186
449742
63740
97538
989270
375030
955686
682459
405497
522819
616463
150571
245682
851141
689820
229849
574147
880747
120021
607103
464711
287217
318070
937578
354378
748278
829139
715262
130117
494507
336997
862774
806196
525032
989044
474442
675350
530585
687971
745257
174657
752917
506707
908646
695071
469455
755061
343343
247305
29861
476656
197431
358462
396118
799339
282550
233791
467089
360823
946182
64011
962280
441692
748398
338482
59619
352639
572028
775065
321585
488173
995979
277385
919674
470854
77476
958067
786255
996872
437185
204228
822275
809975
465005
17313
220627
939238
464391
490368
767936
645029
425061
331554
790590
917128
695124
39920
239365
309711
877566
999857
971716
557367
6757
497574
949621
326108
507787
867779
892939
137545
659572
587850
840009
603422
148419
514501
208620
478237
875778
458463
751240
912721
354237
160287
952817
833883
65485
27010
75664
694298
957298
63157
163285
15798
625114
314348
712139
179978
262974
883170
803079
351659
670764
257581
910650
15961
13663
982717
666598
417538
461834
528753
301997
641261
856884
772117
143941
901897
288188
196092
610632
880915
22718
409846
94120
548318
331982
415407
984128
400514
877409
305060
515141
599523
763916
993346
776859
408861
267876
308445
711620
34057
259972
652682
89331
954863
976940
613209
537791
36616
800198
990770
355571
637422
110917
307467
309058
195106
496934
173635
240024
140602
696985
507870
801611
217765
285880
807454
59376
603804
941749
19322
221578
591463
256915
517565
295006
646217
730315
59198
847266
700362
447119
566328
861139
678239
202602
648517
237158
931383
756102
312444
303318
517860
978312
452195
492124
25252
616150
204243
33341
973900
662264
760423
492925
580304
690268
428512
590705
979377
367411
748889
978418
48195
378042
740129
37166
725146
954195
918266
339992
908753
640145
632493
117759
315894
200979
860296
32061
751573
380359
31222
377990
716960
779600
479929
765920
7032
85506
475462
491441
564762
457994
360572
667380
234537
111275
469827
251334
366547
851235
488125
482013
518243
488428
763628
667479
726691
40350
57952
502448
13548
803697
310682
576142
896268
433441
523843
490039
506450
286570
210818
408674
146232
350899
696702
580331
687790
512775
150256
563039
391615
394110
558179
10103
16866
31482
592651
984098
163424
102477
28288
366267
32540
749816
630101
319770
859844
973455
119961
973254
208723
189176
292074
530504
747712
456082
851440
494427
94790
945457
372733
219775
922897
319560
39743
989804
73986
194272
199968
400868
761567
770500
484794
872289
932506
899647
447610
696174
132860
221053
189136
320530
527918
984079
118672
917927
895396
836106
13608
360008
91623
331215
470334
321384
442045
919908
858150
118016
881206
763969
406653
410144
237846
329512
967013
374631
778842
681131
87069
184014
917481
765201
62139
141726
868632
652115
335753
977218
715866
70913
770746
927415
893187
900162
74631
812255
744823
587384
293675
857781
567603
82306
444855
218843
986551
784667
661074
120528
197967
724384
99153
528061
549501
1390
523823
581422
476165
387433
397545
599326
429909
46490
983161
451307
629134
303536
523820
26920
723827
299559
422562
700497
341997
184198
107810
390873
213560
310594
308312
241248
254062
165888
762988
489217
431598
106552
762879
281671
917353
788853
513988
191743
402121
82233
159097
148904
873277
60989
151489
112647
47781
682709
785504
199255
842455
477298
88594
187550
78796
8514
518600
309339
422891
929074
19200
309724
54191
920659
99840
921388
123191
44826
107950
377384
4458
687874
432591
513714
206404
658956
975834
521791
766658
983590
352440
96908
147430
318762
412955
576750
425447
294653
910136
131718
724665
402968
478114
733522
911156
215203
267844
819489
996707
788413
204731
553247
584620
920728
656910
252366
292695
48834
302219
897494
715260
168190
714815
741619
157646
682001
799249
358284
164798
498264
333819
880164
84813
515478
924774
610985
503153
802956
242722
598314
746147
527617
299455
730534
182979
823457
355402
527871
473193
992450
758887
447374
358985
928897
992392
531728
541506
687947
308679
441661
567939
123640
858662
850105
722970
302865
833696
58787
333915
165426
854763
910796
652585
713035
124045
587394
870692
913088
984152
924106
421935
29361
115204
775979
987100
367699
516583
229863
534903
226301
922643
370885
794860
968895
358156
229769
417045
259373
478564
367686
412388
758073
335350
776970
144618
897214
990203
352183
869058
783257
437580
749425
319132
971314
598452
237939
348201
875225
195633
306364
919008
506699
795912
321768
879468
196179
857666
530329
664690
764813
986246
752852
715138
414982
96212
337064
176665
982271
933851
964744
839120
692304
513016
963386
119718
887722
91277
168104
51429
12853
172665
151956
139891
52696
51385
444393
337527
873110
417371
255340
236197
357717
371290
917521
736360
463995
607067
893802
528811
108273
984643
2810
305349
879049
938355
893544
273534
232764
213217
632399
958914
845388
263700
672562
802337
272840
152571
743501
779585
981998
907051
969543
821025
373866
776372
590019
416394
941309
276958
207765
508372
629881
785989
886418
831314
799016
940430
255232
573595
496205
733829
153772
409398
793154
492309
982299
821857
474560
915747
689560
179518
802174
734663
737772
706011
659312
13351
710572
255964
418416
179250
696428
278663
701050
209334
363793
394860
55634
958239
830597
906927
766912
33421
893443
334964
130875
502352
347793
689253
258916
1731
335054
697122
341865
466754
512289
325190
968906
793929
173265
808914
542968
616810
918963
818425
980697
351658
791614
384456
768233
700666
516027
715247
598074
313613
225495
274351
260700
198170
165274
204066
619799
145456
324978
411042
143189
369968
177641
808599
86493
326316
119670
648097
610234
563547
284847
508446
430074
723445
180380
893144
733138
577969
447078
874574
105247
757401
962990
181278
213767
484870
450618
189772
260478
767038
830794
416433
653028
426150
256521
820930
48844
666918
983839
487740
881176
495192
728099
701673
231104
41899
34158
117330
439793
797914
524490
604801
431506
635269
846602
227442
56737
497705
35123
612438
647292
902401
313176
702147
836220
268536
305859
882811
58556
274505
925455
164502
447479
998325
507219
84047
280079
829088
890041
536809
814570
417417
632172
510780
929079
197284
103024
982304
330639
251670
470475
746548
346102
999052
724577
778188
485440
977081
163229
112757
115152
901162
981643
193253
843196
932167
487108
920708
835020
713448
815488
101521
917730
542481
125455
587955
224435
93004
462115
809565
74547
911010
606725
293340
932367
966005
220456
278912
773396
376637
726875
386341
237037
267485
803159
312349
654281
172385
128440
60219
222043
339991
958217
428478
819003
483654
429560
777753
516202
610063
178409
902043
685363
380831
879462
480896
929260
670607
597747
185683
952668
776024
455231
785214
368950
460086
396663
603632
907460
522136
860917
471337
277151
696448
603030
358245
524442
59773
169962
552931
174783
760707
380548
951504
525937
34980
237296
600405
574128
591405
209284
90682
265147
46431
785615
175925
76496
113353
131247
438419
522383
786879
98559
857922
101757
368249
281197
939832
983780
406281
733097
52676
640215
383226
555897
842415
820242
380482
262185
589582
227456
114149
383456
563815
580887
173414
984974
464126
729951
829865
587522
645371
830544
754794
867800
969913
815256
791188
354063
4077
567291
833727
326265
764017
654421
91337
428491
725932
780539
662032
609940
19552
224640
271241
574539
979024
730195
311744
272641
494924
958790
548588
252725
569755
484521
86254
397766
894339
72277
465638
263683
903799
786692
190834
631390
720286
209949
558596
743232
437948
21583
566559
832886
579839
108627
157038
83656
607208
499731
117633
924202
628628
308073
857381
91084
576615
139648
559838
356044
9684
962519
553987
126860
587722
518244
441271
761757
278590
898517
297919
123290
199249
174129
802437
751634
64927
468893
917416
994077
586787
387259
132862
131023
962634
452973
449511
443851
772371
656823
645647
562991
83807
257027
54079
512557
677658
273661
97824
492473
316230
943326
227086
382814
954081
465351
746069
692652
309875
710339
800715
258892
62774
987695
28042
873588
261409
196918
524487
190133
425043
110452
467860
318833
839001
971644
388590
628139
395804
522293
353924
179447
685994
565791
311109
651216
310943
171507
28516
693192
78447
330409
848363
904922
850643
203219
348729
485083
434510
93287
202074
917263
733723
186714
643649
823768
275061
956775
374180
656266
593410
257326
170676
435738
926877
748602
343416
730740
572735
848219
705861
637419
998409
93426
548764
421707
686960
953867
571616
777866
853509
687204
560498
770205
329376
550476
445931
47336
910440
59047
253749
16973
531458
384334
963142
692646
233684
587923
385658
167501
467253
818530
238797
745432
351219
393027
228978
815778
586560
326651
179922
441924
151545
28050
40676
212387
895956
988080
391525
305251
879526
956449
141173
198650
828111
451960
372942
223839
910979
172751
379041
941344
483381
856812
735823
706067
523361
733823
926016
817316
688375
225159
696036
809998
796383
285717
507332
112741
817197
518761
185860
736463
300835
598072
947383
161363
543709
721295
25631
250441
758877
504337
865215
581745
293171
228572
842143
450016
697609
146442
865116
137621
240521
326868
504425
509162
825963
23120
741542
227814
780190
347355
413211
4015
83090
153809
751633
694621
112416
479289
341709
476457
139415
491838
878698
706308
394084
442456
924882
181188
205917
689098
999384
591545
590378
737156
697205
511774
128528
219624
557470
461035
371931
785641
779710
379784
551272
215824
555989
314779
731532
821657
12269
672450
40165
537082
948852
116125
804411
292739
616571
15682
285777
751712
254538
656276
797582
303868
455261
72877
81475
303552
736063
484344
796185
949561
618242
634780
347032
993624
197593
796755
244630
130770
848402
271321
556794
450280
338802
281023
913452
581313
327918
395358
334683
511987
638788
829673
317418
661280
59573
936156
185720
131837
811871
653329
419786
908718
749882
666161
345303
179149
996975
565511
416945
441290
327952
332464
601803
732844
295800
832623
515691
326390
766016
592669
18989
710373
704987
555773
176305
450965
117967
557166
862562
815234
996945
415545
471972
709868
705339
962506
198105
838164
498732
238204
639184
147940
163196
681549
515851
609387
87578
996337
352556
872710
519941
506434
142523
126042
812515
400788
315798
272061
618305
78759
605814
425268
957864
365174
154906
369047
433752
551084
25362
135185
660836
189622
154409
986564
853289
935027
774448
296009
501100
482121
903587
168341
520976
483473
107963
306359
708720
247218
945039
357501
837343
742027
518439
841079
377017
307210
874527
57811
658918
874586
85749
241319
907371
588409
615215
873678
388460
85799
662636
730345
290818
928634
750597
459335
570229
45647
687007
448287
589974
771163
479952
816122
272252
696607
237163
700014
203481
698
784490
388932
820983
444184
627255
369979
309781
456584
713047
52006
422616
489964
626803
858032
925808
675337
125828
987456
838984
610046
95899
598711
220649
552210
490891
829654
525932
50278
921460
553533
818970
427849
613932
477966
698274
873002
397643
995504
49781
912424
105107
94512
564994
963782
529082
995393
188297
637050
967702
851044
854686
951076
536356
104803
178877
204892
400565
219383
436996
514148
885238
224969
762577
225853
128474
908053
614584
71445
72998
356267
429025
691357
962457
279823
172925
314425
448053
199489
430819
55505
324078
123671
426955
433669
819822
121670
258341
371645
445123
33087
392471
189021
456422
790837
952338
611864
71273
601405
712144
502812
542396
631247
389356
431979
266651
48169
714589
915530
127320
648979
841360
738898
583232
717693
706402
824867
359021
148036
735223
704632
581736
83411
368825
365590
962872
280358
498289
52447
573772
44970
391803
855491
947136
590401
350889
305494
178511
221154
214647
200188
355926
228572
14310
760192
666817
636410
52663
811140
177428
488386
503749
61907
77592
408408
475839
662034
815392
416768
463297
746325
111926
488193
884303
37071
772327
853092
142446
344865
868008
40412
171742
747795
382180
379007
529399
225184
50531
356658
518878
741227
416856
194084
560549
921360
496327
199857
425021
560982
462353
789414
666328
662272
448477
880484
890655
3266
13157
947357
315213
150097
638298
970108
689702
804691
971893
863201
254680
270390
714076
985546
308908
42013
248493
29069
677737
329140
529385
170113
984518
702116
179776
871421
15241
63266
571637
911608
353600
712546
942573
166544
450651
227818
707098
547238
917092
816897
369214
183462
337373
326918
918815
776548
654773
278172
347462
849122
686438
516803
512243
386734
195054
770370
412896
468136
365671
749312
234288
177313
363589
177203
633524
357599
433388
772399
700442
701438
314924
945696
385523
398513
689818
614163
849311
288933
281292
499310
803544
554758
785520
379968
432727
996570
735881
492595
338726
174668
360392
819230
227971
964228
163139
91063
690158
23089
103892
630438
287440
769768
200017
177076
5384
656998
294115
186914
278803
939249
290949
583702
464598
974045
395355
749617
656907
581163
469996
229820
78214
133388
892862
569344
649827
839875
736653
390132
609678
322152
490599
543249
658223
562760
600167
766850
506096
581738
518220
506615
385964
163437
54197
345
814261
188237
782075
139352
434498
656324
204779
808799
96692
833229
936798
911145
28227
567619
596727
553389
287753
836136
421817
703541
397611
929219
999426
828685
127008
984928
701672
369814
693727
3707
101743
567610
282345
467191
481572
965178
350768
999241
82840
818339
639459
659890
581692
991263
153943
990249
606870
320167
409299
847638
102622
106454
12664
503099
166263
806873
801483
205166
720077
360771
675745
338753
505927
564797
89510
516802
108457
45018
492553
54365
155594
112201
617287
585952
368940
814052
770003
303895
418941
533221
695391
318806
202345
600311
561610
981845
35354
608362
373222
487989
917325
275713
419492
407905
264082
807590
491935
819856
997472
603454
429953
101414
685138
489366
716374
546490
382978
419324
803563
653427
143233
12843
100962
284939
292592
313502
132886
423285
221310
456005
424293
922843
500222
38549
538782
207552
138275
141818
560264
517829
582683
39848
141069
600263
14406
351951
154434
987301
192082
873389
136340
667231
437045
73021
156048
692634
410309
781069
392846
753856
938871
80941
489403
423556
137330
973763
561154
370819
497039
482876
358551
59078
838064
365213
72544
781604
296442
122231
177600
549572
897008
488185
400704
444289
924013
937824
904988
424294
905982
931081
303720
197272
587737
152550
110813
167123
216446
185231
597380
213836
678889
77232
206526
584182
194225
689889
659502
414497
693824
768147
556291
959868
643759
49957
150821
219003
31934
414294
440123
348948
867821
738005
753623
914531
391033
302261
17855
723181
789942
324924
34905
134465
808774
956763
341874
561338
712755
445367
79403
205218
888175
277222
985408
89265
727845
726965
706614
707251
63227
432870
484385
75783
445543
801271
62479
597059
985835
162909
179796
158133
47918
304016
447987
144901
103609
66111
18662
158902
220362
304101
948939
569227
256024
566003
803627
636038
162660
954029
889127
32075
396473
327953
215553
766692
168384
9073
949060
787550
198146
387490
761297
84688
544634
557389
15432
789435
696150
66531
267407
802573
504394
539117
124034
321856
642193
174401
296887
559263
290306
577872
814252
846953
208011
535069
557648
520718
195404
225480
504747
88534
769938
618056
140522
13089
567214
185144
736779
712457
431602
910856
796961
986083
246151
892308
540996
971045
446702
879185
771929
619617
889233
332132
675962
71408
390021
897357
66817
431978
76383
579136
46646
131345
656176
532116
346194
935181
577758
647508
607024
226066
698912
898740
754255
364638
884757
202653
226182
281630
243778
706857
17797
56624
873382
769387
555203
209731
537724
617573
545994
252187
863245
513629
428379
981873
986479
355529
335294
693815
830429
820391
589803
684537
103988
699241
691278
520095
637064
543118
699643
376271
165345
218508
929838
85679
939093
359337
669245
929224
551299
106857
123228
563142
797481
282850
811981
208604
335139
354795
395362
264964
225473
153395
549104
734500
373827
304622
95570
976204
546228
182889
194455
304156
980128
808511
645577
884355
254450
593060
712091
188834
921391
544414
477038
200974
413513
77204
864768
969205
335649
828543
969201
178008
625628
123069
979443
175734
4448
820676
389582
918281
719020
58291
139214
499177
224658
726148
973898
849423
161809
835166
668049
496501
47571
399367
205298
157656
570879
431287
868264
759391
152636
143816
218656
848726
540292
370377
694569
246739
590688
933553
911799
744697
526406
36336
488916
320347
709771
111073
499620
23032
471814
534876
101907
847716
207683
532713
759389
734280
967777
589455
415609
565888
36681
206154
879971
181282
239371
35290
347333
488222
514262
435128
883073
224705
476500
137892
933469
285460
13600
268057
203404
658785
639781
799458
504021
858197
109204
974023
907426
73473
648833
858527
308456
361531
481819
974473
407277
886689
718534
841014
875387
64061
215575
588381
289311
455364
632555
167954
823774
99577
768292
504625
953270
440623
148033
777524
79308
832491
640537
500260
926263
107111
896116
532845
624103
873651
949574
958794
858611
201079
577801
957087
745343
725587
856502
133093
331142
39271
605215
756479
975434
311342
580396
44460
929685
456069
188848
921046
623850
739274
655271
118279
838925
301408
696143
388219
596588
178254
515807
697360
684521
385863
816936
350489
671813
4420
148679
902611
757226
61389
638852
257263
255445
182360
163211
150862
405918
756872
102404
89931
845413
606230
858257
767665
668251
751885
459300
35661
537194
730991
731258
765663
193794
398773
576887
660906
683969
826612
892895
728107
182782
574107
821230
573734
595571
249817
37398
875035
592772
92251
148051
888152
189808
723507
953580
345512
964883
239252
511496
105641
503509
511354
470313
281211
307315
59367
569098
80341
536168
740871
814801
470257
37047
692085
838193
457255
108824
134870
156128
301848
642365
360355
899759
587713
692927
266757
632715
598703
737002
955289
674702
95889
753185
283539
764547
842089
668912
836350
163445
527965
564204
986337
177138
240298
717961
482750
269921
601528
279800
44276
869565
583944
879802
683268
622061
55241
920390
343216
53506
789067
687123
804095
168780
82443
717315
323358
820697
575724
77036
63968
229451
960135
336579
272550
975701
813913
924839
466586
46674
660443
258120
354261
362946
473327
128498
749281
172065
364534
154874
424664
512166
160638
334275
889707
667605
708697
340269
876287
990721
72393
462748
747505
890850
590103
267744
398970
558990
267202
910854
109294
511511
290965
127610
116575
597506
575889
197975
131550
980063
509834
449037
105313
155146
212494
894190
931904
996604
390527
971861
565210
279118
912578
31923
510420
164236
46672
640823
37633
864306
707370
200922
694814
929926
439593
344004
32308
496081
70707
628830
972128
425403
59786
377077
311983
400386
322750
208391
31907
278935
897539
560558
882131
63957
111773
306598
450734
576478
57016
814333
388064
463060
807252
262102
255629
220913
72093
181081
831546
795076
315800
953019
224139
872713
591994
455653
355559
333027
145427
751427
849911
945080
84967
497132
374862
158953
93725
781481
557283
51757
35729
100004
511673
804297
918212
221167
949343
684014
441139
796269
669843
624751
787845
244001
677570
136093
617309
525073
951083
908608
358480
785110
1697
740148
67120
79491
270511
56543
744647
643120
813205
293707
165344
726498
989361
202020
952920
8889
431439
568304
239284
897829
108708
359292
763973
928746
21898
121208
669037
497376
581678
635641
525491
448837
307168
476066
856872
761242
675530
766942
358958
630379
535309
513896
474217
742252
602489
337671
215686
524543
685353
747608
243747
880339
855225
523907
286490
296934
815846
176656
545581
907050
192832
34834
38607
657030
506446
710913
431693
275891
740670
244710
74328
520135
685767
415023
396015
790095
546269
331490
804717
315924
427408
910574
863724
123264
951426
959709
548885
200986
397763
690406
354694
630638
862923
126752
632606
748040
892691
305040
657128
479262
85072
606883
297569
193037
328781
630391
692647
591036
910243
366931
7489
766621
880728
947448
376901
548050
234834
974927
510890
385004
817014
671745
184427
812878
596642
990949
364179
739888
575363
604052
906795
191871
100883
540505
778622
247778
215922
643845
739526
253656
811680
626847
756789
617981
311445
824504
999969
524844
714941
324059
997772
54973
848404
667363
510031
28655
376921
435752
721251
493217
491506
823313
609356
971963
694556
530573
806563
354538
578700
188829
202814
493896
390375
854217
85694
274585
662683
722931
550516
471537
141336
841544
829552
511604
172271
267730
6184
798262
615877
118378
740098
196865
225331
736331
887935
748788
874046
251906
667907
641928
321262
38338
823173
333422
654733
284693
633167
552532
573501
6508
241266
858631
336310
576343
851082
661427
986012
681488
610345
518789
834937
437937
462243
945137
723932
742726
529846
536399
258829
587581
556563
833120
678955
962746
288845
542895
754981
771975
615069
455763
615825
661801
904464
714577
59564
195085
768334
893278
690735
381345
768391
305666
930442
714176
760379
534167
10687
697861
963046
715057
254558
597505
546439
298136
273881
466503
260044
473840
353027
167972
747676
427898
498090
50796
577536
987891
702797
722607
114479
29274
558395
916107
578548
701263
53963
237211
889598
670103
311154
507597
628292
425852
732292
400978
81107
273553
923722
594606
580789
439187
255932
797679
218368
533995
35931
652410
257272
507857
614509
329024
342305
993994
957718
794192
568550
260946
594448
53959
87519
494484
209351
968354
907075
467541
274260
721972
75178
482033
625555
230515
511228
580542
924003
156140
510716
183245
926073
149143
597035
703887
476705
807045
144538
41811
593299
369781
756624
104301
356846
658247
899731
70515
700179
470408
765399
372001
440545
315692
885568
984668
580360
718553
696470
316819
980876
830943
276740
814274
418072
469894
386957
923473
606140
514049
867788
382297
721733
931262
509221
147590
711736
868575
808846
55703
174123
430146
633204
916482
151359
377980
90699
818677
941565
657637
155893
214200
179980
515981
227086
55982
338317
145229
362706
705019
693011
135223
121708
232959
995394
341359
133532
112063
523203
125907
850499
949861
10657
3798
966926
879902
57539
97642
8765
31457
251462
470427
525327
986512
987446
316153
904844
400054
332010
749614
764526
903985
366073
976878
63533
171945
701468
748747
684966
402814
498658
77224
16615
915008
424074
530118
949593
235927
510272
479034
442186
303747
340023
78399
352407
818814
6943
659688
993651
316286
39171
525294
839318
806615
391427
302823
812420
147004
46889
949464
58488
927014
415017
899233
933037
817805
950714
385366
455818
524691
35403
889327
422760
681728
689572
450453
30337
468584
471898
952348
542134
846889
70382
27728
27580
260497
17859
978920
571877
620892
132859
721688
942087
749978
152365
555010
4299
229423
770372
985484
670676
628596
956023
457805
986761
734716
516576
675680
399297
624689
194108
871963
271690
225372
367486
730650
126102
145539
21264
546228
849283
405740
131879
424783
759749
206976
120321
241744
832754
647947
54654
135146
457130
439328
872472
36312
401697
305434
482817
7782
888139
11260
96088
339432
702499
974394
298631
907406
521047
443537
510075
53264
383507
182929
350593
22659
189160
852859
139066
705998
555801
809029
247611
138486
730178
249082
3203
142548
619238
431166
574617
270121
938195
716655
552642
777224
944628
446440
138268
955569
560307
550047
717210
513086
235017
195566
978781
822326
701603
769327
967787
364544
424754
506496
791566
158577
357520
451237
219532
399110
565322
46797
62398
912301
418318
398125
897935
880830
241970
327113
445011
710407
963550
282961
683841
792452
35032
528360
658767
702190
480362
873535
418600
809066
367218
181088
366989
985762
936134
194183
941253
439025
140097
473194
275458
329272
740271
646170
356242
775822
213969
261122
660926
587156
240717
100683
962371
420133
848117
174562
773674
571885
492146
2577
732358
887505
274765
470090
544842
858508
415513
246467
889668
888794
55041
883706
679098
348300
63466
642842
425631
687868
399236
793718
125042
97691
246322
533362
596788
310950
291923
239361
556100
223735
453357
450248
860056
430904
208694
976034
371226
307570
858430
749693
505245
301571
961660
196257
610362
11182
716403
659601
299787
867533
882496
336714
373700
326817
323971
725608
187625
114634
204968
217768
13743
481170
916689
828744
522483
491491
461921
545355
495313
536345
48360
764504
837155
37042
351974
688834
87190
426210
92990
136547
291818
740611
837881
711585
789702
364714
906803
806738
750645
840149
636966
605180
930177
287808
703505
415349
757226
579095
924484
249769
713219
373573
456459
122554
515690
222250
234228
556930
308898
13484
863679
732020
681743
215141
24738
69984
636429
437370
838966
954261
627436
392267
256385
517024
911500
995398
38304
824051
727570
637718
854225
877601
891652
180473
316827
686022
811015
240880
129434
514500
811826
369039
210539
502632
664078
83124
396016
842282
342636
771156
603968
957843
222435
449009
695022
608377
475429
625128
512629
64038
535102
791526
951101
160535
536424
330235
28620
880416
225741
41863
294092
984045
185498
809744
148212
406499
104635
291510
979286
128932
106809
475518
241349
803569
210094
316746
858849
100779
571809
909545
652929
988530
130690
510859
771259
895854
126275
223693
535634
987756
592080
656307
878205
297504
640173
249587
614096
35017
528235
693422
386698
152562
46535
192506
850106
176916
150239
864538
463310
429145
210962
144335
932345
646843
941747
514951
575552
483979
993448
746548
196258
425614
284581
50104
113250
486274
873281
691324
95346
118782
882930
701344
761086
120183
824042
862541
453394
338846
606285
312230
280168
708455
39821
467868
451858
59493
597860
447520
387008
230673
231213
975348
434671
204778
937440
152155
533550
16630
532520
16815
861582
843814
920675
387857
638438
80727
980277
642554
777024
116853
573513
385200
961636
689722
574949
401557
287358
314772
627433
485274
613550
548197
370148
612432
627693
791012
310099
636511
874775
696033
879735
360015
930649
843813
1682
521028
377335
774455
261502
424007
709370
687355
410217
773822
59701
535734
768880
301630
800435
539309
448919
621175
199807
601002
277603
702350
543952
243552
526612
945544
293262
557542