840325
31356
730226
230661
684902
176400
18859
830100
316974
269181
24584
311984
150698
299319
442767
601585
941028
325774
628079
793141
976899
445092
709107
53921
147474
638537
242000
864086
918553
620853
795997
81074
584423
610209
532258
982016
574578
654082
299464
627197
85525
93731
522160
919816
210167
27166
419104
972133
871308
942326
359961
696429
104309
156500
950468
888918
836291
176989
560650
646939
520345
446700
371523
180680
994159
878257
946246
186788
482355
283365
99615
944186
312458
891177
578974
823878
814835
828666
272204
107385
88525
820947
906041
106281
555119
372832
461745
138457
260981
671194
818765
448224
500443
398531
837221
11064
421505
986752
143843
244005
949902
525326
912499
763455
199409
940386
851734
66142
816067
150497
381142
189090
825288
270649
725012
106908
421909
904538
310397
966685
815883
291413
527707
938265
464001
992463
904007
182518
801792
488417
399165
806967
305127
405968
223624
948224
498095
496228
581020
420997
335241
902183
420162
790163
980900
952572
937069
253819
781450
549145
482796
995030
658218
381154
877689
93626
373616
833699
794478
612216
583824
20458
156759
851086
892323
58943
45602
87088
842664
866369
32755
719278
108907
533087
516756
943810
250498
796783
378570
863608
232756
635822
385475
7674
649973
307349
350955
89911
743693
849428
3421
382832
624342
17966
410294
584927
320868
900208
304966
48387
605759
950479
751264
872652
418763
16733
50065
583392
958665
9704
256557
83272
644726
523759
102020
499387
210769
480322
115572
798532
28922
783605
733080
424594
330806
388864
166495
338716
408911
790902
371895
404463
249048
630816
914791
569109
374095
451574
674812
382308
724827
208313
504731
546272
698612
25072
180150
251598
52449
194172
261786
661974
46813
48282
294052
402835
252179
88437
481427
975931
47497
766758
925625
49382
844633
625225
18956
537981
909849
85437
50969
742592
218652
95927
255640
265971
156434
814212
527258
103654
406410
251417
335327
205728
143384
967640
180932
690599
532498
237154
934873
86127
726964
853843
60881
719261
509155
158814
113618
969718
588111
276550
668141
601769
230897
682999
465255
403253
597172
631103
966966
464888
616304
826284
327752
961430
392913
927618
80892
964994
34454
105369
775156
831660
212726
418129
533762
222407
492445
98035
531199
119669
598867
558118
957434
741266
514110
245707
719182
238810
173246
601589
936845
309304
158070
112264
381976
928556
540842
754733
40656
823191
685508
157679
436647
961190
621681
503285
928528
892185
727912
968860
4885
354031
662283
606769
563463
240112
775270
149704
223951
634070
802068
286203
232675
590937
639808
757379
438485
512726
13449
164012
631813
152987
232383
447800
211383
91538
197067
898514
931135
527687
488427
822893
761945
674135
901338
765497
740309
554103
889229
993410
332783
82334
763418
813541
508349
11024
614516
50991
662145
100680
56209
854355
758174
326786
767148
589448
358760
189026
131110
514749
909204
426308
20296
20282
654094
453985
459363
437780
489386
969178
9368
583757
870898
379365
797300
356422
724189
238545
889011
865633
227937
399287
135142
189367
428767
895423
308846
528691
303933
57548
504360
39945
762258
773317
799075
24087
230266
139777
309964
134294
919368
229326
121067
231484
511643
237022
640326
529138
383625
129743
260195
964845
952697
542038
786987
976555
591117
941895
960490
990412
339708
287747
691059
935435
431229
835902
247137
333463
166559
907947
328184
456210
668150
309767
688617
9701
337711
679871
513524
807358
234629
623039
583976
869799
285772
959576
732358
962820
159083
934925
703364
177193
868071
245627
462957
260437
809050
481506
654821
108176
834818
539924
815691
404060
677685
44536
646839
37658
100338
188603
466914
254653
308564
312789
885989
804515
80288
50419
666650
264789
453821
856902
766687
560540
177923
744296
591865
739518
663339
820774
883476
997332
744743
353518
411112
982921
932747
350294
969784
538481
532776
273607
937140
238979
809338
247492
321343
134453
337783
452187
503243
129907
257543
184486
732703
539003
213395
951358
536186
592791
607350
854654
853842
914168
928401
801967
716021
518700
167035
820885
264017
758588
976213
344405
900239
102949
405371
243329
528985
752881
569942
792898
523388
632368
927566
208993
988201
639576
911069
44850
789718
321655
50303
762461
463490
694928
361797
227722
822421
623578
500489
369064
160997
661073
929148
780315
786517
693238
855515
69312
449560
91434
748160
977373
363923
568995
90453
791210
624033
135048
76835
908598
150896
191855
581513
481528
93384
220144
779783
218483
261548
68774
429498
755332
897561
578882
7330
9547
121387
392843
586847
566004
635999
562102
451963
888289
428019
486173
396448
874230
99306
622879
733546
190592
719724
959509
432023
673090
641609
354604
44379
52574
246622
757412
330065
229341
244560
478436
892555
207771
346550
463415
573706
86802
765971
688807
892681
818561
682816
775924
272244
332600
771816
52721
524662
466179
364205
39740
402736
398001
564457
833368
906437
426431
107983
539305
895634
509350
492783
411979
430395
37822
301720
504911
70497
36301
810583
441490
750447
507697
880094
870332
799444
292069
938433
715474
752203
535347
332697
950969
804629
531511
26443
450120
288008
75211
956771
609480
538817
808852
852442
802379
11126
943464
919414
610854
809254
116763
986704
521420
919153
203813
549361
668616
656772
171185
414678
746390
209068
602820
884819
907487
832780
116808
90388
838736
409002
773621
286270
912150
80611
299355
942643
145592
485119
517006
227445
706320
985567
122606
685666
718183
548371
715153
995741
382700
540808
95375
369550
7953
292830
945067
68287
916611
83288
875865
369255
426371
630765
746224
572868
448550
50683
653038
112673
545573
746971
2722
884599
548834
709263
606522
250992
185208
411480
421865
717446
229885
297637
261813
634122
454103
946597
878362
997953
56824
373181
495518
848873
430711
464085
425266
945497
688332
856909
308994
402310
888872
50318
710618
540386
362927
694395
962804
830622
434131
636165
342690
984656
27662
402206
513236
232689
5051
815941
442695
764413
162386
735936
365195
656061
192254
261416
617967
821985
852125
337054
80970
333958
662355
409627
245865
858776
301131
413990
833232
430993
535116
826526
710959
132320
537523
763063
378915
387684
288979
232898
125093
877527
623526
301732
377299
415880
936302
818792
21337
548480
748588
826865
390588
860167
345212
150920
968707
202495
891467
657620
642754
594669
264951
933095
540100
465304
939841
809396
840916
747146
476081
448735
76776
823155
207559
738861
244651
619693
869977
400347
113765
587547
195214
643018
678537
593898
796917
131223
917212
595769
827715
873865
777853
312533
297575
514468
182101
713949
214348
838042
149275
184069
881386
661089
140804
671157
28297
128928
847878
615057
807060
221570
8584
774740
150230
951661
768296
194197
350291
688717
411432
347628
295237
431946
443766
75886
375090
844952
424534
265491
978726
388076
682606
171129
725331
773516
373549
796609
438273
468607
616217
24663
997043
67748
618997
411280
173528
149919
113483
132716
867819
98094
55003
822842
606888
766361
164384
130395
619306
348424
31483
462238
134694
581038
988415
825419
728510
80227
671000
619580
552899
925328
552728
852516
31050
593156
105120
72371
147753
83939
95847
517522
52111
789309
65322
585993
890813
891645
411952
288193
627557
878200
921145
28451
259613
619557
966978
463134
700672
487020
463736
974472
311905
432087
96695
953756
17389
337189
508477
284322
583132
845309
337712
297772
588820
686016
321288
980604
88346
734711
75674
556291
905269
904875
140162
145732
132641
767956
940589
922391
61997
788201
843776
465226
623666
421718
695849
257122
768560
101132
857920
302847
345990
371314
319769
42013
641805
758329
870441
146807
487442
386381
798481
872198
50095
837607
572748
173478
875589
523967
95282
781530
424024
963359
178342
97254
399623
867603
346595
834714
741542
296573
44765
890991
971002
9093
209559
130058
729808
564461
153665
670301
82554
334018
250827
459629
625639
998638
995594
566894
548446
174315
807941
861898
972055
981074
475614
182656
482294
594641
680536
691689
538597
236219
783817
485655
913484
79866
446237
67542
308208
170207
74820
342804
953701
769946
887097
454941
433905
149509
704048
792894
203007
574106
698716
756939
456253
204229
15386
169341
685395
733141
51709
435955
612287
494476
114679
658073
770961
792597
954272
534182
863104
508245
853350
233663
504680
626266
959186
637305
928289
572400
614898
508988
613181
342802
248681
31299
533277
171454
600911
194367
825648
606497
235526
151451
629130
79602
766938
250331
477469
190427
727892
169181
161430
82577
852636
454722
171414
750853
176200
266086
541643
284914
940421
870858
496107
767639
946592
864467
618509
627327
977522
528491
932132
114619
128422
700486
390296
741042
353064
805823
147010
413839
495404
155744
464324
210904
962392
7425
473091
482719
457808
832647
122179
391761
724572
873998
671581
90923
197111
44321
670559
863309
585014
875750
251072
100199
444754
131543
992702
88336
457877
773867
144470
996597
205213
928275
27360
383214
54928
35744
729668
211948
980893
592321
349853
406351
630314
954858
352552
570196
660000
372497
519080
274731
796943
851666
238874
857895
996158
32499
645264
263439
653843
524609
420141
60177
689819
227737
884156
452630
93559
514179
795117
208177
254436
207032
129772
258353
909221
658756
504735
922261
736335
288838
510397
261215
10033
996373
539910
881089
33565
636477
496610
620852
347543
523623
588058
959208
53402
796054
80365
778966
151361
956045
202320
335537
905945
651727
613254
434682
171264
534590
984471
409267
263673
489445
212784
343147
449424
450001
632406
816952
524516
258650
281480
248579
551958
349503
202545
825405
368205
836911
641991
622768
631139
524132
323715
716016
208687
649706
163197
995760
984047
514558
647587
439472
645650
796497
537686
686996
947936
515820
910049
404369
623943
354861
945878
45952
457219
452911
843975
562517
414632
213704
379614
270057
42895
547180
198298
632115
124251
920814
332646
535893
592359
553383
589335
326418
706894
54383
404226
650462
702806
49160
915320
744078
14841
205531
156320
256751
992594
660506
402735
321522
860961
413892
139526
596868
237243
569543
701415
959676
602257
442175
918485
822702
467162
432412
2504
948317
596832
114083
172490
481741
522788
701387
73969
296949
409711
476103
140665
461075
670583
969379
107006
877786
3114
636040
727250
560711
876186
323034
184705
807314
558916
619904
511967
413375
138430
45251
264713
663955
738941
941967
783617
391460
889216
375192
450400
665418
987293
500886
445751
538865
422246
119088
265094
874000
329592
741367
794328
550068
810783
166537
458809
718710
949225
826198
58966
597131
210246
495423
964015
579770
508760
398618
152315
262376
89181
182098
167704
586703
22774
992492
673772
543117
649236
872420
849694
161305
711870
360693
11947
177168
630785
382392
377061
532462
550708
396452
433422
536536
692454
257332
153677
73429
440999
527590
135371
862557
162672
94943
266861
676490
322479
311148
4654
675563
365171
590115
149528
424440
936305
735080
11614
543263
768305
587723
49369
353853
357144
991759
602269
996648
547282
436678
159736
184937
420123
514199
399750
49159
470891
422690
165172
417086
950140
872186
697167
557583
971961
96081
361032
290609
410565
359025
292550
169189
609956
937126
369640
151463
716554
519546
189078
174912
36158
224984
134082
813304
276139
736018
317633
541097
13123
725502
651968
477807
306704
917179
892388
119932
707225
254801
698370
918600
498989
226551
412472
143717
744783
891246
108006
916656
562814
288778
694605
20772
765151
486288
480450
682632
618569
450683
695630
715017
848429
421337
999909
83618
305504
554067
494017
885815
177607
388297
25243
457154
810462
912539
883462
420836
769700
358469
218472
611421
326119
239650
632405
368599
14247
21585
673097
113757
10218
444597
629058
937449
298588
316438
482744
912218
613536
644581
154810
160196
530487
307164
390567
499937
402635
420484
161925
236710
132633
369808
809473
999217
35194
989607
739588
364126
896076
285567
432045
728825
189825
580581
674033
887565
804932
925465
139469
941275
373635
411605
987043
357735
293341
828334
667704
409772
585834
603860
212809
675567
16801
577844
813509
394993
234
888444
200748
769597
85889
75454
807362
248866
856515
110190
562863
997883
17369
101062
461302
824106
509118
828424
928144
138851
237038
292451
548517
155812
996141
968367
37094
387970
975281
386963
868745
683743
302060
373382
881634
660536
544506
992242
5531
806043
535844
368628
819024
238390
471887
485760
128841
731849
574724
956834
85077
520893
553949
666079
157311
470927
398984
694970
584240
588837
312379
325906
252513
840001
247540
365929
608698
321363
747116
324991
706636
996072
171160
946909
915432
698497
82010
371437
868250
756799
91915
903622
28229
157177
478237
545414
85020
103792
245553
749465
849914
429850
378804
567958
124895
683162
729334
550472
425672
147089
388681
354697
221738
667342
600338
952266
750538
479713
767791
799344
841276
749517
430469
595097
384182
231387
671908
712124
879760
391179
828889
925423
391386
880550
130001
242497
405978
166447
453797
14791
412384
292919
242374
564852
944840
130064
921350
425698
282188
706265
800641
969581
990787
651704
788902
529726
377978
167015
634790
303270
186541
245093
872695
522720
257123
983820
532869
345145
832355
418051
171318
386763
62358
682761
232984
140773
292218
102130
612394
945862
897536
9967
318404
571016
181764
393669
655779
54490
805095
566624
363925
853478
630794
205377
105341
148753
72424
874770
301060
439264
98256
636058
193052
882040
510078
831051
343218
473726
805525
42297
573552
95773
457084
682085
490860
871589
36178
738488
304432
619345
273039
769931
520550
918497
449144
292707
299296
64038
604670
919290
380546
439708
888500
513528
975501
168049
29612
605249
767688
953828
422125
187367
570189
344777
74770
168640
502637
663656
210498
76307
866689
817029
519815
772524
813774
185467
380365
377999
295764