385719
756526
148288
317949
934598
644202
498018
878938
405781
874613
347913
429085
525126
598881
313862
393715
650107
114962
519932
15706
439481
408304
962827
211446
115815
603400
616164
728240
976885
512640
995708
802123
760665
48949
280732
980997
826356
763379
137556
33958
224467
998992
855696
556840
192658
710629
815362
492738
606428
277418
430527
202771
610381
131309
554918
570984
750776
54383
470011
844970
585604
837019
137938
223335
20529
947364
208806
863547
885433
692217
41929
603418
604049
583784
443254
414333
865102
212940
868034
156263
467877
29748
58865
296403
379083
260306
827557
242428
388027
706781
252401
921416
835222
158724
594828
271890
735396
161230
405345
864467
361592
579347
999043
174636
499378
284688
658494
716818
635422
237419
515081
923862
550010
134660
100183
747664
875414
67764
445068
226535
5075
336485
111437
953216
365069
986574
576880
979649
953173
334217
975507
917569
426391
306642
843912
163214
922651
423838
67502
131546
497959
798166
968539
933058
615297
158062
682101
445180
279569
976999
805536
23709
580645
127261
22929
257797
933775
542925
235393
370216
464489
237287
346622
262393
373433
568908
526044
198964
6831
795685
395784
189000
514379
791711
374396
426976
718299
562886
33422
263821
351778
121341
132324
67602
599829
596824
644674
624779
586750
749974
218500
171770
918340
875134
318695
513455
625474
926292
915265
398932
355283
243384
400209
718931
836399
368988
496881
973540
347374
136224
253672
799094
483116
67084
527772
949433
422022
33513
706916
600454
355136
426300
173884
105452
137864
444000
151954
106264
970069
375039
833085
203936
26986
649389
376973
454892
778039
846305
769405
811009
29854
622416
284933
832875
35091
991080
705100
593095
613212
734438
942459
73322
653176
311572
430573
563442
221468
366371
178562
156263
634776
956384
208019
618572
389721
180182
818495
483720
195591
857537
133860
937772
782798
754858
919018
148385
36859
636580
198841
188271
493884
368673
520267
444652
141642
366897
947547
575167
138402
431769
255165
243600
41838
687564
940103
916622
59779
428872
189997
59740
949828
143440
410091
746713
674403
846593
778011
11082
916487
305492
188070
525286
618570
141935
535063
100094
740633
870632
408715
97800
749951
145239
706885
414599
886075
727190
471134
364376
644237
779224
920409
198490
257680
98531
322900
887483
34753
943147
140827
933404
491741
14412
347223
637024
634537
602660
33124
466326
657483
437004
329984
431360
37654
214641
373791
305280
924963
280978
482331
991134
831386
798360
996616
602488
478992
856973
706406
287815
358986
403322
612335
719881
380448
138018
244305
326225
424957
700500
995958
819687
498627
633969
51070
637981
822539
82107
952590
350767
91914
709141
363138
599638
407631
752797
804734
882857
407208
783202
202402
337328
892517
591300
24027
730695
768500
412455
413846
65260
663915
2579
474640
294309
76453
105644
321162
602129
429763
790536
408088
731209
289044
988594
774743
19890
851471
636795
443902
145698
544189
788983
201486
230380
326900
545755
889827
941962
728253
229873
781037
650470
237655
227573
649336
60485
554837
843024
802022
898768
589538
828846
261631
821824
117605
180606
17439
668326
435711
389445
868878
874325
617329
284128
376300
922349
792219
211220
962635
708100
149279
391059
342359
327090
979556
290382
941360
735225
936823
377521
714008
531407
152651
697792
14728
346762
575329
482188
361885
154151
677827
525969
152304
78135
858794
790127
228611
892135
312959
97411
829654
837290
350334
149218
811866
152389
754999
311794
697597
381303
407343
606436
785060
314562
591331
650769
769783
684250
338604
152112
896789
772777
363966
88562
830504
868157
945290
769210
522836
838223
723908
82556
739273
369009
852735
679153
876793
313043
23475
589684
894755
869297
952673
221116
858956
191517
347405
442615
633167
712036
560618
987967
242380
177248
84628
495099
918012
233818
118199
632661
471781
279065
369677
128339
786856
181003
638724
837589
869752
713423
38013
469802
768805
762717
802225
54478
388310
712851
834990
965956
864470
385885
672575
292300
682181
224191
696810
511170
685487
246402
611411
317395
455993
119737
460478
589788
495607
265646
349234
897952
311899
870958