617172
798348
509296
734851
792683
985076
504828
821531
171346
1593
316484
776281
789026
476146
860035
305928
507644
659975
139740
156887
461713
270790
998634
842573
111870
133283
398133
484874
182543
333583
885250
812213
88677
796083
573378
552711
175858
937161
103082
99443
466272
547287
357218
600113
635793
14153
978327
595174
968194
932971
947819
336050
797577
327424
592908
139029
442301
827201
24034
994942
821684
909301
995682
23986
844647
702889
457216
205974
69490
792397
348225
459801
494008
47723
601006
285760
260260
766405
93796
3855
849098
198281
427913
905809
522091
6771
234585
229381
485335
189695
779998
675621
89389
403978
437950
408979
796670
573957
999918
655203
718224
152468
586501
213951
659390
23817
39275
445755
662781
968119
553392
121206
710585
918198
521401
654057
484125
17075
109908
50575
342898
221041
179117
933041
60575
158624
857306
335565
925199
655128
117969
280802
647728
554546
457913
929819
742167
834947
215325
244117
83136
651766
94077
57231
330931
375749
24127
354477
2883
475988
193731
437673
501873
943338
693076
736535
555117
380556
52153
585363
449596
134520
593068
243145
82165
152635
914978
555296
510373
114160
249481
259460
899410
641301
379664
806798
710237
530571
412127
28050
2496
631210
995048
889158
560887
126718
98325
409802
419068
69347
684321
353240
519338
992504
403907
84362
100547
40323
777668
486402
995981
126177
621618
701625
472279
234280
672813
899304
106521
654747
794782
95116
782201
962633
487624
951706
72042
907394
966902
515711
367471
632375
897300
913234
95870
920813
605338
346329
783231
407710
729891
576757
272755
241004
707612
854507
709234
444482
416727
585167
427725
745161
90047
185615
203538
538628
124134
678809
657645
457609
396539
387242
640043
415453
616983
215476
871962
52586
784182
463019
966477
757983
15683
575469
929084
944805
589515
290636
443399
997817
239444
628025
466715
101354
745351
610958
931373
851953
551752
159799
209188
416616
42022
980990
120339
923049
923886
501875
61604
499908
127834
923764
248784
56284
27879
55391
493962
482718
5188
442769
564987
888735
965926
346329
295976
228946
909496
690302
510193
295330
25712
24617
8499
922610
745597
115185
431308
757359
493404
918209
514814
833102
905994
390760
892717
774695
498388
188029
8898
326382
186122
430893
549106
591818
118162
129827
407193
359507
503064
123986
690432
182061
360803
731554
800317
856635
305091
161076
298106
992258
623911
210388
284750
883868
212363
185594
560263
451286
97294
623293
618377
567718
867425
82709
187151
448332
808604
205451
239440
426819
707115
352191
844798
922660
678949
634517
721640
752856
677565
151550
501760
618936
463697
704542
454326
941123
86752
468383
878274
759739
764377
568722
888001
457564
473422
987517
165495
707962
219719
41605
837811
979702
899443
797241
830864
648412
662009
415032
862359
502556
745837
794049
165506
942756
629535
214677
160412
754326
799053
14859
451908
380459
933112
620720
912272
288804
769748
514648
880461
712808
862424
223878
867941
132991
623606
672883
361882
89065
84325
359167
617262
462876
611737
351665
435749
117209
638548
874412
583202
962218
193494
6193
126382
545786
225456
762571
313560
202320
43895
414363
100598
638442
551443
714432
859081
36850
776567
808034
823871
897439
432235
286620
87569
39147
132101
526660
142861
498284
248054
92504
165870
878098
31232
580294
729447
288572
398853
434583
645183
75831
621435
932346
414293
57108
610492
968361
672261
769764
959930
194106