483148
992544
7081
906185
610062
973596
706219
870157
437405
261578
608217
50595
201555
158923
141296
904312
239785
205583
40907
182148
280374
925303
985713
284085
188884
642315
271113
626106
930403
722900
512296
673069
458919
528024
998795
869213
47373
985520
867680
661815
424395
394055
523134
405201
243749
785393
155318
141332
79627
631973
347073
118083
163424
373785
350552
897324
966869
206457
535395
930089
176116
159235
839113
617299
144377
855298
986214
601093
802522
173604
839899
214536
575272
856762
33727
864544
141581
588620
432434
885554
173173
725847
647122
918800
304330
276005
145671
546851
608151
983495
737338
865396
699086
358256
585443
476247
798117
290737
827966
906100
228634
699852
181599
553203
125336
627256
745757
448323
514610
560177
371690
607560
649804
619704
883075
795935
276249
295662
803522
105742
214398
928329
12241
55629
528021
882096
657913
832683
110094
49529
157656
789087
257969
841341
159793
712364
683071
718420
396381
110255
327222
906802
696992
333064
409778
633181
678295
409827
778608
180298
732365
640290
522158
687123
306732
809321
413807
11928
904080
56133
263962
102511
845495
257850
272130
381129
601749
116199
858433
216738
37188
928536
882685
281316
373209
341480
880012
680793
281938
310801
149556
213003
987115
842386
831307
660667
229647
34491
229117
611962
548780
367960
305388
697638
893727
613304
339378
43332
205711
404121