251355
545519
335613
76992
710643
856442
606003
451502
846424
261135
777349
496181
445373
843184
932018
587772
931671
222366
692520
511444
437508
873046
18876
397765
801480
784105
889267
992948
52914
864315
933181
837677
966941
880344
565313
723091
59474
144558
555219
550625
860491
50667
542851
574812
572179
122612
636815
916247
70473
725054
921528
785186
385218
65037
197874
495120
495822
801223
637172
988644
689427
208308
876976
711768
757206
2773
880285
128265
283225
588509
469487
435010
391902
93392
41384
455011
292425
72951
271176
353133
69155
466941
730656
331373
679867
683882
288709
301251
788135
530873
957663
517391
71208
652375
13345
61751
121643
382715
14739
299990