904888
948515
565504
33175
926257
65581
536393
203062
206511
428319
124553
418378
631866
46318
353747
476099
291254
765740
726964
60807
252068
907751
235264
273759
13121
645982
968519
48194
785932
242081
280167
853883
811493
824452
749243
444345
530065
864255
706098
722739
986202
280677
959546
4278
716819
143679
804570
468812
594426
249221
552159
680459
914294
606584
623982
531063
774079
606623
618745
475221
653724
555611
547085
821133
369032
678057
925447
144058
800110
241972
307622
276178
893844
515157
454012
256173
797140
425960
484415
528500
167556
762188
515516
800615
632951
417654
244395
134346
290013
813619
470429
750957
53061
798200
581586
632279
728963
898471
366503
990606
607341
556065
733612
867398
746303
630274
548884
932004
430238
955389
98949
87533
354938
575509
570320
917200
386124
854198
518522
248460
377791
777966
911993
314303
679723
279819
618811
552269
77372
17489
909151
259945
396785
845592
318919
186819
843777
512640
283653
877390
580376
32786
877362
625964
337022
117813
950429
418233
321945
743370
320737
657201
119625
895716
252176
282431
151793
410599
417035
878435
643285
55676
539699
130878
886495
908398
439866
75709
693372
807460
701523
125664
750819
117627
821384
430054
163510
558400
893226
4823
431105
566343
870946
871405
283551
627562
464294
768032
42235
554338
322120
911501
544820
519355
108392
702786
50970
695991
604106
775337
267606
953665
868226
158670
90662
341324
216844
822222
175045
748424
68280
384798
662184
85249
972930
49269
208229
50452
169792
195543
691631
862478
210676
465151
672828
914210
71361
91497
418311
768071
625723
924665
278001
592812
255767
37451
512451
159321
313089
676568
940878
262179
198861
144321
32307
867980
110725
699644
613375
784693
151968
587096
968046
568768
275796
721390
797905
7878
296322
704870
331721
130290
274576
630179
114419
158968
756181
275468
497054
178166
297645
987576
232311
247589
421867
859445
762374
550779
988270
844725
939921
587425
527244
618518
68702
362508
207852
402445
165846
60090
961264
465710
459333
66251
527247
284250
799486
522234
576576
65349
294876
154102
373330
495458
28451
540321
258841
901998
276804
31396
508866
318550
452287
994541
479304
161414
105251
836934
87039
59535
29041
801811
967822
312500
719327
934504
775866
651858
59704
584324
182429
699113
781600
519471
228725
142667
8694
456299
259992
99871
391378
400025
67077
590290
582957
792492
265239
791516
600032
238210
736403
743594
855621
480036
964000
196525
100538
410715
89494
993279
960708
574957
252974
341933
259343
276851
480282
456229
561171
847832
939182
411773
685715
317168
862203
108894
424703
87602
653757
619595
27578
67540
433770
374610
736182
939010
848874
676941
669434
662138
15142
971477
12037
234886
586745
548421
395981
741143
605892
179494
826976
452603
283806
489084
711020
645627
975144
819692
948762
41748
668094
605000
718036
918480
273481
362105
337447
479679
435697
692104
217860
581719
947696
857097
614049
183398
150018
648804
658941
747503
817400
476865
711296
891817
39276
932047
349760
431312
499535
235058
887008
369061
760990
642695
60563
487497
181363
989652
86206
173810
113336
281681
966332
823687
359606
674765
261755
786910
846476
779519
789059
223567
424570
355242
446679
477557
568413
236843
428852
203585
436277
931746
889142
884538
327074
845499
879322
15957
899630
599576
932894
890924
84355
132189
359045
447838
377469
261463
574455
81220
44250
914505
867012
613067
170702
560341
188617
702003
34484
436996