914955
255476
461889
181263
404204
635288
361091
387696
379283
151533
439575
873763
29590
667422
768159
375106
226506
426432
950942
328423
94794
806760
631111
40026
159063
682982
233009
546004
383193
411171
786408
228656
250820
98771
776861
170477
526998
5910
126525
457634
830268
800817
387103
931903
990228
225571
181078
13691
931214
637735
45734
901087
516844
446854
764564
657327
826600
961877
893270
782576
671988
491730
200938
499547
189596
698583
515843
806876
785352
380857
712669
38663
69533
192064
374386
416984
473028
779842
343813
177381
341954
266974
207515
331106
45382
346002
787465
936017
698818
89146
719273
224324
386353
666086
781926
404880
356022
989270
108855
332624
980261
110228
442089
106835
145627
908014
467796
865251
90887
550479
430063
213171
646540
339066
828096
838948
899967
753378
24812
187316
828939
33704
134636
596483
209908
902385
964256
89475
869432
651619
489085
757628
979409
263293
725091
893754
58712
632913
236426
509908
790147
747614
198554
527513
472271
863374
495193
397272
344761
447880
180862
814924
109734
47539
213797
917986
826914
631049
509660
753833
531205
991699
428890
324309
301362
796358
937743
21232
202873
11834
173079
451102
374876
479747
753160
745675
660975
672238
545322
116019
841816
153562
541190
430669
524598
769584
184791
324117
556958
505792
455774
592245
786369
596217
777745
441231
207977
942085
546931
807913