276994
7632
214273
523156
922828
686292
791074
358693
476891
86656
982353
27132
489216
637831
516539
114474
174368
980214
578410
647266
705934
2613
27319
660301
27798
290653
332126
995755
638295
912048
369578
167456
659272
720121
313039
875107
704347
896385
314966
132222
331646
382379
254899
516738
663550
995437
796594
526091
557894
589291
706000
126956
957190
979506
2214
694390
578799
709389
677248
492202
172570
531528
741644
722745
895432
719167
534318
449843
2948
572193
903152
813908
190309
347975
823511
271464
988848
683307
431697
41047
631962
509190
340938
923217
75178
429194
579229
980758
318781
948345
987943
362850
630179
911072
104376
539764
388071
755828
531811
500538
123949
920583
255221
263771
272755
529127
416642
273056
849914
584340
121307
312832
892670
807835
511579
840454
576992
674771
766049
863649
65189
721843
76824
123208
204951
958607
847921
46920
560073
981677
31282
175979
665080
933960
252648
574663
928589
170912
831160
528992
583424
16828
257172
547195
219670
113022
446537
213376
902026
658913
875892
140682
255562
822225
307668
554063
77656
62694
739579
34471
245201
899903
579423
851002
703883
800247
655757
315595
712663
958983
888189
965915
746341
176568
884288
757051
136199
269762
9878
837170
61326
573446
537756
871942
368401
852133
716962
25131
524172
810171
448475
527685
736676
422524
231661
513564
377160
92841
477161
985755
652148
207662
574037
713605
982927
823643
741092
209141
401780
170877
240519
439696
870030
74393
704988
525385
177565
594756
60613
210960
944085
433826
889556
631448
843109
553529
280482
884867
169173
573553
609983
290221
891016
269482
395459
528210
617697
668282
506243
477
548610
953601
57759
143182
373936
660779
887673
109190
418515
90882
396864
235250
584281
117486
259562
15826
889849
923402
889984
498021
944725
357283
969043
528243
297144
6095
723788
351286
977791
288808
412065
408294
299669
402148
358436
918880
342807
573522
736181
993266
739030
66483
208856
821893
215674
482099
957729
209576
407555
622530
672844
640565
789099
304148
599401
352290
224808
735345
516916
230118
892237
395833
875267
722629
512272
618168
992792
63930
474150
956194
430294
201344
578123
870891
547025
325374
537630
92741
518590
763533
315240
500471
369737
673767
76541
544407
101638
476141
912763
886884
481087
86420
887919
726658
396203
917806
388888
27986
66560
703889
663747
470445
805024
973990
296725
281854
194798
316944
986471
532153
109380
607478
110667
476668
307645
183087
861934
910720
638957
15369
332054
199356
512432
846326
111498
24278
762848
871956
729744
592326
990944
219351
986641
656970
445525
253142
334681
402944
468597
370286
820731
946147
392375
727831
620625
924580
509674
185281
402913
921444
261026
97002
538588
913548
290892
706175
398976
842826
850339
294636
550813
320104
87739
312706
777588
816522
904251
921220
37754
911492
779496
148238
577789
286358
566300
653283
373022
877957
67413
421393
652348
703959
260585
134275
410033
801450
474007
923107
652982
372209
12666
267882
161826
17420
229783
449925
356559
87427
370837
961765
961885
784416
607180
41828
225488
959462
223605
195855
881685
245105
713858
353556
783138
501739
879495
435977
83707
896936
75797
323222
236880
89183
618984
560769
544259
889670
167350
844372
853704
43145
144103
538157
527334
570790
104740
143074
881370
657384
805065
483534
552986
681789
175220
764029
650679
990646
498495
833712
517147
709532
994570
621965
840114
9385
731121
975654
385574
862506
922589
77284
810178
35375
229750
183184
470200
978795
566710
770109
612414
593967
99161
346454
185042
217406
559792
476288
967519
309772
274517
872683
11320
721560
209465
109242
229569
85923
827609
951564
249900
76043
157328
965927
198561
991817
583557
619265
676535
9412
175108
293354
220639
955343
560811
831129
408865
408966
721915
227409
186750
868800
614542
275119
692979
623089
93223
146771
504863
405151
799717
715625
404988
392255
354194
166547
284553
992172
800408
689525
428296
633411
510611
644828
272739
273117
387458
199051
722090
150250
630294
146148
261111
353574
325933
614384
959667
575547
426392
899339
788721
365491
863192
789743
400056
428440
840296
672155
6366
298795
932468
919519
450127
688061
309031
899591
468397
462189
316386
569697
79122
721342
547912
382317
12720
24531
308982
294433
981978
115018
560464
492758
839515
784243
291063
463570
234500
22124
140566
397939
580932
198298
818588
26292
786223
447942
531972
285599
416161
748689
113999
884367
8444
944277
412500
858209
443916
631578
122157
543735
103052
18802
635283
987496
196994
954738
643908
40967
695749
869197
206368
628815
111455
232398
59220
737960
125197
128050
264557
102168
100835
877023
498894
227017
319052
866501
930493
138610
142383
818064
154967
459813
295342
458823
141604
550069
635720
984324
690373
667202
418782
979024
941066
652707
36243
207002
953504
560622
922316
184916
280167
66855
758423
657963
593378
302402
686888
779361
871560
488278
111038
395912
928247
904737
547300
471133
988872
570930
798867
344318
406909
929655
598452
949961
633559
223267
997124
786771
16453
175931
806225
811650
981302
218110
89761
697736
776079
336623
124721
764412
174713
466240
692187
306070
681937
483933
758289
777671
721923
561874
976197
537267
602353
39257
874411
381964
590668
175620
516438
155340
654534
498563
593727
681935
556510
115539
750885
631690
193818
167684
70414
927596
575123
223908
883755
384719
24874
408653
563417
505883
988184
320072
611460
427128
719844
170973
319782
691373
841005
969657
224429
777370
257831
782585
327419
822542
997091
112281
214791
891782
543750
176692
874976
226627
656987
921783
429650
683974
970181
441766
248353
64363
153805
35146
633842
817568
714522
515830
184202
160896
423230
771893
764397
455184
483308
322323
921384
283860
264456
408644
393579
593103
678295
474484
621582
568022
525206
268203
7860
343632
901862
210844
561357
596236
392292
15691
740853
144127
494103
459290
322362
195545
778499
981230
797307
709250
438298
718466
58667
389878
349970
759624
213749
954234
833170
379831
599098
366521
641477
660342
905269
886592
959697
506467
484480
39507
700066
973312
603375
381802
180512
373050
697050
460939
727295
391384
167801
2309
669556
902205
984231
466054
616261
447321
337417
124058
194553
218482
302792
472256
508143
29003
273850
999915
904395
693102
614558
699730
384523
893403
185670
648244
254519
794829
84047
645804
452343
633701
235084
32620
405375
44726
98753
368665
318437
325484
353035
869443
154770
381081
893341
11263
967383
220253
291813
354019
368343
908978
888909
495070
250082
947090
242269
858865
488739
345477
15037
721294
843887
452874
816152
60171
635965
257441
996957
106499
472181
612595
759199
989514
907105
636511
313820
44682
766400
564515
422491
874815
652025
313122
306350
230027
387565
22615
544279
790134
894437
844759
824263
693702
491306
132220
744834
400119
610420
177588
274078
943896
516218
469668
770793
9026
663720
318586
930410
337525
770671
145998
643584
988560
226166
866676
319976
927085
308718
167072
413402
31255
456707
66358
384146
370345
298734
202798
75884
596356
910311
959009
293224
850860
739896
130354
885518
761855
696365
702747
151211
717204
992232
514323
257785
934124
943057
546905
865500
834199
455146
909216
141961
442151
268992
44375
10049
716937
681597
14676
519355
566085
554331
984796
655456
950866
956083
266705
854512
220886
163699
223417
150530
90682
815086
710951
92008
498919
502670
415624
290289
490207
85092
263692
47688
918074
423264
346094
472249
162747
256348
363106
389204
555342
294034
566875
696170
544672
939183
619830
27828
152603
565183
44870
87636
731261
323079
803196
343411
207764
948081
414643
303497
720792
214498
616342
349114
758628
561192
569199
889630
980883
856399
558604
200409
934707
326162
367440
233257
837481
821039
702675
842367
534433
596051
211127
12740
478703
988405
700360
330364
164359
448383
433871
408648
503061
739686
552564
995845
245306
468379
968781
436242
583652
812313
133703
41968
936777
614303
807343
694402
438336
441272
349470
331827
313148
79797
312895
38518
339813
527997
830270
373865
182165
274427
393871
324627
113516
679733
174296
32012
307088
747837
276092
642172
572932
172672
895493
885819
717476
790651
712685
143320
79226
819022
271881
360885
475073
334441
315283
878736
551412
924323
810514
34844
535185
963945
313640
823693
628271
633171
170744
783795
623481
798162
196146
441854
509382
672838
131196
769760
744662
601708
784830
103376
877484
128181
10890
168810
424643
67249
739047
717811
847534
261226
914681
63675
645327
32334
974606
172379
804787
354371
828679
161886
521289
707423
966241
300348
920317
677104
675871
850881
157750
934069
152022
763789
563176
212272
379028
866228
543958
801363
2606
669509
417960
175127
369765
123816
291556
618092
791860
440353
119628
446155
567545
755313
406932
869991
724157
87067
739007
286977
165858
300292
356501
867803
901032
48628
184387
537412
781980
45113
773263
216402
248413
311850
456502
604910
710220
809417
337379
59465
928784
346754
965710
302893
773890
458448
574256
297070
453628
27455
368158
939199
572601
813644
77193
277217
821225
552040
712081
364789
579604
956379
790657
570035
781032
294790
367915
673523
832353
404353
783905
373033
717011
588962
260301
588078
866263
536543
31534
872185
543248
49291
560368
268012
438553
152252
730662
73674
259469
787214
671910
714055
744562
284352
630977
582584
407810
376955
146333
900970
490904
837107
570161
728910
639924
159782
343325
511442
724843
224450
605860
398474
667950
363556
20871
842701
40628
398138
227711
446749
893127
366985
93846
95294
207528
456138
485666
788135
423968
182320
863263
549014
241253
89669
633576
278846
719589
48946
286418
575132
31409
18589
99429
656360
120393
316013
925368
202086
26816
886825
1000
165659
908236
981822
717684
64605
303788
613279
490872
963140
114742
771463
810756
650109
692988
606042
619609
529980
499930
678313
394175
668497
261471
280084
337670
154900
497622
244426
545687
346043
111152
174189
612405
879050
448591
211344
771094
417449
488177
536546
533016
439761
320183
998180
335906
913312
594641
736534
949656
6093
302537
427056
214266
697333
619432
982092
622106
475284
935752
122849
757816
360463
790904
262825
458747
220333
470021
296740
519886
983590
798571
716662
722453
594836
386200
229740
265099
118214
491417
181660
54458
519924
660452
603114
190677
365516
724033
88423
591413
726251
52757
407763
239535
662759
991308
313411
128398
133385
898274
648606
652466
700056
326095
58049
302852
92752
923533
270723
470548
451250
501511
471826
834962
732981
122719
406524
891238
687322
655068
821642
650732
173405
504687
860615
485007
282695
248864
713694
372609
520160
159386
832033
560404
30978
630095
15910
130552
853001
822153
134156
673746
879079
698127
930267
935861
711956
557040
888073
780159
70370
299439
882585
96594
882350
315402
801118
123438
280115
469353
985310
629608
304888
79072
319825
714825
600042
127137
915401
818566
353412
491841
532587
260375
366250
224549
155419
697526
936150
888585
383478
630261
129257
25772
559353
391868
150179
172572
787903
956574
230702
609945
662695
745176
140309
572841
108500
906213
202514
777592
384013
770689
108996
38057
314565
881208
744383
433149
84662
371561
236094
402334
910182
414812
553459
658377
16652
234429
885375
144342
180875
234869
783229
870630
591581
278692
144953
319592
233227
481916
964479
458823
188056
396605
872013
598580
71998
548105
294826
175691
413968
80163
85072
899813
556030
2568
771332
779769
663927
612330
776071
780527
679977
816005
448356
424195
388900
391200
668010
62418
145564
28834
881652
21509
345869
798863
203876
517335
529401
548701
564590
313796
762445
457335
985360
517455
346914
136205
635680
332528
383711
718102
923069
150809
712955
496675
680935
655524
100256
384353
150635
958299
892011
504747
603511
32547
161488
542730
604748
744389
332955
823498
961168
700826
545617
197434
109251
719507
204405
246655
323658
131491
838758
398613
712167
783817
832229
161316
939146
423101
986101
886778
629312
234870
704411
880235
949834
233814
953285
512386
629449
687603
72391
677987
900756
965699
724416
572991
551148
599715
88027
198002
389063
28100
57649
464060
249352
510515
411724
202202
4432
666307
923719
44160
74030
569048
874833
163830
352434
138451
252112
300940
495647
94229
55522
473531
866174
284466
230206
23386
867151
422964
521849
253817
479899
566857
164581
401694
453541
208458
418196
658394
49342
329256
970618
454854
499320
518005
656752
937759
349426
408397
178069
6907
678355
31327
479119
555176
534546
372059
167407
614688
643953
246778
305715
941354
142921
293925
871268
46799
261249
32131
933472
207799
293208
950562
511026
625569
589986
155649
254493
342332
102800
853111
770424
440612
29415
798020
254323
354428
200211
108979
273911
119396
420629
978984
283756
718935
391575
106892
113044
789220
939744
929681
751188
427143
791266
536932
112851
139876
805361
48879
937083
505503
517582
176839
110621
926362
883298
485625
842865
532748
398214
675564
224507
59
188799
449843
173640
508502
844551
609522
898007
410097
995782
227497
273493
643421
99040
717154
449
281379
129063
250035
854831
453789
704433
798001
653160
96306
655173
535025
649710
332716
241263
1084
577629
398328
663923
887630
289580
515001
45982
122123
398483
264840
872696
435775
416839
413005
331797
114512
656097
951475
846346
367491
235037
984715
723709
96999
611197
829119
425302
262050
844749
649776
408210
204054
16066
158703
585910
441391
744316
910933
421664
245963
190123
449152
465080
670983
850445
330602
582918
515938
520917
107175
385182
299601
992999
922491
123894
539935
419200
631317
597464
543613
969843
599084
525874
249261
492622
759605
888971
656199
257435
905854
933264
919783
733314
311274
585357
848372
243852
563977
573815
743245
471682
297299
701285
46801
624052
498754
212447
361547
250325
261513
863823
955513
811396
802932
555221
628728
408102
828189
998902
413837
762798
517512
335860
161170
551294
529052
796984
295163
879847
718527
277228
837444
200845
882252
243237
56249
478182
985716
637374
58657
643553
52014
505472
456520
90979
369500
538173
324776
210604
562492
705276
309619
171352
276999
649806
234624
36098
886058
68735
395407
694723
394910
288424
977850
19608
835814
10593
259067
479201
938020
282965
926484
152838
316761
221422
138591
905140
977720
512302
215282
739717
737317
357279
592750
449406
315407
686883
569893
565682
325094
377381
459301
265667
658299
555312
616165
47880
616052
93982
156491
30282
817832
345448
987224
687785
678621
5853
7025
48668
71707
138990
375499
795798
552044
248934
26481
335939
122867
888886
557941
797937
955495
66030
722289
643724
488106
503624
443449
729154
232714
857247
49567
945797
195923
755517
896097
261871
548430
488401
761331
537983
710363
532159
658533
454145
160294
517266
730034
957132
270857
89677
97188
563301
50366
281695
535910
715649
466367
971956
539368
830376
867388
601576
252329
602229
172472
427926
272356
464890
170561
191887
704153
468928
206410
414951
270518
767788
41510
458793
423970
432765
937699
236842
468327
130481
415873
972283
655737
927687
217678
927416
837991
250400
690143
838973
644765
566335
537389
178104
942355
892015
656713
998362
487382
238212
642621
248039
657137
18937
407233
326254
369912
961592
266519
938706
606576
456313
136004
126342
270110
374722
538731
121943
292203
248012
614471
629475
947633
507782
215748
14887
705700
329779
586235
336374
731615
353966
308296
431174
319434
489870
612810
510949
1126
414948
10039
938249
637109
390497
401945
55876
158665
447573
508329
529238
354663
60306
961286
11356
565974
974575
674770
132967
948042
735144
209130
641960
286568
871587
594688
312839
457334
749773
54742
172626
214753
860259
622296
543186
128041
348109
618839
758394
42605
714852
639838
689657
157390
907924
865011
847919
56387
34717
910251
765115
293305
135027
150186
606259
881189
222470
614455
305837
542439
428316
40760
804026
583836
207257
55438
917555
384576
871585
982671
616363
933950
428372
432348
737604
975191
423352
686815
898077
613930
329717
263716
217769
102565
220793
134032
16987
545545
249788
992642
941821
718547
54237
694596
242976
67468
587883
487085
747694
878959
209537
47127
848859
487218
812169
709561
16762
485811
367969
202656
885292
829952
830810
204559
315443
528707
444957
440239
99108
742536
637160
185460
770107
680493
831606
251727
651848
91685
473341
785481
835144
558056
301393
146115
529551
604795
778854
612103
763360
150423
837554
634954
110431
273337
170545
720896
479453
901381
714754
601372
867603
434904
544367
650467
908011
282601
513802
4268
330103
841050
590258
937910
678404
966625
262517
257190
324169
44749
142159
992027
926330
554360
338321
687984
644730
22536
644381
479181
731821
85985
202382
510954
332267
280299
119604
897378
886416
174523
698812
538735
559600
208416
475887
700552
818088
215501
242449
302420
630800
994910
642345
526153
506444
770056
187873
263398
66690
406562
689539
559817
784421
401866
137635
774382
459888
761653
669724
939332
695919
264791
804018
139309
348407
471723
348759
662547
687286
700063
332681
890146
701285
838688
16856
551717
548698
745661
917509
179456
295417
794874
615622
608711
667787
769268
782631
338938
923047
412908
903242
239263
931980
982833
749711
131130
141969
341550
618383
531498
774387
761742
814849
494179
969230
697863
400191
268035
235431
166794
417699
184851
967910
432709
812491
466717
896097
513619
905277
13925
893714
78146
536995
827781
304171
597630
583735
611112
400064
23134
710394
898595
356515
485323
7517
975787
359118
938185
638211
627767
952824
762211
633950
394483
781962
37879
209910
215005
557355
947611
402120
139072
368760
266091
171787
112395
342543
753073
134990
798670
141130
649135
79805
225168
414602
988363
355266
157583
965545
517336
611527
561493
654353
311549
5850
52531
128299
795844
181738
763741
135983
28865
870894
790241
56602
309084
48037
276485
722814
929150
673464
872061
515891
374036
507003
727110
151787
428163
214482
223842
33699
942888
826160
408240
99510
933450
391099
103015
41164
567199
218252
307631
613423
344439
914194
551644
566846
944457
972309
369608
370426
381465
115480
163019
119421
224834
32793
62489
242507
853669
397810
107321
408065
294638
660449
228382
356778
43072
830821
251172
340017
787773
43007
808424
301168
621875
941912
727236
291879
53222
156545
52966
830600
810358
653716
523
463342
613357
241594
335261
717614
905767
735431
284263
798726
85854
232063
191665
763635
688082
734460
832317
802270
705041
497831
409692
598966
148840
475875
282157
205913
690342
228170
389043
286443
508361
63247
945554
186441
735688
667331
516646
416664
297084
591219
6849
901431
90796
986670
11135
634451
70387
905956
8006
879960
437968
421417
264095
870981
621194
731225
190636
643416
984894
669270
900869
261289
884423
301549
576883
327315
437000
482071
600840
723404
42073
879387
878425
433366
560203
906705
354074
327310
282842
54913
351444
61922
118446
681577
940101
698080
30478
536477
964884
609449
266402
942985
773551
681668
786594
398994
667843
466255
545249
987227
112983
901136
760944
421540
95110
55401
821296
990860
298839
705898
395192
534583
825594
616385
496414
299210
659426
829836
299942
46675
590457
618447
962949
467206
580165
977345
365008
996130
495893
412801
801094
191283
514983
515046
439542
353264
768538
111923
814799
739204
285066
862185
787714
662954
150541
593527
757398
209585
48521
61709
574472
344287
126256
901390
372636
889970
248026
574692
602500
818625
26813
599021
544108
706434
414539
134291
328480
387493
980393
224441
114587
490781
626119
266897
121517
237950
400032
273866
450887
566273
917008
648423
357158
251429
292749
821291
625050
114032
712835
394416
418226
798996
649936
698328
93318
927980
57561
571994
396321
192805
81607
931710
171785
766842
547618
664420
203691
152087
634440
713085
951272
747807
804873
806045
554486
644297
724834
42601
417972
655845
616981
357099
86095
488829
886113
433668
949450
303702
721891
404993
922029
464982
43465
438342
205004
401151
690095
428198
554546
168537
246552
314453
513259
357934
720138
717557
498987
397167
565766
425292
722078
786420
212066
762263
964557
699553
548613
996791
44330
951396
910783
998794
477944
244314
602434
958997
831385
323089
654081
144221
706165
280296
376484
14037
507012
477651
161637
947249
11321
377659
372874
738265
999244
6594
371007
707961
155682
499108
458511
238645
942810
13561
865919
295930
666486
475223
973255
334576
147556
415252
623790
589579
784809
845225
908609
977153
698729
329074
750511
169302
178197
973457
815300
548370
3313
689715
320704
449300
188160
920810
162068
19905
59151
647674
494648
240341
861852
66351
355755
15065
296673
187371
451464
586293
890048
624318
53954
391261
129164
289198
565052
559911
333233
252054
199880
830653
545410
705898
418873
248430
269853
864600
6374
718175
727805
819018
2302
801630
443804
938248
9923
445207
838211
459323
754917
86687
110575
243020
292604
319150
103010