316243
594801
632963
559004
11360
727369
792549
897675
941543
338463
336131
770421
923703
269639
620937
605268
212266
389531
254314
258976
270828
242772
644536
356470
443417
344894
933974
649508
825221
983003
842437
27667
701717
724311
764186
563601
96074
502562
19472
380922
317598
400751
227962
100867
334279
793033
749905
183971
404760
938829
425643
62879
360199
179528
710925
20208
484489
553517
589975
226578
909785
931059
562845
797420
546584
562953
829911
156375
529231
675895
458414
109644
191248
873811
420918
481711
627898
555932
814459
272370
631962
124470
629300
259623
404142
806274
704149
147494
219014
184665
578496
728087
119748
135206
519899
534301
754882
88797
650941
17504
877586
781532
518657
709237
457184
595676
918845
9451
490356
668051
253773
115252
381524
368554
777352
616942
790599
176726
684629
394445
176948
359061
923222
441575
353896
224775
300033
657116
217654
508647
484176
678560
492600
313252
341327
642151
377652
239392
454994
619499
697050
83332
842889
215133
478890
602686
195628
496038
480819
316632
142736
726488
247350
74102
588892
422518
839913
293996
750869
144988
851351
919034
835092
910029
849829
218149
786202
697111
623983
170930
332282
230117
235408
694402
468276
671905
529985
510853
15394
392643
734552
456412
737355
860155
632818
797711
922262
105911
536748
660519
824345
241809
167691
537194
994894
109529
866428
790769
390182
855098
317749
570727
129336
449867
324537
546912
343186
658292
831675
213203
709680
251579
938970
600566
40523
828650
961867
98613
673160
286879
174293
523534
214225
879984
574645
47628
946049
203640
840481
931549
719097
470147
427817
651858
857552
721233
8506
53299
280743
256587
171709
485373
254426
812992
610204
815930
29970
504217
504229
956730
239351
957409
737607
746931
340483
754603
110776
224307
279922
99487
401145
772989
403733
408677
10417
272648
696518
864237
548726
973584
112502
660120
161835
738838
917922
248454
629443
856699
358820
15357
674916
560949
680806
577522
366438
313131
644401
149624
714490
511859
679011
198978
433448
899045
823935
503638
59824
162268
369759
736081
37138
199369
262852
88849
911338
53171
158734
246978
520819
57359
569415
382473
895916
885111
88601
973638
503063
32779
936224
381770
351774
333345
313178
848341
661073
637929
542331
483530
718410
475362
811422
774449
775794
435699
566997
135081
266460
100135
602849
103464
29262
366152
182397
466608
910177
784086
821333
383953
520830
539557
831508
447381
319112
579024
735066
562891
236504
562589
549645
85427
326243
90479
407879
493315
779128
718818
532205
888724
422950
988871
776479
577196
289211
391740
951947
5800
2279
671846
383580
98310
535614
762893
272721
515917
470300
697813
885736
441817
309282
162709
547064
388167
470303
41302
530270
542265
238859
151914
38863
296454
555437
486566
819981
269121
227868
943229
643445
709796
507874
948538
302708
48858
279740
431065
328858
332070
298302
191747
985031
423603
281491
593573
105602
100600
134882
338860
674664
169287
882637
156639
386689
529331
270867
356440
892014
350940
42965
583392
559039
729817
327926
911462
196769
838592
675163
503132
890996
78996
712081
327599
950395
444044
910542
629152
444269
102716
818896
377476
344104
148962
877090
909908
878853
937168
242301
325938
685638
231217
464139
806073
422124
768441
248071
284223
709925
942701
338304
951402
547747
313676
315643
284204
798536
624217
131896
692060
470781
687110
656269
215346
538274
277630
820847
165663
522336
11343
19600
270343
601946
187763
56098
63260
140545
597242
164665
524120
671686
380501
464014
218006
742187
552705
865695
418830
640947
557261
376244
669483
22840
660874
117693
53323
17755
752207
471256
941778
527829
581542
504110
124715
421164
740823
338109
932701
346946
116430
246768
518789
287176
690987
928618
374838
788559
675494
617057
34666
498751
43357
894055
642467
888288
409468
551941
392098
692246
50568
208256
977475
344106
341064
731069
364083
343874
156048
461632
815056
301491
436715
423056
544731
773229
797220
451959
23004
39637
912497
493862
267347
842224
439869
607285
564694
862330
853713
53831
485708
267031
760990
264651
604932
393825
155113
283296
761011
300768
688275
606160
575368
702551
470468
771965
327662
221755
690676
494874
379293
44671
69078
115792
439901
851530
74145
131968
305561
779850
139836
459176
87900
431650
978565
144479
358698
958271
763069
881786
744125
312392
889684
965905
746779
761652
963341
851228
652176
392565
422670
503094
36750
694482
497927
552004
20381
500242
558908
197167
479232
519380
902512
182732
265894
404924
552560
873181
999306
665416
747385
738417
34024
19328
142407
618214
325723
88268
100603
381583
138648
151711
79271
533744
10369
389841
110906
511846
178727
294667
268419
202084
965023
916763
810019
379352
219583
87592
900756
756011
856438
257727
347407
569191
298373
229643
288223
753908
900446
584164
135680
255419
151191
388350
416115
810028
424203
360514
237537
812314
815501
868665
331689
751299
403082
748581
486152
686510
37306
826026
772836
164461
939139
381545
23477
336898
698858
833006
515409
854750
18166
467711
397202
63108
742051
609813
542117
494989
450880
909479
137394
151492
608102
685217
590243
328177
61269
43508
263316
969907
940716
12487
417237
830918
463684
107147
513118
687013
359211
470444
342672
396361
950968
791395
965412
878863
857871
949800
779442
458871
925235
644293
162912
773192
790467
142534
171045
397330
128275
528845
541305
617740
629736
780097
376923
942427
213903
52134
408574
531252
274138
734281
245777
720280
471416
220114
276138
564286
902512
338427
506958
265551
210362
346208
125151
372171
303098
786924
122083
677961
312538
372275
166572
739931
953091
854495
106858
37008
122935
751873
906313
422482
721102
91017
512072
627696
739466
720913
197912
331447
757977
797971
729004
217977
705064
375483
440803
857839
29407
413848
434192
813562
514556
26091
97058
497797
711631
663714
154997
19207
883663
502431
45172
77285
851352
818032
254056
175028
100994
29860
651106
790940
645535
24371
660353
975512
152784
936476
285921
71129
729412
243020
289056
245194
157839
915706
54798
436783
336291
637456
263088
945511
166125
646787
83761
624464
110862
695939
970982
962249
513972
448590
798332
324883
183317
905120
422017
844752
108296
75141
661707
516462
765440
563470
693449
30173
175013
779682
398692
753403
149776
84716
514641
125202
863587
170034
333814
484855
644292
682053
433014
368339
951668
614228
580635
912190
643855
290204
400415
158599
42338
85371
499735
341200
655972
870882
241533
700822
136211
239591
599512
630671
568300
424314
853642
827564
43719
254192
198198
75198
496140
274107
113420
148661
720918
402747
923058
762435
695522
470509
102928
165278
283891
577
64760
199397
519622
991242
361521
199450
516269
505039
836959
573133
337995
862974
715856
337242
830315
756480
664869
594249
991165
567656
812507
12179
51757
903812
351413
434692
343905
687254
193160
750908
149456
75869
880610
846671
52922
794892
206744
918796
104199
21084
297067