432119
975402
378571
745731
901746
644225
980329
289647
720429
256520
184382
106793
136632
881462
439956
418685
958599
438082
577491
181289
334198
67509
832155
765258
48109
794090
873268
412198
580191
953318
508189
564629
404652
109326
303617
511052
148263
256713
258439
739207
630449
518003
567944
278483
505028
172218
242268
477941
660428
831129
105613
875386
210863
42799
176045
658460
483438
49851
839044
931982
479203
66934
256225
123301
289770
690509
205713
356131
373853
513402
935022
233056
810359
16446
583694
641623
307482
538045
266141
789450
708203
627702
887685
618195
837403
940381
618441
957641
10945
620822
387697
60491
150115
770704
144096
219564
537044
8444
117761
944059
264503
586537
78432
953133
577953
349374
506005
330473
600157
844499
624219
687088
446921
727340
710526
333544
671581
504978
918003
474755
407884
271952
19649
126672
761538
840583
18461
704094
335886
338670
98773
728520
16986
523690
277154
165858
864981
928710
81824
813119
201457
822863
294553
651548
831816
39823
317117
972972
123353
558052
472814
694656
95985
387899
36728
817618
364901
522670
458974
466031
346364
778232
411535
564608
924457
192593
863992
274995
571573
988203
582067
171787
197499
623495
692060
675776
653
467060
535236
779219
636405
762469
864319
574003
329621
764590
598745
425669
855408
282459
789093
695060
352193
518573
70389
351317
618313
690098
666149
158357
212903
238272
946002
781441
408479
167181
5097
248146
893821
709678
581721
1363
427666
271274
954666
945872
318173
919098
521959
495517
510086
680864
592119
24576
865155
977569
755658
447548
962845
858977
401647
235834
567181
106329
956674
717142
655872
461495
875457
571268
409338
352722
636992
705310
587030
806151
279283
42955
835115
306870
685161
456525
354187
308179
506968
388966
717093
950761
130899
668840
89802
203441
19864
272216
713997
108171
574725
239550
55939
42199
229035
529356
187433
357811
176955
68649
384101
136337
123677
691864
924837
155379
210336
753162
686436
779398
45516
245628
86987
138072
75858
508558
151156
945208
466405
9442
296009
321193
172450
329325
336075
150722
580714
727709
962735
187237
575184
836263
65954
921818
379118
109676
965358
688775
734610
895239
432628
885582
722390
158262
999257
107971
576973
972514
211774
478280
548697
886476
916263
955976
475290
914134
406397
3980
326401
797100
480622
916285
397058
129485
633010
473335
17128
306170
992297
419909
456770
104377
527264
224831
689979
163142
191731
186173
827912
154391
893004
513335
938490
268490
177097
127803
468979
46446
954172
545545
156469
933803
497548
493838
545942
965071
753080
876667
375568
735477
764284
767938
340468
749460
934220
538349
620479
431265
36605
298139
889541
326498
992643
71767
242378
730961
305621
628438
432368
388393
646317
511181
456330
573711
829163
925805
937806
193120
686233
582780
96233
357203
573258
455889
412141
443723
786651
42476
191270
713468
380123
670703
912778
353079
19335
103933
143822
140499
100654
897838
484949
98362
969203
139244
246659
171277
515121
155885
256816
530357
766073
329549
808633
77767
894326
70279
411824
996243
460274
818639
300979
277642
755377
69264
182490
168009
219707
55165
678602
52230
139192
61526
227367
442902
643827
679097
78054
955928
580737
836450
141248
626818
891835
947585
530690
150278
649702
884343
505985
377888
249524
911852
790763
465407
742755
828687
495353
960589
807364
121387
65409
838493
147734
618851
863912
908464
194641
962634
563445
15332
268158
313121
319552
613434
576899
177518
782921
274754
475709
974133
706085
639781
748166
938070
27090
675471
474582
968834
973228
458423
978949
707227
186233
970572
469614
229608
548830
71165
61040
904626
930357
388837
446158
48509
340278
297490
589878
207846
386834
304049
440351
467414
996318
878935
127115
203872
440684
97262
450924
587453
726838
500154
903139
802657
556468
809735
631779
86137
600141
351921
378868
419012
981993
134928
103892
194251
768485
257214
54007
322366
74912
133765
378415
699885
167090
574634
887784
80287
861565
871248
499594
304979
824155
90827
45761
529425
493879
773314
203801
481899
937272
562304
820930
362133
758039
696279
310707
53150
394257
616945
204523
686410
137656
616116
644435
373390
292261
488337
676160
758120
359304
450474
851092
503064
788960
328862
115012
958846
809989
206322
527412
867409
451619
950237
591166
891897
55233
951408
841681
336779
293247
237792
55286
275359
562079
723185
417774
719566
363065
934337
474296
290125
493842
356079
652079
647713
822344
750246
113871
262910
634916
562697
418136
233472
19154
356541
477835
337541
164012
982157
432721
731429
710002
490750
723387
556431
592790
283185
7332
181825
696628
679342
852531
80099
391647
683090
848509
373441
456279
609752
176135
71331
280982
226685
737449
785547
60425
453075
544013
419915
883164
913316
890711
194112
15342
125185
277471
600174
202788
318950
257433
488314
468441
663755
664534
495294
748787
32906
638115
201100
60945
63015
960591
645571
272480
807361
191755
625287
128141
222548
942505
47776
397717
115240
578503
687729
100984
72602
564165
592402
215755
573893
789809
341325
954029
770125
737668
23858
306514
614280
776198
918615
300475
220233
763404
324208
381510
360713
812578
174150
558497
741940
786307
530007
853082
929550
238597
548171
880914
345792
139986
775822
625489
189251
928528
14030
443635
93160
38882
653715
155647
352769
836296
693494
827992
715183
352162
170815
379020
764745
81810
473375
280906
469222
627134
200326
145264
274184
511796
323298
550147
455013
246761
694006
214008
339859
591834
498258
800687
93391
835924
632948
480767
70570
553102
782843
961772
531408
387316
507652
693813
956726
541951
487651
11594
670175
153023
588736
734363
771532
474426
309259
760908
435902
446813
817733
315561
572595
977837
340453
834167
850429
683
649558
772917
407677
491516
247867
409118
48934
135507
368518
741698
763981
56233
154663
897555
846825
972760
928863
174156
321466
427866
261875
747263
518087
764504
728827
848569
79999
630962
221657
102291
824577
564875
840071
521240
811255
825869
742218
509262
799901
275840
923523
175715
283872
913154
185124
708470
347425
959076
225920
895358
2840
834017
69306
878683
848278
511548
555295
951863
22691
496501
674640
62937
210437
552487
947736
216646
760290
199425
859100
141972
936189
42463
485168
775052
282268
420292
706694
205179
804554
961270
187841
386389
103736
511350
199336
409799
798719
558171
52726
68952
553153
702026
742477
347258
109357
771988
383115
715443
795745
448620
488117
752163
110057
243075
305553
430961
847269
755074
828048
559382
550793
609892
792807
4038
678079
885357
186878
615862
534567
597962
833025
571150
418942
919302
473109
157933
46620
480935
927397
207827
531735
998563
481306
453168
222085
488322
644713
666758
365919
909137
410054
196413
669058
287552
485302
790275
678863
588249
427330
623069
82225
784157
626567
795151
444350
17981
493611
323748
767223
602354
831466
994011
168298
626297
55950
366574
351543
16238
397245
502336
629615
657988
115116
28322
262808
949151
439153
676865
472461
659534
690423
593840
177346
410088
3083
199182
531494
495810
970067
274004
30433
391498
874589
523517
762812
21251
985749
477394
408416
824221
663057
857233
486455
210800
196679
895929
334319
903637
749214
216501
949789
349281
875105
945507
58238
728447
547856
673919
595608
590697
694865
641840
392767
738819
379268
701103
230835
426836
354868
262736
954599
98145
644328
750447
207516
863912
188954
412600
751212
724278
770239
673490
721443
553317
100101
598953
299336
978230
947611
37398
85177
783751
847017
656558
858932
505073
22177
201124
40178
497472
420461
901211
164973
269135
290376
300429
916419
563392
853161
631441
304691
407894
802649
59212
327939
138543
421030
809718
269956
66848
695216
37512
18030
820655
978016
164863
266469
558055
666681
303248
536285
367580
70790
739496
539417
596412
464947
489118
249166
660621
958584
114232
470503
662600
56304
239703
50274
965586
399560
480000
600407
747347
540562
636615
406041
640373
121657
22874
342133
161595
507791
383783
575319
805179
38979
790571
107532
763322
697902
46297
44579
158690
320140
791075
581740
26274
830343
726375
899106
383330
848175
20409
109861
712418
142023
221961
424735
502062
162105
986225
8329
811456
689641
411998
239494
159218
32486
38168
96877
934045
73789
843247
297700
315348
252520
221764
900583
531766
585508
735089
975336
289972
943328
274390
937809
52704
980433
745409
873381
339437
293218
134457
943044
194569
751753
552999
958221
391508
199989
289250
381342
405243
221155
275925
627446
573238
215440
647887
938364
300954
134409
928359
107417
796763
834334
476042
71872
533794
891893
141795
281869
862407
285178
695397
422539
758699
96884
808312
998928
836981
579379
734589
556547
783783
307942
575680
974526
395740
875465
963001
707278
71072
338747
229695
925463
876524
816877
688842
46485
982780
26615
709283
922557
853455
842372
887466
704962
274619
673198
697604
527219
81258
170597
671839
180929
79541
203016
272995
428063
364699
424342
957174
416642
747998
342718
484588
630344
98490
2258
375882
554292
297282
648602
317429
534295
793050
154117
194684
441996
106827
325178
141631
102106
664646
251213
936698
709244
487800
192846
556082
53564
347270
150395
512314
290107
793702
247957
259042
715918
929689
936784
418301
744771
596745
623011
60878
238849
196154
667456
175951
467917
993136
260766
706461
478953
739934
186033
365763
624471
504966
897019
168033
660283
310194
462652
973752
474590
287821
971845
321237
837199
508190
233259
748888
919203
94306
227990
257120
882078
81542
85497
223382
714794
852926
638172
663378
109124
589317
414037
549229
582262
799281
26325
329636
824638
621426
102622
636133
168270
176231
547346
260730
762477
113692
668967
950223
912891
12836
908919
726369
953041
413840
875252
207749
988743
882249
497849
344659
849231
291343
60155
164333
499070
284046
568606
102639
918443
195418
194340
791093
193136
226440
893632
954307
405966
560936
459273
402581
422765
221538
102410
709828
378816
965804
229942
301906
774215
965029
519801
282322
752622
436305
658985
114999
522003
560306
202715
393143
974949
511295
227346
823835
819303
719043
257171
71270
329940
225045
219732
592607
956829
949424
970002
841149
609806
800494
926338
76847
546510
887462
773215
871685
364805
704222
503330
55998
393304
111087
689296
780974
396175
925620
34541
584076
99288
845998
58190
843606
7269
22392
718284
193761
663600
768417
103508
788993
835486
75563
120220
161296
465153
515679
905904
974495
257720
7627
137386
886839
827378
668890
6016
989194
694287
472526
546360
642363
355943
844956
342198
39111
488035
605155
414070
503758
12297
6155
172756
599938
137814
500150
651336
402859
222660
96742
580784
275796
780523
784363
442054
179222
184324
47303
263409
859454
459784
409376
859959
820765
245751
193248
251343
584941
761140
896941
204564
653787
673165
140992
643094
999926
709657
212004
639307
912818
725114
137357
966627
64024
49218
600467
832185
443406
672370
465993
724901
673150
298334
733438
535662
125286
492140
250512
420957
910460
585403
940199
926637
43900
699488
430485
239070
526863
559947
561928
719848
161561
280968
373226
57613
183072
989282
772246
660423
877204
912226
19702
796769
756415
674293
476797
437346
116170
677803
895550
624867
489577
531996
19303
549570
648292
105957
554782
190447
105411
767504
96439
408420
88470
850577
799759
465393
956638
813357
814792
569461
921179
932214
509793
704041
267379
108401
906864
473046
901948
608920
546431
182375
553318
980026
30017
769177
514056
585216
689711
158990
936581
672524
767876
849473
795
189498
375185
7252
768200
453832
458749
763462
910937
74386
387101
267136
299984
216758
86892
173838
218545
352854
691175
130347
34601
774395
869896
679412
678876
169814
784092
300415
345865
714851
891779
947845
199580
536167
137860
799482
645969
946840
879051
515326
953856
331419
704512
168235
719113
783847
342084
74831
746588
880457
867082
255092
650533
804098
813456
779674
216787
581387
495673
686982
429828
79097
880777
16563
361871
742394
545020
695911
954413
705727
106371
658529
804804
659892
599068
998254
246866
29674
922189
770907
735794
283734
85244
307589
733262
471731
973678
739468
735586
943490
782234
799846
661224
117362
143977
323152
519142
366490
905613
682590
639824
876770
650555
961972
646170
560834
783814
80973
861919
460002
864025
68920
96487
114465
736401
562148
198360
370866
362741
884304
2300
763424
118611
898404
743531
546098
311928
505182
504597
372713
772939
101285
549742
2598
724998
260474
285110
734760
52818
306700
286500
976116
337919
651114
216430
265485
458333
558419
294456
789219
908282
373545
987607
663240
819831
975748
587520
289757
627081
596899
316817
597131
45834
861822
306428
251501
715705
599095
255116
618443
279572
644974
466325
887810
579601
736883
761149
136447
419188
284951
424992
197674
166991
263003
71012
26911
637340
460298
857371
294807
627120
761571
984974
434277
95069
999598
254188
19869
767655
649455
302095
283599
43040
601400
654503
865777
698467
419289
683205
211418
111401
29747
751238
787115
895627
710443
730394
265864
814164
183418
220592
925124
993794
183968
448512
355611
467482
123832
993460
35096
132197
558119
356532
766359
648970
451630
259469
764517
227913
548960
182269
855555
77906
508845
514589
703690
901120
935004
745131
66088
511285
511447
651123
196936
341778
701280
323930
903504
229779
374498
988743
347972
115398
99682
857454
438536
778854
837716
493114
286530
166488
580170
972247
654430
599873
760007
911193
201067
682690
966706
949004
835362
660241
678310
919897
758663
878709
45094
784145
262312
791965
655534
148825
407299
754718
843684
915315
97093
50504
756078
233893
98796
244771
546077
950151
456077
865803
961606
300334
458418
418469
149874
562097
870427
121533
995115
269396
710309
266878
887223
743193
788617
952205
344033
644383
860475
612994
979058
637364
644466
689923
293375
206463
823239
715775
643292
557571
373943
520388
304046
128657
544323
260478
789470
974349
18615
883725
482346
981338
4231
774337
365781
153509
889620
388597
890175
665163
599822
333445
217807
63016
101556
729261
303052
376317
865016
920127
265739
740093
107006
792833
368131
795700
203010
326945
231228
722580
412248
535637
509862
488094
365327
78611
545926
673962
605999
888746
795019
734675
469474
279292
970687
712641
113455
603480
829785
530132
212897
662200
680559
50281
606342
521300
39624
111373
564499
617440
953872
271996
181157
197481
473957
115604
178146
941575
393550
934107
993854
928128
93515
742441
152602
450746
889543
942580
722438
469338
958250
783670
561127
139005
735051
668733
58868
109649
479811
14863
160730
174418
193244
540215
336064
306845
285993
919088
442469
373426
487407
136493
112996
149771
535489
821187
784602
486611
296105
848180
248158
341317
442498
693657
337967
483810
656611
313963
897388
962062
632246
918190
153020
102152
996774
356602
531981
896324
512566
797415
761210
962151
924079
738836
363398
610974
951730
39700
844741
943260
559211
358582
500506
884462
210598
166384
153819
895228
301947
423207
447953
915358
654693
827550
512667
766680
326193
533304
35186
78836
261842
20395
716934
463163
895953
56004
460680
382287
219937
940624
93889
560104
678609
461294
870751
154985
682586
650159
574288
511838
695512
771111
603527
116501
50774
507539
961948
951254
688706
355238
570192
671743
786815
616498
927854
489025
945689
843760
243404
978929
932116
279468
790705
547723
431645
200272
402513
448714
512738
608138
378227
192413
820989
359325
200371
766982
661387
553985
351908
192788
652891
681784
952077
479611
834755
108079
427028
688269
959116
867724
152121
144471
694541
804762
215545
149914
242901
189327
806419
31909
530690
111478
42598
590732
251054
678589
2489
24967
323145
444253
637013
8425
474818
663649
467981
232122
648159
786902
335518
475252
736493
486798
925745
434263
63761
75920
178493
162985
2236
415391
291081
594381
139581
876389
359503
783167
677360
405245
676220
610794
451988
12506
417428
819430
641595
809815
11251
82513
228250
624603
178862
52873
916672
607336
551448
667459
213284
420353
384161
539659
285655
73462
952216
937816
527512
421517
698256
994635
49862
241295
503713
602948
744752
255276
176262
830625
557832
735051
710052
408340
282679
272498
79274
666208
381514
200847
980947
211504
105481
830177
460488
688596
812008
240454
429027
549913
721559
505697
301519
426371
263540
385127
151947
35497
805920
372679
371853
541742
986031
937396
112387
74647
952121
343504
205620
665358
13198
774198
518534
37106
41350
579940
197144
858521
949685
482627
118735
831971
938750
849557
873647
280188
970815
80378
49823
71533
408682
394655
839503
247007
695283
543620
800181
515822
704741
70823
386546
668390
546256
788882
491860
252829
584669
332990
447924
930541
459138
367331
723776
146892
845008
686557
235795
819145
294185
730044
853504
494436
746576
526504
629998
101259
543769
117359
272349
828909
911423
928621
79495
664317
190740
98199
110817
730309
413075
256292
791808
582500
703633
391960
259033
651430
111058
336238
109729
559294
344440
670497
36179
356898
188630
759319
895952
756035
540643
533355
126112
652904
236043
14997
600982
601702
284703
333496
641874
888958
641643
885512
276257
894227
644904
882646
973503
883462
359944
286778
517436
79600
24623
994396
147835
366011
541442
585247
25623
45853
890775
397994
990945
994099
157452
913299
131013
466358
848627
726570
156043
956828
360811
318688
599033
455629
757962
146643
150229