942390
333385
667001
192874
159805
612835
818108
794548
828231
166695
689581
981825
259843
73743
550552
962205
162518
943098
555278
616258
6016
204327
789270
792802
566941
931791
23425
127188
225928
814942
323995
765720
937114
439824
162046
350025
987984
216869
829632
434846
614090
661888
130892
464348
603824
59490
936974
413788
900399
32253
254856
612404
316385
115704
209282
573189
179531
562622
132318
633313
428096
30531
939401
14487
59490
290069
984718
629980
555016
949210
11525
225623
956220
482924
220392
38152
805147
37326
637317
960150
464607
909193
75216
508341
242938
953959
61648
903089
525208
797003
614202
530713
819271
203627
443547
662730
286259
345580
74094
819287
142538
848089
104909
208914
442174
836799
264452
921594
864553
790503
209730
570113
484490
159024
553321
567480
604077
226761
180868
46169
560617
580425
958360
707633
590275
482603
151251
912040
577136
531561
407010
495534
3768
161971
266846
633924
272502
322764
500262
537700
492604
426882
455048
815310
557907
641864
71256
452401
520480
580529
781347
738034
94114
520843
940030
998811
147415
847190
527779
245758
258656
131949
976790
655608
231614
409212
281057
470664
445481
947024
339004
858873
347314
431899
550900
603487
336099
180769
791252
346421
304820
835888
995119
387494
697575
683758
359629
395047
271488
817354
482288
401665
552484
741716
2369
172076
826765
437801
900252
213911
674920
796807
959221
876037
493132
127615
18661
89425
931478
59528
346389
760786
162277
610863
876101
200537
887855
137324
950586
358551
36990
999377
433538
212060
581899
510364
664741
704570
613941
264299
989098
641416
336990
857935
407810
662594
836579
853816
689173
469326
18869
717008
723304
184729
835033
459621
741416
798176
76792
18174
906646
954955
388387
58830
755278
718259
909544
805382
654517
101572
275081
587653
776446
561342
18207
407211
173146
893334
830219
592139
813818
625401
480788
528319
943426
973488
729378
805269
399883
662110
803222
523238
115029
940455
110468
100743
820872
890155
10318
696857
658469
689776
273630
62780
192974
373534
997311
225504
754094
491939