358989
250912
1094
439157
227217
649724
507430
915381
698420
984919
775
785537
18478
340124
562553
356510
493450
457329
223741
476960
446890
264908
773393
212245
48801
637167
136170
533970
218814
24385
238912
495192
168488
413194
997763
746850
694757
169099
389547
686157
921653
573240
782637
936932
425115
84371
921033
773703
770619
346151
205760
785656
671646
694045
599971
463107
278483
107710
911111
801799
591089
519621
897813
619940
244407
206688
650430
596675
491732
381123
351435
376380
386498
685481
844434
491625
487628
573353
500740
571205
981361
400689
345892
68543
928801
895649
726162
427425
427684
988614
665670
220824
335962
7089
67608
241695
793373
103731
717819
678988
621122
623480
214794
675255
138687
739262
577210
500739
939878
7152
24624
544394
760783
477987
886700
269417
886420
679532
509026
556389
223350
638363
107881
600248
789534
22361
234573
386236
641853
343194
556223
998195
22228
229950
488236
802544
176528
678282
1578
84518
898509
121405
753487
396172
120827
70034
873884
131241
935902
821394
632087
118145
650031
167443
99446
809948
333728
584016
277751
908463
741437
152742
658445
807018
368558
681129
987828
493981
388313
872161
601637
343752
392676
350564
551462
568061
479448
3793
619513
888948
331745
913766
790004
806187
116018
257407
213424
862648
678405
433196
594267
842348
222784
554861
91241
718758
566707
5836
832039
508017
768190
679192
74608
724571
834000
33593
55672
547923
207497
112245
196294
978429
648513
789502
461950
34326
409122
226357
143964
156863
216240
997183
585277
680168
452650
596546
351063
608538
25096
600189
847241
853600
292579
544642
836109
316819
757236
83792
430282
167169
49588
134609
541191
856378
165987
168428
868345
78326
543653
500872
873405
106086
453830
491807
244385
577557
123230
646394
216412
725243
623696
911822
413022
441183
427884
56307
637378
507685
828212
250109
675681
890939
448188
652985
459264
418076
989739
687238
689257
609792
946078
236237
11543
896032
482859
67998
41290
807977
344578
533608
404027
494333
420912
829205
619946
389344
11325
888448
774611
52549
795446
424340
620159
712246
159941
192770
433078
107802
198012
309150
580625
272934
302960
892183
892270
209891
462082
711633
489662
273815
703929
434273
352504
47699
126859
34212
965232
401816
83195
670268
893890
115559
290780
827240
884968
359204
455091
875839
266924
430950
625914
313033
452151
686302
460161
22330
522247
114337
721135
252940
461183
685139
458919
468728
227992
58866
248390
59792
262773
87548
673992
808188
35413
662014
253578
404047
564578
269755
929258
270213
954854
256885
224970
662299
26653
774810
500660
855627
639781
782734
744343
31075
151122
376849
83248
431745
573662
174413
33220
892653
738237
580095
157449
683603
626127
271423
524069
98907
363951
297709
512782
308839
965288
170682
641744
338793
775560
722960
193773
255006
76684
477215
488926
668266
855482
760774
978936
560849
213966
267098
569450
633871
691340
969237
296803
837142
260724
465886
576592
175202
967380
669936
125123
339450
233079
804906
241007
736324
906939
742004
270160
435333
910209
917000
354279
564533
850621
318052
122787
659451
220909
899659
749595
704522
859558
999218
536824
44759
980105
230222
938352
160054
413397
740279
297901
243536
117206
965561
347980
822979
925884
327480
2816
895062
336198
742077
132823
920216
633501
389985
683221
807188
265917
963156
259196
789106
479822
742731
989101
380333
789137
661892
329832
638508
570422
412855
286384
751808
935114
738075
65930
428473
182029
396113
162915
917861
717857
461233
62865
577190
682655
927408
767538
39535
870212
591403
11697
676827
920841
345298
630375
588330
188240
910771
908957
770008
200250
943842
887984
312411
560789
642179
214734
431098
473075
560244
248924
509957
35606
560857
863034
322485
677895
5829
590494
483808
204294
282625
706013
357016
13403
810813
645064
24738
911563
117905
655155
621838
671334
412654
781905
57528
599485
577509
328443
389849
151794
19987
574223
456522
349031
967273
450485
494231
208024
880852
224253
46204
687813
231821
568740
496063
533063
537343
529910
359017
195332
160463
569741
643106
645438
440781
706615
2600
593477
138231
871926
657900
805389
789156
628000
977289
888858
251604
895399
50017
871896
227601
253299
522518
589511
935745
480683
233890
380819
599755
408211
426068
318209
362980
401744
700968
61254
710837
544006
729473
869874
234731
836642
973957
921993
989850
876403
337685
383026
639119
386291
552040
965577
469489
592484
292611
623759
910482
222614
394647
268993
913432
942661
290166
573702
178306
608287
512115
895169
282329
823138
171350
288647
117046
333476
920505
31402
349994
771565
91907
143604
859213
235390
32894
948400
258278
177333
340438
318242
328820
392776
820720
268630
275607
104943
360804
30933
154974
389470
152857
898869
995054
967152
241404
214472
738059
786719
990749
610932
547526
135472
314214
518627
669059