599378
680940
128693
734947
966953
609289
808023
839168
754234
705380
164649
712311
734864
201667
123014
199598
952778
46992
765924
163897
809094
145798
32373
868541
476770
117724
225576
575503
198006
551733
445260
286656
957818
768954
762354
986586
746949
179736
939585
707268
128272
422913
768063
228141
103040
609099
637826
249473
336829
154859
789371
432628
649753
890892
803608
787720
301496
354895
279205
507322
8933
438580
319210
494300
822589
848345
402896
512527
957924
160389
454138
101120
428392
603599
434233
136026
859447
87346
584938
197192
176171
406321
526569
705206
951892
890
776398
128235
81161
128933
894154
428229
97676
813958
384295
314782
896209
474290
688836
805695
837333
709462
89839
55231
214718
322430
107295
404165
846978
290056
25980
130207
119554
59330
513954
432976
146814
243095
905730
774677
850560
516558
614751
815748
658327
274707
312651
834196
213353
400730
966887
697978
957838
316872
563671
171710
702041
341686
359746
582150
324057
261411
804386
641311
558526
938280
852118
531737
427300
724809
246998
195354
241052
430701
500892
135534
258027
597756
711048
941344
24645
878222
66368
173702
142349
383334
877105
214995
706108
971289
229359
176944
942178
577736
913556
985871
636229
856855
105216
320211
787651
597437
386666
162014
551844
605864
89954
342352
939508
6721
614058
609963
930439
201792
323625
433109
629065
49466
871766
956575
839912
179156
306096
278859
973445
739091
115021
489050
506182
290884
450383
708528
313722
10586
122934
719569
71286
833464
608710
631054
573631
688512
227214
430948
264619
508785
856438
205831
486509
274891
35093
269718
959979
951548
69020
437530
788110
810883
806608
203034
841077
301190
77149
636697
722964
316170
396400
405826
648154
447194
435245
437552
461924
559930
920176
394584
728377
826716
88438
314373
278570
167336
556008
474200
862657
903422
473212
787890
582113
315460
140603
814262
591559
706445
836852
763083
154464
522506
470724
721213
512942
58364
810865
689798
189122
284271
469898
922770
274012
371124
523523
487583
979541
561738
630579
931031
230410
138784
786685
426154
354619
373715
391917
800649
995022
506018
142050
402886
208981
998423
363296
848500
349152
541262
802016
308758
725707
537926
553787
151244
238712
93421
770269
424131
139159
849339
17679
887179
828100
361037
677296
35785
135560
96689
576245
838814
834398
552827
115941
716616
238988
427355
525893
622536
614580
268499
512195
959392
780445
526984
492871
461811
728347
478747
816345
105985
297643
56794
844659
570299
949279
233339
549661
763481
463171
227169
318237
461305
946942
476194
991770
148569
888710
11451
775351
749964
112608
596363
543867
51625
402927
753833
244960
264571
251254
593817
552926
361889
650731
175270
663003
533458
112481
988948
132070
345143
111533
31295
969657
963829
983022
854692
762247
115306
884162
925671
474221
278957
813492
600171
710375
991332
836105
33763
647813
30143
602032
384775
549111
680839
964726
739545
753999
249863
7507
291578
313401
481858
68109
440154
977549
562475
414912
639000
78961
944126
73189
21889
961442
318937
925651
59620
997858
681305
618836
761563
912301
571894
995326
225046
76333
275557
741527
657115
684398
957586
691715
345746
230031
465872
761281
441390
502401
800944
795578
824752
401793
61546
715507
782996
232996
10308
216956
694139
777163
272236
938418
428128
365569
578163
449618
713188
382774
395973
633673
287290
112083
754293
36311
257129
602755
56565
537896
720800
286308
207770
267464
375390
398330
431775
22737
526999
872578
744179
586018
648240
265760
163691
233128
387058
444205
394490
421016
720741
217781
892696
109380
770300
841727
941968
422635
642912
323695
606434
390797
553935
771139
203553
321289
395016
593280
245191
948450
861123
232260
632091
883479
226868
239653
255088
44762
871258
937397
55839
687043
690080
606275
30493
367581
606393
130463
621640
688454
492141
293220
437062
936370
947707
466695
258182
804828
551243
267885
856821
228201
385917
863150
225744
983301
880757
995300
446673
121177
259544
480104
568831
480426
182269
873174
551765
502964
484940
243544
538112
324246
276074
506852
465101
642076
31985
568882
298063
181706
748046
609338
974811
669572
649349
196063
486723
104054
441777
561522
390495
768826
593240
296216
443962
872884
674907
917796
990027
921015
363535
260010
174683
919493
308532
392189
78243
303994
701199
827866
363343
40186
48613
110191
98909
692209
350911
472179
6225
380204
608289
161418
491386
455298
342783
191718
477838
408921
609985
738284
233379
3049
797093
128350
97879
858971
356251
395813
261201
774359
505942
666243
515140
851957
848200
217775
208938
117860
795722
923711
474786
683405
680492
924282
157932
661859
424320
797858
785396
989609
691735
206011
337984
21258
516958
972166
552178
269033
499234
820205
971682
939103
794569
547200
992767
980924
296978
233612
703273
210418
598624
204568
402007
693786
545781
847512
303457
985989
466317
64305
82132
6382
434482
89998
591548
303744
260002
645839
304736
213905
241104
910661
766368
945388
104803
592683
620960
941996
972887
462827
587317
965954
638292
71017
86281
221241
914093
8529
96993
493922
326154
2318
216328
724822
960494
331331
826793
649561
847724
540190
740114
141971
869452
192204
676888
679154
805332
451555
467104
909876
804489
613567
911982
652764
261328
312351
834518
776716
803261
26688
964261
323185
856727
677908
951279
918452
47837
567570
984936
993751
515355
638148
205003
582064
66190
56501
335796
492651
987412
417765
748459
477853
243816
446410
462159
601400
736364
931549
431874
393501
274367
775194
838643
535136
923054
455003
997517
752521
428223
907163
929164
322389
490956
820410
602955
89752
767905
598772
352550
181981
606473
798510
989390
666582
689224
673781
695198
244715
958169
575944
861476
698519
417088
343014
662164
217506
668872
488611
295042
917792
334866
953866
508109
837616
824526
421107
239105
443633
276207
704710
939484
214637
873711
532400
428586
182885
158244
109365
929384
407899
401743
217883
274148
233610
585056
246793
136466
836935
33242
467984
545546
14337
300326
81152
869330
372679
467094
33472
914898
91616
618083
387390
787789
207040
897700
57622
676295
928530
210433
67526
782417
848518
326424
85394
208140
26829
881200
892767
723781
841511
517148
609783
994636
185322
204370
956623
22782
56974
599830
565494
272818
847218
156246
374187
193488
652081
575985
430102
621545
759027
120227
12715
859881
46555
229988
842849
58852
413724
893107
288676
897915
513312
200100
901242
464068
796
571817
316432
654300
231081
213141
545592
391114
835847
449492
943687
433411
896659
736691
691671
589375
492412
299791
458884
693727
244448
552747
21629
798562
108637
678366
5681
645218
70942
6735
593332
633969
591481
120390
989689
189071
611805
935774
678275
628526
691096
363043
12604
391172
369219
530117
488231
748056
168039
971871
118907
930747
737129
631658
700787
946153
525983
999924
390277
215564
22071
223417
943924
575064
32560
558572
172881
105111
707215
113917
649806
719009