976416
609141
242449
963645
422220
221135
913830
972044
570728
797168
47474
286669
669217
232643
703803
11143
435505
918030
436963
609769
335622
171825
678619
744848
716738
977787
777396
61557
720796
933417
244374
153078
779235
390332
490633
92543
21283
874166
396657
623445
903328
124912
609303
147775
461311
865755
539618
28561
131844
947409
338020
564886
671798
231703
436368
963545
402655
922034
958858
533328
736624
148578
428823
139814
894593
552704
672115
684836
193397
938991
811842
695867
381500
877634
194078
864240
979570
137194
923215
322532
428644
255834
782424
808959
979251
307385
547822
760633
255762
188867
168068
980676
143338
646269
376513
39641
639068
100435
324435
227550
289062
432719
234269
179121
428895
75192
194572
104724
380124
919941
79815
984373
643317
356860
904773
266328
606754
502444
814008
646371
484030
56835
15015
845318
657902
232717
308825
923205
996699
764618
276845
630115
114010
88042
321671
654764
319533
654695
340133
991328
928099
490175
264527
31095
14490
693133
34733
202197
491429
609283
228466
388876
654024
983110
674934
320264
804640
559974
906082
169371
725152
458233
531269
671398
123062
8915
565379
979616
936204
330019
980844
462470
174378
149677
728043
904287
965048
764895
460565
785771
716449
984403
508577
230696
343700
192480
560183
142912
349988
56541
771553
393042
792847
869940
827486
19739
228060
589854
21333
630913
491485
218368
811495
386044
502036
740066
696157
455073
795954
529864
133312
260812
455611
9135
978056
507114
850757
714981
662572
623777
723102
555333
812888
501020
634125
716494
340029
953334
478065
695392
910338
389506
404167
368146
522456
935733
693063
241650
490475
862641
774701
521946
471732
974894
308245
779563
804075
87879
509055
901417
817434
325663
967923
491635
152013
683182
186302
650333
739174
686316
869978
972332
763981
70232
360299
570221
759556
397477
479206
2482
277400
326274
654540
888490
853171
467012
602772
218396
69199
122547
609639
387520
507333
913070
844613
634874
952451
531707
712069
276724
801884
846127
64121
552982
407098
172086
111408
5093
141678
755456
916885
764597
925608
854473
686452
499212
623426
708226
927069
63189
485366
707361
511585
535997
718320
782850
462457
226862
487679
193720
985542
858790
419557
974837
197556
891187
420493
608273
686263
820621
38300
28346
393399
287760
40864
762169
931080
940948
145381
73629
209234
178411
622566
372102
259344
778166
368545
283343
545780
529956
865283
939417
583783
648456
155715
828913
733165
342166
21963
192541
529127
800379
790288
32264
391794
606870
43906
330439
30701
845718
628255
565447
57881
227505
844963
390358
808153
531581
174938
714762
682264
970991
541205
927121
254537
872559
102395
219287
661194
587732
943927
885262
149666
256897
952271
861277
370665
115803
909333
141607
993735
810278
832118
381942
136468
283259
81839
524228
435807
402792
575904
950758
753354
727844
136953
965589
324050
312173
31760
937307
449133
674496
82197
312151
797452
819316
716637
794604
468032
186804
78362
446028
243065
779799
520300
606620
764457
732766
822352
428933
213446
998793
255606
841239
863407
107990
916081
662553
566630
184279
35720
384497
311356
282991
337577
813804
550026
896873
489917
855979
254747
550900
352727
916843
709607
539391
368838
308655
552506
87981
657673
720780
564596
187125
109794
170961
352809
173465
80003
897553
696040
936769
624293
869966
579929
453172
130488
931395
941888
265714
618101
963214
893726
246576
125967
371000
287798
87984
140167
247266