162733
357175
68967
212302
327254
238835
920408
220933
906872
410105
230395
375253
728524
338470
754064
282809
54865
91632
154782
212802
5069
487043
331068
892671
363186
765501
6732
77128
976283
814787
534152
192743
318133
104766
596084
55652
319291
872950
164275
430700
878297
109449
735734
606301
679922
818631
149007
609008
279357
428973
929444
681220
259146
976573
586878
44163
164707
106742
973249
31795
140813
100597
894262
235355
391150
74920
870148
772495
655752
540458
251198
789979
146467
263937
597
469896
853833
508272
693230
956046
733931
32696
805647
16342
686497
21746
787954
424489
502031
381378
523388
684027
957859
996089
366855
501262
591866
698569
371548
331013