596690
205414
218924
539177
599489
636818
40217
459674
882586
450193
885457
585517
920091
900372
811085
624192
123903
867917
267681
870726
273980
264645
200454
878519
655526
59613
26003
297816
496049
208159
96203
708322
144532
337792
921871
78290
784264
29620
503988
561420
380847
225390
592431
235628
255250
938355
853805
929707
748803
523098
400191
782187
340705
276706
663667
358816
416058
578927
987198
641690
832203
784355
978901
183539
933986
577429
206938
879569
149925
353777
624371
538072
875307
901676
569527
457391
730055
76322
13890
480302
751910
853709
531752
178977
505934
784292
999494
265339
667206
663630
683252
463899
285845
733313
847830
865651
290018
307260
410834
669659