656481
583207
811869
306696
251806
470505
881908
373427
600593
235714
164960
374078
893310
112316
83055
195758
475455
806531
164516
790978
373646
283068
153483
369692
458719
436671
190446
47050
147178
247283
125472
733745
222214
980421
795894
767381
662961
323269
693334
708935
705452
109533
686823
931628
28099
266606
969832
466085
807851
863496
319196
113312
290691
80966
36515
506875
466557
232964
523941
688080
434006
747647
308135
412449
566209
483271
222847
164065
525026
219427
926692
749789
347829
599553
468319
821893
134223
292056
370974
548763
897277
359196
80999
180983
87817
935325
684330
313332
983515
64701
677615
673659
777211
414476
846062
940138
487860
960898
322621
871968
663700
877400
155236
913192
707217
427395
492748
601727
412486
534990
959958
521347
705114
182034
218889
6779
280577
60757
560931
820861
212828
50237
354320
766656
33660
49327
806968
117182
531332
16329
416371
524101
496940
935032
606744
324187
427554
883830
423859
935116
938699
197859
618452
597970
893735
310847
352132
758047
987346
46850
917843
736713
82470
940952
27405
10066
476286
769340
765643
576723
237846
917360
685477
792069
915918
255126
475781
833900
166541
300399
14871
858017
781634
4141
447388
212730
234374
917174
275230
342488
103965
73912
998398
523724
425948
820195
639785
725414
845156
220040
761257
145948
79180
661964
258967
470484
835997
195976
841007
724366
745270
603905
82108
171249
808208
554559
589618
319793
919964
858508
825050
266585
117449
382858
390952
259962
889058
756017
673128
91888
923987
703205
486231
778637
3531
109360
557454
901157
224957
392481
536921
96502
378370
793728
523430
448561
466777
887532
638681
233769
361230
337043
137020
737431
365944
61198
83540
830408
918875
345751
67343
466276
867566
412584
350361
480667
629880
696561
119053
348077
415700
436852
696073
395606
922707
763649
221402
427477
224960
567433
891862
784920
600318
367650
378121
520838
290574
181270
118407
512616
740333
279784
542881
832693
185434
453860
841906
774072
669173
449506
452889
999584
798083
520855
114881
816228
272014
784855
23963
80721
854762
9771
189357
334769
207698
378634
803524
912025
100848
319992
915269
763600
669755
699064
256994
960407
411067
750447
829352
88666
248744
867095
21748
666609
926064
10332
289926
131987
770072
398871
675245
135832
19386
366884
146786
139240
600364
654434
2609
560709
46401
332742
292562
367987
997737
153564
313750
626048
845556
635420
545661
790323
208819
99813
219620
428245
356799
144792
23131
921110
802515
618836
340245
595486
125588
715977
875705
284786
39538
427451
141589
408766
69606
508757
92018
950917
176283
289063
804226
125666
633961
165758
644022
38713
655100
648415
994732
489728
970451
891295
821318
929508
276389
344482
981526
345
994078
160494
646517
677697