748053
155238
654713
609501
582605
235966
259555
575038
606835
775628
460902
932100
889613
747875
765961
664723
548776
3876
65147
834618
523425
167515
514275
47448
539456
173688
322773
295595
859775
282408
86880
742838
321960
265999
446020
437006
902492
971621
959681
52290
539504
136618
14986
5477
597425
826119
530584
404538
279432
178051
406364
423738
617849
536478
944844
135556
890309
82957
264159
167458
695984
670547
859348
123507
765597
591289
883371
108475
866453
744682
312951
222404
209638
41005
475083
947374
7208
880383
623378
39898
564635
361868
942139
418095
281516
420426
277713
843591
740822
185202
429928
775994
161957
341596
885491
655813
52950
741943
24179
274774
476763
2210
364106
208438
483579
728873
944622
964179
726805
987231
303800
91305
534276
417940
268252
557261
902110
472691
993075
26454
486423
840123
926965
115112
696195
942488
398210
143838
285881
477
103647
2195
309459
740064
585918
955725
199185
464563
348149
2503
54301
829946
403089
592090
395113
321198
226564
316807
285621
326189
509817
903779
916652
554683
895816
912480
553774
300121
306437
859700
238313
115520
483315
579879
984096
356154
285846
866238
215310
658398
71590
154239
89251
122854
219743
705313
226925
704750
505910
198866
614290
969611
482470
721764
345338
493958
700903
799125
947081
875508
584192
600121
192650
612851
986932
372678
528999
596035
163352
312316
836116
558398
294468
480559
207564
141750
837608
462706
196532
825961
886774
4450
818139
956067
668797
197964
117347
432881
807510
932412
421113
162237
83959
154211
228479
822731
587493
788324
612747
783631
374150
542651
574089
959464
657812
480330
256316
847549
902702
785730
487457
636083
355208
123690
389300
414920
462659
261967
677772
563663
676056
68937
754209
647176
647021
506021
417966
489243
187274
937204
671153
307825
97957
114799
157072
417135
656729
912069
693974
763216
404405
334339
32986
753758
147953
226079
355200
961485
579260
193505
403225
260468
990320
861871
675110
879017
638119
252083
310010
899703
527015
177515
286013
230654
96825
236300
4812
256808
237847
423828
803390
894852
948099
317739
899458
443968
281268
935925
531044
926279
405675
474679
642734
314229
223077
353507
654507
353779
613545
302786
419207
341364
155393
32892
557458
602315
489541
50567
851427
211430
154130
438506
431961
889707
901338
714605
636477
631661
429205
554975
833027
384011
471062
72323
938991
542949
633784
110488
931157
155324
158839
831428
68985
947365
266011
479068
629972
610346
738638
315027
837368
567230
139023
298044
837259
271066
64191
742717
630191
371768
801945
704850
165186
534827
614847
401787
910145
839449
54639
456132
677895
445527
663700
474415
43316
804575
438073
988543
891881
755760
500632
605795
878127
36034
256209
793854
961719
328293
827574
836175
5244
255797
504387
434882
621700
401660
307307
753554
410054
660004
174093
25305
304102
578647
913670
811829
305180
97845
113759
42393
164978
379697
754279
496365
887980
324937
3292
341667
910913
698208
273987
421080
980744
438329
665879
282466
811886
428882
570014
466684
414499
950427
543318
252875
479829
98065
4559
582796
811029
967100
848466
367389
600341
347841
79487
968484
731410
243236
140149
91680
795471
85279
217193
166090
323959
534679
664666
929639
566052
848001
630427
336173
891517
414929
145551
766479
878137
37082
73651
148519
104579
786375
428565
156608
596982
405492
992227
542333
611335
343210
434718
199464
292930
25973
249710
482395
741677
556708
286990
681349
214985
362909
176359
94169
724726
935002
590267
745561
377462
356804
549880
206459
424842
351914
860141
48053
877624
337566
168472
638890
250414
65452
871837
966769
638656
988152
761940
498558
336590
366963
653881
23599
766657
765689
213767
863477
973620
69451
935646
570269
727471
237156
344672
850298
979022
877754
479964
472305
750848
282898
854946
14433
894699
614272
844918
757548
173165
900154
871007
931943
517694
40152
278815
585050
140209
224811
786044
266676
637785
835255
684925
51086
609544
217550
986929
201178
893171
834954
68264
339944
236017
657254
750661
74388
594018
625081
490539
653072
482028
531281
419349
271498
524769
808360
474818
662137
297149
667398
35021
56585
888907
667698
312922
399265
644390
379990
437037
31885
229597
245486
247253
614349
603504
41324
329989
128505
919159
594540
842370
431311
608546
851023
752184
857115
825115
429942
663528
82242
978888
604957
737916
820586
192236
916049
482812
228937
728877
610767
295960
896905
296496
270715
972645
191573
261344
964858
832741
139843
890382
782572
611647
867166
113715
690633
728269
368462
222480
625815
713556
212134
276086
282117
735055
304395
444898
780136
891172
430844
901760
806479
955000
739073
311760
156420
670686
730996
475430
688482
728490
866022
826379
197262
819684
226160
503297
350739
993176
694040
191076
841310
566347
304476
320684
170707
670024
711582
520015
102601
672471
946923
604036
674985
944399
583849
587937
119582
468163
113181
468838
979769
684376
945239
920914
535269
638711
144379
371379
609409
740573
693356
52604
271647
505807
375126
326094
172377
333163
655256
311321
634763
980890
965581
788316
513392
738978
128438
456904
526300
224536
12037
805634
690771
72563
989000
223560
819589
84731
734576
361963
610855
30367
208510
927418
533103
682726
516617
782783
911852
703038
634542
150883
772607
229681
566868
520940
999226
729909
451226
682983
946067
500450
643232
800993
42372
562942
37871
962575
476483
657076
980422
945165
121881
529444
230530
299779
179554
152147
291497
420260
91552
976771
97811
276368
86523
795294
690229
498522
56729
366092
616075