771351
237763
961071
427652
688146
829171
851846
106505
959938
470390
43648
69746
802878
599682
637758
793963
65979
684169
972905
193088
506091
2543
590564
417708
503488
294503
631905
121599
406863
353577
720527
379370
691343
437329
380593
819178
293248
460119
638922
357007
835944
424679
105653
222952
279480
229917
188881
953549
910094
193759
392793
62473
799124
729110
492689
374690
866181
155593
35932
972678
482384
112920
141099
530963
18837
78611
890320
425026
689548
556469
986288
676465
594949
939520
482455
584013
905546
8758
638438
178969
945824
45297
996199
357789
50540
941280
680065
760557
454899
265374
864199
429908
212538
79664
344426
795294
506956
58779
762639
553727
229402
667744
627387
792547
474172
808022
693291
975571
460822
529698
111809
337857
613590
669972
649240
694128
233369
231073
740664
201218
483053
174713
445477
475423
190577
477125
360978
132864
54425
132543
926323
842837
71438
945261
526128
814937
381810
616827
456629
806512
665409
452660
135078
627193
239635
731485
230192
750326
844926
631022
886651
918357
365656
448557
23931
171867
832985
687785
417446
338348
369439
380113
884416
651321
321740
487023
216850
905286
768650
511492
761273
75095
372271
319488
338394
756982
640763
667742
955763
657828
966910
153690
68045
198362
974999
717584
711054
106938
999511
319347
631530
951831
499779
803686
433402
975005
579128
183738
545381
206047
539753
940613
36474
817723
632005
564187
643040
668204
819060
192364
503460
750828
313087
350394
292978
925636
774607
357492
956575
860145
323661
532660
544995
764533
160297
721938
689636
175991
240822
651171
520301
573783
911539
702290
38973
934483
338981
819480
863356
101711
586527
570139
704585
903172
162980
729057
896366
758600
900323
628975
221685
462517
675360
340674
295316
857081
959348
678569
720835
816890
728555
278077
48943
87715
86923
2046
551623
845840
749748
934476
210611
217746
697955
786879
418852
488159
315856
576803
178694
82649
86968
249107
687570
394873
301365
169264
756417
814040
4360
410495
295515
243610
958713
164253
201837
813687
581525
813087
733529
107879
746327
223242
728072
713578
430049
846059
528698
925105
28841
256149
895101
442284
156593
717749
35452
546353
483374
389075
932463
503686
308234
584807
459504
305675
700229
788630
525422
957831
949686
182600
118266
342349
357296
973542
209791
311882
185152
286901
213326
652590
197330
487690
598231
299253
254195
428201
909109
260561
972017
109246
673568
1334
156638
209847
910278
890497
627444
116540
817779
661190
874130
356748
525228
92532
89188
219189
566940
845351
541218
116656
178918
884683
330223
328406
413145
884327
128673
434755
834433
211149
454880
909446
160922
496157
145319
782338
616608
431665
424232
822564
370882
700392
295692
498880
939188
510290
868504
674443
997988
744757
359083
382575
201284
728442
120292
914447
149638
727927
873824
168023
337830
44890
767712
382846
713825
439662
309130
592283
170627
943757
1350
534305
773982
960099
201033
546553
819350
452570
957550
964730
319002
508775
721536
870664
788205
18993
227604
350470
813922
800729
322131
290809
136102
788778
623318
650106
529655
226719
855658
796631
130483
834955
699635
609992
183499
66217
319596
629065
540118
507200
513612
666584
450626
159027
27780
829645
441637
130339
854309
167249
908657
398529
774687
370940
845318
893811
50917
553487
516834
438370
55980
716107
801076
278878
122769
518764
55950
568879
478554
852741
450680
780985
893012
898617
646944
676874
436060
338067
105008
405636
401658
638403
230456
153442
736744
309110
924682
239016
484016
403728
126117
264363
674611
769993
652553
593146
54022
722081
961833
540904
448758
999553
909695
715191
762028
852528
364665
876387
912620
696622
308497
144968
402039
632689
423034
142192
858577
100025
73974
706749
493341
472466
372997
971119
523876
117734
176887
333779
453492
674172
313507
889545
252453
979025
193520
630640
18103
424209
808784
840816
596119
881842
401293
663523
147712
710958
544187
316961
176318
250459
251533
620134
37454
455656
760324
484002
655586
618358
898562
108894
22977
323600
624957
51014
289034
938761
444943
783831
354392
654065
249386
729829
350145
286643
481832
390921
12793
889486
323008
418855