827366
686987
715051
587092
101412
328357
742924
104028
184040
851618
609337
486290
469185
904429
576620
625256
109890
224883
899793
567549
170083
453277
950262
645667
744005
446507
769566
45195
276307
743082
969333
180367
177860
942545
843615
730524
680252
389694
697514
635194
514642
762056
398241
371578
264365
412800
853442
24635
447751
843017
507399
559896
917012
733905
203808
948978
736379
504875
979778
287445
483715
314507
174937
696649
76105
964701
821913
276280
78381
721346
62450
289462
912205
421032
973346
742386
828201
142532
880164
988536
881446
403119
446278
346977
420718
695770
892184
962776
322740
82544
263360
333961
273557
235079
45803
261096
361946
290241
675038
996634
198554
539525
4971
15236
273917
488085
747646
208879
981275
25101
639639
4373
816642
438647
653522
829067
209622
82829
311074
655882
971475
584460
592988
272987
154415
335857
921199
846175
605530
927443
775474
69944
907239
373980
291542
606424
878596
875621
16570
44196
461221
423725
493086
703300
716416
235638
360687
668170
142065
282813
418944
21756
839869
836820
61082
112511
465523
861917
172138
823586
259054
432293
64920
801797
982520
159258
925305
488165
413129
853163
512858
348549
556205
203835
367677
893753
854787
25665
639648
892050
548513
983166
229240
582305
329173
945756
976445
206762
294919
228832
74015
677159
545658
108044
941398
805557
787953
279764
859287
50591
236910
615738
676642
464454
743189
836488
906296
320298
547504
434666
680874
828567
36044
815205
410893
794286
264960
687288
194186
157583
946253
330189
897874
599392
467553
200732
200622
384125
94070
539357
886964
886908
782744
411047
382549
574235
131331
185386
746452
471368
667306
700550
317009
563085
213268
728326
708163
583767
117537
163452
159109
514273
55851
399609
99847
556866
682120
283433
289829
305679
207595
502985
59540
383278
515882
614407
865657
679480
295706
424949
310420
563274
603734
819624
860633
307945
142943
705267
601503
364943
167773
956987
247793
13718
513156
260279
343683
984576
562642
636487
34111
813345
666548
344621
345980
729385
807496
976940
686224
730066
596029
511164
691836
24034
958359
337894
769094
229597
231375
723778
140580
670667
843799
617611
209684
971809
515067
547228
72393
171151
414435
816458
191551
545189
792117
99933
852463
378915
202775
207083
795166
553371
238546
332563
151633
153477
233618
424019
492699
671455
845514
542983
600086
201919
35828
65087
325104
764215
168950
127803
847581
920163
620896
155653
546282
753553
773714
261739
153778
414350
54395
208984
703721
31177
855612
897614
997845
315879
740715
489027
666333
383458
850483
866965
373114
70750
934680
356586
472970
40202
484248
200552
303299
431
199661
483086
183172
271192
610799
943725
765895
328990
746839
785031
721139
527695
861151
234946
721935
341563
501125
251209
549840
180058
907501
685888
40147
396765
528294
468961
104742
927696
978181
141368
383936
94440
1261
874103
431249
907567
104241
870583
246836
164233
89872
897164
780226
114337
323807
813635
649792
395638
850820
216954
295480
990460
561438
961629
839141
97072
458434
281785
226183
553147
800865
224254
647575
281026
252485
6998
988757
526536
737146
354652
438717
613121
917321
908666
945367
914804
550559
676324
5870
539339
619853
188523
398744
951738
801321
236223
696756
127882
84433
640708
416179
454529
761935
344079
435148
983472
611416
580989
618835
103257
23471
131696
723620
28218
855015
835687
344889
443130
318853
576057
237276
823919
883844
704110
74358
796106
279666
839546
177029
821472
70647
752407
108076
825493
523765
744766
908836
772007
247051
275777
59536
978836
811508
215880
133231
879401
130509
710054
851307
996649
172020
342295
849102
560790
872588
890392
266580
862815
455708
52515
23899
642085
370263
365510
137015
332523
179830
233119
217890
893339
881538
386934
118928
414319
538798
548471
792417
501506
329952
853706
767664
329332
428624
734289
139976
124211
966921
378173
2935
436909
560973
333
588474
200719
510806
93797
451671
17976
417910
365383
370186
909311
307935
519216
337367
153117
409215
280209
216574
873657
967812
264424
647309
674383
836861
72699
743183
930236
303648
48753
545762
967336
808872
403149
431911
8976
112471
361864
26578
874222
682905
184841
263904
742472
837897
308547
383913
537490
103244
265643
622795
302913
101851
913173
668806
949102
713951
325866
35302
366434
985077
843400
789083
971652
106513
24054
682212
589916
289918
460354
586026
536387
342723
317689
424937
281705
872034
783683
52617
117123
312314
609368
382219
427023
244620
701795
627934
276293
475866
908913
703250
512348
863915
985302
936932
591157
330668
621661
632055
811624
319601
870825
881380
613482
370136
750764
420776
813016
818446
272899
411196
73378
322667
104109
67970
252311
803833
881383
1179
138888
135698
584677
858709
327068
547239
133806
525122
316272
236765
436501
639588
61416
961617
536655
878084
654487
60412
418486
463777
141191
519474
950361
713094
390373
70469
138941
226037
961612
884678
902069
175359
432876
414379
913945
696501
980375
361356
631014
77305
9512
866632
214706
172141
191824
890501
18058
12429
236478
199508
889898
174553
856746
739186
378456
265706
809023
533866
917597
676326
306403
941144
436065
617935
702500
630730
938338
183989
781824
503039
451728
718924
967889
621969
896329
734680
176403
551598
593132
259909
654995
333442
479388
116499
555382
544625
787923
160110
822244
628992
794080
405851
768975
599955
315774
795215
142947
622097
863443
392538
704332
315171
441986
909120
348319
836572
644717
424808
249894
93683
144906
789678
318219
4587
973857
875987
973791
198739
706783
506004
158792
671849
787546
737368
661637
39194
63394
96642
367072
313509
425536
794599
22063
650653
195534
614169
148806
465229
736754
307106
45628
956086
59832
528717
194328
507379
587340
462749
659737
528830
425169
880993
890015
598859
345312
926623
257593
121298
368288
892526
906892
29994
389374
268256
26460
262609
120777
533467
454522
369480
663341
995785
348106
852187
461323
795749
446320
610942
761009
321334
74839
323027
325307
448601
639709
753289
670661
551414
597215
211550
155851
81493
995484
228484
16992
387529
823880
962722
858247
930570
370480
556529
25330
540321
842820
858375
356628
164988
669062
866545
157925
48289
166222
169592
14706
192511
737015
77510
782430
427360
489514
103779
636857
451259
567301
652760
896506
165415
309479
740468
208668
353257
88282
243948
901331
937646
834078
546525
118762
595860
248398
463726
757883
785826
501681
709777
291786
819545
152288
871144
335614
151970
189007
664260
366524
332902
604281
358920
160161
402813
157292
101420
927900
24062
770286
164958
782055
110837
639947
705602
528928
308914
904252
925978
474056
804862
742902
595137
463767
844265
728844
275154
944825
855295
169665
582822
382185
133849
118638
549433
964265
588303
502924
399150
614235
668875
502431
281257
460159
350840
955200
525018
539530
731482
774021
34970
771615
280888
682190
80429
980652
276916
230383
419943
817828
415355
574261
907564
350676
778839
481431
22992
456485
403809
544315
386205
946221
885204
450017
834546
715569
290110
178800
883464
499579
869392
712667
77968
611924
291924
264432
824
421471
9341
266045
462925
55442
978266
407967
621371
81745
284325
387816
204015
521385
68536
482284
275037
463781
79327
892841
60317
243729
888328
421968
648561
296905
650327
198516
774754
627644
362134
41742
352007
796611
836938
965738
995751
581656
943137
825586
518390
410932
920711
847957
787964
464265
197591
928212
18003
699865
426734
587177
534671
862961
851932
931732
532920
413702
791348
841283
76786
107050
423747
64285
156478
686059
596829
533099
471833
707401
251666
32227
56898
670481
606144
552979
227929
473242
171842
840807
64611
371739
303366
752407
470826
710056
614781
96943
542785
251719
23595
44860
129510
529395
677470
883664
579904
759149
589243
548723
167047
102521
11700
957478
159298
46076
77461
299284
59052
535984
22462
257048
337840
504577
838251
417189
714068
969671
818031
582358
368626
567009
841152
305043
525152
105706
936619
861660
751921
999387
984296
667381
350037
74365
105352
510318
406747
750537
521611
533198
580567
651037
55630
937756
204063
221
387873
95945
751791
108324
253047
267197
917356
559846
836022
596604
849478
837924
418799
591541
320630
474314
962919
32807
214631
934440
647444
91185
566449
789003
984227
208692
604608
944760
344758
709222
760147
138244
648299
700982
258464
838419
238103
958935
335573
106923
681171
9772
35386
419956
374124
722830
744243
679630
555774
668221
989153
671695
134171
553952
258855
704600
140580
314490
915465
148242
897466
432044
401585
620298
238095
6945
819212
390631
752470
42393
592657
132356
510361
828885
265186
336942
742760
251484
832779
461051
601839
486313
193383
66693
801825
654002
277665
464642
876369
296020
632088
947137
304543
437088
322268
964995
239119
449020
155605
549044
160885
158775
620292
153669
847948
925869
974048
322791
779815
311635
445154
608549
274175
824032
719581
824990
512234
848089
566084
614750
747245
597687
575376
109721
63656
203126
426105
446083
18800
87932
464673
641806
342586
434468
979152
417537
804658
661287
271322
303346
447915
530855
599837
381152
405233
80471
930343
53295
782843
416777
911284
835136
797245
518229
440596
651373
319641
567011
908651
479262
683253
614358
292819
65611
541544
739797
82012
759566
601293
969399
430323
377699
424314
592651
544672
220480
895691
912257
645929
173067
474327
749368
746068
84924
641477
317220
778378
195537
279543
11995
930455
388776
524451
814461
39310
896508
359619
530238
427658
537470
580451
565266
861391
834191
522840
140467
854734
591064
726607
982994
213831
758663
41091
271512
668745
148646
456776
667351
140565
822041
658693
652114
411361
753460
32831
525797
929272
583607
634447
652178
5694
255591
193334
786794
120721
8330
854279
790805
489356
715070
767682
335614
853349
878326
537409
437213
135606
934290
785676
612578
223961
693658
638023
196603
949228
648920
354891
792706
296116
180047
976593
214790
483229
360923
990922
591541
435167
789862
245005
455139
360829
630020
58024
220665
598759
228909
473879
108796
773504
977300
248339
584633
277050
71912
434177
544971
794204
789286
930699
871816
104549
9689
609676
106318
275019
534256
459429
57637
197404
520826
230509
836369
796870
689984
399365
96567
615602
871550
691145
805033
930442
277888
936994
990800
119067
758294
446264
591029
496470
244979
929221
757164
881137
616360
353413
249437
879147
898104
507273
752048
526124
411927
888939
135957
129226
611780
3548
249325
468392
179328
920409
402648
329913
442410
365500
598428
193122
826616
368239
977710
60478
92756
59771
457313
950843
534352
556798
311720
932641
72584
247291
955785
829299
964371
667788
615457
626990
226277
387058
708110
892270
902212
877581
771388
930544
961829
36007
654223
976946
715363
525098
511786
838071
380123
952370
53722
466663
276070
559741
89763
147090
599028
365055
240100
367061
393665
50579
623465
490645
774711
770763
623693
934312
574817
625960
731658
471252
441414
109797
832991
813231
774698
527534
209245
960805
316381
77742
282189
327000
304446
523078
119489
996898
440464
847833
612214
301302
444406
347524
673187
837988
746574
824811
360992
147835
877928
890798
527478
607240
418466
597115
888447
483133
75361
797565
902458
282222
163566
719859
509997
886132
477226
499611
770807
287540
555503
816012
135921
359354
337861
679011
436352
587262
778878
369685
374587
156361
375535
642404
171059
895025
582219
716589
519011
879232
639517
347230
412597
219059
706850
357316
654383
421598
286720
226370
921272
345645
712615
166110
481483
853573
143235
632117
206007
397576
293211
938767
576336
688824
271049
147469
622838
172083
294358
355391
550143
454364
547953
330130
963716
775386
719180
777126
594821
107258
858836
157886
565050
670832
443211
832593
819575
413115
569155
109949
406458
604646
997945
297051
773396
598890
957259
419757
39346
883633
635607
470068
462472
508277
371122
558623
998553
596487
292802
531933
526629
96108
714873
769747
582639
791138
104302
861289
513705
489856
407769
403071
957630
599355
677291
272318
696444
257413
199944
877385
823837
385807
596322
333393
876720
479087
927475
146695
752361
820125
230423
31533
579457
592408
972483
619526
962251
998438
563622
134316
385621
125560
817306
355648
268343
103531
943623
91515
581947
27115
984405
530275
581224
32434
695051
656474
678765
72558
594569
85777
810215
244993
721502
108633
769551
680738
694919
645274
632899
189345
125125
324828
164719
74951
610073
851779
534936
699227
47711
545944
279237
528642
61061
21377
72010
852670
126630
360659
552434
199959
718535
77054
422344
943703
758060
637159
889858
980846
646744
155987
683723
815030
11552
85054
961388
961105
738667
331148
152470
477231
946569
145303
42446
988844
153964
1831
423349
495894
920007
35391
603379
499020
609025
682260
672128
611201
188438
206553
348367
190240
812299
223157
874903
256650
54667
980502
957054
950267
878819
173919
13028
488138
232983
551485
749130
994895
868383
810839
535326
152991
723713
333284
357988
49010
279692
280022
49282
874086
26926
783220
9704
772700
222515
568069
887642
858752
458906
42984
732635
73447
439382
533185
883896
476177
773598
582990
836462
167117
777649
202071
999096
490172
470250
567492
402426
538093
610619
438792
326659
466152
950409
911611
821442
796166
609892
13702
898441
420989
289057
618871
682870
256762
218006
585717
25667
153959
503026
400973
631404
786700
110966
309354
341049
813905
86356
409828
978471
402786
838050
350063
260471
135915
501819
967860
672594
236675
273715
883325
408791
766053
580404
450633
520003
743832
255034
361087
184572
505265
83111
847680
398458
989295
300355
560789
811538
797444
892884
45895
23265
707123
400662
841678
724945
67540
546008
854945
258827
333557
387891
349228
399161
929435
558439
922784
124982
194214
45651
243812
112149
14290
332689
515561
912203
717273
415980
799451
401530
151030
239871
627187
362074
59333
243947
582249
154054
550087
883380
946631
441505
737729
519033
473433
254755
196483
62798
475713
160964
43078
884855
635622
361027
373871
686020
288909
551187
270576
140484
97792
18275
43022
445671
598442
214152
300925
866676
538629
770506
29351
599587
211306
482632
449611
939992
453255
950152
441154
48060
929199
197855
733150
537978
486988
484153
218283
258195
714287
14726
296087
82655
582408
790786
628206
36705
805617
367967
618813
276421
853412
768976
87896
56632
748109
191860
550136
317156
624251
554781
763004
354183
293936
697277
978960
527663
694423
666733
302315
390164
457941
593753
630322
982929
436152
50698
876090
676801
577228
800337
626091
399730
491852
802957
644159
750857
52022
211034
401258
95090
315191
29974
360468
390273
460038
795985
615937
877226
46925
794320
188562
931545
428481
482814
195109
3503
525074
959280
375575
462555
939134
285075
185961
172432
661633
778677
661504
714216
462311
916460
926982
353045
780545
830503
349551
800575
20726
80527
867350
306944
38193
666201
897349
486712
19256
227883
328340
779469
104605
391592
21352
908290
868109
510938
753373
215411
100165
599803
43646
684330
117925
105888
527409
711650
50397
634179
655280
462038
325827
160363
712433
919428
580807
997754
581224
816899
532350
117203
938786
489150
765018
303269
709394
329740
293307
254489
525225
641453
618398
121108
105438
530404
900019
401321
524237
842284
374221
170270
430332
784216
801267
650457
705080
534154
298771
502696
547614
754639
787670
322410
390325
816278
776271
419868
783353
721099
456653
480516
526515
480277
577551
634675
197315
349800
430487
691259
657536
477575
33047
12462
30070
635098
400264
566798
344654
184039
42138
411478
502283
339632
848262
433636
530352
898666
835647
539649
71808
357845
570182
46415
54109
685564
426141
499662
806994
206027
639379
419594
793836
991880
359934
823461
63811
987504
836871
516924
930070
973743
78111
455097
10132
303418
348944
163125
316791
586957
247470
479047
258187
114940
963116
785070
507405
341944
849802
304599
945646
733601
257516
528395
456567
97346
965319
923895
904390
962477
598388
368793
933302
649076
504231
383173
176797
422657
621049
57298
465390
755283
760352
180643
194367
608918
813313
224405
158374
839517
497756
755010
462268
253502
8806
567472
247683
946442
785140
534874
888420
854887
896723
780056
921553
848268
207220
365677
580297
221209
355076
410029
401273
954705
65434
980169
96000
669813
48330
234489
759435
346430
191255
962756
158879
337270
80581
974191
26230
448179
817483
344832
876736
6961
274727
493101
966154
646091
272844
477990
939836
410006
928631
471804
198077
569498
370399
585068
779633
858990
249099
213196
25314
249007
225021
591505
833916
783580
391756
167227
461746
23505
616591
397213
505535
598622
504309
719437
534727
812548
777906
69604
1948
773835
919444
89010
82972
799875
183540
663041
68983
578453
174151
683076
567182
242756
281492
854877
544695
141574
688064
130696
926365
959929
89861
786087
961220
318468
459649
708074
451819
364427
484203
568986
163786
795918
800032
90051
733051
729311
591835
625788
955573
676990
449988
139348
635379
136211
856287
272603
896179
130310
336997
459402
147290
336126
437744
509072
667956
369781
125583
788794
375514
733301
659898
499133
830124
762097
686623
421731
170302
87490
298138
506384
412176
33341
718468
563824
412532
593069
198370
442880
581524
441458
949823
279989
714316
964021
11092
775372
244211
586118
868515
311983
695351
389909
992163
634945
474790
439306
851477
777735
931593
163265
636021
613618
215339
152549
466700
222669
402679
168936
441314
507327
785407
281500
219665
698622
445849
351793
631541
503825
822948
103948
293440
932543
77032
921472
339818
403993
50268
429867
354885
395617
386305
544048
860078
247254
747755
419212
961119
326301
17951
319063
183842
566733
2648
970137
684768
124567
60900
396935
574616
79825
477291
792025
10667
757661
395728
630793
93587
592634
938224
518313
793396
731431
878024
808993
446603
608495
613491
200388
216899
809622
875728
151631
614310
403870
137858
343613
577009
571254
676881
805898
336000
498496
206062
303234
439592
936765
799827
653700
663779
197400
797257
144984
167718
433676
850371
81322
571599
451250
233064
572707
71546
425323
64430
668387
346099
58982
569441
959517
628293
931342
580676
407310
511473
217683
410318
170587
456763
49940
195989
500166
771806
483622
533321
453900
644831
162180
378646
148895
664574
666963
382189
480891
875593
55632
152477
169063
633420
228696
396507
746762
994915
582099
439968
355304
754352
331774
27889
754615
695463
971220
282874
146466
869126
385561
134676
951065
596386
222659
816422
313107
656029
388229
95911
134945
738420
369849
878465
888432
748981
615721
264593
653275
139789
95609
238795
801259
519551
37109
93499
555052
591473
46707
104294
67373
712865
950245
564111
220691
113077
980797
619029
904154
817071
862461
58
60778
972927
667610
871934
502802
454642
454796
341609
804259
767241
730229
71592
848107
15972
836459
342415
504717
596701
165796
118333
335738
650610
220925
548381
637390
507866
608359
445513
8265
161912
811630
589833
69352
415469
969831
539000
483615
855944
603894
807175
10998
297433
994169
308635
325885
494563
584149
534034
78637
204399
728987
236835
80349
159997
647894
457635
430621
549910
223283
372068
795891
573309
241933
452088
944688
591811
877141
207507
484013
578554
295323
622990
306599
393345
88443
5512
784437
679294
270246
524647
836322
593195
959756
478972
109291
417607
357155
532997
967126
236396
198295
867596
61868
458176
543310
820268
854166
274693
225047
240819
729104
263180
837614
620387
930380
929287
291118
716691
921829
50171
194452
740019
361022
533652
662059
464365
309815
737106
44570
818598
451019
942242
961606
462499
13705
642503
686053
622089
608493
240247
924832
862077
733531
316994
624484
97834
306487
110061
286342
36768
680867
269149
297296
815385
50390
11759
321901
683800
795478
553061
727852
729195
939986
944186
449780
81487
141022
214678
576453
408946
127627
579549
666598
626963
990050
16225
29169
572101
340349
998968
532791
127571
297667
458089
299281
118910
402238
49536
40068
478690
313435
659521
574992
34807
681021
839097
19990
651378
235006
222575
607651
778059
756355
143610
226269
123290
789178
414316
638536
72091
905587
647404
347958
358480
436568
619618
258953
606086
569930
275275
456102
249071
235482
59692
8760
350126
344033
434787
79838
791154
783357
253656
369522
578234
720424
510803
183799
24758
657014
84904
790814
651726
550635
764109
711733
998012
375222
426380
742701
779604
961934
207251
921670
599268
554536
168489
116569
106358
960530
953275
111170
907826
802671
319764
488359
673760
530447
571372
729002
633164
473195
88599
34855
896450
363130
887902
334890
567673
308722
120491
380784
209100
561950
639901
730584
64931
432152
946300
689255
511472
309220
739270
411444
661973
497257
239400
174646
557347
493645
732488
976680
356542
141611
356351
409366
99740
635764
34660
185224
50860
605791
814084
198600
607315
325902
37805
500112
679633
457151
516457
499797
443843
104811
281097
778154
551681
518911
291991
351571
390375
107956
740397
205863
316017
359501
812963
512864
498624
624492
494947
23875
25657
634962
351001
752422
400717
299506
705095
641635
770003
847728
132149
792728
948752
19259
220485
459863
284377
504067
787877
622449
957584
629401
959581
157402
731978
37411
884488
557113
211921
591864
40479
366607
489157
706334
634993
458625
405597
329053
158895
597059
106763
201151
692451
144291
504766
989863
642113
337711
234369
113804
459350
622661
565440
587216
432541
386485
759083
399297
680369
113172
655731
589867
764892
291744
572978
34263
2701
341835
965927
460069
827240
484710
702558
990721
124152
788011
572846
6981
933760
86119
720988
998379
349167
824962
338590
792365
814833
26348
133306
988219
173922
840934
210699
848024
366045
418346
179237
717522
30451
943865
229392
929180
656695
158143
449329
2762
149174
376420
784519
959655
893509
47601
823376
166518
905650
762013
9036
391940
672476
90548
398617
64742
475807
976675
817469
966421
997223
502114
147971
805794
353126
167934
917884
327511
404192
543618
951526
226540
663075
888065
445483
222499
891221
374211
212096
311937
607974
153226
423534
547753
589220
317247
167726
910934
654892
738686
889324
779380
690686
815995
704750
449052
14954
734607
170766
971755
191399
521315
264291
265981
819267
290807
227326
587915
760692
726480
706704
995550
347084
899772
772649
415535
54411
3011
224091
814494
168462
490924
153021
344202
670246
664873
727179
2451
865092
573024
366251
283242
612496
52502
180298
720657
207960
350394
109285
488628
778789
428300
13668
850340
722346
49320
923552
362796
873302
796851
76230
220114
709000
890145
192339
411244
883362
652256
291583
344923
739830
921956
564598
472809
751646
686928
454273
55867
937064
293438
508100
761778
858925
793771
321056
707300
708291
210690
441784
585394
194440
581891
255185
430150
823839
758352
566995
692012
938615
48340
202092
506121
918535
235344
962132
750012
335638
610499
256043
56463
160630
33910
239678
859929
864209
557153
844648
482420
269787
709309
363925
282903
575847
251879
678754
890767
885974
840622
568864
223071
550121
975481
571000
637872
915256
346712
934376
223670
50940
327909
848683
24482
960198
286742
119799
348925
651283
631395
296224
311784
667446
872462
463002
330797
766389
640724
824284
223617
837745
968110
37215
691480
165308
145988
94085
326693
766095
536175
991895
973933
675795
434601
978855
822151
771805
310356
814868
303602
553975
329507
401388
251475
842265
22633
846572
576841
362423
797820
706594
744879
703924
8325
843955
594413
354356
417320
246393
505531
848463
692810
488772
717556
376737
187203
721154
76946
649534
889122
429817
957644
342915
234647
725104
676553
39559
116993
178350
438079
310449
416405
409754
664429
557539
671527
888833
40177
128276
481368
689335
968199
810556
961373
145684
193758
205672
967080
871136
68504
591085
526517
444169
283999
526841
16690
128528
473759
832261
513227
519940
801891
801382
156754
907623
870479
640643
202504
830061
801656
273377
723978
147298
933979
705690
731
841963
561537
859501
25994
759652
555565
601775
427264
90921
796734
64478
446568
984497
253416
547029
414203
894228
678601
880028
507943
725677
328939
839703
379419
324890
527509
777887
349362
462880
18702
465774
661241
254956
164719
640308
386527
164916
572195
984070
592056
828860
283455
967158
357101
475253
806008
573373
537092
50623
609093
93333
707976
669583
166354
577572
398037
423852
787549
242258
609346
605268
583025
645051
437355
702971
177661
579968
213913
260339
229457
202040
315729
741351
791860
410116
866998
812353
774180
977473
846875
272108
889387
206678
588009
715187
236762
347500
579369
507656
79653
767166
846575
439009
192858
724998
77540
900925
135040
379799
506158
947525
68104
520393
150846
865037
63218
87374
289717
891641
471295
548067
514292
482236
550222
573411
991295
448892
953878
663733
929996
475858
383423
603174
577134
798765
38749
951121
165657
886870
407690
998267
804625
839502
704158
349243
889204
673939
121869
42582
214304
870402
850014
179753
3586
459350
506436
56063
148924
865678
607195
334019
591218
347373
60928
401999
903474
455259
147277
116450
310589
861225
529840
439281
543030
210866
803495
650900
8742
780892
409754
488737
944042
826750
650132
204694
868346
318044
206623
51759
564886
521293
361660
952472
42767
145470
820540
40125
548527
387215
322494
876925
307334
196890
472389
352060
547730
401941
120373
183191
40266
408845
593323
358579
656135
628626
310902
479982
644431
385266
772725
618359
472384
42077
904781
812474
809814
260008
544199
396851
572953
264621
395717
595236
939046
943823
734879
733474
176407
869723
446751
288457
14034
563146
268308
458319
115435
48547
964503
939766
967351
670717
188952
123035
185006
701538
97443
523564
826428
512399
661429
253751
360740
15961
368885
520349
554321
791913
383505
409253
608059
78376
756342
551788
244402
973685
467691
319355
331210
55251
95883
935729
270372
117408
13341
638751
84564
60224
853906
499314
335028
763225
452186
632203
738885
443254
800867
757099
161532
240911
522287
715786
640561
585568
965136
357766
743392
254389
100227
653305
996889
285703
512679
140451
288842
217600
40536
765062
954727
384923
574572
829073
540403
673511
700233
670580
234606
822954
407457
924306
422299
712290
579468
477141
319405
484711
148289
479963
939597
250796
61360
21389
323787
308452
817982
10193
79838
284993
650717
98709
16729
614807
258887
759052
21741
492320
20632
135734
695573
299928
682310
21207
390946
704649
59774
986441
524963
977633
275355
52589
575088
735806
823749
590781
494291
387468
225892
425021
717204
896070
462592
357456
278176
492440
556535
655399
775317
128805
472345
826964
916845
103780
568036
178621
54980
54565
628247
478700
776455
852210
852853
411394
842235
613649
798296
137995
156199
233573
912622
19181
796256
373235
221589
22907
2159
790787
211343
256487
237216
538013
681442
97939
630826
590962
664591
520328
621558
626525
659948
124352
125262
155838
765024
94685
214883
217286
978555
557501
601914
674578
644976
459877
417653
698734
475759
603866
169338
254138
894435
178254
34818
587370
961989
336504
471232
592871
36891
843772
252139
239123
153937
801674
715882
93993
760306
419267
584860
401475
584579
231829
374337
247606
526140
96167
399176
274136
617700
967728
445877
151394
750216
708771
718318
655152
333079
111492
947235
106085
494301
25438
765144
438571
465946
69773
468945
255448
299519
863670
994713
761964
310276
874199
492206
324599
469800
909113
261004
692375
936198
259714
562580
896095
495121
568423
188313
160596
500844
597566
711752
903057
502057
696497
48433
926730
150619
436815
366454
127981
147865
157116
741199
813860
602898
585481
782007
61879
791560
446494
144566
838991
328235
537300
396108
442326
261907
279455
136119
440441
383768
379625
454369
706959
597265
159482
308970
483603
426216
214354
891789
260877
34327
332377
558641
583568
709569
579885
214862
497372
45039
58779
119354
973219
889893
763562
846928
198313
349537
501136
696507
393604
472175
404424
604772
515907
920492
509819
515958
28011
781589
699611
137354
266973
800138
327759
205748
225299
494309
608648
349993
857417
7985
988851
37772
203704
36809
613831
837587
101437
333071
39678
596826
701209
312773
795424
497284
40401
186507
547450
811978
74614
303733
492910
903458
151359
549256
905828
550540
698322
152914
437982
881275
11234
298595
926506
516319
944049
830572
255728
336651
407159
562802
372843
420424
651227
663854
429301
58485
544862
836036
475066
986777
878167
984094
626702
661063
250712
771557
506779
575085
788912
280092
508659
126841
782154
723608
834948
177383
632179
507616
746281
306732
541241
507037
685789
46328
473070
520829
826634
341484
449548
626667
739264
402712
490483
425315
797057
407663
564685
951668
163832
492810
127634
769046
329738
268949
693927
354725
725702
50074
44002
893946
500534
678184
84136
386020
36055
72415
473016
681608
673444
583259
369280
855698
240078
179067
20973
879575
890377
321613
828736
699593
706112
654808
911067
416150
439465
471493
802716
624221
738226
970026
485344
956941
926298
443124
465833
845724
611549
480241
97818
84193
369480
592312
396191
636624
134378
50037
293545
818191
710699
407701
233751
817913
474486
150474
226416
554286
551250
231419
251597
279700
684303
883532
283860
792047
64987
29829
727454
857369
888756
734305
733754
429406
109239
273845
204811
644022
622104
161467
92620
185631
453163
941179
632372
923479
455710
99029
244085
391283
364937
156845
492510
841695
348062
117939
388128
713843
882235
411918
960621
460590
563807
606628
950204
346897
407992
838088
48362
526554
195546
155713
550778
282908
796300
903027
777661
5687
896829
766189
78541
729850
465044
946382
910579
953105
283493
425556
201320
232940
564607
628739
362617
26671
285666
566574
609475
428047
356750
244260
28318
755664
871478
770106
896598
884440
289555
599218
983061
473838
239766
757253
353628
523413
531445
344210
690736
649727
851239
157347
5713
300784
564202
713496
969317
750960
325697
281522
323060
900268
93308
262270
124364
142378
533487
214107
442245
820775
974085
402026
461855
788240
117933
617106
148743
199001
989874
681901
60921
522620
269224
562963
654463
694993
67586
843265
454871
18182
853121
617381
159666
4668
682119
351816
308313
338879
609994
765720
480299
925599
717027
126289
506177
933231
738438
990280
420530
914138
523916
494100
450546
448733
935276
285977
305173
901540
663561
282290
674546
709509
146853
946170
379554
531475
628467
93816
575016
844640
927881
662949
740458
899539
615540
44058
796445
506657
130086
57114
936256
613483
59530
270010
639999
49844
181816
567209
2487
523006
533380
965408
725273
833472
674865
306279
937000
287749
834179
406528
737116
709923
869106
443444
500777
603671
375930
534201
164825
233018
5904
791613
715414
855970
61999
82514
923524
268824
302543
996086
688011
183665
872503
70973
265714
523
266538
869789
329190
395814
154941
444822
685851
162076
219272
219452
95242
622654
180795
337699
423704
478605
327944
266469
368535
88850
854462
65682
1509
190554
142006
551861
190066
477010
122214
488639
837664
770491
381458
844243
311363
203849
850083
636973
252167
314718
835536
178927
75889
937438
400441
415178
164542
739374
2962
328837
525991
626830
216188
671789
180486
12880
826351
192858
509970
442805
629012
956505
996039
909091
438512
681467
540129
125316
830202
502713
115654
995965
490125
989250
836675
769481
988536
90020
556335
745266
960243
970450
131308
110828
969709
260376
589963
164110
89664
735576
186255
570221
695622
609471
407498
451927
594245
106378
919524
279849
601029
608815
895547
45070
500483
747241
375524
469140
558526
564771
212558
791980
33262
872256
373511
122750
978516
499525
288729
152295
774189
183716
922700
265104
216384
517094
241295
193900
810455
518259
38769
873677
5130
175105
675082
179044
665846
544343
485431
222739
726029
337597
57729
369073
34183
643394
385887
345305
970103
66474
453394
77423
344376
510578
777966
392369
482246
796160
496057
986101
723881
277420
149228
767045
339723
981541
675222
458515
277867
29057
149152
254747
164714
57445
680683
531860
468675
12685
198229
877842
802264
742201
325595
777275
738343
891381
651737
347939
602843
196419
298668
360007
223359
749862
880248
683043
76109
925710
74309
258160
568485
388315
781188
750526
346393
566671
687472
922473
476261
354709
873744
933691
201916
223592
790489
217950
69629
94626
267055
140412
352900
130210
877452
220789
123421
884504
396090
766972
53332
685168
199098
836366
846312
136792
189703
405008
27294
193072
122740
698245
443697
880973
383090
471529
816359
329578
262958
1708
150014
166764
579991
453198
864646
855120
187325
638995
251016
352180
324437
688996
306148
742783
57945
860418
775929
161645
483852
659239
902204
902330
890715
945723
778475
649322
793887
495664
704348
957555
688767
603130
575215
243209
521971
781806
646434
969732
209251
194998
243139
315311
224109
97327
720064
935151
696326
661727
58266
960718
570232
464726
586552
863395
662921
198240
420760
656672
66556
323043
688672
982840
788017
271644
435411
841962
300263
551600
381983
127791
254498
68978
790291
406524
562728
229168
557
298612
345445
315770
253905
881454
143790
866481
184598
5086
785506
275591
450043
299042
714669
617304
246647
777579
897190
47908
588654
643334
449368
794345
735679
581830
106718
650969
492730
559952
978855
675965
403951
569155
458586
452070
974754
906114
300563
81163
120154
691295
771402
710916
11993
914917
522581
291426
582245
287170
798788
544680
206277
105103
956906
321578
840392
814398
103419
798337
358782
215007
21393
920873
135306
947215
475145
601463
120527
954045
128522
295801
233288
67290
759397
212268
823668
310365
225688
726484
399662
177072
306157
423292
266714
14714
238528
973130
660540
645898
571613
162366
621602
405532
624391
612295
285954
901899
86870
946370
581726
213908
371192
125136
590499
73667
459928
449746
384466
40445
182555
793604
211349
20777
32135
856627
321331
942331
507454
747996
266591
913693
72040
776739
943275
606972
928304
929772
692762
338221
584613
837274
503762
91067
134784
658722
364656
484239
649541
589899
379894
999418
9666
773764
929248
139937
945588
982049
725012
114565
123849
624820
370359
46061
775553
518916
355612
17971
98286
816749
984215
836457
256346
195860
533936
537766
668103
683012
657331
193328
701137
992170
307428
701831
240752
564457
604945
387532
915546
693659
687807
738125
338821
297445
255366
756462
386442
415158
39225
665396
358117
272988
31869
640049
447449
4483
498747
129288
55152
624010
325488
43356
597472
718019
229793
741593
850634
784199
125996
99550
788507
424500
758650
613318
920149
985605
66129
149010
263336
949260
453766
845684
472122
964814
392399
846459
90502
460283
645815
941142
693088
919624
750570
836422
915030
332907
266672
523684
483507
582130
388215
604172
806173
333505
97416
393701
754398
193382
296284
395214
766911
986011
691976
905959
991760
444055
514771
764793
962757
52113
348840
172227
101115
374226
579239
918882
971032
226613
181141
239260
898575
410878
842356
735945
490947
384277
695406
906654
396163
640926
348203
370967
510836
378230
733954
459585
982924
717515
676363
960033
249594
687640
377171
699844
834852
263036
824745
498980
744584
488054
318997
949876
120132
569919
353256
456521
100785
992132
867823
283620
397481
980415
226049
864800
519401
541361
408888
777972
485202
843390
167868
496742
548234
972196
563002
668109
509631
473
234292
472065
59083
200321
511987
594977
903091
163145
629591
127552
871946
817699
341839
183981
198835
816094
202211
164637
804740
875169
806062
747639
451845
943620
370666
418428
595671
21450
33188
139025
798449
558335
722702
527915
120518
773866
915699
494038
353923
696112
900677
628514
314740
874053
355026
599658
931142
959503
715285
346626
785319
571225
327913
487164
421706
726832
501208
877335
822406
680542
936786
776966
957086
349824
104761
151192
637147
248966
745945
771976
801622
734663
98485
355619
460690
682303
29245
498642
484997
472422
823195
844355
124023
136685
774124
431288
606468
329112
698828
434476
892028
55027
606410
628509
520105
510578
573755
67515
876848
603625
15210
893675
922192
268644
901165
451192
417416
158948
787602
467479
719829
10423
658937
236501
407513
598194
936955
238431
938775
377934
878664
624557
739547
768413
378831
739469
360503
580135
347862
904
403943
514405
200297
958259
113174
973465
183663
397779
201978
133448
399704
127277
423962
339670
23218
347562
761519
676796
358427
518180
241320
694055
829905
142096
857224
662320
136805
128904
501995
547700
30030
844147
590182
122704
713818
200595
23563
693115
878911
973546
71244
179328
651728
130442
800119
285142
241355
17976
889183
224734
16975
414908
971291
281976
177259
776072
530088
641473
673681
953154
713194
814701
233833
722288
386959
868414
19458
252543
366484
435487
795171
408880
777889
428319
128448
865504
767248
270349
248264
801778
398156
600556
241371
625819
732947
925651
522329
514825
606365
412260
811926
26865
436183
554342
373737
370932
388040
681858
518371
611437
501717
523735
164061
518745
323423
214394
718187
324452
787786
288461
650285
621068
550745
371514
37763
562548
620277
589133
382816
301383
544653
45996
599160
115783
529687
471603
172307
505777
604468
243120
464899
286543
202865
194552
373682
454490
571433
831652
33493
129097
27593
13996
596861
544250
499052
503325
513164
659772
7652
36922
56900
606199
832474
723181
68795
906681
732173
960232
462635
990621
562678
730461
235174
299930
96268
483286
301606
13157
521379
958577
169218
138180
557680
313212
432829
972017
263271
99241
424633
729254
72453
513966
474761
552203
67114
465980
881956
43386
455902
111129
609589
898475
631156
570716
174094
169089
513484
523269
283901
17200
180978
326966
441719
958793
757795
378706
291377
398051
194992
986225
726798
879144
314748
325245
687859
275513
604063
953580
17654
578303
915373
732186
160884
920207
637585
580674
631681
505593
851986
452120
363898
735342
811704
475462
883703
711499
441671
779074
369501
610182
281770
137865
663312
707636
808940
24058
763589
583732
285983
358481
56821
555452
4959
88702
313197
280766
132784
273953
741315
333878
382148
510245
46179
439251
191130
264118
138439
445055
86016
681824
824005
466253
387641
911686
536514
832958
903417
754619
317700
104624
288333
847424
736613
623460
445527
237019
960932
388458
690423
977104
870998
656875
78790
615487
297594
419603
797436
506265
789481
772121
715761
925952
637420
594092
818560
352123
341160
730427
233928
497682
550196
895905
398348
874316
778443
616556
843770
78723
560029
991817
624585
594849
202048
258125
382651
31865
86212
719714
428994
812356
475299
991052
605631
718710
686231
182551
340133
529916
141766
618399
570492
757909
690073
898235
57858
399434
953578
747271
340652
942667
672539
36813
743114
700904
46212
685328
51848
710696
814468
263156
746128
100170
472121
657613
925389
861910
393482
245698
36619
627038
444833
389662
625210
219670
205174
496499
839442
286157
840711
316203
819728
985671
195428
646124
715038
761593
839270
535783
812432
562273
643072
698942
927819
316991
545325
446543
266816
438899
354761
847266
73174
25332
85756
657131
562790
426346
806417
858875
104672
525866
533668
968074
188234
539275
884602
282393
277545
815849
356715
857863
229752
14390
61946
255154
538005
246392
720005
77512
696123
547427
228439
380009
397482
75283
241435
524858
537379
748197
119020
351497
128399
902003
230407
915800
21824
275179
14114
419080
187855
59084
991446
403428
797155
919676
744375
630278
506835
76040
516292
47274
524579
107640
115642
354381
730155
450254
441219
695361
899414
86300
344332
796304
372421
671615
517428
292618
92755
898491
297887
460718
883828
530612
868011
414513
729142
782471
321146
991085
550442
664579
358574
844457
284444
68807
524596
242113
494525
631801
768950
498482
494178
152480
974196
222724
356005
882271
953709
504916
549161
77903
44727
687101
503932
254008
535214
973539
651733
818155
986953
557276
993084
889662
580296
454202
874057
821989
439178
600185
198724
980457
416187
223874
48619
681544
914154
109722
512275
222826
833720
615018
461414
452731
994092
479595
66891
284777
462564
109805
219299
913788
739366
678213
995118
760460
86293
443537
195662
913316
69951
27689
44580
2994
459219
793252
649879
605031
404464
409092
739571
346033
282648
757375
215789
811474
803395
473259
527045
439901
984272
83973
792132
839437
155734
143581
928613
611330
610713
852962
322128
930521
513177
370374
668673
590694
699844
350733
926535
640913
637387
739000
389609
372170
498001
650120
595363
929002
961344
572849
22094
738472
276022
559645
138589
262708
482525
757209
929859
158067
599769
988896
927475
919000
223130
594562
463039
552219
435601
545777
190754
426585
655934
293352
466969
348168
872488
492857
740907
26197
189286
894641
865738
687708
197531
273065
936338
275587
262591
857388
181294
471796
239127
218560
213594
225845
326983
523219
93442
52069
391870
930435
864905
2389
661455
372362
298087
305984
681504
606981
315370
888233
686843
924959
379869
149264
520706
106270
945350
11920
660415
616714
370312
848152
589785
51253
780649
873412
302051
175980
695406
441751
779663
885689
287331
903831
406464
276113
378871
341893
266365
978593
613763
187064
545409
382512
373547
632661
219823
305520
594461
358957
456098
543143
877495
790323
319523
738421
379205
106136
495604
651201
6184
382085
155529
662084
900690
506228
545366
623089
175469
811372
618627
864064
294875
782679
424189
35798
75992
652673
598246
423315
43452
694127
155564
473143
109021
76698
640951
807281
24274
205255
425276
866694
468818
358212
185135
145691
754042
592513
619477
678879
620013
930440
205431
879959
509334
424794
877747
322439
618249
932072
346348
20154
658695
813995
285857
766063
172960
654944
263387
786208
703667
91235
52864
940591
108625
616551
208965
993072
420224
42640
483585
560781
75867
688813
417948
351834
329367
786133
978790
538038
419808
348189
148548
57178
676897
855731
839365
892481
19875
104346
34962
707060
317453
226818
740612
45361
414473
363651
482768
106039
226951
876982
785053
419889
546907
973296
424375
820348
444098
477916
43419
565335
771074
44980
58034
499494
86191
345372
870427
740131
509065
859163
213025
119394
113603
209654
631820
222079
959775
452395
899987
959078
772404
872263
949871
564478
676434
101092
195082
2483
574780
462339
233366
950878
222676
354305
453307
773908
728020
820345
208168
346504
102648
967543
843019
848925
616378
247316
426523
216908
60981
297395
421650
331951
532523
982422
352057
560872
153634
112414
736091
942768
900841
701981
744347
809408
236024
915418
376866
724757
714485
997024
903472
865380
674579
742275
216596
496794
821973
772848
868918
408654
757553
277744
890130
313222
72911
913785
179327
661155
458736
309489
690925
939754
493292
467840
740590
690223
26259
603664
743147
973216
870261
610660
275831
476395
627390
914386
503616
872397
435961
459038
211617
595000
665909
950709
34005
192609
221637
890691
260103
339171
786784
202033
536325
858707
340713
269822
38994
303969
797258
75641
124826
454567
267961
767640
79872
914065
189277
998713
45140
814186
25161
438642
908000
418879
285670
621974
438561
689649
624624
222599
5011
604317
506327
699123
179045
88736
833541
929517
990412
564233
103615
188968
826612
195423
42789
421074
467984
488907
404435
423947
656786
558500
466026
792512
183287
202581
49065
759528
707386
522157
131124
996251
727976
423619
698615
60362
630163
435204
455396
373535
561504
71323
571992
554866
504700
687163
366043
842340
360043
342476
721990
743836
658497
332847
503679
309084
546281
840240
469792
862207
458786
892743
496375
987537
179914
437963
878886
740619
694931
656564
834601
405609
679122
525323
847543
416298
655478
728240
828738
346788
289109
96392
56153
998401
463714
13569
574765
93530
950907
228867
551409
139182
676831
249716
77850
796542
429309
688488
569222
543113
27559
452836
453689
813727
709861
352397
801602
207972
584486
731890
304188
917284
588818
669875
699696
450637
313211
73356
61080
768397
996529
561537
549886
480585
864500
384296
652483
751351
439044
866062
667964
888088
816021
516743
915319
5077
783903
423894
546203
860149
211921
502708
286125
565561
474981
138433
225007
244309
699151
560452
650403
203787
261711
355361
708269
435300
453350
449366
874646
355150
22821
276593
801517
684173
962592
134610
637256
845215
672258
988696
128104
882417
70970
445931
771194
140471
83347
146598
918330
920876
221218
367711
284722
740902
774872
727124
894561
996244
531639
314547
306039
665624
497826
41990
727419
700859
149133
882617
234575
574097
573715
51209
578700
191274
815654
860043
35207
357682
401568
910870
489013
21030
329208
566031
895531
428787
422161
403727
982781
131181
508845
646579
86344
668584
135231
500607
850636
994615
528926
643887
363633
475391
906133
675164
127082
37815
634071
596680
953783
759934
26512
260358
959108
930904
432278
929544
242863
336198
655742
594759
849831
448066
386060
620361
208496
34836
437762
228882
307459
934228
270553
466217
89745
589949
974734
569541
350760
940841
720211
222101
798511
964142
946598
333033
795275
812885
345599
656000
926948
811252
139299
403630
50114
893351
479126
610026
852945
936687
633325
295154
195331
247078
859137
740635
880148
666206
324608
633016
809641
589270
938589
742182
446674
740952
182184
211571
573870
879218
718136
697129
118062
848911
465028
264378
491506
133873
976593
59721
908303
214989
479366
749139
174066
566530
20699
958968
120670
638391
257648
845930
748497
684561
743674
600049
746373
930191
222040
698456
182674
70338
117955
284215
811824
889899
683940
917022
952602
37107
623360
465243
485583
638529
315982
794537
925554
647420
534698
86581
577810
374365
582754
55373
380803
334191
677677
433448
98987
221478
95867
194188
810521
755865
262182
129056
547983
694750
129672
277774
568608
769601
951720
371860
200564
448544
527884
1064
919465
49958
186034
350598
64404
500322
661273
656855
430373
934211
639482
6655
327849
188979
595732
551235
473576
323980
904485
722006
876654
714683
539252
945919
27687
477424
670795
130152
900707
60991
509827
10309
521082
844566
572535
708702
534345
913371
522202
70971
548698
537442
313701
836716
731554
838472
133545
580146
74787
564527
736386
854477
484274
53974
212652
572835
448531
584787
890799
53578
611136
537584
753462
117490
856073
14048
51902
700722
250069
854620
370730
214765
924678
645343
305459
706785
390779
663290
263804
564108
221999
267540
527875
787579
1598
314690
756723
965808
321224
321855
185559
334063
506926
181896
437674
765285
115514
262231
511434
464438
509915
800953
650186
866209
90189
583630
402598
161234
692439
474205
358738
942021
677358
935633
281835
96145
406007
131029
384271
857753
31210
641799
940808
941066
137170
904219
911395
658833
585136
938191
826271
715933
964607
237446
399233
179980
663315
817924
92677
953269
140059
91013
465070
869201
114437
679098
144126
642566
753024
36961
862914
575249
773597
530559
57093
213264
995471
325949
39653
498474
565777
465053
656770
796060
813735
411991
391378
456096
705660
820436
658321
539707
316074
291718
796822
561060
23001
355682
294785
709644
822270
88891
51793
339791
272581
156796
389394
531829
989386
5570
598707
111652
116160
466132
418037
263206
303924
356096
791744
896339
919212
778579
690896
430171
613993
303284
827980
63474
757964
245917
594871
845016
321557
723511
989951
852868
923910
381842
90419
6444
321702
404158
697938
6324
7009
232136
974142
937712
492557
469652
792400
97176
522695
501780
920901
197895
253308
255650
119317
126256
383172
587584
181732
315550
260136
952425
605266
743205
356932
658899
657901
406442
590791
136004
348934
356236
210072
885710
668001
656110
796819
339177
215878
628579
32881
72107
630196
697780
384390
438950
326837
215888
724771
162078
467085
240593
494555
791973
7756
617959
321571
808597
885571
555619
335507
311594
799699
505826
49417
83258
526880
411604
390061
54609
31845
218536
659982
823917
479074
76886
672363
425875
682736
984200
474126
60044
919988
466022
25427
899007
854386
459708
576647
52972
67193
390411
479020
165698
695932
325225
240472
217886
319937
524501
383484
374050
972786
154267
575298
387437
71761
443104
258384
415484
854217
327243
696554
244189
736287
888208
335988
154443
912712
176474
455956
605675
38867
645269
20982
359586
72839
117589
689449
192337
627847
493222
207975
805294
866610
674673
891058
126784
329224
293575
330713
154742
340229
645389
840538
611493
489170
715012
965217
321949
983441
177396
115567
455206
23446
70581
177686
19292
977782
762074
278624
823844
26103
260794
428432
600714
813542
644892
898048
772729
887816
666686
687657
368918
17128
464706
701825
852601
502671
176694
286271
589000
701714
774399
909818
89906
313221
277793
803247
964357
21582
638060
764833
139117
84180
514759
758235
119882
400085
803858
597201
737324
272535
988411
583269
769710
836726
775903
240837
523180
239004
461274
421361
379298
729999
773037
285018
63138
656613
247883
775142
156273
109714
137856
696528
915711
576482
115134
924461
589186
757250
548678
488969
303150
259640
707631
793840
833875
804083
381718
485768
650834
892476
910499
747484
916733
568076
20147
579827
951179
130296
303527
111711
821044
520392
378889
509458
564463
992805
974038
249577
745542
270320
520940
74893
847250
850351
44049
581615
414297
395106
896477
289008
135744
95348
211334
283875
446254
81677
362694
565354
700352
166276
293675
54012
373218
711602
151546
59145
291024
129762
997953
632948
942506
583844
213496
747775
70509
564736
623187
552261
56148
286600
106919
587488
301322
666759
848054
925035
16970
935637
243289
88161
719701
449932
856265
912356
366863
409621
66505
881050
631159
308764
612468
797874
75073
160034
182943
263236
163602
248560
642218
605783
439831
722345
181416
65404
107779
120761
229736
718999
725923
778410
223264
969341
977375
685589
762549
360825
444239
73653
388650
887529
650679
766167
251554
709510
966881
844973
27859
181633
43798
716674
988297
395656
849144
479049
691412
837223
32063
184718
398480
507532
909646
945550
560655
228515
907953
520482
823205
12832
631541
929365
488719
276123
35492
415255
880256
3604
59740
759307
809226
342296
979275
974779
789606
103421
668106
984683
899488
533063
676114
978699
27489
415341
508959
201989
715738
923637
127264
983415
6859
411964
730455
58427
79661
358290
558867
329441
194498
4354
630984
294846
302007
373551
317000
212317
17010
368665
615584
716564
990462
306239
492433
852402
901776
413791
897898
748565
976886
119513
638015
16408
22299
336561
24071
507881
168825
632179
660823
884728
141723
204017
796791
533771
721614
685992
114462
922798
67492
83521
394128
522888
921956
374003
787024
784970
786833
602821
656962
103808
981269
923057
777506
4681
80394
970533
78619
357412
533222
324899
986501
819616
184064
397063
461566
544822
150723
436137
260515
762546
169262
342552
560236
387531
832453
447751
676130
409620
198168
665476
941309
249995
290477
359843
107102
497743
315916
2361
924965
453615
172264
466244
232880
307102
431397
243368
118705
847362
571786
653204
729003
471467
964869
544579
874249
536545
3413
663711
549275
764694
107864
975232
407726
268922
991793
572113
141894
830701
94741
910484
656058
553104
87347
726268
627436
42229
418814
453239
662820
654324
599896
689103
543497
179423
948700
911526
838971
987917
927944
370399
937039
506003
552005
359580
573032
627473
321685
537953
440367
387624
177176
340375
665774
34505
653371
137133
911374
825385
884798
15961
955243
119504
206879
380604
38353
192849
886248
93796
201558
57492
417170
481963
172564
878287
142421
65468
247616
18323
635085
530166
50604
961347
799370
118953
591125
666463
349812
415293
536554
128446
644761
952049
368282
174426
727509
952961
896280
134277
767645
512802
127790
628282
264104
720999
170363
762446
995642
380997
982155
817734
658510
579955
381905
108162
480031
746219
444931
879126
854803
76750
621714
189369
818117
527268
697221
140630
405997
282881
318705
627520
644846
51651
954071
474051
559676
812791
64282
285653
115240
909915
7707
614828
958154
811134
334835
566249
294282
753156
549964
26225
342154
760198
802268
507869
863284
735638
502015
964231
93787
902944
38065
335749
552144
352171
480997
346290
886404
150783
668420
187111
60565
18721
221701
841609
659127
517498
922085
283452
840128
856982
49092
797814
879759
990407
839388
549422
384474
597034
784030
873074
69395
103745
430187
930776
793975
427391
361003
631821
844083
897123
575182
648585
199667
551036
281757
990819
445064
437771
631420
476096
319220
499013
700542
976423
63637
214903
959141
170480
713709
625668
674228
427227
525898
104522
632115
62398
799702
913059
125695
773782
420413
38087
945483
396925
764982
485647
119
967228
808881
544788
246731
231736
630363
245302
412688
958345
400529
699129
696203
284712
813662
243977
809239
671942
147762
674334
47454
742585
862050
700026
692787
648785
46486
907280
903375
304073
296980
58047
493095
412314
67558
548603
509286
692009
159081
53517
449484
520224
311669
243952
271395
348569
373988
400092
882393
618551
838977
239969
406207
598927
442511
140265
610845
838276
660723
598304
851759
259057
152191
760239
180160
325886
595355
44643
106274
328469
579922
853549
244615
965231
336054
630850
55552
506120
391985
98019
366287
311473
573226
640631
375658
157380
425808
601043
652815
339697
424966
492380
32766
955703
170283
287684
956312
497583
853765
277680
564946
667714
805769
59770
664278
351035
53001
85650
534518
585911
299578
484223
697741
223161
911713
722180
980468
961562
712410
141789
794526
139166
383621
962856
238161
501409
569037
397217
246786
333424
639894
1798
506763
240308
48003
364313
231499
777224
687841
404548
876826
658988
509235
43158
412263
849619
512218
578155
737329
819479
570785
571819
25630
191245
807651
809129
346171
7026
449305
613995
169617
41284
131588
86985
258080
978989
474611
429294
250043
656410
953266
451516
67903
128811
284175
767436
126449
921283
567434
244818
598835
625150
164184
114399
832931
809282
63380
965569
779409
965102
913411
45637
162330
47920
183682
672669
820838
644467
881038
925468
438906
12085
475696
30557
483450
284214
798595
436932
404479
494348
972899
428508
997457
602004
288116
353568
326849
528259
35340
743637
887334
478426
506110
398228
716466
873016
322884
453414
748847
929417
606152
953480
531804
407324
6351
514893
709214
802515
5827
388899
570661
592051
489627
719725
313180
506715
831401
852688
360396
731026
73919
479818
798862
473145
138175
583164
27179
783839
59198
224136
769618
590067
944596
262485
321844
154964
348163
850991
701824
846469
892738
880652
824310
726396
316197
355881
892202
91289
578730
186579
258584
296116
693282
684034
199518
180431
267130
74912
717978
390571
994085
877607
508000
994358
640744
916776
605784
936609
871169
352231
163315
562320
345845
943268
947848
453483
361205
954421
940239
368978
56940
416462
187512
623405
81511
528483
447913
988257
240482
892324
644051
826014
499883
726887
242800
992021
140661
694372
253339
55943
776444
383769
871179
237113
469071
795150
604653
841988
154111
892723
646749
844104
690082
592933
519426
34177
393732
516815
780291
274289
797996
814509
574506
643965
875846
345452
896019
103124
696754
966318
496208
35466
628392
771625
156701
177219
611333
426479
877307
491594
391031
429448
954859
676545
259842
283515
321096
549043
471916
264812
272641
27141
638347
638495
18610
720204
173545
568730
538719
381368
328529
922409
407564
945645
923001
102971
273404
893298
165899
932842
428292
882818
86226
636184
660298
228352
445821
448372
1695
720136
216851
624924
825463
801569
857396
285917
61761
708622
204552
144150
547751
824772
152390
466938
699364
175605
989859
881459
44604
39178
177685
248676
672157
891248
358530
684999
737808
675850
187530
438710
855068
161284
33966
889605
102327
141895
770971
402443
116522
212552
897367
91650
926272
912060
18503
336964
997546
674598
511898
926581
852018
42704
820438
146240
864474
953304
856189
619258
833041
905761
191643
408738
925009
648811
735087
724042
778520
404797
740084
740815
879616
929471
385674
32835
144317
6564
549382
112620
631283
380292
248083
209830
289010
39559
452931
438179
587791
174397
332982
807379
178144
960459
293669
686814
248595
502081
644876
373902
874283
206918
249842
683786
589529
929140
380438
812349
175859
49345
1911
580758
867411
954322
20992
320424
867471
531764
708559
158193
474512
826981
797345
683639
443921
381708
415836
723662
291702
501961
744951
471671
332742
631591
572554
387171
39111
552302
691566
251413
88629
119829
465680
990629
979038
770069
743831
80416
225821
251033
196655
298125
653808
405458
910898
171914
728249
423654
797619
934357
991502
539976
244710
117992
264189
962275
266287
226299
372447
377391
131525
382893
830423
769319
884739
564797
504616
338513
810443
593138
939696
877628
73687
137627
173829
554632
796446
141745
833899
327839
953311
19288
213167
419842
967820
627012
820578
495230
479638
248121
604021
775101
633937
531114
535470
640248
95556
32899
759429
626570
557456
441026
833757
898656
840634
999424
729698
71373
291607
122190
231675
434746
353171
342394
75180
193466
616350
964977
318156
624188
935347
861310
569309
14618
74245
905905
510925
923726
426761
289819
923080
722308
507675
62069
412536
772810
526606
695264
981274
812515
997459
440455
927422
808316
347972
755680
590747
878262
654350
950930
441228
873442
523897
310001
336043
572170
919830
328804
808841
684588
445892
240232
510215
680066
718302
464941
792403
849020
516
397470
980483
28816
223749
938430
720007
631591
751718
866542
497934
94456
748945
52555
275832
235634
26909
58484
824883
925843
735145
445557
861206
300649
120398
384532
163401
910415
286287
654469
460732
316179
168479
802863
768661
925345
81305
206571
344257
733164
300423
732955
18309
379932
525888
359140
425267
130387
123051
210889
519991
565915
63010
657509
681873
141742
973619
639684
915101
219616
153984
378463
904910
21933
399622
772339
158777
789979
774906
982525
355085
914571
569807
412308
869793
359714
117461
976994
469606
469646
896571
18048
183227
868664
81589
418926
370400
689285
348216
539820
475970
662535
908898
615799
982196
85446
424247
373859
689279
997095
444295
556114
463568
99383
676907
876302
683472
521751
495854
673417
731665
898691
723976
739886
879523
79936
90052
414179
653831
299042
887556
777950
181627
355319
165339
429153
487220
815764
556440
824659
990186
95290
919202
621244
85389
854308
969855
888605
162901
933807
23663
910122
237879
889382
68597
309733
782067
828969
490421
722969
592074
819386
724344
375727
891725
833509
115533
485680
743697
818761
336779
718935
30527
452742
515313
881362
958152
269381
765294
380821
105653
279710
546300
839899
921500
638699
945766
326011
647534
414951
747307
574627
693294
751873
381435
901043
644348
91203
221854
914872
638736
564314
138292
396547
743490
408001
955095
878757
265413
925262
126364
836746
173492
86041
939449
360816
203396
338501
979968
94466
676634
688364
737993
782549
318518
849707
280686
163518
912012
885127
767536
958413
54771
823354
397688
417835
303095
542814
968119
727756
175561
5813
956142
90832
651414
313554
934986
316988
553972
989864
598439
843663
929785
278126
522101
149636
535526
503467
921848
456740
750145
594467
680681
546309
480576
880158
984762
180706
597985
524497
763639
435096
380759
912236
213768
995259
453726
244479
574739
816659
228975
59786
462782
855542
39760
455391
501586
750083
549379
532022
87739
114872
161630
992781
118636
50545
954490
516410
935455
774654
905797
684814
117242
673247
50739
728168
511437
337694
217105
636435
295544
278602
568186
715165
37034
671115
185122
892213
869507
985959
196688
760703
719451
230480
870184
379448
70940
834215
539558
286849
872138
264465
444519
102986
911524
10100
106785
186332
317730
660367
124339
335746
452829
210292
82455
88469
779278
309346
524148
991459
63598
69187
16529
455612
850557
72254
80867
786712
140895
239802
457927
566696
885664
407089
313739
974263
258136
689708
655846
780477
960042
395232
298696
477505
762918
518181
391052
29479
116878
12111
373195
627933
123062
892779
868746
675998
727685
696664
460115
62626
600408
758463
397409
472418
71941
249136
541812
900875
492092
353050
614021
535487
298762
318695
445332
275842
151159
647858
627229
627079
947152
2342
296489
107928
755839
196660
96192
417372
891990
423024
939387
898760
499562
507657
189880
939813
399452
575779
522920
566649
878259
309843
973826
53589
233253
387830
63322
368250
165941
321710
79628
733481
954358
251898
489426
892806
54381
188145
750710
90920
94164
208155
123873
799232
336891
569644
694545
675427
943881
887454
429225
784949
673761
168618
875298
382260
846880
765346
355679
750110
700418
459310
818271
389312
484836
295329
7884
926557
856484
424311
493872
891767
39524
80685
786439
961788
751662
154685
856815
363408
290161
64437
594684
413939
771754
665011
673704
896591
834782
422271
259047
746913
829187
760709
687193
669377
689407
537005
905497
21711
623816
149017
783474
536252
482986
991291
835826
747378
424039
396176
651926
680289
334328
624636
841252
710568
315570
299267
909208
101468
603396
347617
204086
543991
469021
570568
601790
363872
642154
604148
602494
234770
743485
408172
963713
240876
284937
624470
788325
381910
382794
683063
622411
81546
867265
767367
842151
421062
443293
8429
691383
997261
201781
237660
930128
884756
23730
758025
245523
694736
955402
742280
678847
71065
118375
685058
124768
233787
686182
626261
328166
762842
102650
107848
300304
847039
845681
846826
362119
22723
806479
909382
665543
881686
924694
890308
63224
130221
500263
877407
685787
318406
240258
158462
480736
6169
664170
666738
735252
860765
511076
957003
371383
596083
878365
837399
288619
512691
157547
762360
567433
440594
964588
913057
197710
584365
100299
111789
683059
166900
92577
540892
323738
363701
416183
472362
634980
771332
775018
628621
174879
838213
204200
365708
152989
154070
151958
181111
645792
946587
976660
196679
631153
144359
357336
442194
592336
719299
229495
263018
751365
610591
589570
843092
181525
272467
160461
82400
696912
693840
81419
433770
941895
100647
344277
800171
817628
167925
502217
647292
478449
844011
546255
254505
55298
622006
218167
52974
404751
984527
760830
769233
561905
309473
996080
579355
686990
126289
10471
705140
935144
612079
660401
666714
342479
664377
213648
775166
131639
537030
652762
467963
320804
415958
198913
112691
222850
684659
647405
62088
328529
701699
635269
432820
339389
175789
781709
581382
632267
357734
89514
764346
733424
296471
119680
865651
338556
732845
106620
94615
149555
172668
560621
340807
140604
914833
674701
841850
52211
246291
946654
724853
373785
664468
48304
29545
572523
349562
859071
264808
727952
816836
648953
469637
416811
699835
519644
823752
263121
752760
726078
277131
838484
979212
137831
155893
360638
935375
806424
370256
561370
836488
825455
804296
332972
612342
432866
838786
946944
239929
287977
294102
880223
934688
70392
777515
956575
7952
783786
119662
922898
679181
540985
655663
467614
132904
988138
645208
794221
3717
339590
651978
469114
235272
705666
273045
79756
496988
790400
424468
430528
669599
159982
41187
834622
529709
782284
911167
903182
388744
914252
651704
855939
256801
944722
180501
243029
949125
194971
827652
628941
941671
733946
362812
640537
710150
963516
308081
515135
472123
13805
219187
507630
642209
692532
546916
353456
776417
571161
991572
296125
541656
597735
852219
492905
59240
857965
412754
674940
112664
804382
827790
906146
519145
165144
414906
151353
309814
753026
967343
313928
545030
238414
620659
663824
180082
19806
890732
47290
914989
356354
63871
285487
462005
780000
971018
218567
831957
132397
835642
870105
816596
777495
261129
950577
947198
729989
417431
131103
505356
283446
740964
89580
500722
635782
695144
823336
588678
160463
965071
740063
443464
326636
718676
730346
972818
532633
555321
493601
789405
300854
774496
942190
911341
539818
287498
393853
561114
727908
406889
323279
208253
194429
137187
137326
69491
686458
360486
684155
569425
747501
690658
168163
763300
89402
206760
57968
53411
888439
900701
556475
732148
677357
987418
314623
511383
614524
583780
115402
344115
335323
785091
842573
619515
319804
208321
883090
301693
510029
339648
38540
530311
385947
734648
951498
627702
600017
83277
387270
870044
969055
280265
251034
889293
418038
93563
723154
448646
852591
435691
195484
771899
3403
683384
99996
70076
98133
209489
41564
604163
59684
528460
729569
359324
772669
957094
676505
76017
685461
927128
207408
570609
630259
693906
754305
907933
284788
155734
78185
281647
746920
912436
883768
399719
797786
214430
572289
77875
920942
517543
447313
114682
890402
68444
952828
395653
993079
72831
54930
334410
315433
909980
706161
846807
366809
748619
109876
273559
402508
388033
510473
634948
245196
964178
580001
221226
265452
248327
190144
10644
480553
264535
46004
189013
373420
866566
514274
314676
481836
943575
678204
457333
886001
185711
489934
325760
702259
607944
530680
491953
719073
214030
309302
610747
679421
798618
732123
835257
923428
298312
407197
350931
186412
780407
140425
742345
418918
401820
818775
727071
291266
20035
527448
33381
512338
900580
731532
983842
387367
235998
990992
800157
589719
417298
44020
47111
906785
984159
877291
482504
209255
676085
116763
115876
97369
201176
698517
637898
95923
364275
11038
724409
892956
126806
431916
795471
941551
670990
546028
167920
116183
481696
784064
508111
318868
93410
996295
201180
240154
512053
534932
661194
602328
142242
700288
493692
726230
402704
530650
28043
407607
130015
298173
138870
901534
619301
381179
517415
285293
681987
212661
57054
919913
555683
172748
869372
506233
726992
873842
24302
720717
519729
177306
259828
625244
891747
276366
373261
138245
34546
398110
160833
283927
617588
391926
618635
233516
79683
105865
494688
823408
89813
886442
535392
209280
347450
522105
647896
899437
553905
351226
698610
827423
842278
150209
850682
499670
485452
695946
803021
274700
977491
637989
139040
442231
849542
583502
195370
770090
384837
741082
278895
980187
274138
926862
283499
429247
167865
623114
730263
756562
15768
277667
183770
848691
937705
187534
271439
329387
83953
287159
342959
439630
901190
137521
759067
719930
58985
519817
824009
905916
698877
627571
931016
535187
230820
330790
666417
394956
266485
465667
786796
591308
630427
777328
319516
174572
542221
294212
531112
323390
725605
764571
698727
756910
598304
694024
655207
955012
337713
612330
159898
569158
870402
679191
175518
392187
396104
167990
291112
690954
323329
104553
723404
166464
823949
49319
160363
414704
666598
223015
520441
513460
325118
339000
896041
241426
549556
567662
621880
822267
476530
598262
308243
258349
819685
18955
877030
615415
62298
735297
942403
333404
166386
138239
920682
484433
662210
60170
931515
305889
387977
385148
432117
158961
232654
187987
90026
677085
330710
60069
659457
86528
314431
799793
614695
903315
846972
501521
65044
122029
708526
778829
90166
913832
12635
182537
943612
477028
707533
772510
347776
961829
433673
354693
18193
482584
578923
865199
111068
723379
86939
998387
812535
7865
600110
437535
108107
841053
218139
667759
248475
543742
537431
173212
389493
522193
967504
858955
973107
175965
62339
11494
906478
494239
11387
192392
688129
642381
82663
783058
998453
377848
398166
696091
117326
451210
623953
707396
919025
33903
998485
422249
212848
130257
828843
865075
268468
733243
367974
39562
191814
746143
217721
736616
543418
812595
143986
526793
764152
198261
676823
536190
237800
568975
244507
753825
374201
344151
296957
428067
899407
951725
418622
339073
205447
599815
433981
855317
763624
208714
613040
443017
989863
221646
990913
951270
393622
507844
21763
389322
159019
487732
662543
330808
182505
686750
911743
951498
643821
257410
287558
419201
119959
245436
37547
43389
570387
351687
799200
184008
253699
75362
256067
356300
928651
817103
267696
501349
300664
751224
408321
643217
243790
306797
67363
222212
433708
145544
382422
849561
823134
719026
383361
450210
634111
535486
986863
704928
738953
76723
417706
117582
793915
206247
2738
1944
720805
392710
899098
93353
463507
826098
162048
977058
7188
852932
145703
974566
567782
950065
699699
677778
173887
363785
296320
436106
635962
893592
528542
254446
120797
377007
908909
920428
799491
408701
36306
834736
419114
945558
853971
136118
348251
191254
713109
779583
633906
456863
985455
761505
338697
875389
431274
155193
898309
685547
660119
171261
884860
86575
628429
581292
997570
234528
74814
116198
460495
31880
281141
483928
7182
836388
525871
769359
188356
144520
205075
95470
145563
158175
838606
423611
64395
453840
426191
826515
503780
141181
20060
342910
425850
997093
777872
2973
284717
939881
904178
980672
407827
350188
411826
239380
395269
460883
746754
395705
266115
83244
592078
560498
558725
487978
525274
632118
651551
190414
253495
296995
894543
373730
949730
631634
707558
257440
609081
715845
99473
353647
298971
491645
594180
497101
415002
568745
621634
689096
602143
588856
913418
783334
851547
737807
621921
709860
947302
60438
255289
650459
548214
852909
187003
238143
258301
960765
930550
27522
947934
485097
975011
791318
552398
994018
73300
142159
315012
276698
589881
265766
855004
315920
581199
307866
185166
662474
553382
588016
969605
10977
995533
128732
293919
562294
186652
109752
808256
381826
793117
18609
758611
348555
233623
495617
98270
870963
347065
652950
354177
48043
462752
946066
138379
888708
177221
483308
368121
689062
841414
293555
633100
951641
955471
321523
241542
892097
752101
733680
809280
723367
983887
275727
623787
76146
940641
961300
77345
315828
61798
65670
114855
312736
559209
624943