629733
680512
317716
814004
475862
999411
855040
590903
146602
198236
734724
250413
360663
849476
544153
993422
39345
482700
400534
979039
547820
149630
332990
156121
40319
204623
725106
872633
287651
488691
792199
571427
903738
70173
932210
864947
569293
317522
492896
771746
444142
254697
491490
218642
631356
19745
381830
108279
484997
35230
578625
247905
928198
380674
739400
317546
25997
929764
40573
672504
61952
642032
143366
366191
189430
520283
197690
139638
91394
785345
698869
406373
90449
474204
846987
293768
676393
824227
697305
785746
379921
14525
92663
768482
860816
789472
46025
45866
719821
522123
338101
214146
271317
891676
865071
411400
203836
411342
827951
848497
9306
181843
829189
655729
533751
79498
701891
907587
669505
854493
895320
914965
343609
760890
22716
36244
123247
516844
567431
941711
435554
857173
123357
952778
238537
20106
476164
650210
68719
88587
630486
214871
226041
520414
460049
358075
519299
215303
556684
79222
767785
830693
243781
131251
139874
553899
600277
665195
973382
801274
886980
499596
25776
556440
364089
955845
126334
498512
336074
714737
365813
865766
496306
217821
252546
650420
896864
733176
968731
228197
219436
542550
969540
366669
156260
129761
941870
716132
66437
540636
914681
902878
439686
799125
94106
521384
349389
918055
946072
81216
702277
89897
661553
275313
561927
913911
468889
1002
847925
884955
346146
402874
768358
629911
545783
956523
590715
471249
486594
703416
220304
36315
986862
811628
744846
61791
852486
631064
256414
705508
396540
812592
101944
705663
694086
175938
645081
210648
461667
594516
265939
458903
638268
412954
92734
431916
434341
342673
600588
556345
344322
407035
595707
5084
971015
677879
808291
873692
143319
410812
584623
112239
634382
580722
399848
437925
611546
41197
467053
767989
917828
71430
968447
803619
690509
966552
335801
66378
76787
236180
67549
542859
914003
638658
230025
350290
473000
157973
978184
241154
623025
511849
428292
113149
325553
501787
664089
103185
741776
268997
501574
867842
431199
886740
7869
868848
804281
617352
687066
772389
250692
320456
553904
947965
82647
859936
544958
854322
953974
736856
552192
344963
979640
547442
518434
231233
13962
883903
924303
976310
995084
992222
773864
960690
610713
197714
107857
222131
977636
64767
756453
727984
991869
574529
787593
193410
159731
964009
852126
489776
188244
743765
805520
545749
991696
870827
37580
81072
581820
603442
433358
475080
347506
557453
639064
951290
421461
923156
45502
154785
87026
390672
781534
464032
766658
75923
430382
868302
410188
818034
585070
634943
53799
181409
770300
767851
973981
160617
334790
928510
183787
897288
115865
145787
342630
373989
608920
423118
860151
781422
1737
455532
712391
268880
253066
230633
930422
443218
315105
418582
927812
21135
476209
255572
462738
731854
468551
905402
64579
333503
348116
426590
919997
698389
356662
848324
706636
529082
706926
503777
928805
761587
308534
757130
772551
758354
569836
828926
854333
209170
966119
37708
525504
194450
460203
794722
911802
706737
863799
254068
29606
944322
509051
302277
113683
870892
427046
431637
47303
806177
93726
120104
844736
377145
393225
648750
385686
3754
79112
362708
822012
578790
752324
434982
31333
584722
267552
323231
689155
43358
815310
448655
778410
815301
707262
350247
98772
406819
479920
903012
633533
789486
580714
475990
195951
483666
276230
681484
540120
905261
499235
168030
143511
405412
159868
968599
601429
363488
450261
751101
897488
375913
136529
877309
461875
570909
802721
893816
710177
104076
921047
538660
193425
600499
250392
821792
169299
329940
560240
335833
506545
924654
891328
884626
6449
551710
762834
976467
406006
912786
261261
135984
937158
440038
270596
666996
797542
663517
747176
324011
800417
689661
963678
873673
858280
491911
866796
577274
789459
558609
874700
267847
511493
180802
980451
319777
544494
632234
280907
537166
299499
35387
933196
412333
387400
781416
553706
563815
396069
559385
769368
883764
458934
424200
624714
698695
125156
269691
39848
164376
263377
701918
680926
451852
217657
197756
895056
101186
708403
42778
367723
526780
478295
151536
261911
988712
249466
699589
611913
449994
830869
899110
38772
334025
290436
151682
806111
419603
30762
23525
663442
644461
335537
398031
277802
314394
301935
589424
968460
893351
739940
822211
518902
942353
24480
256708
654705
667668
751361
979471
149539
272082
839898
80023
974848
963100
232432
732415
301473
38367
631326
521880
591085
163502
166936
167864
520947
568551
101964
135219
311450
501061
997412
284793
129008
553922
953512
94796
999646
695399
965441
890780
198076
24049
139801
35072
67521
510625
111645
117395
535059
784353
340964
693417
938109
718094
806633
494253
127999
104870
229556
86617
479614
569103
998552
197520
733596
437634
664277
412443
417890
3154
340445
942462
44122
657949
339508
113526
310458
205838
223280
707794
62458
46668
190496
544107
399431
82242
187017
265410
508048
648076
89100
152116
395453
620027
553379
15388
818431
321093
409418
461509
386114
513036
209914
454090
585088
663945
597008
27341
145583
80213
1997
708688
836378
891540
232183
258803
513998
185790
613532
265994
980970
306891
624502
778522
914266
655418
859690
727089
944605
580863
135339
131743
741953
733639
731387
816852
527473
479785
826514
997463
922277
132778
911959
29537
332215
848045
413963
738516
912086
620917
425285
418011
357395
569497
422040
176031
644825
258755
688528
209570
826362
379236
342491
331580
510500
452792
122117
120560
882098
471537
34332
449451
613086
318851
297778
80792
373333
860619
697729
805794
640099
632988
535657
938503
784653
643048
878228
992470
283006
549192
787002
291141
724825
256936
831680
999153
744621
40274
489084
986610
883654
489045
434068
810906
331552
907794
421828
470091
267063
862754
98045
813106
402810
592295
176491
476004
724446
108014
338063
378515
429134
218686
50955
807084
990655
316032
987005
681553
506466
527498
439170
734254
141811
312778
494300
570810
73839
729611
625966
790796
189474
230055
899492
501079
334046
662730
71343
582020
680135
596446
880046
669355
271116
550872
496744
749357
530160
571359
944822
620400
509958
264468
669182
687416
216635
642690
249242
179039
7757
692451
65174
244721
462618
240013
343512
710694
782931
820536
230555
63164
121167
719660
908051
326513
169532
294347
322997
572314
845488
244984
684879
78627
322718
255587
532242
945636
523683
723763
803504
371291
756672
705294
49248
840844
884323
313032
559295
763570
79518
553637
691728
282784
640761
438093
939044
725049
788386
164875
869589
945352
285699
712833
170988
206269
778028
203564
322402
779205
565295
219216
289156
883269
812555
969664
505455
395506
113984
390988
382395
925135
799618
41863
496501
794180
892488
778675
779396
971992
62403
685644
150252
759691
741100
427054
864817
892755
397174
650403
280915
324913
942499
818509
147704
877678
492979
29356
16552
690359
110902
129741
901042
757906
9027
337872
416491
439676
531201
994388
864342
733665
709986
623745
184287
33015
391856
72305
740162
347512
538175
826491
222601
102202
372995
740190
446130
473068
380090
254599
594222
915439
981449
131071
439238
270223
72357
159796
46361
846684
227176
71331
371584
28841
517316
281054
647186
584608
187283
566975
186691
379648
136652
596777
818471
248181
875282
806007
354325
371027
950694
182341
282598
171886
42301
988567
816605
307928
343149
168233
227808
677048
4737
547155
661541
965379
717163
864985
91432
641050
764953
363725
930520
791488
9568
180449
112914
540342
926165
893517
787396
101557
171963
127449
242484
357896
743446
405640
397849
872323
350
305889
62695
502307
105039
807835
393640
671620
720605
779044
518918
147001
845765
78606
360613
52940
365567
418646
148077
752594
849808
607123
176677
948585
222843
682744
567547
630672
709143
709253
517088
615652
249724
137936
518736
883187
820503
310252
452911
876927
812637
378803
654351
522897
454364
968566
839310
540662
878189
332029
757404
602779
114758
713149
307483
846464
181100
653461
32159
702556
769477
788612
273556
713806
606220
836780
558911
460538
853405
439739
683421
301448
717040
745788
890407
193141
615522
672121
418679
509012
998383
611914
113541
229733
509693
760639
932746
571088
385105
651621
185669
164095
626212
945913
473243
981973
123024
487655
732633
348622
998949
71421
784854
342196
772313
926769
613748
495803
392219
314763
573701
305658
666376
630192
347273
229126
30903
146061
871637
869293
793967
255644
280208
223052
796664
851926
170840
883853
668878
718517
35906
572545
417906
282853
564989
888470
296988
543814
588311
330101
817931
393888
824922
606395
844604
186596
371791
22609
262969
683867
916770
850154
858888
829870
577637
503064
904453
184720
743151
751116
152074
585356
971613
160872
848202
25190
388024
433603
598717
615025
170423
767160
366837
512109
828891
476395
613520
323802
876088
80090
987526
137309
193684
896347
105442
843918
490024
127415
764622
987676
79171
831011
276358
716382
558670
445911
242543
658231
462442
446862
787201
549796
261046
431256
605662
439141
488876
999711
924935
10693
7339
311796
703460
353224
845263
771989
645312
917361
615612
476926
652120
226989
268922
224104
825288
358815
992250
953762
926758
960329
742967
910859
132778
903827
959032
680810
965194
407611
369842
218858
820133
115482
738762
215349
440597
324367
168439
701483
202727
364234
91974
651199
880999
3063
507063
937582
798612
521028
671109
920285
667826
805969
868291
733583
745215
341364
435170
657984
791549
384613
199119
60896
534446
541325
795641
970607
452126
823014
75824
808369
430106
397454
844649
185743
279550
543150
429854
475850
306028
631745
6802
593052
295321
998084
33010
711469
249089
389881
88983
752494
320891
511767
285800
155350
968487
488273
397661
544247
716867
413057
9630
361660
58525
316721
669321
439745
230883
200710
568787
964943
633110
745546
567302
930291
650781
702612
862632
948857
910198
271190
377276
672394
613767
906563
829602
671327
947731
394075
75737
291169
320264
680532
696869
414879
690228
552550
144076
174315
707544
948596
499194
912338
646357
781778
937092
249333
672259
37815
451721
763080
693153
590400
441781
157991
798438
312094
246559
882960
528630
34014
207058
212801
161584
679124
840489
383407
654884
464867
956947
899488
936994
715434
360247
369766
403117
760718
395313
723000
323151
265824
241593
627694
704582
232107
375845
753689
306524
108061
933253
433916
511316
783247
206380
516011
441728
757619
586382
818303
442480
63129
96261
862643
897605
215838
69934
829535
453475
203953
473904
276430
41732
622595
512092
84990
600234
950923
839280
608499
483053
973939
15158
264824
417074
38178
337418
410675
640764
471527
573496
765604
167260
579135
809091
838394
158084
303683
205763
40210
510522
433905
170278
946317
100392
880917
811031
114892
959439
136531
828603
432586
541660
44244
370008
690711
286867
833035
794960
273261
661608
876643
661708
256689
608301
830535
4276
494471
318500
524877
704346
359570
263542
390399
105398
509767
518269
773832
514060
505837
74428
403896
697322
482483
90414
814068
445965
690413
879227
33725
374371
950957
947079
553947
242796
384122
248421
502437
456250
591792
474602
487536
422935
321267
43227
706130
270981
673681
367240
412754
256800
263796
125234
874350
364320
251392
290215
340487
576827
411407
303663
792301
830055
464518
377567
336579
261885
573972
536906
219727
969785
793223
218327
784480
68894
607946
48046
553884
369270
951999
114956
16933
562807
957877
867575
634664
386754
508294
263691
292354
255556
723088
857202
127758
435775
335310
43954
866255
240227
829138
503392
537463
214742
339233
628914
118674
794899
74539
102514
170898
127470
201573
328527
990455
212982
587717
706318
985115
606579
172953
522205
361367
872142
83589
427272
120277
135824
376471
284805
819060
139267
234568
111913
689297
619828
168722
832893
824377
391002
923304
845804
900263
172049
780503
997011
957755
425279
387447
281915
349178
145239
121485
192419
841660
795324
36801
163125
362614
545213
559222
696923
542436
226047
498891
515179
286675
969080
553902
587390
231496
978903
379992
968606
294993
459458
332393
600093
146662
357623
733216
311619
972218
37396
631606
810015
734180
598514
310360
484670
959525
311787
826944
377466
714389
67324
110767
49001
292399
508294
147657
915959
556469
368495
874572
913038
157377
299429
774830
442737
148202
192195
889171
623528
314511
212812
889256
716758
470531
498771
289119
621478
784341
523581
468039
524964
995642
204895
662470
610600
879577
688769
28598
636908
283507
851204
337562
620799
255470
771167
913788
637907
507581
706437
889700
830960
135149
84579
618551
286347
612557
70789
377001
260274
865339
445400
51040
435422
736711
574090
722791
228011
81287
35470
224011
205795
327095
302779
66326
228022
974858
411988
131429
806214
822737
392738
809192
297759
368391
969150
707702
106436
818551
945003
865163
435172
931146
137119
820383
308268
645233
760098
360803
78774
940075
136144
583322
188766
364723
592057
576146
742965
516746
233447
379711
103503
92316
32127
520882
645815
690897
661760
540027
989443
39923
42345
172184
395586
118647
211895
589016
349265
991850
808140
317072
216077
284665
656747
711225
213602
852765
299168
537637
801218
711201
428157
116572
801842
538513
431102
621207
520830
266945
327310
320920
939533
664375
629603
8804
135119
323574
665412
804254
330451
260008
740650
694914
678772
588263
575940
865786
35251
212584
805141
764320
887393
278596
534905
64273
165747
744740
867205
999850
612856
831689
546635
528162
46502
438582
911421
12804
643408
746298
459497
914247
832564
399709
595618
880843
857904
970407
962239
236339
431893
830599
658237
286553
503508
157159
680000
557490
627093
202762
959350
320576
706151
854302
129180
390894
721361
141156
122779
275723
655431
629368
791242
456742
493561
976127
819095
985090
181701
731373
839423
251766
444428
548721
344378
926564
320225
376829
440437
451923
509982
272757
665143
82348
49233
588211
146469
557326
826132
714997
863777
790670
91066
994020
469324
546574
939621
438529
433580
962232
122485
62830
725417
817624
832027
99543
268914
894420
52747
999227
554365
335240
603344
938395
572139
558530
852345
168509
248329
725719
374257
986397
196531
890080
541164
313713
8531
405588
271294
284056
887623
800963
587462
258334
710369
485549
256647
933806
175175
114045
927127
505813
900539
749477
381616
523886
512309
349079
457955
145520
134508
496797
347245
39760
369909
22805
58338
88532
315138
487501
584966
341814
870603
361271
402491
681841
208201
682313
879828
58027
323423
824883
616519
317566
906836
650366
975041
304164
855995
745406
769492
967423
792692
607667
212748
15555
757323
4802
798047
742145
221309
998027
180290
402768
939547
829799
375960
105242
247368
223999
623045
329792
524828
11724
218785
795563
966123
910822
886153
848113
645408
871755
738639
997151
990018
485295
624273
629289
585881
256314
95207
550443
414122
42659
802934
100763
725597
273575
4705
902030
402368
536997
258592
534307
452196
208281
122281
824016
477413
643123
808714
483847
407623
443027
659928
961988
465596
730532
658817
113718
166019
316434
809342
925447
344426
300521
991525
492170
690868
262859
563803
642688
395285
516942
327527
180231
387482
416368
76513
357856
959781
950775
807305
882587
839830
913578
622004
937441
343814
241829
399648
365726
592365
958621
170665
665481
46691
547889
525333
435729
726596
239528
354761
382694
174572
676237
659231
945952
147937
45988
987471
69136
562640
499080
83018
248226
625008
209762
86309
149355
895811
334920
442546
516437
396027
34544
443755
429796
258809
485775
394376
736420
654512
340114
599216
32113
663848
27640
397899
296099
965407
520074
15926
539732
779594
162552
99792
756303
668921
886162
720561
506518
809176
665695
747195
738704
53649
533341
895944
990157
230863
351766
33795
507767
20446
997084
713043
352408
700526
994785
179697
395650
126007
187573
785946
938399
107702
811164
264160
886101
951189
800139
843292
820693
420264
436479
59198
477825
644116
238395
263173
412536
88586
156060
949833
847231
503729
445722
258677
420365
415522
320413
104275
579827
948493
613753
125312
276838
812216
271560
481982
165674
215912
242787
188584
240797
520152
921853
997376
788830
682150
534107
971493
662936
983885
381620
544672
664623
971661
656417
990429
464517
868199
838016
955062
670633
588420
662507
170859
150109
185782
427088
752238
875394
439894
169965
151067
538018
541451
506795
260741
325914
746732
104531
372396
659682
381821
857585
45450
889018
18966
492676
283660
972467
704162
339294
795678
267416
180994
243295
71135
121463
396753
394696
186868
353743
493251
726206
965560
343447
286054
782750
598865
274921
188299
971319
152030
619017
938430
384232
952268
377750
962992
359959
369544
137996
970166
239627
266063
14900
293354
562663
733857
977065
831983
36868
584019
588679
192083
483177
301572
498289
517389
705066
254760
421631
565349
554330
819648
10691
711219
178350
139434
524022
127679
211055
920980
291652
984584
855707
189324
328881
199200
556761
876339
239590
577780
354200
780177
313116
445418
487363
276098
709412
322531
939170
818317
293904
937823
653328
918997
643330
829696
619221
541096
730127
34215
747935
829620
507599
848635
546594
911002
419523
11912
115849
833307
937251
297219
794775
719216
771524
761516
924191
528438
284771
560844
170012
905093
374225
79198
223406
737185
556026
80330
135154
359305
579283
43980
307196
432173
259360
594931
303412
981757
968543
640006
202378
85917
762516
794689
476887
202228
121458
110077
624081
33444
304995
664237
116587
860116
837044
676164
849479
736488
327136
402485
521433
536338
709560
777362
745753
476866
121003
362326
431396
605177
103992
470270
179312
97211
355437
74897
197738
452387
924442
816769
315758
493136
358487
622058
993378
737981
356527
512439
301936
999983
836456
266084
882462
69575
549936
115677
10123
892023
229798
240774
935304
814546
349057
553108
515664
319739
42081
892888
100773
778815
402608
911772
8905
113919
516469
703142
676887
307974
569909
509337
373116
465529
411910
607419
5332
139692
274801
815442
836773
360209
663491
240615
226098
996491
548337
450156
218621
993249
246629
445689
351005
990093
72105
674162
254903
864052
616815
427909
868124
851825
29498
815888
794943
108170
847853
483167
357585
695876
457070
254803
972539
825299
546359
768350
367479
659945
219065
518698
126540
212655
744108
522265
148836
70289
338488
15847
53259
84020
206073
244908
927494
953795
163123
272063
953742
361831
455058
798900
934632
239893
5147
439493
140578
59841
233397
841294
192747
970224
814414
956466
477584
655275
684907
246044
686479
55567
854416
414176
21658
60801
692168
973759
156585
665152
501202
888841
137148
587539
367848
402973
345836
550817
994733
977420
10029
328863
27058
808732
26915
110179
477157
734184
339229
676440
845462
406565
442866
591563
421095
880319
342518
634913
802448
919841
399513
46507
297805
766804
578205
748242
431972
640447
201203
190381
973782
312780
362160
663026
553890
713836
148337
824712
221744
223088
698952
97082
363297
671128
970209
724040
586608
25385
391414
607832
670661
304439
927658
633610
222102
384387
129670
613800
316922
206973
769423
399932
776780
59626
809280
999292
222776
325600
986409
923169
57701
390063
546596
647126
952959
65434
404591
435723
722592
449731
141995
600424
712922
882980
611248
830047
738147
455481
604683
205274
725342
77180
871125
843412
492034
431432
193777
708932
343081
648031
444321
801587
992375
7879
585222
878831
737125
785167
180786
867352
59433
779055
834539
6103
198020
747917
185023
707055
489639
673052
362111
703979
826883
282079
43481
578423
160300
900940
990870
764107
677225
615691
572332
569986
654874
498461
868225
56073
558598
243866
725821
252210
389120
252626
290186
133352
574006
999573
957355
83069
693142
407631
911094
116192
821853
532043
70831
520490
789950
439640
973251
389911
783979
946377
300702
68689
635842
823957
712105
62632
874775
517151
422179
600287
406490
213009
586907
508384
940069
503521
711559
755663
183461
389942
440132
49787
729314
950435
139499
717169
652524
889425
395788
485803
861604
500284
490442
587814
448420
494484
306579
802769
649356
408771
745978
579553
652714
82510
897522
432577
405509
901461
181481
882407
500166
733940
234558
501250
690500
521996
391329
853711
149547
495644
827654
238155
218183
279944
109126
475779
819507
590972
312914
71751
310168
527466
445844
81469
129892
600879
558628
150993
914121
519316
39395
899658
560879
140207
534904
434488
562104
70122
650469
699402
672301
539611
20869
182076
758154
67475
724516
836525
536802
871987
94203
533134
220592
469303
929478
81718
66940
222678
497796
792019
635559
750850
105354
335548
310291
276234
447173
337314
188401
177823
516170
399908
130984
714292
589787
36097
775903
153534
57849
762919
593447
542811
384801
969771
668040
912719
789028
152466
676711
357673
695462
819980
207632
436612
970739
546432
603110
337065
966969
438914
701604
925010
112486
95842
117071
17674
47135
822622
569338
670896
371289
593463
437493
977689
140760
837793
529555
466197
468738
688083
776983
352650
586847
938751
545595
169341
359600
733084
997340
331888
349864
166622
631877
634853
785739
321927
29398
840256
200034
793943
909584
503370
13144
156127
969920
620690
764021
512564
709190
814190
620468
913214
788226
185439
596674
442928
84122
692818
936918
43858
716073
616387
981160
485689
78279
18237
328079
346841
800753
668348
451642
709425
428757
381107
248202
584548
745597
905128
122059
288552
448725
615677
503374
538903
562522
580235
934052
372835
4514
710823
338297
924903
617730
52934
591882
125528
74911
229181
730564
777306
941012
981472
397371
918255
733053
2188
565955
219466
824670
220801
424943
652930
312052
315431
620516
619298
236437
155249
134616
862365
443654
658719
646573
975582
753049
416541
6884
270718
665153
318345
462335
553807
860660
216530
875768
695253
982971
791548
51927
853589
343257
579648
185268
829445
10198
642511
497737
318050
751527
57079
379187
545377
139131
15967
89861
698109
544996
945004
173769
876847
523936
179270
762964
243260
347332
926069
313989
931304
747908
300645
106074
225224
799969
231112
846190
465205
645295
890650
52307
999196
496898
209152
428872
351155
637877
64906
186519
523462
940950
200216
305678
680047
869873
794584
526295
239652
453559
3309
946166
658603
295179
146347
191583
920744
447274
361471
296114
169495
402740
631148
652884
38420
70363
367024
467499
325719
359207
125061
144245
993150
704163
8259
239494
798659
958120
556706
517596
228941
988483
199389
457184
865122
538950
139635
545212
329593
496808
37192
567827
777261
472985
560488
351010
377038
227047
983979
560497
645970
737734
815475
575285
570089
710207
194322
424261
930478
281336
339465
345719
561913
871708
27499
401239
562129
168870
953505
205443
73535
429519
421574
587814
333821
807058
198706
640399
632846
848473
752660
406637
437671
253382
276217
629289
23563
931743
461801
674080
207540
867734
160560
284924
374957
189236
606394
529454
755389
209698
366232
263818
102909
538004
398943
815678
869643
101714
467759
34928
248023
164516
473361
804340
688154
57626
254394
442279
704935
330165
484460
34858
679194
836278
111292
237246
716909
497088
374446
88505
669417
826028
821820
303267
169017
639082
21174
646320
347289
651022
924419
141721
899566
544894
245509
443545
799344
905079
992731
807041
652162
951927
208192
768376
354595
532619
295376
577235
325692
474165
612267
217613
293657
237881
238770
510563
963509
18564
165551
734927
947501
362170
905873
487518
175703
863643
207828
248624
464428
714001
655615
872204
199520
513496
882183
711837
455251
340426
165841
202637
894687
659270
515733
480061
763473
5308
815902
557534
666613
29912
211181
470255
43787
219465
362558
421907
900374
694765
797922
694030
603090
497563
688523
480988
350725
543820
234278
558510
259694
204262
321955
369346
119706
635495
979472
656605
514006
299946
151907
640040
64255
408729
344982
338021
450741
847152
120045
159372
141934
335594
109587
154630
38631
374986
747618
473221
722676
760711
826690
30206
27385
795157
606120
863108
555825
364172
479808
346370
268843
349367
133030
253013
753877
208444
853517
530692
942641
102179
762754
578077
131556
275780
89675
679725
880813
371665
464617
757851
285299
710397
817533
134369
96503
740552
275271
341032
385640
188201
537353
542207
801557
835671
814346
672313
337405
648051
593462
480096
882242
634965
528483
26649
636924
43057
414446
318102
519786
495398
978052
250609
24836
804515
542973
51372
577324
725878
439522
460802
997378
861043
442575
980841
597462
695805
101876
688999
572089
803060
996981
538318
348780
94587
242993
854998
729274
363812
787232
866773
940194
921723
972758
163933
17708
620268
734116
851698
219484
496977
91677
408614
376324
532508
528310
402067
222836
581789
715719
886901
188365
339313
608558
32353
794420
301960
814483
600294
718306
798545
817477
719807
966487
488068
780099
63921
944174
598027
70872
679815
293068
283214
403997
985896
920562
178458
607138
197202
561651
853485
150248
917877
116543
704480
738501
146926
36381
936625
317162
217118
316919
692140
288385
559079
90063
878774
921008
763203
914448
969398
723387
349696
258047
186849
1350
192860
455568
732576
86519
835769
825173
878431
915322
124157
831441
133492
778718
115656
941035
838698
438493
642643
973822
17258
104057
145122
547725
569861
611649
726117
800020
50016
812211
890673
349433
796861
697851
403541
803938
433122
568922
746844
978144
86248
94690
256479
654920
791521
857181
593220
992739
824423
293518
275159
501371
630654
625231
80707
400214
948325
744601
466412
459199
311870
372386
955884
983487
547031
79073
390505
906795
2580
391341
560400
257943
493627
348931
539312
660008
632796
867238
499381
972871
469723
922977
369407
289522
840859
102760
60062
640044
191177
414429
686189
722581
820354
752622
344584
661396
102242
515035
620907
147504
558634
420885
123432
790206
49293
751938
250116
983861
396951
802909
560367
392797
538171
609467
247135
462182
454199
983336
509064
103189
868070
369712
858298
534361
516258
387578
576342
79548
972691
214990
853166
128949
161817
855158
974200
232026
220626
424771
743791
873138
484744
919975
191303
782313
311546
589951
6219
488860
615813
476468
456340
861012
721903
460407
451880
755473
698960
685097
389804
220923
836190
967709
390535
653117
872467
860469
173013
478894
629181
584809
925765
523748
226018
203046
108688
150253
662925
390098
594070
189656
579962
862894
599127
95918
271129
560725
797578
475391
936322
704801
227934
300246
924854
570733
282442
219662
313550
84020
911251
464638
346115
974040
235674
620303
608793
658431
414751
104367
385192
136728
183382
908126
340744
998843
83684
359142
524632
520047
916022
861864
724843
337157
418878
559440
119889
912417
568268
661354
128317
102041
673157
410638
654744
55477
14274
800759
80481
43798
797383
19442
392894
41140
141086
881266
126692
790656
160335
730496
518304
7592
18687
545103
609216
502841
186723
949550
725216
259294
83359
880278
140052
225542
946943
880611
571119
170468
380944
304416
548590
194704
103836
988603
597765
697035
685185
810071
337539
119967
422253
556480
480548
450533
70136
899642
823219
721760
96222
244722
465562
647175
242072
106454
308552
692960
717589
23040
348093
431432
527130
897933
584373
435087
775283
19084
657582
680128
585748
790738
312152
353726
853458
410475
303129
349513
440887
246187
618938
636960
392837
846434
869041
26625
768586
838957
355979
769484
894492
266345
704694
673605
553074
50115
342312
617336
524319
109291
496816
27767
684588
184807
989591
370175
173136
729412
739058
171257
105294
853031
117319
522652
940268
732353
266650
963119
215435
760417
836627
684204
4456
816163
908173
978689
138734
64582
133501
599152
807925
243292
537085
856726
844635
13466
368628
38856
792957
156175
225956
618585
28179
53682
650832
779832
242597
997332
980040
673334
586414
432116
163474
572070
368588
794673
842999
839261
790688
232282
231207
997145
92424
593633
411977
377342
267062
356207
605668
765627
587053
9425
18211
477516
416600
484175
340040
768856
874631
539037
28080
67066
943430
348011
725822
155549
511836
410967
703591
476864
988637
974594
330330
279129
495660
994432
679114
209365
754449
561065
133145
557118
503923
557260
624482
423542
356594
18372
998755
695008
767907
335714
799686
27166
117737
769353
996426
947444
572780
322521
804819
120971
293433
137092
239050
198546
221174
106428
81970
963327
308992
622733
449033
19380
631267
738439
677910
725116
315061
855635
920277
896436
35727
868582
983805
407686
757929
565396
17131
709777
462417
798780
499884
154213
903752
659426
740716
534890
107961
885018
456118
574560
193111
339551
639398
974080
880722
465411
922355
135234
248629
724737
410451
119672
137503
201774
47434
106519
711259
638478
684691
466518
539551
239363
85161
505903
272414
363168
138866
143555
815626
805660
505353
33562
808746
605666
375846
557960
60115
629638
114988
967659
388358
272849
620048
197520
33062
43389
101601
888949
512788
486012
153463
223337
355305
527090
524988
9936
975119
828356
37906
409795
27004
228744
189536
319956
71756
998428
129661
743599
918458
237778
299639
426651
533307
603465
836543
230880
676280
176663
602805
802051
855014
830498
70988
724845
208579
539406
516250
141802
253294
126352
290559
397644
540900
718050
243951
151024
539603
533647
24349
56024
323740
413678
225413
801208
470890
999403
395350
172940
47722
774144
24187
372710
99942
804676
643013
16966
607105
272602
405623
458337
391121
739530
566509
984708
291092
851500
16041
97362
132241
683392
290427
63465
766285
753243
619725
102115
455142
696636
83144
884600
559311
467517
525671
331073
804328
335525
302486
948695
441337
862810
446598
63770
603147
435379
800400
142862
412067
501868
113539
415007
57244
496243
842252
711109
445855
806751
508481
792450
713666
941312
742410
657673
350843
496657
815852
666681
803711
468938
757043
478982
292860
317906
458236
360249
854191
196626
646556
753869
394530
256933
820912
113851
262726
627243
489795
232784
298793
783229
939733
895481
208723
163003
753614
692961
572995
483520
627327
177329
695169
442295
222224
504758
808480
793351
725580
112097
608082
171178
198598
21863
836711
47963
229094
69577
192612
372206
854227
3758
641596
349561
238143
646955
296174
202224
816714
980709
78522
350671
30931
834254
75073
697712
935074
945035
692472
317308
883563
474422
155848
612670
428352
453439
23814
179283
395159
561197
520650
611710
820338
167683
525614
298840
211953
139261
573157
850404
93936
135929
583605
348289
167198
738163
979346
159544
435228
764393
862617
739573
42573
786397
774630
488019
791552
401913
495698
435344
404599
982924
252172
824864
78292
295859
937107
633565
374431
797395
754445
927771
70134
315970
106567
676762
849426
309829
693194
903508
610033
448756
642646
31671
348453
263482
851582
362989
3769
695545
599327
556182
143419
47050
673790
881943
45611
82273
708413
648908
503358
690191
221178
59225
323471
347682
523909
799518
649379
555175
763323
573705
441751
289744
183875
941573
751465
519728
100133
667343
81247
411682
643906
372138
940119
481290
252596
553961
35117
685427
78274
914473
927554
313624
500160
118945
595439
67646
985473
318738
338246
597630
765178
354776
551489
55905
857845
352419
373194
505380
577710
558143
937510
538650
204302
757902
466559
897009
481409
284760
450252
778892
643126
608953
471583
921936
30003
791225
156747
388347
185298
992249
810223
768622
952540
12104
477924
54283
394496
544917
402559
241849
246767
260735
408387
979780
732824
311240
345190
537442
444603
516521
775422
477585
375788
14911
192904
781787
792422
283683
505237
544699
622410
378711
812306
63450
47667
938075
301810
226034
56758
261856
687866
422932
951739
589652
669288
347076
515506
269276
695041
778562
493493
957664
495606
940068
67832
686591
809906
425182
746735
803876
359683
968420
848125
623984
673058
475430
881108
593431
841761
854394
978925
480071
825264
395160
422949
685570
597259
646078
904051
182156
318660
928180
675010
887808
327336
781162
839343
261502
824273
472573
129505
443007
18312
506264
474367
777673
419348
826231
302866
78589
293923
921159
541433
664398
910548
520746
663747
193804
237855
652246
892269
824286
278754
294045
622775
274319
411656
291399
39653
43135
465048
709467
8335
601018
529560
298813
332005
414373
310299
990833
263363
263572
508334
173629
491181
147321
401819
305197
848231
593464
373400
793008
419124
830230
697552
131936
266857
56719
851147
721503
280876
162054
261628
962141
347982
557143
613095
192437
357507
654280
693805
455159
361978
146015
611061
258305
549213
539661
547385
456582
118567
837320
974058
237680
532636
698998
880449
280994
104042
693637
110819
118998
247962
573527
889392
612390
199795
778075
458473
622502
15147
553911
509179
980910
950922
538849
230316
983285
698526
652493
924513
840280
441941
756801
201226
296827
378490
359492
244138
195398
123279
877620
344838
229841
772355
19063
160618
493146
854416
789834
372178
513395
94707
314421
883452
472249
157641
731359
231880
294590
573699
64573
543432
169160
301702
359462
548458
258419
402338
653379
438207
695985
873388
512482
521703
690546
584057
438953
451547
292318
764986
721831
138775
904511
12015
958150
439202
466044
175113
767325
411323
315776
497953
717346
160290
138298
480846
211709
476224
918973
442214
411831
852979
20103
767701
342161
606074
546974
392723
865073
529466
435606
433605
643575
812203
338352
419570
822767
277794
340317
143648
794655
695547
552416
40266
508287
991842
909585
130625
746696
791743
67837
67357
966053
386236
205867
818397
907526
826483
481850
647138
52116
946745
961189
388421
730175
286594
425513
385424
392818
26991
178941
627616
613864
399227
257984
801685
591704
802621
459121
62323
788300
686170
699159
774424
735312
498059
807361
803994
121989
163207
336232
9276
850709
867597
873392
254797
514816
617360
40973
882142
145109
276542
772803
487454
134525
441519
415557
270740
547058
328423
725439
127927
451213
516872
111600
397421
634300
524567
264366
317471
44242
438376
856077
153909
253560
814633
4571
949811
388289
252617
377154
745903
535260
849219
826257
862958
95970
617675
331860
744539
803791
457811
169567
471139
126286
247034
219370
956783
721517
796114
701142
665791
498736
462732
765454
733728
470913
560706
257864
421770
87365
563937
464747
76504
96201
8882
881803
715364
310427
281859
461583
449790
966389
462518
201332
416329
940117
146725
463594
140403
634280
563441
961500
264527
278820
497190
581197
153681
522421
293388
5342
964005
44687
672973
681132
591148
775970
732926
221142
702740
908780
666635
229596
245842
814184
305988
403043
966207
397988
471422
640661
256525
715696
662887
491173
302116
132210
574826
558000
961757
113047
859323
285247
655449
629412
577407
693865
771967
674858
111067
262421
810386
370392
64600
148829
396843
750442
615280
135759
231767
304832
245368
978061
367631
379209
571305
874708
415568
976286
719436
218329
179799
58091
477442
638287
859131
380168
670893
777286
679910
119974
939327
253997
830897
522852
679389
936056
540380
475265
731119
622812
340135
516716
179015
192631
281743
812280
69227
899534
184872
764907
122625
718446
636307
574005
433942
808435
749341
63358
464202
276775
882484
753624
538460
464386
468423
64148
789774
857935
692537
9648
741428
637936
725633
421294
887519
149112
339169
786816
908192
660086
606144
134111
21243
897361
239270
85626
697066
984655
92948
625675
282122
733552
145982
730182
571366
283191
907046
381804
132191
205768
965782
459708
854645
768748
964154
216072
276020
82866
507607
906853
53629
189105
801708
732028
696880
292712
414500
899197
95411
488902
379508
619124
612514
287941
790615
155700
215763
236464
937956
730927
596356
836998
774216
746535
592996
964727
56166
497407
480698
906571
690952
381227
899190
128994
356096
294982
626642
512534
706015
260995
834277
554108
238225
938491
398404
259530
613908
472484
852181
913042
67091
258274
524849
943532
751651
945399
874613
431603
122201
151
787302
630117
91717
717143
122046
28462
823568
891459
657879
450046
287213
576078
190003
384918
818175
613092
531302
325923
156871
151836
9121
772609
665224
803465
554715
435872
255162
139632
882909
392004
63334
876947
876523
766374
492836
167660
960586
613816
345199
944949
497714
658118
52322
234660
927890
406520
324562
296501
385659
107316
538439
331743
405290
28256
647575
127976
866805
939589
516065
334804
341136
708879
764963
899257
144956
948273
240249
674926
616718
5669
921139
908322
677464
468625
4177
180360
447158
377989
550941
326896
292918
218849
985509
246385
183589
730900
712212
470339
977138
407615
794605
18409
155970
342455
102051
296139
385615
917289
726615
992482
596925
270040
308782
233420
184699
82179
451214
700543
198546
13858
116534
648922
801998
794190
62071
149655
791237
928192
460819
849245
615880
992049
345585
165362
270054
251745
618489
129230
413208
854068
830546
107082
276044
169590
157877
926775
799121
43007
337262
311372
730843
84658
699503
593591
813940
346079
77585
416020
568000
188809
241768
405435
952107
851905
224193
856308
596145
482417
426171
560198
696137
564085
602239
225132
236271
765603
673437
47721
965260
945835
864196
381299
42757
509338
328158
585098
372189
777977
161734
782572
947848
586770
842855
778913
4301
383890
33586
537969
94806
797322
229115
785206
835159
809231
839217
352972
894297
252802
515576
629092
819938
462506
829157
947384
596419
926653
897045
320153
39614
118206
2090
670308
303313
502080
259171
204819
847587
225608
29015
118319
286538
42448
796238
959971
114167
272424
777660
212844
452735
226679
259867
89389
436422
986144
803684
204640
668938
807488
577449
227046
800329
921555
764498
646591
534097
463158
55922
128276
104802
779911
418437
383665
136385
473768
264840
628305
315868
20963
353717
818130
623317
569192
127322
132936
543469
274929
831189
155501
267470
366278
969134
462646
31924
458780
709073
32257
265657
871001
675558
341674
619837
60723
830351
832316
693103
754102
88957
690308
740410
602916
449583
835202
608974
250614
209481
592441
493769
33537
678925
546790
898690
693236
793656
640077
551538
410046
21627
68142
144896
601612
209045
869847
963880
929200
363657
52179
231623
74397
269377
455808
292677
158607
774975
735358
890399
396935
479484
275907
354447
174068
477471
254220
483547
202029
67291
192430
830456
607899
209893
808011
491096
39220
373073
828639
607575
233122
157576
776570
117373
879618
712168
590280
968753
165128
249720
667980
820539
593535
330950
174188
567092
883822
398368
216037
577357
134742
44459
950814
504568
506201
264227
54555
847734
118581
336943
933256
958782
820269
772512
353141
494023
653640
352518
793185
378354
261362
956335
509295
474519
134273
386493
803702
311595
888915
399139
683380
702475
996755
59004
678562
314983
345754
30279
407330
438606
634546
624579
979988
66257
971381
541923
891017
503767
374164
407087
754319
437501
542515
142775
795883
791143
376050
350387
844389
406824
106503
810236
405309
51722
81607
619617
48699
311802
111299
600871
484580
139283
626127
62433
690313
123525
641694
506215
402809
651170
510281
555190
424342
456901
615022
246116
252037
67935
6069
516414
912831
464159
362030
538432
908549
722621
794966
919472
512176
840868
538041
116055
289702
156666
27825
769821
299433
187725
769228
611968
526729
666843
722764
954161
46970
687998
22855
580875
750912
100594
578095
483376
597894
577860
142252
177538
450255
904154
133989
599995
478531
408153
909534
484266
588075
321974
428156
515275
539896
247709
679075
460481
374398
63735
557952
863410
374526
715676
466915
884735
804128
257749
896003
42142
664255
653836
831526
637463
163615
594322
580248
928855
616250
327117
584984
511668
42999
222652
513683
893310
467772
409001
717960
27326
246170
291370
811658
168078
906791
923091
846756
627029
1514
232827
502806
492381
616558
955113
402110
844114
458233
655772
984530
748441
269335
694644
121674
83402
845647
653376
685658
638284
618487
977061
501149
774604
668387
902823
17485
347865
633337
868567
160815
723679
77408
698522
794956
941503
751575
605841
300313
212359
482530
533034
865208
773139
575326
666307
741271
524095
620470
683958
362167
340423
521582
173765
709767
636094
781789
901411
23406
894504
217400
989341
679912
367732
247240
122019
13192
418841
636413
991863
623131
418763
422685
242417
861997
271578
215893
609260
325861
173800
759216
431889
387467
397061
545125
203134
147626
264297
888330
230930
594641
788877
912167
446295
44659
913510
817830
933773
473134
939326
205542
439951
425321
332913
765486
56228
439766
483202
287102
489061
306903
659544
95810
837318
224956
620760
66336
499330
413867
281184
545392
183975
333721
779612
787787
230139
54388
778249
551612
987850
188771
415108
22228
440781
94949
732174
561242
943289
813142
485215
900382
683169
567568
735139
526190
437000
708270
827925
4578
323911
89836
758135
720274
600983
914282
270379
690792
343164
896335
913713
206480
826767
88523
318
904076
85158
114100
822197
36131
154721
121170
277509
386809
930260
205302
12830
772794
329996
543301
567952
713264
479936
770706
732291
943029
118166
213801
492301
481538
824206
648105
393395
444005
590735
853129
800127
163921
462220
404411
279226
139215
664147
790061
834311
683027
869746
405868
66972
970090
305862
852003
571229
168718
957089
578626
337623
166748
879127
858170
383190
102173
783782
89572
889827
847872
476671
149889
529309
534953
983477
704924
359794
184162
687745
244108
308411
804143
586287
948694
527666
551360
164585
630639
599312
34304
628255
808030
135943
11723
589711
436288
686489
438972
380534
435237
914644
827043
259859
521432
535082
940118
472596
887613
885041
614943
575072
190226
267507
80019
293568
216152
611827
54658
166314
53579
46653
537866
909804
895884
415464
717062
454770
355424
142572
818980
677044
245201
432410
629140
136446
318002
638652
331293
246429
403328
841481
95177
263395
250660
664901
413121
23064
408981
29747
844467
640125
789659
166520
257135
55102
746094
787406
541586
810995
752125
579617
980889
18706
805642
655433
754903
471989
120754
86309
889089
27204
567307
372752
172391
651839
751078
580675
881533
386667
527283
361799
72664
755286
647748
793749
136692
182791
993322
717452
323121
903303
11195
482381
163871
775622
171574
761398
450158
223660
724925
123002
776072
198781
73216
806042
135098
957288
373179
958850
749069
991468
41301
810626
235059
549672
234857
626279
961949
650877
620962
806198
3434
128353
921984
591364
605241
156611
326263
857397
115231
170391
712118
675471
316020
24893
863109
102202
124680
88210
315527
500566
853235
313938
647903
456185
320074
891751
943471
454468
581038
132883
485820
618912
795198
519735
959085
299994
705132
804478
741299
735961
340909
463849
968002
854072
144842
178743
546044
987716
407380
902128
449711
553235
498420
709902
462133
402623
585697
379593
918714
530942
551018
490749
196955
133471
347315
700283
134953
147619
50940
430697
184140
426550
731037
470998
436292
335241
303886
718238
336139
281421
737570
546422
468375
704781
628820
916629
614587
297192
575738
206144
936493
757418
48342
284400
450274
352071
519564
592417
878806
790387
174189
394874
573480
669857
998833
806676
621921
144405
886660
372584
571989
1192
77367
715482
446818
308440
957527
305180
865621
871817
502747
765312
679725
724636
170934
725214
233655
949355
188301
46558
298136
224542
134467
192803
271401
474989
235375
304917
494012
417650
529839
725448
624701
247145
825750
344014
527284
778056
538881
912278
592679
373045
550087
936895
990941
340329
569934
717117
291581
633375
628795
743910
139476
265592
803073
438362
684981
213934
549915
663949
588986
883955
490388
356659
420009
701285
404035
896582
918707
715824
231573
836919
859862
400193
606082
948783
392161
408419
924002
759808
205592
510264
412248
533677
262573
214484
522796
172242
206574
315257
849655
899122
931711
457003
534263
266011
898044
583536
350851
962488
502784
941350
408792
481907
213444
180928
655697
499780
261023
894366
743285
70427
701547
645385
977578
528294
911944
197896
467400
762623
947194
913313
376905
633013
803950
547567
542044
222902
603546
577053
257112
512278
337282
804092
435214
29310
690454
771399
316855
976052
757816
461872
48652
920194
860124
209958
103413
149446
789257
277286
828185
714454
324924
743867
614612
95373
716395
870996
278983
947126
599271
177216
792264
943252
249306
749960
63994
826252
585904
275561
67000
862769
663507
826540
315179
803945
299406
791460
54844
383040
668371
715716
249314
776329
930072
282650
720348
509292
293403
138796
398331
313617
640647
304237
923351
786600
293103
465628
731426
4626
753206
276474
901721
347503
262993
282790
389014
340997
129893
707734
793923
632137
65930
13428
606569
217614
859825
777491
426790
638151
328610
81804
674493
741178
91869
496057
421575
687172
748770
48077
320648
494787
375821
933967
847133
955299
524889
629489
119440
878088
397957
33937
185038
66261
69075
35787
936752
337752
649773
105144
85109
235154
236899
971912
469457
121510
135951
979320
365470
77596
599962
751855
175857
789523
592215
359675
387976
55361
777485
301539
866207
921768
916178
247656
264033
666776
865874
524445
259580
145818
740335
743712
945933
719040
193602
475380
396347
513991
726208
418748
29663
92326
487097
408726
814497
585654
690169
494930
749470
817661
779345
253006
401925
756504
320496
906991
182081
866757
654890
635454
197392
174155
121819
831388
714035
170630
219109
873892
150846
315346
249940
413788
286607
208724
688611
359638
595611
241312
670744
331433
996772
492106
671626
627975
624327
924940
292227
528571
533425
207057
388288
860610
258418
625756
481685
209987
889641
522840
368941
780715
154207
260476
162479
804457
361201
611738
446909
444611
282404
463685
799830
183827
569949
203037
455835
248354
49128
828473
425135
531232
906934
717679
959479
943037
434212
41282
915969
103846
252662
751401
967361
642847
847778
800056
522741
560953
614729
220205
485866
668465
110016
910554
111129
272357
734669
131690
706153
307635
243566
706321
93848
797872
337874
798996
158900
757762
722283
816178
241027
299867
231643
546478
299266
770962
250059
858362
211723
64224
616283
116609
807631
375411
551283
120401
798595
808370
239480
534116
3416
397966
73243
734922
196258
917441
16203
730164
8922
219239
701259
819167
418495
864821
899293
83098
476439
573594
132574
549622
52499
101104
374315
409546
615568
34079
234881
643744
723834
938959
568675
245184
374731
710471
242484
571222
282801
914279
895076
808194
30414
441278
514887
697340
482457
945545
270977
821538
278433
900873
589086
627424
449650
988800
692158
179515
130960
113159
561453
150202
616736
743503
336337
665201
101926
634290
680700
434539
43369
239349
876002
48819
692211
571101
170212
962495
128885
655466
844235
308410
487943
625204
609168
441709
126412
577441
847191
308361
954100
18433
308605
187731
489179
991238
308678
905580
51983
528867
902137
697724
279214
248831
155848
485307
955758
522966
15654
665948
741879
429549
473981
40406
913387
233392
561464
726927
250437
963753
812219
777576
351839
153119
679155
433951
840077
467081
18503
678757
761831
345901
499053
886077
68965
395546
52378
94477
969954
91582
500561
854597
696643
981925
227101
910505
258801
204751
714010
283324
206337
337516
735085
562827
56821
490550
207443
83283
360924
607531
524311
314448
143252
908198
157341
832739
615856
940441
860828
320670
181300
579561
892649
131823
66557
346406
867054
69672
811774
367974
180601
38439
207781
219005
640368
768423
123996
335578
978083
758881
79851
704833
277882
905696
327674
103584
354637
790880
674612
442321
385235
677858
953992
484523
466225
999631
992521
388869
252468
436422
847861
625736
871514
419972
654483
796528
127691
586927
586229
565599
513445
11327
457117
937566
136501
646666
876348
735729
580865
924394
77782
120469
919041
433356
761921
889560
779119
338328
554507
951573
685876
719992
853051
76299
804865
788743
812400
171289
102783
818840
232615
511257
228318
825760
984536
773270
32714
849281
352447
224619
241276
533364
70648
60921
351405
16849
505091
625924
2149
118398
338088
985707
405361
960562
175284
535554
69490
535845
591649
153294
792594
733782
865747
931228
69650
879288
638207
491838
625215
118906
291238
480291
16516
559922
33023
361042
304536
249381
979699
106371
206487
700853
503170
832218
379183
66727
166979
488768
17649
207184
262088
448224
276807
655261
34528
44923
403333
94267
835190
982825
770776
110761
793814
691629
905179
247128
107728
117747
847688
591995
439925
865320
703563
566001
351486
876406
857778
33549
501901
279259
723713
455742
332043
977125
950563
690720
631472
110220
373498
7262
923360
918252
395543
59841
773619
255709
370565
274458
765005
674160
209472
534472
182572
835081
473667
918119
657921
514324
614271
27029
983029
988389
58215
374050
299276
38000
405480
766931
645415
222625
574263
48339
397219
624474
285506
440631
277471
524103
39112
366444
77404
389790
230340
938304
870589
296184
548996
751241
435181
878471
426009
51062
812191
938036
60583
236144
466993
600214
823644
843372
295082
495952
292094
439824
359458
35207
145500
269503
688321
369598
470310
894275
675871
185489
617177
297750
912139
563787
936338
470733
782439
391652
473540
291490
30576
688154
992645
587036
279260
440810
110018
881885
219932
46187
511571
750664
159425
310920
577386
987852
420731
439064
576420
565010
769148
964764
454402
693503
316923
348180
141361
747046
363540
178238
202629
781006
937356
983852
658117
741658
139699
962688
184991
510683
470114
840519
844604
808623
179236
317360
39342
249555
850929
226728
597318
38349
328021
424339
713411
213487
967792
949480
618084
56072
452822
107369
234527
773869
581078
517694
853802
82271
815000
723885
113462
928281
266272
865912
902907
915257
476655
541524
429998
92936
870408
415361
208784
49256
980048
642954
822304
648025
107983
864795
787249
935335
28755
889786
255638
539572
229171
125156
603129
928862
256305
812229
648779
501772
976697
97426
77589
967770
412102
866759
849902
951647
223140
5176
604165
105303
872912
706582
750302
652146
341755
523905
143386
377720
951533
708484
857326
284567
41031
893426
103158
528138
489057
316634
194978
735848
766225
884201
696590
720135
132429
367069
955120
213579
400936
677922
840299
140814
895416
46475
283264
600493
817945
855662
316324
973741
253898
386652
551340
525641
522996
637947
839460
680921
567883
709186
863744
641824
593293
102481
72874
598258
751400
993259
873722
618688
740664
432337
673156
163970
834414
199164
715786
909375
475980
270326
188690
707708
901452
220245
957395
107711
350433
259605
512585
37182
887381
323857
720744
771753
231569
111838
28588
556305
125307
729220
943311
590388
661370
3866
461524
442470
823957
377405
636289
633180
958457
799660
549610
535128
829721
118915
362599
640557
422640
18707
517927
415022
205090
66138
192094
38071
868672
707364
695514
585175
456106
476541
266163
373145
750415
621137
723937
649453
828496
561187
873960
495224
488067
973094
706286
483189
287188
124155
2093
63622
252165
787720
851651
918107
954965
95409
758310
616573
533247
613430
889590
164024
489689
769001
699883
816227
146141
899530
279981
613389
836549
719809
407875
676614
90959
302583
828003
663303
36832
203089
998951
695167
103301
508233
570017
44347
371156
862123
644869
831152
582769
685994
245381
880296
992621
437404
731066
800135
31176
587865
430397
446458
604759
684843
274454
523195
169985
118002
19084
708610
380003
223255
156123
344075
948628
757483
543940
462208
771458
281243
931070
892932
699579
107410
761098
574556
889416
71595
653668
309177
487667
164753
336021
760550
177834
539702
796838
559562
875324
494892
706031
221659
973376
981027
407629
906016
305557
35456
865074
941792
683779
358614
171861
301036
816832
642627
430603
588422
129231
243498
663086
212141
103427
477384
304697
392582
926178
725493
485558
872105
923108
500025
335374
647044
533659
763849
670848
153072
145644
579805
96173
404494
746747
208303
758095
32349
69029
84113
991626
504604
213094
134891
353051
623702
816092
426193
924205
570255
744931
761597
424650
348169
793182
496622
287598
958003
786327
417052
161847
811503
396478
966742
558521
94719
224398
719098
985967
327499
639757
660049
375436
604497
901490
736900
30127
72041
344672
659263
521396
619828
450577
486305
845415
251553
80526
316445
618131
29595
334810
75312
373433
447443
934575
756095
12700
935589
72992
579276
766777
396649
248477
631252
756372
138009
295061
323401
398318
632730
826422
828967
950995
277865
240848
493941
505743
137763
520151
73307
47105
244080
257351
816922
320007
124365
170850
340587
892761
843189
942037
885112
594930
688812
469113
916785
819176
507176
866740
881677
741149
450588
622848
276574
259662
767010
352196
673806
2376
138308
34846
130875
808891
103015
140674
499053
994215
835796
610748
839280
933747
2788
694737
656723
574492
917448
589572
261115
658890
163890
866996
627684
728575
162404
781986
828150
130664
188307
845969
880192
241558
617463
456390
842707
586886
849522
324975
32189
672156
807898
556000
809697
836271
325605
542520
904944
769405
845808
982946
626182
800447
356012
360375
700579
368536
256677
702529
600196
269223
612144
428635
122461
842619
583601
335028
61046
987942
933767
36658
253791
299562
962836
264691
4113
840785
998380
535470
703651
710361
344921
888824
510566
399883
783816
20707
458205
165100
366933
905153
236700
503053
903982
145990
49723
281725
603814
258891
705271
585695
488600
863215
404647
857366
735670
220248
682902
240796
795245
732247
649601
963698
498743
771690
428142
630642
392252
524890
631719
192320
371237
71109
835794
372639
477632
464246
792046
354080
407689
39664
131820
372724
746523
534090
589991
677411
215539
407796
782722
969302
318876
176855
909469
536846
661821
56731
510067
186103
655291
319810
15764
54551
105164
122609
177017
436705
488986
610639
259785
474406
412623
630214
727271
847019
336003
978279
745206
352021
509568
84970
576362
91457
553006
685714
817932
894832
531424
926383
553674
901791
545145
307965
337912
697077
201084
603178
703591
452950
153520
78901
668640
263189
199916
71986
172094
605382
584516
335082
880613
528305
398352
272671
991202
206946
860565
827117
670497
747933
139475
592395
841861
624622
993579
135153
376232
103199
639018
648852
837999
953859
987894
198029
522824
454832
101715
625303
894851
989386
766355
78071
536522
812665
312280
60406
680958
954812
391303
645578
943472
319575
891659
497811
893049
136424
907267
716993
707063
874328
489225
644882
470820
116013
77216
898617
536532
640635
385913
896730
327883
623802
259042
288434
615480
76403
599436
664276
592530
297173
738807
291150
94222
581604
460924
543530
367162
873553
806071
432912
668217
114788
202831
55049
299228
926357
397219
575198
621081
719227
584594
214751
222634
720156
644519
845311
71940
322467
48928
364957
286130
36207
686873
164702
174094
871688
793562
793845
32988
53612
15353
558980
952387
395848
675949
452828
371433
838210
482225
113441
170090
312627
387729
2505
864564
658290
817045
347267
201153
535051
673095
616564
881330
946511
590817
680732
152453
543493
2392
206551
826163
794494
350399
368192
866921
730118
410906
110704
480800
77046
376960
562404
344923
889767
131371
300732
282301
849409
388704
81568
14404
24945
392309
100925
625574
755193
331780
349933
987974
933601
790763
162165
517587
26059
518396
985960
870974
788708
418248
471208
282261
501431
286979
906252
880193
208475
916500
385885
356376
844429
265148
881211
148064
725016
880544
887325
154017
286384
36788
93750
443750
844831
763654
795698
407056
877783
947109
331295
197270
808614
150444
12585
160284
564679
480238
513726
281967
595732
256959
538448
987611
756505
388125
938552
277225
595909
248122
152120
790073
740922
339111
427737
166007
928067
785950
964019
110973
473509
265708
460363
169477
834062
725433
61590
433609
315306
18101
719772
349817
513685
456161
324664
165080
477931
230008
277756
677620
883770
532408
873009
151744
303961
240848
164348
473936
482386
358631
466715
571504
587706
794054
315855
185952
975138
247268
33620
762480
661734
155725
535884
960756
996642
447470
610234
446565
145797
389695
85737
259412
69949
960269
632237
282315
953170
646627
729793
380418
317199
329556
582415
381819
708826
200488
42255
497211
385893
285793
554567
376293
995901
22825
492592
954996
275712
781593
538361
469396
852972
489576
996261
200222
574610
985774
910799
923311
464041
597652
385870
840227
803774
687579
695091
947251
578633
37253
641519
904489
259740
551523
42706
85499
81140
137340
159726
185484
339826
790231
305178
971899
771363
690214
36306
50021
668667
583311
7932
89790
34017
980631
33157
359943
152292
822061
268522
609708
40523
640657
645587
964606
577033
729567
172313
917704
462479
35964
217064
989392
298876
184156
768704
550892
356976
375277
525589
49725
270462
963107
902551
526285
881727
35169
951884
155457
878275
734913
8856
862715
298403
261696
162015
115918
320882
894281
313665
315998
461330
770268
268164
19604
872546
474715
502352
675068
999957
683121
154707
339899
819934
862303
256325
628592
236103
819685
222277
703909
880098
201673
793570
176882
262550
45062
34551
565294
477851
762836
338414
797971
307072
166864
269989
47213
8297
731657
649261
401727
919959
12390
630894
317747
4832
807479
875049
180795
333309
24854
886358
974024
320322
950522
723116
432358
946280
369432
213311
390514
957830
882357
852291
562489
336671
691533
509486
927791
494228
680729
574012
251273
212154
406977
306188
949623
695238
632606
311656
525441
868965
647466
436386
854653
85417
790343
586137
314538
662173
454376
821659
272877
429625
688672
374948
367845
749425
789957
359493
604077
602983
235713
27744
850477
432898
980405
536720
813597
181078
608713
894821
679768
490882
560852
528396
490649
467545
273061
349262
963924
785464
812204
981743
961587
944887
113096
947126
612395
11515
283374
516173
886907
959463
272114
45246
766209
139826
252278
442653
483065
552532
672364
899205
754258
99930
527497
989690
588015
555545
206920
93166
72887
186175
999127
238623
302937
477764
831906
586845
653855
299328
691771
564841
141742
661591
802595
191929
526168
4303
360632
431961
124062
481538
135034
272107
833605
289519
428347
502351
240851
331626
769443
522269
687526
875572
727709
324815
66674
351013
776418
238332
625429
657989
644704
510975
851545
370171
492166
771702
313733
525469
284463
641191
531744
15398
876840
756476
192707
625925
130528
195183
276634
313746
53099
724481
907383
674203
180531
425315
467986
28765
736699
635384
647201
2447
736017
25138
438096
37335
542416
802969
46046
55008
556623
460202
347860
451331
733738
315612
73185
452770
440938
911678
541527
583572
530772
282555
937404
192378
365003
364800
643278
214000
95074
42996
730583
513632
400770
849318
123176
571376
399156
890117
897269
168795
274317
366344
168333
125021
238259
757998
82356
183496
181903
157471
671326
876468
52049
471986
423306
832211
505882
360712
632249
959843
333131
429781
594378
844476
817832
753663
499124
205577
829096
412190
303199
283859
181723
417444
864543
149305
553720
310998
701774
470844
483522
50872
384196
860855
341079
228744
171894
553068
27989
985952
764712
987449
603113
133118
10384
204649
318325
301793
41161
836134
787229
672458
411056
942349
148335
283170
827423
844826
311021
845626
196228
995138
99960
240300
840797
94048
927130
497889
671122
174919
125679
410028
906542
534070
491057
275220
191419
222441
721631
2992
8954
449612
784074
717994
977916
118794
104956
967909
392544
440964
606213
952059
756202
515102
458787
890207
231867
298291
994957
992290
413363
961448
308060
751697
724832
956766
426071
319099
708897
169025
824409
371088
93723
68542
396449
767332
812439
998161
859062
843091
122615
952380
966069
862463
171603
86547
734264
117557
727541
117044
831397
110190
149229
257429
178128
644657
779473
284534
346766
891798
485524
639733
268119
435621
134465
401024
310807
242716
985365
358948
982289
149007
434487
940292
343600
61034
386133
92646
137324
496786
555996
224168
675413
648426
395539
340432
605888
627314
182997
42433
301259
518601
572265
819720
494157
414419
416192
779542
59167
828661
263178
976137
28226
191613
436405
285859
146988
806751
903043
376667
811250
564378
378438
978770
33555
609082
324795
875870
619038
483958
54145
154947
565953
918841
843828
402880
77488
649150
135402
516357
287598
847700
761482
916610
240571
361665
142468
77210
912922
827011
620592
702646
296894
777457
407879
432950
980625
965313
392440
102723
720352
122595
957928
925120
534373
565513
798537
95135
762354
538762
545685
933648
168248
466204
658024
116051
657010
594111
446392
796014
333489
440313
551602
802171
799812
668220
693425
368857
474819
422499
960093
557187
922617
789723
786590
674685
59371
224735
211324
607466
843785
670491
459861
875643
343920
250098
936122
717506
736154
551707
956134
199460
960163
300774
456347
298157
830712
190749
279195
590526
592670
589509
591168
108769
210268
305412
12600
525373
827015
987932
54625
945893
636712
79573
242941
797386
597963
648761
442450
142353
896551
634425
555105
567168
941221
669805
294144
182033
229583
943545
946966
892201
778454
727051
309747
985250
136832
798848
447946
808516
405868
54950
174284
511315
872643
190172
63521
400898
409533
698006
458885
570117
964301
425661
275197
996356
207338
760563
268149
651563
661243
649844
833464
281438
13407
487896
80907
561034
45270
718901
375462
485015
491471
140705
266064
110778
700302
786901
537878
913382
397689
847469
850343
52578
81792
317067
576271
192758
239656
511452
492622
534783
782002
284722
213141
166114
581164
939857
737948
748829
744275
992325
88355
357113
793507
600048
541763
778588
646526
765666
279663
847418
585461
745440
432333
4012
74101
53831
806635
760729
933200
563211
802463
558224
73959
74456
57472
606904
589490
391321
582010
605663
323820
522390
965266
323246
536413
659832
826743
378046
50309
431464
711489
272387
970978
278934
78025
391142
760159
40342
488227
505457
879257
181412
250620
717604
285006
757128
759757
272036
735396
434132
108473
509523
41108
220683
790025
679419
249841
434588
699905
176547
38873
411979
912927
829508
533047
702001
495983
782869
237937
631706
495374
652611
324853
251724
747769
976445
954715
551975
250897
588331
826551
592808
627757
66686
214975
797575
254108
208930
74451
434945
679542
103185
42285
830704
632285
578241
994726
274005
231061
681469
950881
956728
378365
694546
518489
318695
808106
550815
127683
389978
149855
627216
415263
870967
725482
589668
772449
314800
56605
704169
841206
892362
869864
45130
719285
965049
334800
102655
86755
633319
950414
484642
957283
406612
646022
121250
249336
631896
470114
5648
734520
500355
403211
474455
803216
969509
67972
305865
287406
398569
801379
342164
182351
223772
235180
728403
519781
680332
480011
30912
405475
680971
240110
957960
915497
171475
807549
745143
739975
817347
839799
584338
964080
160200
861290
661892
93373
689431
465358
718576
187738
51286
491711
426789
63057
632666
269334
702832
560433
930507
802851
232970
417754
134308
883080
789106
173992
795415
595380
426966
798010
589005
874299
186411
466846
734603
441487
821276
710747
620848
959902
84254
356506
901787
207687
468386
599473
882793
743737
976804
267725
871260
823915
464097
27708
623319
549554
38053
158997
393861
176258
395522
288516
307546
140803
62109
935094
527089
711823
465506
839517
82069
426630
493079
999712
890652
995535
244494
395555
306412
46891
658100
785070
654305
330743
686599
323132
489671
485182
316197
350627
889474
543288
935807
316314
971661
364900
802220
579628
338783
898173
606426
427128
697705
879067
778335
457122
877692
390633
583534
780762
337992
406271
728165
16583
964864
153692
353730
269263
63001
226113
214262
556614
361264
765420
285458
310832
278667
117744
463070
532340
772472
122414
271112
72032
841297
803634
898298
632531
266273
185196
678660
919371
445985
767112
338808
631116
396955
331053
790037
164009
705328
17423
655387
774514
928629
999666
252414
755386
183031
514684
437685
563587
925279
802612
599985
445704
167921
551965
532459
465191
750
764201
91862
369706
942874
69916
405876
637553
349848
150527
181061
105917
816369
552828
300761
900571
232243
328029
106311
368107
171382
765276
76598
143628
662714
382246
745304
663717
527660
343665
379191
471635
97095
267766
869992
31338
291415
119437
12764
305898
213273
63589
12308
511040
992511
835996
945845
412597
31632
906241
772849
894583
257451
669347
989413
564162
314027
221461
187970
609323
485414
359682
569634
361353
546640
772711
801980
25856
740094
532273
594547
855851
975684
443507
699336
420517
375615
781379
550896
964917
785134
420850
622017
868500
438779
415399
997894
691355
530712
719256
214449
853262
607109
929764
750320
304639
753005
300559
689880
449248
454768
530650
193598
844009
768444
183550
150757
144482
475604
34757
680337
506381
895603
792710
173754
434932
226185
423163
482396
811658
17252
826624
484971
297153
548458
777834
732964
561703
309443
844738
891903
123261
77651
461981
750529
318551
185893
204249
38701
794793
699235
951542
27354
728691
520257
737870
430176
788811
249466
906738
765356
756292
326899
627107
343603
125688
812027
296042
460164
894775
374772
773268
395637
87564
37195
713678
466623
803368
90402
382617
420454
605038
934416
860201
478160
619546
333694
123936
608888
996175
386802
998242
339066
438651
693224
210196
866766
900649
176028
589302
21906
439586
324325
668891
581503
770753
612347
608449
430526
402514
258713
128785
714707
139366
775293
967092
196087
698934
633037
667471
339332
979634
355924
141085
195914
703077
344937
292008
490111
931014
536688
868644
275410
163613
548538
610088
483680
287695
2440
21898
54784
864905
996909
646229
414521
386693
319249
30057
212627
523772
683665
263344
489162
984744
508868
462008
970207
168308
340121
194226
439242
333955
291548
615046
777418
881818
10199
889553
355740
866667
700501
268028
874762
122175
982210
224954
573146
129279
121006
124382
71016
875678
923440
400406
355534
79782
55783
994504
796927
415006
465500
759623
673395
790166
70915
190194
221692
408207
400289
42729
184696
49993
3015
739757
320927
852201
655164
734611
837244
713031
202297
857381
493113
988178
54669
78293
453715
783584
845153
331935
753132
422678
524310
887482
247423
669937
624714
185018
639918
134062
183290
91781
444343
860956
626881
850031
493765
679292
420415
634229
442275
124882
153237
962771
582475
267723
412812
261506
252380
46922
252949
615698
245227
161361
303659
456543
670384
173704
57492
117043
107809
872813
44871
805304
927837
424089
109992
695256
722750
73003
783407
149171
304337
20947
1830
892732
534370
374269
92113
30833
375408
943703
530087
18485
880767
203777
865087
802443
2573
908752
153414
29041
829084
33471
425261
304279
721454
937267
737247
601082
578895
596202
262960
611874
303116
414591
397201
469620
431041
762972
544191
10420
397520
330172
258813
529883
188014
139419
580022
648081
210775
964029
565764
371080
175586
642456
873230
265524
224879
31776
315595
776042
24188
949869
886950
322644
850583
446090
240826
790095
445806
232604
900860
172065
557378
50413
849144
720730
81658
943700
423028
39430
582100
970179
96433
136716
458102
628589
387663
275174
476195
647698
925456
880253
145417
72808
365749
90592
814326
812199
598788
287009
746859
771569
122731
431500
999113
658909
529790
777093
398312
567263
9949
283325
428743
108629
356273
27856
365917
472816
775957
943166
327182
715517
521169
283717
959481
750671
816065
360023
824750
662859
29332
141821
777213
606864
35568
942024
480361
689409
928179
643823
792636
192944
475605
308938
433076
589544
64489
259306
38939
670167
352834
618707
54132
803990
540530
174295
384849
279895
260654
467920
675266
223210
740493
142201
652584
838060
643375
409065
190503
989900
694011
274222
768633
483963
481920
645698
669216
176944
114429
842924
775860
458325
688700
317686
818970
705041
330648
289862
702741
510131
645728
519580
818934
464503
64916
119079
33519
405049
263820
905860
871878
87539
711928
603732
6181
179636
196418
243128
879374
84576
311120
93228
956651
972894
763813
865533
918723
854114
99239
81896
184457
39703
536123
846289
892687
402216
862860
214429
664536
608107
38507
808172
600266
521578
161489
597046
306370
67856
204927
939841
263170
402605
973318
514492
52037
87526
590243
121211
565171
203900
198594
601360
790192
305911
8035
146562
272591
410350
791450
114029
642213
445366
716528
779190
31864
304357
427880
986536
283029
305089
139932
225392
750656
25866
141892
40113
847302
164385
174232
932997
936495
547988
418638
619794
935888
312007
572349
660356
820220
293760
822242
405292
579226
117070
296511
226293
113298
382999
794529
665854
869282
727613
79611
716697
592077
498477
554606
653472
236722
620292
724330
371630
595578
167069
579950
472705
364267
634555
811883
961450
45594
762192
723143
89390
13693
601960
974653
422461
258142
131061
855649
127692
374060
379447
662529
927313
947692
810951
390759
132123
297740
788737
905596
368203
794776
506828
652231
883442
182022
681928
663698
44425
846763
662354
886765
931015
67281
596662
918540
615907
666336
389938
776075
269286
386360
96931
103826
169515
23265
826255
716820
886071
354010
15822
921329
923759
212750
145685
754492
313146
837668
847648
735446
702772
894901
226172
410553
413387
381337
43566
896017
673530
430234
540227
918212
529504
843914
342709
214483
880060
362225
462135
636504
501127
899934
280990
738991
560110
995998
728812
98930
225771
814603
104185
463004
848767
563323
978944
203215
883726
818138
923587
729840
359767
365330
573788
120048
8142
818790
481890
34662
915223
879710
51444
789016
114721
965021
437221
45529
826013
683406
871876
751116
559066
362941
753222
171334
157183
273090
696402
826578
532900
87320
637417
25614
534797
111243
810225
823922
949507
81872
889372
404721
851281
602350
491449
871863
78552
790682
394263