11277
381518
41185
139216
594075
612594
407616
845823
286279
990392
53342
264997
168921
631043
558082
589274
391573
98720
798135
656293
257237
44026
557763
581381
6739
154806
303666
632026
627011
942380
788875
783027
890013
94723
950372
978741
517496
568680
808145
637348
801682
861931
107192
967825
472300
798838
465472
951008
175186
750570
765224
658933
691449
461783
598452
996603
324736
244504
338369
3984
434713
822666
516730
457937
164097
876199
945443
94205
857131
296258
143123
404040
774651
967393
709439
598911
492973
608562
953200
642962
619478
668652
710743
717763
33987
265155
242103
710378
595518
690439
644224
504930
894191
719130
896444
168852
435934
376588
156514
527069
842006
353749
264648
235615
715237
246574
117814
642081
779585
730444
487766
949476
440261
330170
775751
154755
497240
76306
736976
96453
655342
658967
783601
176643
414696
114994
19350
326256
663831
499655
613669
637258
185054
251508
541110
803484
29429
83110
168738
370221
115338
365463
123060
165961
46658
721960
944509
638761
959197
84054
897540
683457
407031
957660
288729
206567
740266
280869
461450
717467
880401
474541
165487
602295
335400
415411
11680
108852
383759
708125
654983
445270
714477
586152
105616
314678
822577
619849
441085
301610
920372
211557
233173
740690
92730
414570
898684
811714
65112
424648
113310
603143
276335
35856
501765
745880
346454
317671
120907
50779
223574
921702
661225
41296
757454
956498
684717
733854
833783
330419
617418
70904
685826
125907
527882
783724
591262
151892
363550
229128
5781
409646
536662
780073
195158
2501
211563
19489
36237
509795
448186
432132
383022
423063
501196
781519
170130
591017
712592
340470
643896
349560
329386
961353
324780
798771
932964
545410
645381
19120
531778
874861
106503
299180
112820
933812
75113
29728
429093
444230
567282
953596
533681
720100
783293
844098
678131
263816
872475
264002
514875
733682
235863
352622
222559
197264
986132
556121
281769
833993
662675
665873
521070
380582
783057
338581
168766
990301
851085
661813
743863
993148
933223
417861
313588
662831
255268
587837
348707
400173
689550
121456
903988
102725
329785
134055
22318
293569
828064
162650
146332
569204
831917
94346
976228
413157
119959
410813
280567
371800
107430
205143
371620
113653
766866
427794
553736
373208
515849
821210
777568
828276
731984
443208
109951
360996
387969
878648
348122
968016
303538
748105
468929
91000
943862
884144
704872
920928
269693
445881
717988
186392
887063
320156
236721
592295
636693
443640
310767
588884
621520
592879
491566
620688
987779
360541
755998
117315
114451
447669
303209
881073
190704
931834
33628
548169
945747
445783
105792
450378
672551
558557
968327
707346
218756
917335
995170
59653
599446
10314
587888
432150
706396
334286
679312
582517
318221
820227
267991
422421
478229
898482
301021
370521
430140
723842
963698
723098
265640
364820
204078
602071
329465
983291
434150
982266
718930
255707
158395
968387
306552
685277
920076
378772
648466
420364
904907
879383
246864
307855
394029
836303
747304
568131
150715
497402
59836
140404
509958
903712
288728
356409
380792
556988
444503
475817
726597
601283
460709
410813
321215
982485
366622
970116
506697
792063
503957
531709
714147
188459
87218
13780
92453
656293
726323
423100
634119
955850
185939
596197
512156
93455
152519
794139
160351
29547
54949
610043
67174
562339
917472
945170
974195
552240
98286
856851
116970
469710
902602
109109
711516
728867
379861
660263
46401
113162
808792
874929
668805
941436