858228
455009
96456
338970
663017
848085
581445
677835
183113
47919
198189
245053
778880
193620
493746
992575
709149
924152
436386
686959
149258
626305
688440
786781
330934
147450
358095
400671
347347
774064
606706
654385
196731
99693
851086
104774
429934
60814
928201
963247
678582
653187
155435
746023
902379
965859
620026
399481
790099
55018
593381
170638
316833
694544
950422
785751
409950
574534
869226
524947
674277
645264
385277
761789
698888
63034
194910
382614
421457
578616
45922
943882
748002
494046
882196
752706
31102
851960
542602
604997
387168
124807
245779
770827
93577
280665
237772
776224
561240
803587
486674
281265
161617
144766
601745
416119
761280
863068
489723
872637