655364
308588
260637
728226
875249
90873
598675
289537
555710
514741
81998
641573
747431
543485
287807
375859
439058
733507
703182
53105
758124
819593
830281
131084
590706
461883
612153
152324
472524
716650
282001
300728
664979
58017
137728
70153
130611
264358
221606
859950
373164
725326
460002
494036
558834
150141
40522
452464
759221
824954
204916
944610
870587
955883
630513
158471
903912
825777
564954
104347
175520
572194
919106
449993
755011
239199
110475
908882
555735
4434
139348
33173
988164
304647
114512
134720
54520
187299
785138
352788
325227
886277
719492
982286
486268
8567
478551
402103
485114
555664
601365
516106
545408
521258
290802
550845
718328
651132
124417
459310
878208
355603
413667
762795
897321
831218
8474
483870
769820
496962
846971
841299
237207
551223
987586
276776
557717
102146
915519
110672
596812
831148
250863
13187
903056
597014
62502
718598
117269
330570
680295
91538
757265
82493
764630
769956
757696
224995
298884
428512
324737
513199
873194
488675
537886
728550
333362
502692
667689
756831
151470
950597
805121
675481
722667
609084
342516
848057
121632
746968
979838
717598
457985
540787
278064
287011
698161
624435
970156
841584
758932
246844
587021
821053
652098
383222
921059
267301
157207
887286
291739
93602
492455
733771
502270
736235
898063
222440
7504
57511
619815
133097
374168
481548
786451
401155
450752
25753
341049
936589
158226
822316
997964
911973
144674
56513
944455
712192
771019
309959
236598
706706
773009
753824
18926
930838
391718
283958
82653
330106
97288
484789
643324
425131
832007
225832
636129
899768
514660
643699
692528
630885
833301
147690
926770
402383
84454
471117
232318
601975
856505
689762
649235
646124
587502
177133
747848
751449
867038
46733
201882
210409
49472
110198
992037
150546
912110
238662
613934
856645
665538
689926
550621
428400
733338
332224
53384
342702
145212
1144
643433
762765
133586
244808
569714
987577
805206
946715
856823
206281
967881
426246
50826
158694
870428
58814
70309
1620
932786
351610
644223
441310
686013
418790
822337
214690
118981
437120
991506
683894
177223
485075
662287
810358
941434
881998
590358
694380
423469
74625
613953
572506
778764
517043
660209
358502
806145
788834
435392
987171
778934
713240
266840
664184
933689
454886
188514
714735
775865
658944
315798
328220
361901
254836
16753
137703
339732
688584
980997
937721
379863
321776
467818
422783
274122
474601
363858
790430
546257
910133
974138
4979
107167
703283
359485
697413
232474
559834
505347
184074
203291
268818
662486
630098
901009
424367
933141
750996
486148
891659
858433
389012
371895
425278
392244
25005
769704
719292
564146
214848
768497
571084
122776
864121
396496
696481
738801
348731
186948
464727
11496
661736
149326
676683
595095
358094
884503
231831
468734
139185
57328
603625
7439
52529
905267
942206
325797
920024
173065
940096
486293
192322
798086
286266
296733
80809
527918
516020
989562
332045
785499
386160
919061
370172
593910
715263
780893
245379
595170
817536
827184
787889
160889
709942
898866
314756
632622
935301
382400
608499
905810
966921
826879
759639
509426
168916
945294
254967
693213
834754
237978
338222
8259
156985
261071
258747
12984
114498
416108
641573
540952
702655
653295
79561
356357
895688
941040
468610
469900
340518
705738
161011
108582
991723
842163
45428
924506
22508
652781
285718
250880
586141
283925
771797
305568
877127
573785
498009
541560
744744
27271
47401
440412
703655
277952
354413
232504
199922
477323
68829
937777
594742
480326
904588
583210
527418
748855
574091
988195
484249
929984
455035
74811
421082
899313
836915
786902
793581
286456
281033
483225
534085
808755
234369
837778
933068
655014
939344
381045
454152
918856
311307
764353
429000
168120
901681
919490
395466
81037
58385
40239
478637
568458
964762
653875
207181
746992
838269
640073
765888
174830
510145
620480
572652
598068
985635
318302
915843
503077
788583
221089
183197
237931
14655
811040
601712
999908
603671
875473
320430
490362
782203
594980
206588
717776
472614
847756
959434
818648
151400
581021
797267
809537
274354
551376
440115
772878
716225
771428
144864
204610
994213
441951
161222
498423
756525
677939
84867
430607
780465
556859
971452
953345
602812
137892
928282
492949
852628
779241
911461
74987
185958
984822
700283
551860
761235
630766
785580
687684
99985
188872
817461
557120
104639
460244
208152
779570
226634
697820
804692
45563
657333
653669
905030
193000
412488
778901
863324
723037
987287
448174
534514
55853
789421
145400
442635
224268
926806
519613
32557
228444
575878
157678
978393
569123
182121
495331
543141
104094
120072
995136
802552
463470
778773
639539
176738
350961
317715
20633
753813
844396
529380
481856
598916
110884
225520
151047
496663
230220
83503
887970
918088
776024
311956
724666
360157
755312
119191
495537
378434
890496
600157
548099
433986
592172
563269
28296
919650
194081
179665
801686
224602
418759
917551
58051
732337
861714
76772
19464
450740
766968
795220
144257
575186
836669
114096
119376
695191
443817
374012
944354
553923
762523
595899
283081
53383
782968
101434
945993
755227
506108
970359
654830
610238
763248
394284
29850
569547
23100
754427
768733
558965
102100
690423
899965
449439
15886
825100
266645
561883
916
833805
321177
830332
882805
21848
655735
671385
83094
259496
374681
360225
759109
6455
107527
160854
688878
22862
125034
784552
520998
481578
296875
36399
426725
484237
329850
406083
724753
86814
641323
349627
714997
580861
958394
1089
290832
734439
780783
163343
739530
346307
195293
676744
675649
351559
328196
845557
867330
896074
510806
361370
518612
171110
811799
939764
288750
533065
431069
991378
229640
108953
879927
790413
434446
884737
102058
368486
117937
123293
466774
770618
284632
151102
451320
147492
234229
161562
400329
273135
404338
958355
720451
132726
288457
489378
971715
146523
439283
81824
563337
982560
434360
833649
381597
347813
544677
515277
950669
103934
355676
791852
28433
963632
487557
610190
280783
528777
630882
845668
776953
922841
328769
634142
625236
73744
828874
814738
59604
919414
4408
945605
920740
575745
973029
623066
535169
15894
19197
765461
668614
103327
50261
389322
709634
819781
658580
295334
167109
277770
971471
490585
624570
943430
883
938847
768238
412605
424667
701930
933551
216537
939266
47470
284559
764296
486290
728264
419208
262964
875227
442252
606649
144731
919583
531945
47503
377548
629898
982011
341951
131965
599999
584045
53103
164171
821837
912393
481780
947150
533952
404830
913014
423384
742100
227149
740464
616779
371781
444656
775316
385236
383233
403750
915275
959432
527103
490047
912538
538201
893097
621121
990560
615733
641269
197717
398844
772219
346002
568081
210187
243866
971965
388707
88143
830408
130482
3990
611307
934684
587136
983300
323594
136137
804917
64345
750688
219768
911033
317247
260937
845569
380407
841515
190861
222725
532406
789572
393413
267370
825350
647659
485335
911988
453781
770027
983260
245117
813985
578111
903331
940561
410888
381626
867727
151080
212155
126039
586203
956672
574161
745437
308222
911511
49784
405038
942505
721602
481286
498349
254894
370605
993133
375370
9402
923504
499405
909292
577987
604426
294436
785786
484349
476732
354016
875269
193157
647876
768981
597909
985441
763188
59786
136398
284255
137711
982958
126974
674905
875968
750312
639238
893914
406231
377740
567267
455835
426529
665065
382361
296998
270595
795327
358459
128156
521842
996686
727577
532882
988018
898313
590790
448277
42152
953706
166468
125902
181278
901791
232655
263489
483860
899810
560835
780271
539709
855846
223146
959260
539165
620525
6694
742955
39996
669750
5175
585253
767047
877524
873066
433880
62660
689690
400095
849372
458096
308787
986101
234737
69496
99470
859348
394116
315088
471222
383190
120720
5426
153983
408339
774561
767542
68956
376903
45237
508426
388430
380386
709115
673551
987959
182061
420093
277841
60941
429268
335001
47776
142762
145172
721450
221903
306367
732673
631943
688265
917353
900916
115553
771915
203868
199889
526800
855297
996475
422513
402791
829121
169802
391536
772291
360862
639227
506580
23331
207786
513700
819608
779761
985868
293202
91285
715295
23417
3447
151820
223981
658258
684990
465490
493639
33498
864383
889880
212042
191827
764238
893270
79271
925428
543022
359316
838048
623560
65251
863765
127088
102181
969893
404384
963207
845768
763953
335724
94835
304778
219385
698343
122458
326977
962811
98019
289764
270198
562735
769502
887157
717374
595609
997484
755800
350903
69375
517699
256439
262433
332789
786083
612870
675990
973140
16480
946624
777191
108617
126989
832778
923093
677129
573895
290931
535657
483554
901339
155165
585008
171437
137557
914293
386903
324128
837094
917789
800286
62016
399344
764972
962364
987443
939890
835787
720528
938419
924107
849600
531711
691039
471852
794823
700654
391467
243295
133084
458461
671352
415150
73878
158494
484351
889713
476077
647154
987494
61176
370460
686143
464117
495377
230050
66351
39650
361718
984418
997095
413832
201814
441194
470498
499190
82238
538128
12906
295908
804644
302392
963123
196161
590608
128627
882644
346792
397607
809026
890722
394928
381590
919224
850027
78178
833239
894909
863564
170182
930211
655470
951856
841558
811316
869282
289189
770644
87862
178248
701980
673399
50314
118124
807485
938753
322421
541720
177445
221164
903275
380631
988733
311618
176244
211477
953784
149964
377977
366434
871656
275618
102958
927189
647870
814561
35867
917069
372124
367675
772808
288403
90329
100009
771332
296795
250256
879163
18642
412650
84837
315471
236145
529937
833238
747360
536263
645143
809145
754550
835241
624821
404184
716987
594633
967674
263653
316142
591741
299663
380059
735024
561512
121941
967092
806908
268999
289962
850497
846644
793370
632587
283753
689494
947244
19091
343744
796877
368065
20386
67331
406180
630556
641305
295790
941077
98026
436289
449146
906176
158670
4171
754678
221751
512330
677810
543745
38966
109894
617341
230370
258480
246209
946528
127812
701828
478545
499330
97937
133391
939352
192666
748841
117403
2885
698610
461567
772212
913668
576590
993488
86427
103748
735270
201857
567508
576866
442062
349781
668122
604471
60982
608392
589491
635707
421262
505994
885534
586004
338882
361115
53864
578111
50723
231359
616605
758105
123237
548767
142108
942475
331269
833852
416324
493456
757123
477264
7626
301477
906957
777539
966893
979980
952892
746887
993920
417532
348407
209616
99238
215976
12469
288883
79389
135658
397793
947034
14832
875148
883990
291874
326672
266867
181321
212561
807806
462697
422534
634359
255199
908997
380563
919904
669361
858745
938161
55474
76253
529464
553280
253098
172258
896962
754626
979501
787121
700813
190456
54222
212760
550034
20584
672603
333462
996785
745600
436900
315917
322881
712917
574729
134677
273592
541252
57151
28780
816308
635321
239583
814412
8420
720590
406698
792469
388501
225547
666781
1130
627165
295180
982125
626136
92574
454848
234208
697967
253239
398925
74632
265077
928909
301969
191644
379888
694065
799044
534772
293474
859374
386681
137697
631890
517810
675011
10086
920900
427159
87924
926167
345610
229708
438977
753677
167731
32036
181057
4484
397858
416763
454356
235857
550971
916033
630177
652418
698038
142052
820087
192340
597589
918238
356821
489163
105906
527064
613189
899762
350962
115193
916450
374191
189718
343632
194107
795778
227632
239002
708048
416474
692402
964336
462137
3156
343521
613840
633830
757649
579881
374086
439745
699698
302859
226294
819184
890739
373554
950537
643446
937441
990627
53490
730873
283001
242193
519772
771358
978719
648400
805234
494928
27191
112546
636618
589152
784548
351022
895535
870407
635483
761422
387721
189766
58659
369671
844843
176366
363563
690324
53049
54908
332167
576667
84468
181852
48009
766529
49508
814670
142968
894809
776225
154918
848496
376183
644605
951533
331093
34403
638929
880230
898293
948137
257891
795819
332154
433870
976881
233909
330888
104861
651292
730809
145145
177247
648436
876720
694514
864168
757148
906224
371490
669390
805274
71030
90455
388661
722941
773061
644604
768198
606379
813671
36275
223422
931782
740050
120651
109090
877115
109670
918814
769745
163623
323923
326666
290097
462501
488856
400970
861899
490936
138278
265776
624435
45778
296227
320641
299296
706303
784138
164461
180570
67249
458159
404265
203217
273128
179552
847787
413065
132734
560231
667777
499315
504780
510765
131983
951064
649405
908857
610275
767278
930605
911829
483767
134285
481405
414481
617666
512315
534198
577377
360891
276515
192151
981665
896427
423909
130428
126073
662445
1223
122157
328412
854469
414472
730881
138730
552923
118101
188909
662966
26899
828245
577198
318369
150665
164063
76238
104549
206062
237451
131669
138350
829370
707430
771472
945186
312269
861951
654583
367170
215462
877086
99261
907816
2494
220052
78393
902960
932226
98350
498988
406004
849196
709827
575790
166703
211517
165997
231994
795459
503641
674836
849234
365653
118526
471014
189328
227926
247010
268515
156811
164957
20073
557140
168162
910256
323584
699995
171624
785314
986073
54438
110636
165206
724035
709629
753187
174625
42213
457723
712373
926606
650198
543322
229665
766139
444700
110375
689101
57952
705984
152212
85166
761712
752394
163436
399824
235735
380255
328737
820418
735652
616883
750081
537890
723969
67436
106759
939456
256605
969557
889806
292722
234154
30459
890273
817652
41346
558248
506989
443449
602725
890553
60504
253906
15901
619294
839850
61242
943426
679022
67689
855548
984410
265125
342212
437697
207448
74811
98597
988090
9029
278689
733609
295078
838268
663899
113964
812672
594383
110965
943933
399561
566984
60899
443761
544301
975881
19129
423123
862549
343445
99523
728889
939848
597479
698562
281586
637950
775360
64516
838299
563651
742399
802526
538257
495684
193128
621513
365568
764730
150023
77143
475546
412528
317805
86672
850724
374642
584025
949741
45098
87764
920435
57968
105491
162332
760497
693342
907087
717005
483932
511002
478380
340625
260141
678432
626184
917890
321425
440282
614689
146005
393356
290210
534664
153955
631481
623573
870132
190741
704048
258384
735027
194412
798080
88266
218492
444523
141915
570766
83103
804193
934929
960339
478557
642711
217077
301370
8724
383058
107868
917411
610835
416325
819779
934891
682764
308694
869456
526854
109415
660235
893233
377270
953075
525713
133537
804646
199479
729769
632649
789413
14247
29935
446659
635330
305202
173192
577337
149952
587448
946856
197292
836854
57497
964542
21777
187654
761193
128572
874197
694519
83071
501830
981506
64562
960365
295414
118202
987606
773257
115594
131807
974712
168554
131435
979349
308538
878703
283866
815455
521542
644729
708025
984486
304552
67704
27380
637976
812678
668963
176138
163309
827324
687169
854844
780933
761816
800101
750608
810286
345711
56375
638210
159937
160474
828972
675272
196971
28433
510551
589761
700553
689313
201817
18873
724973
885133
381236
131355
837118
422463
25278
810932
974396
651177
550833
414496
314656
662525
533471
90835
541025
720837
341059
967366
34707
245855
236978
82747
250730
15321
39280
285935
143837
190373
84382
322972
221158
798265
445073
766888
398885
177606
327807
741869
510052
827410
359379
558438
463670
626036
537568
146930
250808
420204
129649
949576
906809
664284
913534
624952
149942
377703
907068
777370
825406
830181
437324
688917
727540
465536
706451
814413
329651
634862
224617
478762
549964
5323
603498
206338
747498
704465
639851
201698
398935
318903
285255
381822
874647
104292
55831
286002
370930
645583
16959
43636
400720
752629
365285
873177
784124
698741
154685
71872
140491
67083
634688
333599
393942
628007
979963
285160
39074
514985
830980
53975
737889
631356
367495
666331
795729
573132
562302
497886
118723
960677
465343
251251
257462
964778
604207
399131
367010
656942
722772
534196
111056
415090
14793
197055
459494
200572
505802
829388
249985
323216
716079
904388
628539
780301
568118
793939
438476
479591
231545
488752
695948
665341
87742
68106
113686
868759
351277
975889
418121
346813
388700
388638
699368
711414
474950
439615
792097
311644
800347
105187
760619
841176
126129
837342
383368
902016
348056
12314
199914
59594
458699
241179
204402
548395
912577
905453
970131
404944
929699
220716
692117
604344
652889
565872
421110
135980
523902
267795
877163
829852
662514
598432
977284
769048
918733
124697
470765
703783
805168
600741
516624
271944
301944
129300
190296
973314
330124
665745
550993
300394
742678
204899
531499
5361
198991
235871
489309
60007
212210
270382
684839
206416
848658
895863
830447
600545
971719
125672
329101
317336
900036
100838
619554
69557
817540
813071
171235
179672
267555
548840
517108
993976
225737
532136
958895
191997
381761
663328
825411
172795
356328
838021
467449
821900
47552
815644
916306
655753
849764
139264
590925
759269
288534
653843
818565
238950
863092
582463
688630
885184
562826
233256
134880
568655
728512
462384
115780
258800
996404
138662
798027
178493
709347
740108
535046
249764
990528
143619
415952
861220
696551
173013
302480
903779
365291
990047
581787
484398
783819
155033
594678
740877
246532
213891
364793
458562
689216
182702
567438
38430
776876
235877
431193
993985
81895
124086
136434
818796
53078
586272
403149
757508
250900
762394
167803
160486
299463
877630
857289
80353
370830
341649
995590
923348
186134
129263