613435
722747
702296
734751
421306
773993
542584
237547
418963
96428
718689
91794
343250
42320
216506
647339
360828
49316
62784
333159
859796
846157
837979
670523
175097
248775
38668
184997
575148
679162
553987
876574
182448
629877
36110
585883
60042
646025
763115
347967
875368
559876
48510
799648
951198
395849
587614
435124
248203
643145
16201
307416
959898
280096
663224
927740
833125
504142
776718
44783
430899
870352
913770
390403
243490
491290
175387
331037
165600
238388
135027
52955
685779
280622
81780
167714
819609
670465
929703
757314
169065
888452
203596
875080
210200
687112
328812
164385
519352
530768
861770
614246
660763
656176
337080
679625
715829
713089
980741
13401