844892
436090
869059
676467
894761
706709
201608
398737
41828
973217
121652
339247
963920
666678
741673
523502
852363
975518
374325
499429
289593
744585
159302
440170
979135
670951
51389
329537
577387
792230
824859
861535
290545
767816
212952
886617
369937
648031
269138
149870
630932
978728
991394
683053
807924
486018
634251
484293
775387
914121
280332
538535
572804
671188
185045
376601
704382
670343
896406
869594
914767
597525
676530
946158
238133
863445
99986
507013
315912
842368
126359
739916
605435
157189
434855
265423
586113
703049
565801
600585
574924
783038
305227
129866
638448
742239
484416
717059
394982
164933
876296
652721
750957
789289
624487
440484
677387
37879
749815
115883
203378
846859
435097
976350
159613
316554
349895
931912
285657
6880
628549
597423
194561
851409
815222
634112
422113
341630
884811
903068
837468
1975
953814
307001
575657
511799
459965
41206
462488
221376
607753
433536
228275
725268
602398
683866
403711
301773
851077
624076
705250
760218
856293
964650
399326
355670
805905
556223
578043
335302
416955
415575
230660
694575
704389
61158
402791
310866
154552
358936
485632
313029
821966
84854
436207
856048
552617
535537
563237
220960
712871
107727
641598
660555
535885
522543
526088
757217
551136
556538
289251
551563
16466
944680
823232
26242
828633
257580
118603
392399
122652
300030
119589
225563
663047
709315
719114
562
532287
607578
686482
893016
288815
546117
481747
936904
758015
117234
922915
620805
97958
836966
951611
228959
736662
670213
224759
616965
233750
195648
139194
450945
946990
220187
893102
618004
849851
127641
491433
602222
846178
693831
347371
807562
772385
757987
844932
922020
14529
24231
73938
829720
538664
167285
728488
180440
476043
74848
772299
839818
72832
79892
21206
97468
766833
787876
115133
156165
883117
659758
140398
862137
11672
376557
242067
789960
933827
516763
15796
996659
35030
481729
315066
199660
677930
802844
430286
88586
864179
613357
21408
444390
418458
233054
702084
209941
998441
299404
601142
526401
867104
532085
286654
947558
811621
758848
846319
531495
616919
920163