694169
289571
842438
629744
175228
659497
252587
557695
603876
436380
721585
998437
917883
500692
862604
333664
130478
682601
944358
959066
335572
34290
534727
650995
998504
196569
587247
994598
497842
54104
929798
468058
497029
2770
35370
188871
130657
77968
732136
975427
297208
518358
228871
964585
288078
865186
792317
188132
1209
153408
941445
243421
576072
961549
943624
451263
91136
235910
789880
793763
652674
890059
478844
232413
343624
826806
663173
403810
263694
664722
579008
754261
966733
720186
835108
125676
980386
538256
807275
188803
523342
611030
715229
186045
482390
813548
114503
530579
946955
74726
476747
753787
652004
812297
482641
617717
697159
509987
669083
647988
898663
193092
948535
551912
74310
183069
267469
625956
958812
359667
7832
681841
610128
616703
215282
901678
313635
371173
578759
646754
55724
34511
652075
480864
695101
985190
867144
844758
639589
569581
429936
387250
909519
27705
995793
918384
446920
691217
934278
555525
534942
657246
928074
711841
875299
757070
630599
34341
211089
651276
772621
114721
848840
483412
644638
59528
239730
552373
361317
252083
274439
740455
986375
354318
662380
684550
36051
729507
328695
53867
230099
891329
385037
560677
668100
477704
670381
438489
107361
847380
655173
194931
279387
827332
541634
874568
183526
706982
689445
152906
601901
300417
899472
645159
650918
248062
618593
573758
755199
168499
703669
173438
268599
623885
695822
479069
570250
30170
148303
159218
133701
160177
813604
729457
149175
858622
724862
315712
609096
869614
629564
635642
529123
558835
945765
878207
572175
503156
150866
274485
205084
931989
787689
999520
425272
131678
475139
98586
24481
789322
127855
66735
202484
775214
613776
527767
136101
64324
676129
855888
797384
248788
451737
33752
840971
643454
588522
828164
578822
133606
536291
639680
554475
533116
562101
136292
726168
257639
474962
641967
784972
983629
820913
672802
304629
751809
739055
755963
463911
232138
649423
270733
350505
654348
141666
221112
222058
170582
156994
946635
110545
130311
162424
531058
951986
378141
705533
335773
628252
313180
697502
99056
317775
458007
844152
468128
184075
850077
931043
871089
123523
745603
237419
826505
402416
172939
455418
443311
729155
113326
667089
689638
846962
514251
8373
671392
46516
842028
920294
193569
482247
620785
226250
137457
306862
625435
289769
916797
357881
592631
503185
72523
117244
765028
777306
699288
788770
876611
226180
916049
271450
270779
251196
36714
390831
329254
626366
774173
37877
699292
173204
148674
616031
500506
927548
180423
576750
147342
400807
481101
897988
561921
905630
803552
169495
601889
763968
85520
799424
264490
510566
814512
541811
493489
645287
67947
812745
224973
627255
757886
966713
521122
461866
685781
420646
893131
58839
517702
755282
528611
821847
640612
559856
478833
854253
888321
129494
414062
339391
451332
713297
662963
512514
879202
781139
603267
56885
86012
119303
757427
754005
18245
460466
299148
423407
573217
231033
296510
485505
771230
441360
3357
745430
672768
287993
510945
71812
62463
29117
887550
342408
563031
6098
732286
380027
993725
651046
639371
992371
33708
50827
116489
617849
516252
872575
337568
888162
426004
723670
55959
973772
222871
94150
214107
994487
148090
122447
358880
711549
614549
899141
992927
496175
34840
960124
860349
696846
773685
738254
347148
946851
314299
144267
750634
331259
512643
36094
260935
527683
819779
178200
878405
806332
934207
715516
125496
182618
576224
340454
449164
552191
713437
405624
184390
965455
761686
428131
994467
290991
706303
692590
815388
993951
385529
412262
569803
842737
583612
578787
136039
704038
161457
718386
430060
382948
382173
148324
971222
121749
343415
827186
473291
390238
379162
361291
526360
479034
555413
46013
601684
260531
642080
856379
686049
358077
925098
22993
254992
864815
508813
938401
227812
115102
958755
267544
731567
874136
24050
493043
991449
798138
608322
401256
108864
566895
903312
509170
831801
846405
613979
313340
189043
704749
62043
762025
540220
705487
247185
888638
593758
76168
418746
208045
725473
327233
553693
668159
934388
63405
266948
927260
223398
687390
76423
551546
289231
671173
654787
440608
951436