133353
878559
161014
936038
907986
305338
64048
867454
970595
832692
830496
730732
230069
560122
379795
777201
990306
72454
762851
532773
999719
933849
510375
562179
269477
518167
938504
74958
390850
465278
460083
250974
383085
624900
140650
364362
779774
967949
326006
621747
649531
343046
915703
393963
437239
362401
235803
787713
619284
328493
19053
627690
383082
560977
928133
857102
799104
502949
863070
53996
948727
559724
819844
301994
92103
976370
282540
87677
986144
29055
42462
68401
54706
158965
321677
55573
838856
872779
491783
550279
35343
14182
475399
447704
648565
499985
339560
928347
36269
373657
129908
747663
118799
369864
653531
563878
997851
291068
606463
717425