514702
212555
854928
353404
589172
515835
754332
869307
568497
179726
374504
667138
703620
370996
205931
223612
19772
676854
193852
74556
936153
328696
34241
833284
656531
184333
563070
219824
172724
279415
601615
265922
71648
822394
244849
821451
728245
503131
466042
834930
909389
475450
431977
959972
532896
374921
529176
629400
487879
246632
477710
535101
17755
945759
925361
854915
76732
485047
422232
897027
780526
70325
684095
390348
257885
381492
907348
550859
199169
106718
504558
808662
366812
325830
840861
488725
744416
160357
235804
544269
191983
152240
227683
75978
756026
449618
878873
121385
410186
18635
833383
34752
506717
112421
694120
851754
146664
158030
677692
721458
514684
401495
895292
472475
864259
331336
632583
891145
887977
53277
775291
649872
264215
867938
818240
363800
64218
5478
355326
971945
754210
122399
148591
743257
869031
139098
8270
723151
444454
772060
171118
777587
709130
311323
422504
400052
112357
665682
646893
352309
6557
390469
358778
323029
842980
239697
935081
605401
904991
370222
472611
710841
138856
140485
157619
206148
424111
493928
869942
400624
159291
27634
210479
880514
481742
643581
683191
747414
220327
956217
555473
231052
988001
99119
51483
334479
996281
539923
368993
247171
183085
564799
922188
700170
352895
517394
277240
802419
213657
887652
496419
181953
665482
916452
807296
548307
503086
609361
784748
958005
302764
62161
939832
436674
384474
717297
878948
484659
428667
630010
717677
85577
802856
33964
785534
952595
636044
52698
436802
947804
523464
277666
554329
489653
971896
214726
85224
414298
946573
316396
879179
871236
529241
688750
583526
715979
219498
15391
623513
722101
229965
70683
286417
916255
370868
133322
672507
900294
717618
986481
212564
37490
10402
826932
843421
578369
1064
218860
142442
42188
412047
329377
144856
427256
234642
866532
367710
690587
131958
665996
216381
2632
989396
889227
27537
757817
965237
423852
80074
729176
688726
533419
919924
108138
495114
691056
217905
821272
293887
688810
372809
539612
976344
104900
637528
226116
406906
168455
413733
739174
89443
809100
270867
794721
271604
712732
613297
483403
131791
908198
654700
307580
319003
58268
725476
830198
867940
760874
716123
997168
405024
897555
340426
97533
54156
10154
268750
650462
300917
922923
698240
179041
503955
116660
662178
227507
137936
492835
998516
928841
979686
623501
773223
745639
108773
889303
815081
474252
947988
36981
91295
156602
305648
790141
982129
328101
614800
765287
490046
875320
848040
33827
595184
325310
269804
138007
928235
401331
480588
759988
796511
702888
922078
45172
314813
516429
302106
2098
65415
240350
102590
894373
838015
906925
698898
928698
461505
626440
13062
985870
555437
474118
740855
378309
308604
267699
851024
242762
971764
922709
336589
436515
948534
277851
516251
912623
882229
207777
151644
694079
255169
626786
754502
560783
234305
956219
186091
350816
736384
716440
143251
534579
202270
813693
346245
876899
617830
41267
676517
328224
230592
536397
596407
499332
755581
716886
14209
414995
730512
352216
726095
194836
361500
259979
584080
99590
944808
978073
51294
861057
875952
318602
919899
71083
197845
176337
195574
945171
676980
612850
617421
156973
730963
400142
110637
946730
785464
361549
45428
700723
595924
371238
322328
299907
232605
51214
233664
893855
443321
604410
60176
686770
124054
452819
950850
378441
402454
572726
401328
264935
126888
679716
321262
328134
380146
103693
322131
363
593194
508852
813849
747108
748676
114046
969178
842209
992709
847197
674234
249389
192695
484436
844516
985287
548597
314150
955244
887713
763622
830943
134484
420596
97798
702142
562922
75070
305568
297789
616335
513177
251224
695743
106898
200889
429540
477909
52218
317762
790491
636397
106979
564356
62310
308120
751935
395284
117011
947063
53758
560840
663240
310977
446600
371406
688020
911730
517799
500521
916897
969299
327874
325130
307462
842275
367812
964359
510265
204767
128348
152826
214498
471219
363613
905337
404810
412157
863045
308717
710642
231034
156570
775505
777664
993423
734384
723465
816980
4598
19080
285340
981945
424451
498067
177680
553144
2194
318356
719777
86918
112271
214179
354269
633757
593122
521485
346143
115688
448565
924761
154214
212375
926243
321701
731793
839763
677310
581679
288569
907083
744893
122737
769259
392813
885505
125155
608768
473201
553986
939172
199323
780687
148250
715187
219583
205393
789934
984727
713098
123202
504949
451039
48210
918726
448870
145668
893531
913923
388610
564074
639026
619837
802235
434629
505257
43968
828224
812633
922926
382582
515686
804313
556874
389848
330548
573937
299316
192961
276235
231135
445903
410207
352816
158012
294023
476098
59320
124505
271555
925847
610447
176196
367559
355374
950436
967338
218666
818806
867381
844886
43758
532491
718386
838808
354497
281894
928528
346497
549967
566259
67565
541450
414018
629824
696603
860884
863127
919505
459916
661578
872478
352464
207640
590818
146958
708129
114605
857219
658114
753556
415763
144577
670484
837172
5402
979459
552661
816700
726179
563334
255654
911849
230537
361658
528502
475051
419946
312778
240728
842997
805525
365881
989375
650292
493074
991592
272793
882140
197768
742004
465670
178845
858511
788156
604276
734132
649875
676928
311385
215519
265249
51108
140235
76009
561361
262164
564095
838435
414416
734275
90012
483251
476489
611596
657979
294854
119216
286649
391422
448033
723179
736993
906122
169429
180829
206891
895010
115857
372879
301041
246049
173585
398909
989889
84692
85684
271099
366461
293106
274732
503618
317602
444216
353103
846236
871781
856677
558538
176871
977593
678351
928820
288841
268014
993
36992
816688
44147
321330
813197
357956
969148
363330
369496
210988
931262
714835
383633
615674
56535
123874
508363
237172
741643
684672
624716
909312
829674
937426
964932
406507
794893
234593
538075
903126
52030
685215
385827
630781
247223
978551
699309
800741
728643
98959
554679
245730
68226
594269
857923
885442
467912
691299
472770
910874
341476
530312
291631
191530
166013
382229
416185
362095
554072
449736
517976
550854
156535
819480
858753
154168
750044
330695
992436
324198
129836
35613
899379
168530
15022
673222
571149
404935
908594
566410
329176
940391
674254
231396
498684
749455
287492
208770
996844
524008
229248
550297
80688
156813
984572
94433
544030
306004
874054
919412
368552
706939
218394
559103
558990
639089
773353
375330
833076
473918
485883
146922
435470
493839
805040
938216
618103
288482
116770
603502
967074
913482
280166
631141
727591
263392
273138
503118
392639
565190
869016
340819
534475
150105
369072
358217
660430
746354
724884
456645
587452
253209
108037
758040
941674
412488
439916
175912
977124
370263
274554
916460
530461
139784
229296
421251
910209
203761
820987
58098
361959
882818
721079
42744
29090
635314
22676
862864
57911
492363
777430
666115
913320
526414
406390
712231
688367
873988
295398
945208
397190
418594
970418
752720
111331
498008
877954
401734
618050
374710
105916
625889
635226
757115
388166
906232
485041
108604
878761
911399
828875
517742
570129
334895
553086
20880
287024
611947
797089
441847
380547
543723
835619
102071
220269
909231
955703
950507
903295
788994
922605
488674
271705
6064
436572
467430
564266
483941
569468
918954
344402
421667
251920
712591
446761
479711
6016
604563
533721
931449
661828
308375
868198
915095
420605
96971
739854
957341
921630
126264
545292
804746
833799
88937
618998
578610
52658
987063
223878
669971
417926
533744
504117
807575
361353
650787
775491
933158
484979
362251
491412
390628
403549
407510
526068
365838
457880
775952
648571
670700
815194
367409
158220
843892
178004
880511
629367
810427
417183
957025
211710
26584
394516
345282
894901
399383
565498
458718
69443
759127
183898
776620
833605
222401
438383
688424
671569
613797
412474
695228
463767
647923
112114
532042
819428
896530
272151
422297
264384
715616
287527
18521
645240
927879
18154
597652
704310
60472
357992
892980
715340
309639
244923
206891
926671
133987
410751
324418
653792
269744
378469
72962
807238
100739
643239
622201
417079
416889
521302
471401
895990
174900
147791
108243
813461
425780
509388
77595
839068
324174
27414
401560
143234
632203
134424
374202
729048
96351
756495
115288
957317
781379
974814
33430
885868
33138
731070
971887
664362
315581
8531
983077
60923
372364
638553
497922
502972
514738
954301
56521
416715
792491
427208
943038
316874
322357
587894
791759
287299
23752
630949
726878
767781
130610
212777
326060
298925
4243
708412
260259
658080
627699
877459
533888
231988
862395
98572
58331
107663
504279
892738
545620
578727
440421
907459
207516
214216
439322
610841
136285
283444
150642
434309
640455
577508
91345
403914
326584
972333
282171
920741
830151
945470
140717
158042
818734
478790
884758
411177
554961
878322
757557
785248
187631
308436
796624
692490
693668
334239
801422
434117
498840
760911
749618
832753
521032
449125
756916
425220
62127
517712
97981
110715
988368
939175
600127
64875
447203
210707
309872
668278
749914
374090
701281
224472
592526
472310
996991
838561
56715
553652
213796
590653
224116
221879
128475
697007
681045
155725
46255
992092
969348
267450
225198
835460
258482
938560
652863
575243
421331
162176
283165
786229
986408
53818
38127
123377
211749
898737
583750
349964
894276
330026
755762
12038
14630
66770
33729
602050
577441
560767
512405
484694
643818
21967
757537
716931
295264
629997
237632
996030
76211
558322
81394
939309
161263
3879
877683
66157
172713
810985
406394
195344
352196
222118
902347
984868
623392
856067
686073
826030
855073
325472
678844
553206
322455
218291
728554
175996
973647
997265
65878
424840
283765
555595
537218
395999
630948
903989
939073
217746
684556
68738
653678
547824
70143
305675
770882
453979
425944
816174
771350
328568
358088
855955
129078
440000
4350
680010
249630
581364
688371
710928
745876
618221
890447
731953
773857
721937
956539
678535
672109
846945
306052
861920
340278
441712
12584
939134
620013
538287
933697
363831
612525
228259
269387
192317
640409
498935
141140
304888
202448
882221
540735
673103
448400
205040
228788
466502
57060
836614
229416
673346
646347
375457
497348
343911
218855
620308
508725
941154
990110
262691
219343
194690
297169
775923
767134
941249
554615
366176
998475
333857
802645
106670
539816
779570
699164
405079
52184
335984
760927
18498
523294
681481
80687
720405
837632
553531
499605
832993
923095
954524
677867
247868
963446
455859
404183
859756
129461
797764
709157
73407
652441
557674
783360
343864
625377
869980
196493
27364
190704
400722
163620
633098
606866
10816
837100
868416
42988
760065
380754
258010
371589
901775
770534
518014
602411
64367
751442
424467
3395
594090
121655
67288
526257
170357
999014
657361
966879
542578
239415
555483
760942
474703
258826
391201
782775
851596
973144
423079
780989
744219
66420
956292
970033
110816
30692
652012
810208
429720
742678
4075
638333
388629
653121
687662
758151
945831
485465
900412
404310
58903
279086
865474
286216
350541
848034
911819
790978
587665
791301
482062
89253
887662
497295
934625
906191
434163
340665
667020
630539
969555
186232
168696
669270
49388
38935
780935
462351
643108
136624
527869
99706
596656
466182
194203
665136
426799
812098
619084
551015
87538
447112
775033
336026
714847
699510
690807
815381
521835
46521
343584
713823
545732
294795
470527
962691
524625
898573
994213
821245
185617
190268
277336
526718
657952
387027
125867
854300
355608
951038
107369
386905
873748
537782
745707
39439
825168
101053
400841
463157
800428
263608
537901
917200
13647
58916
467331
397752
509864
400502
302732
136069
618128
879379
330578
572759
727628
795689
861686
981119
674414
682984
291301
607310
173914
184161
829289
392311
146598
178937
39068
509603
409627
696137
582775
878546
855513
415958
630664
357289
704022
683816
832514
192412
354183
990793
860526
913784
152343
469404
605824
752525
647316
729623
474948
986551
948201
256734
288503
612937
645062
557565
271154
286357
746780
352898
224769
18905
475908
178357
364307
154121
658111
353269
269129
35188
37592
876785
123953
599766
367846
158079
489228
64891
933934
628060
787659
731723
863909
964161
663257
386934
387986
790686
730962
204284
361362
678902
68305
551641
352373
273686
391078
905548
631302
51187
110759
640195
407017
21151
325277
880101
85404
624424
871327
138747
369759
778253
473661
801596
599280
102174
197139
364019
30896
241711
357693
821071
97761
361144
6889
272839
44497
391180
282567
637480
490512
364404
23710
929724
741916
123624
124152
207001
604382
647337
81534
789315
926861
382270
581022
613503
94449
763144
139176
516917
658178
65860
411256
924992
653359
255965
775758
70998
992634
743852
873594
320399
166400
644557
42226
684756
631703
26207
267014
125989
953168
377559
440490
607366
465947
788289
20722
781895
811466
960725
211741
653295
497838
905138
998856
794948
483037
637690
426243
21754
691477
818825
786881
906038
571131
196114
321705
382973
973436
354072
91337
566397
574485
911303
917354
439416
570669
275501
476030
81353
777951
74904
117238
338901
88534
5260
18160
476687
118994
117921
470606
783655
136903
275959
744354
8464
817828
959511
768901
802540
841777
383912
990343
731543
2577
830603
870592
647437
238695
276435
165637
539385
672533
917796
759991
875611
287904
143527
4149
267988
738863
140839
399537
677073
614962
801995
217568
938706
58400
398512
774603
166166
973016
659554
717699
937957
19369
510712
71985
282361
73261
523849
136971
237322
210256
717966
892451
239733
667759
527702
581850
154632
698203
25248
321073
318892
829564
112984
668544
96368
884690
980785
757887
985518
605015
933147
848897
858076
802497
197986
748737
488049
880547
602339
118933
691953
602483
790891
992959
624279
299622
989485
437219
971679
827639
739232
135698
685613
855943
363187
162436
518557
733535
477166
329189
962280
578385
141030
853702
810095
486908
632796
843380
720935
316589
973556
617382
10658