117235
118281
428207
96463
380188
358004
167442
724602
571222
237689
477137
50048
727832
337357
811789
909594
518043
581156
851352
989296
192449
200817
607915
605019
283667
575737
208111
860501
61283
839379
298745
378304
601040
586686
525011
771215
245352
490271
691125
69333
66664
664405
760339
219368
398110
478459
90832
597745
712239
7545
117648
696596
187957
481415
561963
586486
167872
79488
567613
184879
582014
838686
342298
796238
646645
543960
331871
516291
46444
182357
269667
97645
847786
220043
448781
627777
570454
882553
193791
225875
392317
992253
980848
860548
559347
801939
540184
288329
970384
192362
369732
509780
374492
290660
955017
370209
509765
754091
363925
909214
461260
507051
846433
728055
415040
340335
820674
665918
632611
413915
748639
938676
670825
711940
944509
387382
493086
664103
579062
575687
105767
299853
44105
495478
796192
575545
173579
333932
6821
231306
877178
403092
937453
969844
245873
498791
357520
391189
266296
811411
782121
338103
285939
639687
852118
993569
325115
808926
552028
806106
270090
763365
463016
681403
785616
216779
426480
90735
975522
458916
405496
37899
889362
738393
55665
96324
162521
204208
347131
527249
870833
32628
722187
241374
549056
424577
473768
261673
924014
413742
716496
805629
85271
3031
379319
254217
391580
214725
949039
568797
339924
519933
856227
787136
840288
683298
585917
424304
225757
111943
233064
851063
777842
632917
584367
244710
642632
707029
79940
192433
202842
806683
505885
350950
682018
23952
330297
4940
488819
88602
582977
913812
271973
840362
720905
945918
914026
7969
273397
969547
12991
986272
377720
974426
878911
185899
368952
221538
983185
942584
508174
652875
64002
573274
282345
431401
707245
583557
340178
14550
252183
722877
935242
879658
664087
240992
507919
587801
967858
918220
899262
96234
594094
191058
684112
898395
394856
742986
728295
440799
332510
973545
667020
36523
594526
20503
130521
162622
271529
370085
785596
127437
152546
81582
979187
219056
937874
188056
945766
704829
174038
841914
246560
737330
566182
95704
977067
288011
494146
127049
905992
511860
321851
437306
830664
648729
113755
128459
18442
621849
540082
811798
999121
980184
579774
905297
588161
660659
458102
502281
186423
354959
602099
109518
271298
699210
773755
115630
847169
934739
221868
368601
709081
68438
495746
969124
204051
206287
35589
61865
532497
107200
636818
926923
606635
249150
963523
631831
894571
104421
635454
297542
180192
214507
358551
774879
488675
106834
896803
601273
343332
325751
589274
89630
974511
105992
237224
361099
104129
77203
748048
694933
957057
301753
116605
940581
900829
492801
309543
268324
460930
585032
747870
370801
9271
79447
167542
946959
827863
875085
736656
610908
379177
330427
450368
555452
883486
133134
881376
120917
923750
192871
856689
517234
391599
486279
419560
113227
954043
489382
49693
657244
82908
743906
94540
144881
340751
184149
630149
79363
282547
432511
73142
559292
814052
119266
351891
897687
812472
625133
16543
880291
883157
859856
958170
816358
899757
681006
929927
336158
904664
246641
572569
402275
457165
836919
100345
532392
86588
870761
90807
848160
867338
798573
749642
842685
900073
150833
954565
760275
995155
890536
379993
84444
775716
722322
195073
941076
999442
577459
617422
868677
193034
532261
359823
506397
400231
222409
794524
82426
26833
312857
155903
850312
498736
674713
982592
443714
804300
197484
512716
750612
606339
197763
835201
31457
998757
715056
882841
99424
464752
740569
675824
49889
743395
797640
273779
300462
589185
751134
333031
348045
39844
551527
155411
420513
764474
225673
153612
800047
144097
602647
794331
830079
624091
896579
492684
937945
873006
585391
532438
368110
436251
437348
293090
504985
350072
138716
967098
600314
206188
152825
993231
889346
975623
520345
805734
203214
617404
423681
924193
267370
48571
413366
477734
640502
695599
439786
297966
543910
599953
373012
363372
40611
293991
932056
771543
71439
238621
650150
476438
638053
686590
775647
146888
177215
488975
350065
299245
326706
88584
664643
447476
878868
716848
842508
701281
606494
715860
243199
992026
456492
827939
7712
630671
866465
871593
728058
426756
990759
733094
365609
774653
319956
338187
322258
607365
99944
130256
243955
562330
528627
794100
234645
320824
600915
567826
122590
442496
555483
893725
896771
309957
516560
183224
865050
56692
14797
498485
923341
803805
16390
614631
493291
735906
127721
514981
487832
184059
756064
330526
632869
103651
72819
944724
211962
504674
950667
305015
656560
50232
113618
112543
17787
133859
257013
246244
374533
625933
510795
219677
963670
90454
172687
553460
270254
444857
411785
858339
78325
382109
948172
127949
704713
285626
813848
829179
768439
662054
77151
121905
945734
155324
553957
163693
618732
949351
31104
911099
134756
772112
781951
523576
378583
429474
364647
748577
726455
304310
327961
798294
481643
956512
962959
370353
508004
382357
601925
604029
677455
915320
204276
306069
43619
668863
2297
372827
149914
125510
683413
837393
179196
157168
775373
632855
143958
427894
867634
738945
420426
781262
133435
318484
200832
29752
503182
593630
266298
962663
122910
106223
933830
990859
86381
951096
656076
257079
127987
99006
409607
112884
956247
219898
520017
744417
701210
336080
380246
49029
438931
258858
568298
657075
224212
530289
674743
96537
454892
376296
266703
26853
791302
554020
63968
330067
342063
165356
185605
387480
996149
495721
227065
464932
758826
683273
555110
365528
216328
415095
709980
636036
891055
813871
824349
530523
368393
798016
193428
624758
773902
402594
991974
664833
529251
205169
351714
522886
604318
839558
134546
720788
117476
857392
13043
646731
851764
429204
138688
294215
913980
998686
467306
965415
319593
948067
291365
955769
844412
320469
519260
994500
174807
969058
761285
206321
918680
936169
16078
740310
810588
813017
739830
204960
561317
515176
566841
248861
845270
57645
31460
150244
90203
740956
468678
752161
309157
35675
247943
538881
127955
812613
766290
33270
102764
715962
778094
55911
17417
647968
141163
489464
661968
729531
613815
998641
782682
932709
718160
635725
579958
640490
596115
359201
914311
147970
348148
832039
146696
764011
556551
898215
614640
447395
919930
889281
278897
867647
39525
20249
835866