133351
709521
388248
66216
380186
2138
108511
69267
646694
966844
988737
633343
377281
964532
45483
375757
950043
110489
117044
190498
903303
606997
25615
147116
110195
89537
241563
87891
918611
609245
273301
576894
636125
953001
72685
758591
538285
177762
38646
973916
392840
410460
202358
74235
138941
170232
766749
635241
871271
123715
72659
11463
406288
979372
984618
780881
733424
901663
789811
933772
258259
810114
151852
460876
767512
342923
130519
436063
499925
522620
736101
858138
990936
504316
386577
581438
177545
954003
934154
94213
507691
477634
617992
68687
61761
997245
822912
28004
20941
977478
336242
698661
309747
315879
200224
437204
860605
879948
709017
537596
65720
263098
891251
54783
130043
98672
250006
901114
534791
896025
15285
793815
160650
685162
630296
914030
348798
990430
873429
923352
17262
321100
716510
637075
934425
946785
335027
714891
400047
959296
329016
180811
131512
32627
16673
626239
318548
863244
984137
711717
709725
585500
473378
873168
992233
594319
464391
678553
118187
44131
829998
715042
264825
815875
212665
33096
907816
826372
908139
747493
883731
680699
689976
433342
690043
685048
591669
252432
533640
376484
409198
798706
259054
968306
437014
198311
216811
415621
907929
82178
287532
683358
727502
391350
95695
858112
968840
362105
787395
368675
76940
233301
34380
410768
302108
172683
622243
674527
993394
410404
74362
677259
611464
93141
204317
667375
591892
329166
251764
160224
23954
902751
425829
674662
775801
141191
416022
553047
89423
187291
392720
978258
718488
324496
553791
568533
367274
825381
412438
940028
989148
940143
327375
602519
3164
537986
249360
690598
200032
148153
314473
204851
407477
548195
289466
170636
625715
202570
404914
920540
325074
434657
515826
172198
989205
819785
481680
565277
486948
629312
620471
421730
276919
222119
219947
620058
906542
334638
673834
725931
439167
761438
658350
45460
362055
218882
313103
840934
423361
128243
91590
48547
761364
690239
145869
996658
814022
467893
64481
516603
37199
677200
663273
49317
488968
355518
3889
996330
44162
180683
69711
373075
222387
512751
58918
981461
392268
107696
84681
346056
812902
472053
461431
419840
226074
490281
407684
512586
537391
418056
941337
108805
17902
130377
33234
911258
145554
948200
857541
975705
487964
208015
753827
896945
887042
949728
487990
505036
812423
190306
709898
346693
727654
343429
309480
88391
182760
215379
178109
314371
601877
814070
774618
688397
438151
599328
662485
216084
718874
743835
818700
131260
710783
977581
56137
983130
978352
739303
619649
653707
442238
569482
677175
274097
227718
447959
688254
512651
244866
330418
736347
248432
806843
757362
485065
153128
241308
792584
305749
663591
581730
573321
339370
374183
900400
239897
800359
917025
706047
51958
975276
617063
516851
344222
644788
799521
413384
545182
201116
852962
372331
777529
124802
746534
529317
773361
709449
353578
733554
299700
101816
58984
550064
627046
884034
651054
892403
137735
13152
797658
691957
444097
834970
757684
265579
229137
244838
868456
32242
163535
661031
278686
976168
812955
609366
228216
204824
901606
248382
910695
584781
995418
571809
173419
277511
822503
84344
685285
980044
690924
989208
273306
776149
692926
402480
271750
155945
404311
194927
48410
743816
928734
242050
804885
319997
284366
850171
150650
639575
805510
703949
609331
816625
388589
796084
11010
374636
238016
388274
988192
310206
886842
552179
730036
48612
162143
638418
525489
610227
344356
8436
990540
881676
182014
61586
171417
313198
64645
590037
160321
549926
185733
172890
44194
330145
814306
158741
322243
798434
576421
363793
397874
574606
824103
122453
420285
135717
22040
928739
351433
230667
845228
110618
524946
454852
48292
640955
251583
84671
893429
151496
859425
96713
467926
547848
972616
969698
152555
139944
909378
417453
596745
398908
371377
836160
560038
13474
724232
548700
98526
872455
438754
268278
932132
873411
516990
679412
441347
247648
954139
529971
146192
353400
706796
966981
539375
4988
436089
642808
971838
610449
760018
912593
739361
572564
837360
166936
593131
502206
220393
352333
60197
388259
461391
633016
514239
88789
357287
232990
904464
279397
73089
475535
338124
752457
17208
97757
498369
968857
941448
943527
584845
919220
489031
337171
104672
954624
769346
453978
918442
644494
405365
895612
201633
5787
489574
212949
436848
7986
147294
588552
904447
431855
892485
398039
908379
467871
578841
783701
165059
296324
25291
217330
110862
836085
543222
45366
559868
593057
803132
369545
783383
962676
804543
829934
564741
926738
400761
636688
345773
688448
485881
391221
640964
424418
510075
891663
608307
618335
852770
590321
88679
486816
328980
874783
901172
640312
812466
181822
428134
446558
156531
672746
467430
681877
666588
738342
172678
237932
410462
475630
785641
357601
115019
77865
14930
960609
465014
977915
431687