64960
690990
892788
664563
383832
367722
183472
66090
608847
970865
965761
157906
624094
966852
227585
124632
737634
589576
731974
260272
592630
683575
283624
65716
213619
716759
843523
409983
891340
522780
129111
643885
297978
123169
791561
735500
694439
800652
997107
208711
342231
447610
255968
909281
264758
97422
640254
397298
316302
461477
111323
70537
111718
240931
537470
960151
745809
959820
124345
508312
388611
74927
403431
536810
781260
157850
627959
46278
376866
15996
411007
447661
371793
721774
707144
320658
154938
653037
786805
818329
766136
812880
681712
392689
799489
893178
689980
603050
813426
773774
921181
387014
716517
408057
534458
323447
786548
335665
276900
97432
950073
384354
164747
589097
700659
475628
666573
751392
566248
832489
545472
716305
349543
302722
596350
374648
460062
957405
874802
11495
532454
601895
655629
447481
182930
345310
281924
535613
194112
914565
269739
793890
638346
970327
518716
415955
450495
284788
245644
895160
743453
274916
305779
21832
723099
49931
895842
69217
404149
828004
242984
570460
454307
304730
775597
207169
401390
314717
444690
979508
126531
917670
318683
8446
36334
861625
309785
32680
557785
228568
906762
905939
632002
951395
86712
174765
696338
806283
157598
122554
239099
430775
143637
502541
387117
895446
467217
550573
143644
365805
103908
767950
832491
431124
91201
395242
24093
748163
256970
459949
720128
750328
300264
773986
855576
306550
904879
281438
240542
379253
395254
712653
908932
927025
554597
587677
467020
525184
616757
230203
442185
436196
116185
602594
820567
151947
234445
453242
932121
751166
517095
479398
592523
767828
351331
951809
943615
650152
392678
521888
747526
304866
208078
737815
984383
667671
763092
132883
479451
718412
22540
617560
942792
868208
856747
306165
243014
185880
649658
839707
956398
502268
490458
728349
233662
33580
596903
230146
808868
798720
666456
807081
538433
770547
180392
255131
202939
397342
296406
191971
430428
858274
856854
704114
507066
175461
212604
604680
529558
95247
16591
933673
823426
472616
876495
44539
802212
745199
772596
863943
474927
967123
444677
686141
622519
787977
530980
168953
258876
708477
102542
35282
367844
921942
377867
352281
64972
59474
825715
159675
271183
196797
567914
649430
705268
551969
979441
60842
503112
405752
649609
948330
53765
910180
416083
503577
705944
615938
12503
169374
843303
745432
980885
869407
452754
465969
891542
796397
717380
676268
586148
850436
353921
109560
113636
499992
384584
877804
263997
49998
783857
934114
121646
44594
973279
314263
857862
806505
450560
433171
60919
920704
934194
158577
262867
806916
280665
861638
963550
393697
88596
152967
375251
306220
342642
552699
315513
910583
669677
914411
160994
19341
780790
25317
541825
56160
454825
438901
503809
1880
982700
261223
194888
499945
336435
308400
742634
86088
452827
780316
881185
625290
928912
354402
58807
688483
114839
393360
211466
782103
59523
782000
123057
55522
15387
760901
309593
354567
240760
8377
662491
263718
651966
137303
665192
85268
471856
719609
857706
540630
397518
928807
365276
347137
967135
899710
730205
723111
744422
944524
989991
304614
658818
835801
930266
919240
340551
469267
707641
155443
571979
353330
585409
690328
40023
537127
354148
894492
419277
785229
119640
319410
441336
34697
532105
291026
13132
428934
203604
982639
635506
512859
14579
20810
343011
495165
245824
889964
136898
836029
988819
144479
415457
802362
85167
711531
219382
47776
925022
373558
204538
720711
794700
856183
130488
81713
105316
815551
310370
119632
757092
418483
906196
196570
98124
139498
173349
322664
421721
860662
759047
264363
713047
353413
941783
323633
403632
745894
262192
290545
221441
635005
340549
768028
834516
89312
802076
795070
877834
907084
138448
453469
125854
143167
22383
933255
27340
99070
61910
353196
554393
682528
231909
485361
334230
286001
252706
416466
330098
107952
999029
93794
916811
146450
617320
649777
56750
931503
405392
376825
423776
430757
665645
232825
745337
462545
681524
797749
337177
380984
686647
673086
790393
759708
196976
418383
37175
293992
358666
252947
569452
165437
27684
915800
413726
669060
142004
273284
575760
989523
573202
491226
60365
631435
51452
847394
244409
158031
946442
549984
335231
573238
656424
249184
882050
894025
108609
281404
824502
203111
406342
69528
360338
746502
971954
517609
993388
446032
628936
684702
483262
533933
943034
500068
59846
884694
799115
790787
188528
18826
629106
432833
376160
683848
926056
7971
993135
379709
680329
951373
853558
189029
156181
808630
343319
796951
990429
885888
215017
641071
939672
273113
778999
718813
728474
948037
111399
697797
358172
427132
72905
624142
924423
219968
386097
704322
461348
164658
754527
348119
581106
574557
23334
903345
709947
10238
679043
287462
535282
405773
565264
26860
873026
224631
551399
51485
540447
298072
33051
960671
976995
7675
565667
375430
294030
513707
637069
423141
154136
802288
569870
362474
381645
426897
811375
849559
488253
953512
416407
370816
361059
283728
357629
923542
205113
226505
408243
112244
458513
916705
733595
446882
805324
937386
1020
778607
600078
292867
771402
489231
987321
700837
171248
262578
750680
24361
360697
9048
458103
48380
110720
789122
783464
220388
881873
387197
979384
421216
157329
524083
352149
309422
424500
564614
246811
291555
122417
976283
489024
710616
76144
725442
449916
416318
424838
259543
901258
483289
816701
717047
610432
477144
691867
531045
188156
333415
803431
648316
46668
610582
737133
172420
452045
606011
81825
357645
561558
582397
75718
529984
25422
142325
7472
692023
202075
609881
386583
280522
287031
130752
914084
788619
687641
86083
582474
739032
789528
330352
812830
800276
855209
709858
397477
674822
171390
295911
158137
756322
718652
775651
652356
452383
575707
483419
965114
500103
990141
626912
607848
563432
548545
364898
813758
894639
161141
527048
66073
866539
639506
931469
525098
737821
490706
451839
130191
100736
177157
213568
544419
78538
498710
557186
782500
489525
941987
697227
316753
875160
811680
326138
691094
501679
709528
765308
189760
187766
458889
649073
905262
85255
886328
542617
629179
345538
966354
340961
349776
941212
711402
773785
781989
780711
846415
849598
278221
653053
745833
612836
672449
470504
330524
158730
95530
738889
623181
453344
566167
178418
442927
139968
209874
942332
283344
178082
287353
936328
762879
857402
824070
328629
162542
457071
524414
458757
473054
578812
826654
2433
62067
972941
409052
430750
541804
497398
192788
513628
668463
702502
904012
860753
136923
417925
555139
267611
947796
633431
784641
939889
618580
911183
854912
506427
886652
544996
249420
99068
709060
690686
233165
677185
302549
731698
444611
205299
686995
215501
572580
254138
696386
798763
438194
88643
703709
773118
349847
330845
369610
908371
428226
841191
569366
546272
708805
548827
278751
105542
220810
579491
606549
417612
914509
179107
349971
602574
262795
611808
418953
516140
598365
423053