434554
17612
326563
327338
329417
713783
843513
802939
792240
337665
838907
298740
545998
589652
455390
145600
554049
79378
6483
420917
927337
384554
326870
693950
413828
729104
844324
136810
197112
759324
833737
56144
306672
700289
421591
193372
20317
883752
767667
524411
950302
843752
984713
846111
595579
28388
578463
525679
946058
807042
300487
685583
391988
936004
480814
526343
490386
100036
568466
729938
558321
778256
113105
392133
466036
770208
970716
83354
187353
359536
674698
404761
91028
401982
484553
527714
235351
609890
37807
615193
432243
871301
389551
181614
569688
33855
420007
826376
792888
891793
570325
938637
881226
610363
768874
879184
410411
939580
786551
517272
856350
443620
677636
894025
511796
321303
701056
938034
422983
865504
361554
149554
734944
174767
809933
998023
84472
394097
855171
794740
11036
523210
131824
35599
505321
860466
198999
770148
349303
846569
691883
640969
933459
448792
68835
313600
193764
497414
708400
122050
22574
110579
479883
68846
596085
341589
615719
415310
867513
1324
714694
397826
538336
145860
317672
311563
43698
660871
413086
545846
815678
892220
280252
374370
545561
346272
809964
950384
461446
429407
870687
11719
103665
381807
440927
510593
340502
265354
396737
852662
914303
494086
678966
935971
591914
976658
996096
494070
738249
147151
494017
147000
649058
356488
626670
655063
2519
647312
898979
112911
227136
823607
93329
200501
10100
145064
439122
360032
263335
872418
52125
265076
985517
14353
848149
52172
402525
604936
919868
636803
546832
444510
563076
52832
189961
855330
559494
297051
835631
816059
388620
433424
398453
101281
267272
412223
678938
319346
767016
67006
34252
646258
126785
830332
156904
132130
834280
733746
176988
623355
289312
214440
743854
586439
735661
366368
911125
109597
980551
814051
745349
46711
118378
197351
445576
944497
418954
628122
180168
620257
79524
824142
56553
556557
805360
282113
861907
266893
797491
950663
450957
102462
22768
139030
671045
427616
711294
811822
358188
956877
66549
210787
239678
826647
163394
467784
942303
327612
438618
489978
957409
866760
326924
913542
744994
43656
985454
369464
881426
635110
612217
639681
959379
938150
959985
694468
67065
456380
223420
738685
781873
158791
518741
967758
247229
92782
513176
73832
168669
972438
677885
975890
838474
411261
705954
61913
307547
858678
41088
511445
146443
210945
108352
292435
635666
140870
642150
65444
129071
666862
737963
907073
308551
196510
857385
961305
741095
559441
950896
557497
72934
936209
60278
188631
812326
147410
894122
480572
864121
795499
83625
61771
553183
213042
926026
987441
390190
350578
253780
627883
407819
716236
946255
476015
802324
534695
600952
413624
984544
188501
744270
468081
524062
492420
995593
998397
896026
608541
883882
815777
167326
441916
43757
866767
656565
604493
412636
509712
304906
293439
494077
637644
147312
272424
474028
642169
36539
553525
137283
941598
303883
831052
824437
643
243688
758912
388986
216375
931593
94768
969188
300285
176559
724541
185553
302485
245358
151589
264313
881570
189068
725889
544743
615293
941634
97879
548293
965141
818464
498205
315984
635584
352332
429579
456298
531043
610346
4379
421198
818938
440152
505184
397342
880645
619664
603712
859800
572432
24561
946704
948007
981085
100119
411658
228886
907119
738214
291117
651359
506741
743526
383986
830882
524434
966472
457062
396849
593157
77767
251177
423496
957370
856938
584257
689562
996652
956966
365915
271174
746101
885152
6304
645992
571699
94863
364144
972044
647897
707328
747966
263550
427919
549875
114888
356413
397511
579107
465649
479565
654558
530851
138300
556460
665386
307236
487783
77788
852902
365587
746082
550111
763767
928223
816746
817473
517594
142040
638087
117839
63405
7091
911390
658469
46807
938986
74292
892325
300372
577536
323200
203140
818016
739362
400810
34430
868543
410345
115878
642922
760743
642492
65640
256744
280203
723667
20611
831670
730374
552598
706722
45730
141984
767524
126561
590746
870783
160111
216649
862303
805676
447172
977638
197208
870529
265640
805639
153795
895213
944606
347282
569286
684900
62406
167745
91428
89125
28895
18109
217995
366889
218541
2709
545289
547749
682678
186395
748895
24252
962662
310939
2670
768453
82578
7289
306894
807220
855577
540326
899646
616487
605863
171519
35125
115215
154451
499074
266263
739385
421992
127277
471363
438264
271361
44533
90697
648113
207374
260319
453497
585027
730675
685247
521366
562257
47375
764427
521642
539245
963481
156251
905331
826018
692391
428032
350139
757534
499081
276222
919685
215546
362194
757351
507299
892072
679862
210325
339045
4984
714831
366339
636844
512647
246842
24969
818076
897796
550622
141298
908400
240096
662093
513851
892263
765138
785154
155755
114588
615108
378314
994889
708403
6429
197504
108223
123119
752875
653105
31753
12513
111085
69598
62810
682363
838139
926047
737547
736259
736915
724900
962048
3555
843201
104727
53402
397213
567786
419933
582354
207195
209269
28028
23672
507812
74517
566934
948489
657963
801335
433684
298854
69762
171717
481502
912439
381996
896661
162118
821787
794575
560114
235332
193354
692872
79813
85148
813066
757849
687199
205724
44042
696509
870501
161793
311711
707996
631576
168122
788760
626202
566399
92356
554112
97674
902708
193140
715055
884161
534153
758547
918157
433861
892949
575843
486629
550179
315358
469696
190753
124127
209700
516770
159528
646470
619720
547711
442577
199968
593111
50381
682626
66050
634040
65829
364777
672191
151789
160963
701910
210623
644297