344089
786426
736310
611496
828257
592312
191189
893655
537802
866392
316938
773921
899393
937691
432589
958431
823169
971414
257363
638677
33818
964916
372948
133782
906663
624897
134160
507386
660623
271846
188930
8786
198328
457789
972623
118651
103461
554704
27059
441504
306323
173502
761228
680374
710865
907246
318500
453400
639928
557332
544278
767859
300103
697649
658356
553981
593668
159269
127883
779102
512228
776987
409635
312091
35200
529124
684456
888684
925980
23223
442042
240247
69640
132869
790845
691661
28191
474621
665756
308439
302966
329088
685285
978860
388356
556474
270346
653781
77164
34461
778324
335002
635016
155066
828984
302439
399776
957182
702856
501030
81630
542767
678100
970229
540489
527209
438447
692079
99560
408171
232663
258299
517449
902262
295095
312467
585858
495178
147204
810291
945927
678472
791576
759139
123493
604936
482783
247405
972018
184586
713546
254945
681671
964541
290010
947754
264007
488638
886542
903180
953926
216396
268317
986434
284082
495985
449051
404775
681607
532157
411607
802692
313027
767623
660785
129557
560446
605147
800458
410629
950568
937685
531343
482984
577846
525158
951017
219813
64020
859022
804394
759747
878550
789546
380765
782229
407894
855788
82547
925666
506351
954521
301288
31967
387119
711915
128063
19270
619491
680548
598218
834049
686540
274406
624574
114475
27417
175747
508505
908809
739335
800332
934942
35767
146533
291219
655171
448226
257027
426455
640441
267286
722627
772191
349699
990621
293733
390374
896403
747235
917605
418889
322221
370118
567303
882104
889483
489001
608209
161049
289661
807285
10025
654991
931710
220413
994363
299967
21977
457352
771528
774876
976473
482522
864806
422002
816673
982415
146560
136409
591592
879332
117666
737420
541736
964039
150277
625415
674652
419871
383645
848517
657134
222649
713723
56228
445726
144015
849447
200893
875068
360140
722136
262897
502669
473474
629124
721804
369095
92089
368744
973160
974126
979339
280996
399498
692306
185988
546717
344108
55413
507598
317788
807426
814704
71903
251908
288432
462432
854043
807653
827253
939939
441964
219069
970171
588767
429940
413729
74567
11556
405086
264172
98849
401121
609907
469896
781182
68917
13339
55504
900933
358259
703379
940377
137963
862945
226367
286194
897499
888600
741076
360849
352063
391857
630258
470819
867010
211622
517883
108713
922478
267027
477283
838759
622132
538232
583542
600186
887841
69157
862894
46935
479478
935262
122567
261869
50341
104887
106405
684619
551184
389245
914786
374444
429692
224021
651748
792935
237237
854627
817915
136155
451044
607515
54717
871738
547455
321565
463574
543745
620749
686382
873109
96511
132016
188486
108150
938476
693889
601682
526157
717938
149456
474541
829908
314921
587472
865736
439674
866816
351040
657119
513768
740161
543196
134732
43309
236955
10399
169588
315138
481049
293692
252881
436317
368724
577358
844400
544226
687204
236162
978269
788257
505904
184848
836731
162223
727385
867294
50566
791020
248497
387817
813802
330777
526900
983386
510758
728591
474148
763033
445051
706152
503713
399568
433038
980958
250851
248705
478293
419481
950896
192038
479033
28569
713567
352808
937046
934527
963093
717211
934506
273740
127440
609035
224154
224351
254644
911694
138704
245436
610245
909272
166893
958290
467024
626986
466498
3807
236737
591500
288688
640667
813264
2821
273476
810905
497554
412048
842616
892616
157000
133040
464141
383984
335325
781076
391846
318449
873808
527924
593376
297781
230649
890217
972164
647959
92487
126872
661330
352194
60591
611280
121755
96074
163935
865343
11878
971757
702364
294903
313387
131256
455293
49964
994815
953322
604834
848091
574152
94063
816989
45710
301942
128353
800525
719520
327931
357279
320358
29065
137190
756238
80769
671523
745726
969011
113486
811064
630957
715022
306655
467674
139028
970161
492935
984132
158790
805976
78444
854853
181366
827688
539004
896616
474591
738401
236096
468722
993199
675056
912189
208925
818489
611070
913564
541507
375311
301280
658484
35176
409542
956728
119532
540985
725856
79973
121198
924262
983414
666043
67216
119604
426214
279802
306930
184236
285202
357414
725923
2617
730820
447758
303361
303929
677553
9058
317001
694154
446107
806653
596524
475703
274227
919762
726838
130133
933739
858234
385209
473243
259281
314720
59580
656912
223271
633341
240142
388298
302006
162856
802202
964593
269411
280497
705627
980277
227787
22038
324616
853888
639018
934350
691273
642602
355044
978595
687443
965440
163018
55366
751482
239735
158401
997537
980129
850518
338371
682177
600354
318765
168248
249888
662049
11992
515263
287998
459652
449489
266842
233536
629255
794483
154663
182514
87502
696866
791120
754008
979531
252602
691417
650646
585465
479769
102358
81575
698408
376191
788025
269594
331656
319934
532855
851095
738790
301457
14263
95583
637547
235010
869779
520998
216856
386914
237797
661688
976128
779623
786347
457821
696891
283046
260959
978180
879071
988355
880478
962699
787697
374578
488832
976763
850554
724542
231098
806212
523248
224282
663798
90140
895413
188812
632230
88015
250243
897212
951717
908292
509257
591243
915040
487620
995206
294275
914879
102886
228221
241075
17990
222782
533808
874054
156894
61221
86010
557864
715255
281855
635037
391769
674679
921108
575879
757992
163563
746548
202909
534311
202685
948098
965216
220432
677607
271478
288341
580226
84538
446465
60385
785692
394193
36934
193867
463576
457232
645346
769479
491816
735277
741241
143847
870576
783047
251445
60637
501376
830048
449159
242814
247904
14334
609709
163596
223341
306209
362689
694631
851615
926339
663379
112117
883748
110619
830722
505109
215536
403198
154835
974948
49057
269452
163919
140732
668067
712292
758612
372988
856121
748020
71233
866164
776292
52087
88033
130294
952662
820425
784489
733175
846295
908636
766830
156596
402165
609197
187406
443664
858607
5888
7177
908979
57088
705068
515494
559405
467670
884965
385544
30376
154316
27042
443208
781207
944235
397569
757764
12545
136733
332917
624785
270120
189602
648656
504731
981167
954847
40415
5159
233344
200600
173559
550135
950743
352358
269076
467356
247519
614220
384694
841629
146929
889583
263070
632797
42022
210807
573021
236851
243965
708636
605094
880881
714950
504711
999405
985690
614874
294284
881489
904293
604439
801312
861041
250219
942063
734361
708757
366407
287965
349317
168094
353686
785996
233677
281619
477221
432302
467242
815716
699982
959592
885304
852775
554206
466780
772984
386588
554979
806007
953150
804522
884490
302497
895380
469153
131161
727449
169740
222385
454782
570151
296674
526687
666938
562689
803093
130923
365430
99151
84793
602371
442056
660922
496617
801854
995036
610641
944325
395519
920517
749636
135908
794670
232028
847120
565131
494114
462398
944142
246389
639890
339583
611302
197473
798809
295991
496421
675662
325101
270332
436866
212575
423562
691663
130948
564506
993962
497228