941364
830856
127194
499881
888405
116421
205323
919305
852079
79021
214269
454784
548628
826226
713791
199069
98872
711714
171119
856586
760577
169656
189917
668598
732858
639055
783711
810771
648048
183538
290737
836539
113069
898894
750470
433518
95118
573897
831471
769654
344131
537579
640423
914795
874723
346682
133625
59667
997098
503333
950030
149281
966480
272406
6807
14046
887750
782634
503827
556645
958288
331709
331133
556680
570874
623902
65302
594833
182776
591394
831178
974242
396894
678740
475778
889342
566328
652362
625285
77472
156999
741523
182027
292169
326809
814796
908768
675480
455875
279954
883825
693841
143742
982865
90551
490624
990620
650811
602301
794870
377381
265429
908623
86578
894034
559275
320577
512284
423973
160356
462553
479978
526691
24432
369690
294053
728303
198493
719342
543366
65413
145161
126447
402874
181647
497330
154514
390277
982695
856745
369520
172994
319210
167973
5490
533321
262261
568820
158553
24681
26815
16461
510760
60116
325779
460224
423726
562970
822952
84174
88564
795022
263071
451349
409727
129029
519448
934436
691714
769660
718768
264685
114595
438233
541723
325144
978920
870154
206875
930676
36414
136522
211611
814408
317990
621570
88426
350984
269692
240716
84055
574627
772389
868882
921893
597305
839637
578581
252267
742954
558907
675338
23179
63882
780361
667038
314764
105584
914403
844507
452759
169966
48675
27491
191371
823770
763783
542488
692925
312139
264376
964702
293711
178464
803511
149240
394603
314426
258854
61455
523549
700297
154353
119121
34315
485764
314007
79158
920913
727666
11673
654110
69117
963942
533181
663191
768100
526856
843647
127098
603231
595021
705813
609652
589094
714504
720542
717730
154310
508442
908198
732822
563650
227845
277976
78391
367108
335647
735105
17093
812478
29218
687293
626873
603426
959648
473856
266762
570746
566164
429315
559372
842276
943059
473096
391219
587310
996769
786700
782582
697098
324959
395145
730191
500654
791522
452645
125982
943627
347232
975418
256493
70823
856068
250243
900367
413593
104545
114143
73249
936289
713410
681157
160946
693601
749215
923333
884031
905532
329325
685111
240023
448330
147917
64066
594973
841845
842020
768522
947820
193971
258314
42999
618261
7968
843931
277855
653443
292982
199212
908495
272064
332396
569240
469051
218384
324073
550840
369343
983419
792420
461616
367121
397097
316378
305510
640838
556837
661994
807566
894205
719044
507024
545761
925356
297119
357948
721004
982981
886523
228238
642885
971972
264906
390513
317208
412696
696458
945617
21983
781803
846988
801978
739184
631952
728527
348175
159984
344584
233355
527715
495525
905265
753417
116919
143338
300556
589999
94097
971195
379625
106842
580789
401072
547761
79076
62274
790215
897680
939013
348972
655962
523069
616341
349778
714863
22887
958511
581244
453934
724734
159730
644978
193709
730523
527585
526779
622567
634572
889962
548657
632524
923456
627780
819389
551538
391051
30833
706485
460393
809111
739491
329295
43500
985320
184059
24192
537138
422090
594796
350389
40484
448857
86654
644589
180522
284909
44015
80753
840095
308576
916404
413041
907107
983485
838557
610941
732238
687174
609558
462940
872257
208290
46217
98253
775705
613217
806241
132823
700861
511022
722282
405327
771863
364880
337172
107174
287648
801820
856214
975212
146195
361403
825264
720293
808195
174164
506248
593158
938696
853397
161014
556813
417557
596131
873819
555258
458981
765468
145836
69357
640532
315013
347021
450269
935370
932309
833560
889650
518738
950173
726972
483648
608841
745618
6466
610081
265969
67705
48171
923758
386853
973101
693302
308122
586087
799504
849406
643307
387477
738892
874111
431957
136891
646149
548793
978100
749633
575005
536045
478629
720645
471075
301700
489922
151748
518873
859471
559545
688625
413984
418345
60553
209000
15490
30969
71768
558204
895260
193812
335027
327468
853414
859519
863970
115125
277472
438802
559207
859201
755803
264119
243411
630781
664610
283986
333318
707976
294147
576187
43841
47623
995389
317158
736297
149781
654983
124516
915355
724248
175419
494210
448614
410223
732254
692687
744297
256391
786572
703932
392202
536589
972676
413339
781328
205949
977998
404234
543710
89
945413
98217
499021
836470
120069
178630
778917
160688
39665
126298
292983
611070
731809
173421
479513
71392
355623
766100
149119
451893
777661
858011
792946
235497
672972
374845
450096
294603
829403
694288
659617
590588
153938
434302
230961
4611
815530
448173
544718
961918
479540
621824
842368
735475
81858
168823
163871
360517
597046
591794
983414
102978
740325
948819
559923
433241
343911
79296
737799
328937
114877
620552
132576
173364
660960
701149
273792
993778
980770
441727
680634
19074
763715
274618
243337
315708
832083
307973
835725
551777
565886
190092
998307
231092
319481
233736
114399
824354
135624
14601
721769
203804
401897
974037
314417
619077
360992
622571
514512
69575
951328
789728
630269
389120
684819
462955
134248
426202
480838
344764
770678
608505
46964
781766
43610
531853
91182
16798
98700
254343
660452
531579
750633
495592
838738
684317
334631
294260
781385
523083
832499
722822
826648
298933
272745
177405
388568
911927
187887
977684
258769
241342
290607
210576
582860
34885
526319
624530
429494
232377
331022
70028
873838
172475
960541
351568
717740
874051
773207
617988
559117
8738
152383
980594
308479
882720
468885
282172
283397
251971
245300
787692
461351
659633
116491
341226
816826
66029
267829
245639
297479
510397
54840
144629
484315
542124
785623
882713
238059
804716
125460
245113
81825
495251
184774
270672
850631
974662
674770
70273
873359
121779
412873
829288
499004
633208
318750
51211
831217
545249
501698
252399
63828
439118
610270
319431
543199
914547
368044
965384
536771
611962
95027
748696
544312
586883
858333
581220
705318
945163
946294
569296
634729
812138
511683
988426
373893
899702
417597
913208
328294
6342
237417
988559
309010
87441
981781
618309
145133
833140
576753
291742
821352
317714
678855
863587
652936
557333
923352
370098
313550
681235
43797
590894
783176
643469
261174
810198
357940
544401
244411
424627
871948
326271
862845
976427
722483
946792
153392
780724
112122
929938
795000
214562
188751
828120
982244
934880
810882
361262