728607
494717
230084
742468
388990
861351
781685
262089
736534
549235
334833
106787
401593
588559
139810
193391
914144
996770
804375
676288
72428
144045
141908
787719
639240
455357
100675
523871
238891
410378
842889
357747
28218
221168
674356
183757
115466
912135
822480
71355
555395
317857
391193
784736
739552
224159
672330
853588
513298
681904
58644
641977
522757
363432
113066
495259
725114
307961
387001
485763
949459
381520
772597
314521
386605
175502
759567
747251
841255
441761
235715
132670
982082
367871
887437
623879
874785
211455
924283
861351
62895
30419
682014
745033
533407
228134
282
381465
834574
761422
179037
587787
97862
926190
330796
596933
171356
222891
496153
498986
857465
822537
724881
655044
572021
983329
80402
620109
532767
482753
782201
306843
843417
566432
213881
398565
501984
371964
794472
927606
865322
803986
630387
665516
218216
931897
579634
137197
87723
118556
705302
674216
608803
509586
807295
572995
323970
770652
292715
325414
518782
416058
932488
742179
823734
146218
372586
155777
238764
340862
71255
676388
89201
873113
81984
674202
217246
155206
91339
774148
964734
888180
880139
883103
205385
81426
370705
65198
831563
116355
775068
301382
924132
480702
212779
525558
576104
99526
900275
502928
7142
936960
860397
143832
875846
580982
576711
658121
166796
423015
124474
919166
332665
456456
417019
897156
525392
646555
683467
324281
112630
710443
439465
781664
646066
942625
244776
240965
500629
711942
1627
652999
542195
414038
977452
591559
644879
376573
534156
767084
150165
117233
17988
194384
115456
709611
213482
78346
970524
841539
639728
607000
570661
622567
361879
801577
872079
501943
443201
510149
937439
437313
216355
16474
592950
69972
872665
113892
206702
762243
163795
774519
558173
495352
250541
628396
147191
485938
669021
36134
845008
325916
941829
470144
183102
189131
25065
634773
845213
892052
626362
651243
973868
516616
787473
25660
475476
141518
843959
650787
201033
865115
456545
446496
955401
876176
619513
569544
189058
98415
52503
894476
34576
319547
968654
868579
76516
773292
76067
566231
946560
894668
617305
23977
688414
326897
45096
668834
894961
357719
832588
864632
440387
726489
561913
543129
265341
661452
601643
509526
933893
556409
625244
655919
727233
636788
777423
889975
622907
335901
627658
972324
287709
930867
381152
992629
704155
554896
835052
894272
967919
534021
582874
975575
900352
847954
63647
219990
656540
640898
317001
526476
380388
999329
908720
470020
368583
828507
562508
900719
275750
10163
623520
417071
456855
453596
251157
124610
48134
133432
315873
756809
62453
857706
384614
297204
131171
808346
255447
283917
165899
649477
772693
801885
227587
313021
995352
737215
757061
108356
829448
746751
894475
356417
263724
342893
840275
948893
43769
653956
287490
100605
931404
368882
583909
442972
597812
377924
185298
13507
831526
757616
88365
638888
62739
273342
220807
860001
520279
666067
922784
681219
58696
398299
390413
653339
526639
392018
64757
771272
393235
500592
135093
90932
686384
77743
284259
282989
407239
326330
129776
673508
446415
455283
456615
970496
978505
681249
870674
457824
774321
247733
917371
659692
117264
198583
795792
385622
202095
322386
48096
38771
426150
587192
717442
298352
114002
94323
164052
86066
261220
676874
492833
527118
853142
481484
516060
573410
444473
398524
221705
504014
379819
134744
67259
415442
545636
556424
268664
833478
20975
939744
654200
394864
590133
293586
279372
587525
62772
152051
865372
90559
23887
504936
713545
342807
296192
420909
191729
487520
462697
621569
961296
734656
722119
420658
687043
616715
108935
628352
873705
211453
812403
336817
472610
346388
18693
143345
681849
11592
175388
715427
722782
214824
393420
16776
787340
552531
64592
575306
354249
722639
464347
344230
192716
325769
747724
324021
125496
471785
903231
542741
815303
7185
208319
468792
653570
919283
272218
693321
205740
641740
605134
283958
174463
55105
451999
454302
103886
309204
168970
185625
888393
855427
391955
660318
803231
399421
747003
904021
304318
985602
464462
646138
610038
385814
55512
486826
932923
890337
360439
8206
665033
90662
522380
115041
864034
865630
30795
442015
611635
611568
342258
184972
462612
138640
934039
881821
176110
3441
889114
418823
73208
160744
112377
644451
547930
179871
146113
218555
679858
369458
493858
17908
989556
962281
407708
107607
815148
968403
723030
648765
821919
754619
66253
838679
904911
733706
974057
985688
563166
495865
708779
428159
188490
727920
264387
478916
93079
141056
171903
79582
618122
23354
182045
361839
888209
544426
938881
621070
969728
367219
613954
440750
878070
494600
954526
333423
574046
488324
60942
392641
88593
853927
894325
538609
395481
49710
886322
384338
703889
64910
226004
713737
635496
35276
544557
83316
563460
231548
311615
905975
929794
503956
273363
202149
594908
506859
612137
998728
173540
419156
675722
976462
27821
969553
27577
729616
814281
259510
76616
296575
461868
308188
848518
678765
103215
640766
452374
458038
153521
1075
154203
502665
742808
735432
948687
810518
79605
460153
433459
830358
495621
510604
519713
536114
266708
287627
657725
453009
880253
253596
140234
991361
669068
146430
586840
795393
545284
628386
431003
476456
964156
809124
843224
317046
112612
789028
471544
779830
322917
965574
811391
97036
836902
447618
82454
465633
3052
365352
228932
313255
6169
918388
894139
892491
286805
7881
165327
476407
137866
834702
845058
107393
108041
687010
864058
468147
268362
36989
783124
394743
339088
690980
284689
863519
115051
631880
780270
821455
497623
3324
923666
488520
380802
47313
429793
291217
793963
63953
718702
268163
976806
891668
328141
666482
450108
306177
670597
9011
357167
814885
401956
676047
759771
768297
194797
15235
304375
452147
276461
620208
747387
101468
327084
216101
521884
270857
525438
653255
370227
696040
85753
502939
920507
778953
43265
482224
829625
113110
557054
386668
298486
944305
896047
271921
460264
849961
600920
781035
441583
99608
953879
533944
724603
603035
39829
535029
351050
381871
678935
853346
564303
351588
101364
353009
70126
981505
221281
601456
653668
547125
447208
128271
842116
848757
682936
114960
803292
7286
384469
626700
113974
441161
52784
913948
760122
326990
79185
93034
572209
353942
208624
497428
254372
211097
46948
289913
727011
837584
399027
857828
283681
246385
826568
978899
473469
873797
448578
168547
686171
310695
997288
810073
386993
470427
928379
15759
335966
626824
228644
243385
219060
755027
843917
656019
609878
728026
66508
396393
183677
753674
582649
12418
858837
402206
944800
134698
71492
684020
992274
840859
336330
670093
464662
176135
697859
431137
6333
716293
342218
617629
175827
624341
211704
206971
678257
685201
280138
77755
257456
887283
861216
962691
496184
159229
232610
552528
873654
894985
413885
380632
428780
939181
426571
389822
999394
162762
933841
387441
374330
883122
194145
295010
631521
642931
794976
469216
382882
524228