929002
100806
184288
472316
83157
964598
198979
737570
389973
213787
319155
279792
528393
503241
938835
713638
96876
616423
724321
987472
390874
725959
725065
757424
961459
170919
193364
738314
49496
2499
94205
366348
13202
137557
889892
240471
122195
864491
410460
452014
982164
18210
105247
830522
943133
971972
713313
819319
920803
4540
516609
774783
690827
441906
311580
500849
555853
900359
996092
705278
696692
989998
476590
310160
894913
864293
334002
584342
672559
28303
170251
438128
229586
408624
716021
709236
15129
704068
122422
72923
84594
622780
291725
733708
925260
154518
216199
151682
853496
153880
480561
49564
243881
478248
729192
116801
516186
523083
213324
807597
824399
589176
37011
376925
696691
682072
448057
609747
711968
244317
904981
833414
515646
70972
905415
893162
343042
930824
795726
490711
507800
219885
203254
413593
159707
740613
430126
660179
331585
629658
903480
29008
452308
425465
96889
820520
53787
53359
378160
70731
260567
611747
742980
323245
568361
768783
625845
853582
665873
921564
399157
457188
501969
56538
297104
734888
398128
236505
399302
916730
360410
924263
702265
292274
658916
581990
337217
103300
371630
627272
906333
872079
194786
237290
22981
599938
384280
908426
179803
823083
559644
941351
494847
79710
227399
707316
133249
562750
47817
312952
685745
205419
61257
117957
310483
705800
258531
251794
995311
986151
451792
951095
455428
834708
976676
220997
295517
372603
330992
557376
718075
718007
598535
963899
996529
11063
821598
429390
624847
485775
393421
612981
967222
954265
516018
979976
70155
681286
140788
962130
846215
775557
156645
510609
429034
314701
514945
487114
886863
666827
719507
424006
696539
4259
143543
274156
111759
506981
605562
956540
561917
706382
261277
154662
744216
793720
501625
122437
989348
71455
968700
902715
530956
790224
258769
839081
260626
388336
191646
127883
176097
785446
247591
387695
963838
152102
582928
19152
421917
943451
682559
925843
522832
726192
326048
666013
717274
660220
805826
773263
844514
504712
109535
327391
758339
237181
871737
373524
237312
698735
949599
226974
959125
52288
558031
175503
928296
217266
3445
350330
772062
777933
570962
177254
882251
14889
669112
623279
540481
357401
914353
115642
814729
167988
900095
647123
481840
369985
687743
636517
931192
738686
691815
937045
576112
15309
137326
58043
964126
166332
936075
30013
137624
630895
194709
544010
264882
437100
297865
897904
758289
963971
7530
132059
578974
139352
144835
276267
146263
187215
509192
550832
888959
82514
356123
389765
93174
720130
231210
535302
766051
844791
172789
662063
719181
262198
711597
868754
226505
146414
367736
368501
634830
895471
360977
662022
396260
234216
46477
392187
811387
380379
103480
112330
445464
54111
883550
990786
665706
573777