144121
754290
545040
976983
954027
381519
845036
701802
993335
265572
979935
636897
135974
503035
399573
730854
403124
485712
908830
445374
537463
962956
317337
275347
940761
475035
733647
231452
27137
333356
530972
468843
75665
129220
622919
177682
972936
524736
537651
863219
429318
863845
752815
780451
478576
476517
173864
407931
708138
216753
29182
938043
476289
630517
630195
357274
74731
925429
989888
700974
508453
405506
220738
312756
721148
581848
493777
986557
501992
864151
440882
369270
626130
370076
295266
41682
481591
663228
51026
794582
674980
789981
735283
879104
631265
374384
814695
256789
956522
925390
653206
290438
166488
898158
378146
36478
906527
497985
614130
278091