773685
233775
205939
598569
165828
289883
119631
373289
959447
781124
514953
31472
49540
236743
647223
117378
228350
725681
741595
757402
815291
763125
299992
632884
955254
372810
953346
339700
756368
261727
229326
138358
208786
432828
933864
935987
892365
990582
641636
39052
234914
459343
195852
555703
386142
642856
124439
379075
236413
865571
879163
840201
424208
422425
922777
668401
956600
664885
210007
200158
537426
989867
463308
855223
869165
616345
270676
703763
217718
994872
848386
749760
587701
455614
848181
102000
839344
600276
846403
24065
499245
638703
905171
864616
365013
490125
972487
121849
135860
277774
871382
694741
436445
795501
177271
792688
207019
875161
815801
667645
11042
442676
587248
404281
51507
103399
759369
727441
196574
308448
633727
939377
145266
142441
853222
318762
497008
170982
266085
853759
319118
142571
270529
624717
452503
897079
965012
136852
413423
347986
735324
618342
857269
776894
364207
696618
648641
751324
854412
365197
977868
7391
912270
55239
794479
949797
64314
947781
525188
8503
382391
592888
934953
330206
498333
723834
4707
114720
747685
769688
637726
984726
171393
172096
130962
832235
631685
274312
697090
624691
362178
849049
862686
112421
700404
45174
67273
195191
349713
737645
792501
449813
748545
498584
603177
225917
204525
918544
553316
667705
130288
301680
992284
386682
208491
49601
40543
86094
978293
267591
567323
424766
957679
782823
555257
851719
802869
835763
971491
895411
967152
437524
815270
705106
237704
350355
717171
247002
385847
16644
948544
894809
351993
392591
920844
981778
713247
182620
606719
238460
217091
61914
525615
374995
442262
94701
535935
344792
600213
595570
687586
25580
504986
526063
918077
94469
379535
949852
147179
362058
779261
886280
216154
737361
252035
847466
705106
113138
214753
619077
742102
986568
375796
277750
830883
4996
540028
698077
767445
634733
397657
468326
846505
379384
965205
297971
513693
525759
81946
986536
551668
800673
725956
612434
103446
596087
182289
98868
531155
462702
272885
517488
330440
63174
363467
862927
630618
832422
428389
59309
483360
467652
981508
591197
217001
950627
296403
998826
107030
416558
984938
391410
466483
91344
947541
963927
852574
419050
784483
530547
969946
109151
776337
825273
985931
663052
104792
979513
298957
352149
35536
218882
534129
749979
101055
294369
697300
822025
963779
843976
955422
13518
591703
871755
540692
204901
903109
918723
829915
135951
292713
897621
503882
85282
752797
782797
521322
896635
689542
238948
153229
939024
652090
956576
511816
16608
961485
379994
483278
122955
572983
782747
911658
389246
100835
685728
887064
306950
635478
454781
967041
777990
18106
628638
644626
215428
165447
528616
539576
965597
648653
17405
55162
147737
953760
161567
32434
923033
660384
833772
811625
909101
827939
129863
98190
47042
449537
136280
451155
113400
825405
267113
399525
545746
421259
624561
152837
493383
119042
791406
355208
383605
803424
40811
143591
917557
475508
284513
384516
844489
440876
497210
55674
345330
908091
264048
964703
961567
968615
190164
689945
272959
548012
956075
655962
731639
831248
546483
450617
482351
247876
757891
622062
831687
227444
629200
727210
868648
754348
186764
227217
147701
709542
854440
883285
789023
18740
272314
464688
156312
21702
780155
897597
975007
440345
968679
891636
264506
117949
551047
953792
941762
981185
290955
648575
906136
690812
939792
102293
736565
427963
65986
469549
411040
573122
668059
875406
428536
385281
111946