432920
822426
645698
881651
646651
462565
701805
225518
903316
421269
840886
378484
805204
924928
115717
754071
359761
640273
889076
206769
906595
826610
720055
743026
84383
828705
112068
650179
626040
891338
454373
337315
427739
785261
411773
581431
775844
274407
221275
802979
835552
25448
839818
456728
505999
163335
653804
617104
528838
310262
509005
361538
300745
610528
148515
611038
185064
940051
756789
674107
243746
226836
199390
858301
218005
567492
720925
163118
274539
614918
317759
248597
503948
533578
737439
585897
408906
671324
73363
939314
651902
980512
221085
103574
145839
136189
41740
125947
165476
245436
938440
79606
533739
19465
693070
822830
94066
288884
833795
78075