391881
865605
317580
241686
602238
48681
577422
246484
309167
110318
675496
37559
148886
154976
500976
261441
913129
493906
409916
153941
540255
637301
485776
519203
466420
853265
393415
323077
159349
363474
989443
955539
658233
847905
618391
210043
725484
564826
72022
552092
779574
57265
518232
304991
122908
113469
316288
967667
104644
376410
526815
997576
765619
756164
97733
41164
201003
589054
161508
774993
346030
308711
614373
232557
141152
246781
164827
735002
65141
64743
336540
318329
838208
233399
489902
855376
691871
922848
786814
907767
978315
643305
164909
711150
49217
985922
810247
596532
272453
852798
321632
581101
774879
636656
745045
823898
301
913217
923298
134851
454023
343060
153851
750069
68807
644833
976852
142007
471823
697942
25796
719987
58127
60387
264820
894738
183458
446234
609471
130036
977586
997185
881928
285195
249203
504085
286971
764037
704311
86659
111617
729194
232273
223617
149179
914954
327208
440295
427625
377548
807089
407251
182434
858713
868925
680841
655785
306467
175602
825518
226742
496535
108456
197692
581195
628429
539353
242249
115700
232195
477062
755366
535920
714929
724902
201065
658264
400616
250136
833973
752378
972513
310309
77052
372540
814187
507699
330590
517568
863499
850295
147556
131742
243242
586154
500436
413301
112795
47764
685973
132479
897073
993977
266764
177580
292222
969324
332464
845522
221908
13991
278374
972294
223741
652473
245493
859212
582245
464878
343648
92378
893000
702107
788092
775663
641956
344590
120023
401598
814600
723997
752756
569919
511571
328313
187794
30119
40485
692901
378891
72211
978130
343641
887169
118996
252873
602968
666702
483491
384034
695615
547473
646777
633122
998074
741434
84373
971284
464284
987406
623336
447939
229770
271877
547659
757517
147442
415267
186121
544353
540479
197038
514599
260252
771207
108052
383965
194832
319610
264883
345031
635746
941078
498315
683603
983976
130236
137056
201576
48867
556156
547727
484075
678178
354006
63493
878031
340394
159149
536213
174151
269660
551925
380813
32120
308144
144853
645582
517947
636293
888684
338420
732755
168338
299739
966571
403875
508612
218176
6202
481979
13611
395315
808180
242104
685424
677868
267741
121721
334069
807916
438232
545665
689413
889672
152942
285544
917803
387580
634045
480373
304164
114989
13980
305529
697265
48661
672135
418712
683993
961558
298482
734457
357909
804845
635853
782850
978005
489795
923842
893435
775514
221210
169849
711924
659775
816252
506572
105140
598577
506006
60296
338771
4063
561868
950612
522818
542200
714791
269750
711248
401971
742667
148480
715214
209871
789600
305584
643295
455947
950547
799199
417565
509538
405778
50864
30909
46035
921837
596873
108839
980392
849163
436618
418181
808792
841256
293849
325354
596768
396246
584359
848542
720267
978949
392351
870948
865548
919987
297811
286388
724447
508242
468501
333849
283508
693931
32701
144237
598586
601781
382636
570398
470982
617283
723568
700566
496816
153713
879811
65798
548264
333601
96457
443494
863444
725549
334422
332017
571159
965758
346425
625463
657355
563391
642824
753037
92083
439832
308763
564073
78906
784155
517877
537566
163109
620586
502835
474231
240736
78463
689306
689405
347386
731183
677442
866761
473885
527849
763799
155602
555321
779799
736622
798647
210647
383944
748732
562557
771934
965791
174782
510042
635530
907288
493439
200246
991798
288072
400084
233231
545770
613439
551930
164691
927962
828356
574968
208669
112771