581882
704508
509455
603228
943603
23692
217802
220479
64692
794822
221061
371349
136562
380629
321885
412277
326611
130403
415664
614271
925388
629393
201160
461091
795307
894608
540914
121997
819377
301087
989997
807660
563479
788065
481214
202462
798705
419546
484064
870138
698352
971462
616921
504057
800450
534
575336
378369
44180
386056
222427
615312
20279
986145
782589
106049
190560
403530
300267
281918
974090
964228
584840
11587
818934
3850
686406
392138
479954
806082
387237
408217
403256
157919
94841
320292
596557
65494
188323
275231
961930
362106
634210
254309
239383
403318
259266
26558
935379
576871
445234
442064
619953
354964
60659
930661
970044
703882
215853
59861