14791
72322
9401
580447
889543
461157
292468
60
626473
791541
8491
567169
39606
274610
894031
686858
378699
635196
31879
54952
177829
184106
904197
798481
584959
556043
672883
965543
411858
383991
453579
967779
650043
122960
973062
612894
592571
989146
33580
616764
77016
725748
193546
932277
171808
752947
978690
363265
168461
274458
401468
423519
377028
863927
627067
836163
684280
683612
614090
248730
336940
599353
611796
342523
897429
561939
983955
459755
845853
889763
756769
880525
117764
643341
852010
655844
865
792699
482691
757254
259463
335126
781139
17824
737218
682401
515183
180384
256065
545010
982276
376771
662285
674893
303533
886523
624759
1246
957285
542652
306705
966739
564694
482403
735058
154388
373200
536643
565981
207264
881365
91726
212379
766725
746769
252445
306756
984123
859559
729884
283645
578398
835174
699221
366556
32263
115738
124951
576135
898182
338559
319171
140026
661501
125201
487090
864103
469340
708735
996550
911031
294772
174717
476556
45295
123066
779000
94859
647086
884763
863781
71148
455314
643190
401907
369157
905403
618747
544223
285444
648551
614686
230757
111220
663676
841719
670548
687855
89957
642809
208635
520289
257812
309580
163775
521460
535077
760266
979086
149725
706403
289939
240942
280770
849635
942094
725487
32839
801486
181372
503679
254260
973629
447674
199708
622532
598461
940371
78436
164429
916145
351167
342152
935815
350167
363453
375007
780026
260195
843976
235735
532168
979527
782713
57606
187220
575636
60472
930142
165518
629114
70560
265471
103709
69547
757743
590695
828647
893470
605414
430724
942272
48368
789187
979754
950124
678116
596377
185312
668627
486539
489417
741397
853632
434175
343519
632048
964629
331721
668619
502469
49935
462371
635258
623523
612530
249047
330512
392458
268625
221446
249028
719354
985596
860292
518745
174310
845830
872865
555061
725896
85681
278339
776032
541326
62136
10862
356954
744946
891641
468518
406744
393639
15422
168812
369629
553391
324839
385059
770930
743241
643829
467734
721922
833736
775413
325395
985620
921663
727495
79919
514021
954009
185674
804909
894945
981125
911462
569082
32766
257166
89461
519503
80053
971912
705230
748409
10974
550374
987568
259445
999400
304361
236680
20085
141938
506035
90527
65471
21064
838650
765219
470389
135165
503576
271760
68719
556577
539902
186619
341700
113695
170825
523067
6632
742198
410669
571764
419951
709330
460813
173633
556784
878982
988397
799998
404868
76648
210879
53423
577774
364298
598489
955280
115925
233488
121928
228665
182124
178227
241790
656366
901042
383057
581094
785409
524437
768686
410393
112612
818098
82891
508776
283599
892215
526177
973145
619146
822250
265786
186480
248280
833538
849645
538338
525184
583603
521524
532591
721337
163527
331819
740488
265649
469672
73639
456811
759226
419258
400433
290768
72849
937893
508638
815931
118605
745968
171020
455730
110177
544137
181307
991945
718349
636897
133
958809
241319
508916
819643
237007
966594
249510
291742
694752
506040
422729
559991
540762
996442
165179
81044
965782
2608
157229
233375
116810
380846
686654
537244
790587
590774
14853
774462
989775
420996
936942
351143
889984
811963
241531
81595
873133
590665
628268
6368
751499
607865
102266
402964
333496
589653
47676
911402
805296
879029
6765
621858
934552
810728
533957
615140
982072
554494
625283
831577
979014
111153
351116
115110
869533
356398
952813
787782
931213
190531
885245
686019
172683
263142
659614
808465
778569
695775
994914
250823
830561
919955
501449
388859
533802
153455
940905
241912
848365
699565
993511
196702
269938
166086
60001
608983
121907
387636
881518
899058
477362
497507
739261
167453
298726
333747
471386
209539
194833
420972
36879
82688
345261
11071
415719
386557
203268
344053
784717
976621
121759
813815
337172
53923
843990
936696
44240
539085
880454
795843
557601
465681
430561
630172
974480
25602
459488
574038
354577
909823
132179
619377
559336
75688
351448
390189
211497
277758
962602
456431
75351
527894
285649
577679
130286
527482
987959
909308
78397
81437
561563
443469
713258
894904
618527
596708
211929
461829
401659
691521
453416
432087
637844
856865
251025
631572
433703
879568
302323
542417
984479
419922
574506
378120
766151
92522
590170
956024
46106
844933
165067
655961
114421
695686
426798
357371
1453
755759
909566
292282
32893
552808
507074
280992
995224
321327
198511
857431
944541
408093
839466
559305
506409
499857
514090
862294
442182
941499
579644
353841
97472
539719
209568
725080
641048
627939
248081
786734
256402
559407
169186
392630
165993
694913
625604
378222
226083
479761
739684
524486
592639
565128
736049
635451
974090
931168
476091
57813
379344
393975
306615
578937
234800
170422
971359
122667
224649
136088
425974
214308
784272
836442
673769
661132
677956
981822
963089
591701
163384
67387
464918
336948
946767
895172
827629
274236
27335
28595
339201
579864
13100
626130
438960
269860
801324
489990
34028
440105
126347
109209
51970
435315
306349
808674
595191
921745
669072
115475
578894
355433
254813
470751
460519
801845
662675
838662
721729
129630
913763
286398
550368
736819
457627
666879
16778
391238
810938
640876
888491
40803
26722
766617
436632
657326
334379
549437
50608
345560
938771
128501
548959
768957
453268
213938
248892
794462
338254
864513
332882
329910
163300
471029
299580
9467
878435
810931
779946
646194
130012
622234
485696
902895
799250
828621
853149
62056
681167
789598
529209
910389
10577
443928
265191
434599
805346
67689
389242
790146
411781
150698
557572
520216
625036
768717
986873
988355
892551
240802
325747
850302
555158
538374
484303
933792
197728
916904
448308
604087
328348
747513
900340
280573
990156
785840
468554
774329
708554
745271
873091
340789
302907
620085
118330
692824
895712
893305
272444
53215
516107
697728
583690
852284
489134
468387
516924
785867
75599
821344
102338
402797
334679
44866
293894
143171
456138
657008
568365
437257
735698
992336
565885
119564
47668
426198
613145
285321
496100
183597
837223
994148
753971
263424
283922
769090
61734
600677
602283
242115
199139
447398
5226
436639
814085
326318
241939
193308
798478
249229
695284
866601
742460
976104
541514
210331
692596
277888
184964
33793
471707
824477
112095
538405
638660
674390
62960
316770
463299
923264
412416
266461
847264
760753
436625
634401
78119
546800
496383
412379
262557
338874
876994
826478
993101
584883
462928
612468
150144
279336
429215
675667
290442
377661
364744
106359
427649
394232
661127
37489
526985
342504
12831
944172
685067
634547
556571
334215
142532
250043
205998
544468
800569
647853
594748
637229
85705
379750
208498
826862
845915
92609
372367
760402
99189
534337
755142
571181
766318
120408
790012
942467
138108
710418
196076
86916
842215
988193
818026
754021
816479
645573
867589
283868
530536
222488
429893
952312
862835
521971
740691
173658
892617
99200
237560
957012
310048
661086
101502
796764
42000
467242
477171
730924
924959
313136
870027
826042
748728
214318
226725
182607
574075
644225
891238
307975
839086
696047
123970
531172
154448
418000
638745
805646
859598
818713
281277
887659
578191
51334
294738
597591
154602
795940
728015
359552
678583
333368
104993
805089
757379
831887
869998
280217
655773
692132
619574
472231
771725
118247
114326
266245
538917
758448
357287
355293
232623
973696
318979
941740
43973
68207
841639
542258
961984
991928
50484
155283
603080
643165
588368
393230
458059
41912
841961
34327
304905
112288
510170
719634
1483
733812
614118
140526
289139
274631
116257
826460
534639
229864
550701
746859
417608
247628
958434
564482
174615
520026
747847
245881
327574
766931
868925
14292
327828
894877
757820
890396
364866
630122
59380
832156
85035
680841
586069
341173
565697
405449
131242
505310
907858
549766
297632
456764
40666
587153
21989
32218
957681
976000
303212
664645
683301
494863
8652
365895
458466
458865
377096
439678
913358
21111
536490
314968
329905
736348
809672
434477
598866
779946
344296
828472
971293
738189
653120
728883
593919
82483
858838
689679
917076
203356
303238
707533
275064
215683
893410
950396
750522
83049
168819
863759
289967
393338
557406
57178
883746
530654
293090
696873
215785
446687
76926
623229
786771
699122
659119
649636
298365
96868
457239
279476
341892
200866
551674
931683
850516
448869
81953
881478
217567
80120
920225
517924
160810
624807
174326
805239
467393
645446
811208
860158
807435
984219
699920
206849
838776
237289
782612
702179
377046
880090
647886
848349
314435
817352
205739
373661
398397
63463
764719
937146
528021
634899
65397
493266
9219
337586
66580
765698
395410
827846
337438
659905
189820
391058
159938
152281
253584
120293
884753
198275
395599
887623
978717
53151
527703
884351
585981
539917
593655
663679
260974
600939
369761
1070
763092
611947
630781
92112
149342
20623
109594
571795
954503
249028
872255
824056
39288
684057
64928
816155
489994
399770
961708
929249
689194
183117
552131
168766
590742
584264
938821
726496
691139
186029
535942
473148
858017
754052
989021
249139
767158
105075
581724
684640
822503
447260
703514
698049
472470
224211
718955
778879
711460
907962
656113
372571
911383
731452
326156
116215
653271
544994
735916
938751
442195
365781
735496
777394
558593
101233
755303
339281
403458
462657
294684
384546
978787
241309
990479
437665
177664
764637
978549
507524
829123
775289
969697
921258
356042
134143
448884
577887
885223
612399
885425
57294
233408
16118
673899
976324
932759
391813
45855
616540
295013
514062
412958
350413
358623
735387
445603
753932
697818
160523
230467
735071
975178
564777
472130
768320
389030
574442
794689
746346
311848
743363
835925
262979
99056
398949
374964
439333
767432
282006
326665
315658
758594
472877
695015
204500
65918
417834
574169
89399
887496
897391
191832
227268
119390
484639
855766
356818
912846
889170
28023
525771
613694
273650
458911
874192
585926
977525
256550
974090
566135
980215
679016
929934
259071
552371
46010
980268
733924
583774
955767
489941
511214
844640
339576
325734
645282
888879
760161
130069
187560
220554
760280
176567
672590
491728
557905
554219
449573
252730
930949
696999
524745
438395
651137
160157
320511
141555
230619
702793
364919
917258
932863
677786
185648
188335
484519
133754
546426
49261
119017
725756
136727
606375
705002
459809
9659
726640
302768
492615
983603
747657
308246
326063
161762
718392
856024
47529
596965
503041
357006
627358
161752
98628
258998
583930
851570
644850
355818
799156