83392
237512
734791
222968
808632
714165
958352
977109
957979
24262
570985
62806
414782
328217
308799
841265
233794
88579
493638
545044
494448
821852
174496
782215
181231
593716
706857
607789
572640
945764
716829
926186
750806
558078
270311
284830
712693
459878
835719
295118
29030
474042
963038
771812
894196
843949
888089
864909
630470
338993
35704
40576
768953
399442
349050
96607
128473
617632
165671
658613
866173
592709
635641
521696
403964
479221
234728
442952
617551
696386
457745
683853
118213
48271
430082
213247
979677
330781
744676
931206
768323
914305
657989
4258
982826
513398
98882
233933
250882
941263
617806
627517
867094
267205
609185
451334
698182
109294
785215
788571
434140
735311
33443
204085
30668
755720
800776
30220
238157
893549
490197
625026
753486
550326
727203
891679
393815
205004
9900
887543
463293
293827
226065
148136
869761
908199
759047
873344
697478
174191
887904
41531
241326
434959
289458
671977
13776
505129
988838
200302
637335
855779
869471
503459
344762
309524
19012
795163
914643
167575
388652
279424
597983
306562
99685
642651
773457
806641
287713
124594
750291
221307
668222
286539
528346
832070
92912
705487
634468
422135
928525
127114
508497
912513
62517
632015
400923
25119
846684
161337
660660
823581
18486
165963
871611
418319
34814
288825
242842
715749
391522
110272
843966
288279
822158
591152
708596
99770
354643
706698
176605
328053
395508
532740
729038
855501
705869
524905
672518
277083
964961
614173
894476
278752
452542
330430
292197
617711
109391
240551
187951
44808
469502
779278
945757
974533
157316
51085
934032
802477
52750
718142
169422
246247
585741
278335
30049
899976
146075
911124
902031
765773
474629
305196
501873
764196
494201
591420
682546
730917
5069
33032
560294
721694
147881
551040
621188
297739
842067
782663
82818
705957
216405
116942
566859
357777
677837
920159
170784
936633
765329
322870
203144
831928
724348
336457
668469
53615
828826
847081
963829
62389
438252
692417
50257
753387
633176
533690
220678
18476
817200
793537
596637
557284
480925
281056
992553
311672
120744
291913
591005
868835
121060
960690
781063
857953
213180
645273
636717
917571
163093
86249
735490
581219
481695
193589
35205
389810
815549
955297
474359
266157
882958
284192
105719
165230
537688
126039
635707
206495
388561
208033
544685
940425
739401
962732
382880
135690
170231
92544
729069
389349
679134
951712
566254
394996
962523
40649
396183
469304
347918
771991
426220
567761
883171
442183
256354
352457
220732
934039
245334
410186
977020
840458
711588
181488
591795
434375
638054
942521
4193
365665
837001
133273
512617
368498
966989
802026
201748
97440
716121
400129
828158
456449
358200
792284
662881
470939
875188
659063
455484
733188
226317
378238
768991
634600
675734
262940
225494
365609
645293
822321
913647
183137
790677
690019
316714
495363
721842
114700
346557
671583
215840
807249
22465
61380
217135
850834
508604
274815
368703
597821
360523
903810
899253
983101
354220
800672
496215
985424
224358
276085
900490
140151
465365
313763
96357
340742
562582
970231
835825
159323
593163
397609
620607
331499
708171
881602
770022
894200
492905
378712
361368
399135
244192
335029
796705
456397
554584
24086
79483
660690
676375
362383
471056
390862
267975
348492
136205
651975
442079
413426
324318
932637
486065
177379
280844
643093
525008
907488
425649
815121
268892
373130
248852
85664
172460
775489
737701
293298
870870
234861
193046
741732
4189
725787
27667
232378
580920
770495
186784
351914
278075
61336
135374
451157
42469
534065
674330
443985
413125
426051
268194
666273
605513
240952
793669
775046
980708
316234
193366
416878
847643
883530
764283
247307
351405
134973
155112
305599
116893
392353
383604
822067
347677
984909
495701
273543
18521
605174
227965
299044
157661
380685
691792
350253
634403
562502
701312
24851
889469
969588
208775
690183
581659
988624
238912
918859
782842
65433
971491
262626
197801
993365
569755
338534
467769
144245
193222
764856
451649
869270
4680
70545
454667
296804
312460
356087
190367
249497
853272
823884
15017
445603
550540
557441
828233
207012
871735
171815
73272
463123
510166
581606
136914
774912
57898
575814
542532
93428
995893
484779
991890
609846
644497
919838
534533
613290
997356
702341
830704
91861
389731
527605
418526
573564
698042
876382
283866
995945
527990
844709
244699
948367
57239
73551
490889
212165
210934
245784
520432
652270
425334
252324
247680
727354
236138
592205
470270
547141
556931
377691
529932
768029
932788
152465
762639
241185
805668
101732
270594
412420
802511
291719
339287
874801
990138
724833
439877
494921
550481
515552
149683
581127
19551
530727
633215
510405
926440
817955
847083
716760
136166
988091
504292
315285
241119
901798
794033
658743
992351
627094
309173
520601
263959
560466
744608
985181
800658
166241
717368
495599
651344
625890
626815
869796
761153
227193
681218
467708
9375
735076
182206
978310
334120
548587
293423
383715
521527
697782
982454
559138
922238
772344
479526
403851
82274
593097
401707
249271
70067
510418
504599
326364
498375
190433
207242
800551
249394
525405
275518
119170
105699
238803
385901
471669
440798
350894
324639
630056
590161
879558
116563
788295
359830
184143
670025
752126
552260
479922
16426
167779
530546
364920
423765
907060
178378
760867
643527
854197
521349
67479
512550
200572
985736
672885
162026
814024
820571
426569
348841
313419
174274
874713
860029
733384
565306
816542
646740
635735
712977
187279
604499
676614
660450
148248
44840
540506
550764
138282
422123
775795
362191
135980
319151
507277
933730
447759
129643
535778
543731
700415
875392
449133
227164
651381
878887
657738
402686
168105
495161
305402
830557
919717
719769
746114
882264
32437
458497
629426
671491
754298
89448
548803
519331
669022
731981
20698
657221
65826
498659
245865
230011
255828
380505
778933
220148
45596
961861
455346
131575
223028
463660
113290
846012
858296
721840
286268
261671
835795
297239
884385
359266
961881
180212
430794
954709
373555
998644
706502
934213
106357
106759
424896
362246
159564
63656
815620
447710
869267
613835
795682
682808
361348
466851
591147
817282
114955
472141
492185
743907
476790
920732
993483
351516
395913
849537
446637
164474
89967
856791
111926
92789
970315
886473
431371
139049
496555
926561
638657
924142
442462
642285
590015
166742
456796
735951
100354
293570
964900
520354
364731
538401
247267
532997
528339
668038
112656
525573
41358
791525
738517
20459
667533
326635
715623
46366
848302
52343
996854
785719
182478
744312
389952
864032
913454
414500
812928
514599
540979
200274
942213
137509
736839
942580
359389
914757
697374
564405
478832
814963
994259
952619
647912
909795
689968
457465
619662
67899
264908
585668
676400
705630
471951
486864
894782
674134
346577
653750
515829
319901
312609
558084
599027
355784
925922
313969
730152
636689
302671
143995
159725
945151
688926
374687
269487
104372
670915
271732
283140
579923
45899
251813
364254
430988
768809
597897
85277
702405
27534