245736
871565
651442
218263
491840
488496
220404
296661
219627
742358
668023
629529
475507
850521
425272
344868
320184
767740
277826
744731
544305
332744
602825
739827
186448
254599
168279
100343
765892
485916
690334
977209
960984
46653
415724
1683
844536
376399
913468
534872
796180
365149
379944
327261
915357
362100
799868
724893
901805
745565
349799
993421
377091
422263
192523
460733
710635
704753
567091
74471
876989
427362
496420
144856
501116
611845
278412
651768
600926
298196
84311
479544
840235
688383
155553
413142
397374
888521
46470
591184
298152
605120
44052
220195
589940
854999
503330
795646
19590
69217
587898
606664
661405
196140
915057
142795
660983
589752
572952
393915
88468
444947
949899
31527
458962
722450
336614
734779
253943
450478
102296
49647
301262
970488
724879
237712
954216
140666
296019
379817
370947
308524
604399
713486
607945
606672
273929
570372
6831
98154
223123
977296
11966
126239
805274
846939
944559
714922
104444
427838
776430
761269
67639
206768
912385
652634
467228
820233
532354
360181
916514
640306
814792
471717
871318
965036
832164
673120
521392
629753
499271
564912
58562
284330
970049
233038
296969
236358
294500
330905
459174
14292
572359
346355
165606
135238
386470
885113
419581
127554
531943
61084
436370
857742
513208
691809
866868
711767
567187
799217
656554
477021
263907
867421
274919
680959
951489
37299
931420
926174
347607
575478
582888
33201
174373
235452
692459
624293
33570
93609
600632
224302
265274
909699
735656
288175
415734
23155
210123
296514
744506
476951
471802
418212
989799
523974
453448
496704
775201
161377
36951
940246
81514
657874
942918
494920
610093
557668
471432
613185
911447
490175
224400
534530
570656
449406
459368
112651
712424
797167
738529
248290
955644
562982
284197
339267
220855
64382
208872
663780
862917
400558
346301
925475
427843
695875
779013
606222
158338
643775
813506
311247
856875
142798
40906
522482
371900
1185
79766
152533
544688
16170
905594
428587
85565
743794
528367
111724
660599
132378
43852
2333
537298
297132
228948
499575
928645
845597
781608
867895
164361
515169
596125
33793
728256
640747
688936
694193
601459
670272
315894
706880
362932
716535
240600
224848
130722
480463
756508
101525
755403
218220
184567
213791
652716
985840
478558
624520
845139
140658
252083
123126
557798
461726
783452
593805
634108
137129
417200
341620
974312
560495
593611
959363
803607
239146
30401
565638
852367
593105
565295
718960
520023
574027
688301
520352
202422
758158
717535
904072
525971
887577
388715
814848
815163
842826
548229
671078
340162
797916
530149
640303
478336
676481
411867
605327
49533
181720
194041
630145
581799
390347
446254
71731
412671
341064
564850
430802
291093
996058
774941
37805
293160
835939
21907
644808
174127
206200
286106
540928
629621
366553
620428
875093
617311
804620
684071
532057
644233
611285
412162
797620
762767
922131
366811
175505
714024
794361
588171
217897
600108
824616
845018
617450
169334
126822
56879
154179
939492
950078
878752
747663
391099
233140
395176
731995
632040
729058
665590
686486
469409
409459
220322
774804
292970
293883
118202
234879
177780
897394
670907
489370
669151
486924
619100
563379
991840
277622
398339
58725
295678
819502
300379
882887
110647
586495
517885
103605
310591
426456
627403
61497
78312
106824
102364
545045
988253
38617
648785
932783
283272
261510
961862
535897
768660
85018
1892
452477
884492
945126
386388
923746
825378
527710
342222
14237
58764
554448
396943
829846
227593
144834
697641
706165
126850
686568
998644
880938
394955
164863
66082
921111
955848
193417
375537
739994
457773
43109
997369
453434
665245
45130
394277
306157
116468
728032
262206
866115
561376
41467
506083
697587
154410
264948
547413
599873
840467
779110
650799
293128
274009
680770
500339
738025
78617
951184
8127
631056
798542
838723
113630
669792
160567
199351
970106
621883
427927
947337
683375
199919
736854
972755
167868
662976
480133
209282
113683
903182
898879
538582
557584
993571
786026
244982
858822
377435
151837
121006
436532
746608
288348
5190
871958
606753
324926
186048
911448
931327
58480
517165
770341
299092
415122
170284
901790
979824
672639
682624
264551
39889
938346
844877
701851
778606
995299
424495
343519
415968
194617
784247
838420
492526
383162
434755
932966
529395
299670
103481
112834
548270
676130
950048
105444
333542
620920
733403
202702
67064
168699
280386
403476
253951
988152
605790
855892
410142
525736
497537
219332
693996
343314
707136
28004
227709
804429
403983
326930
879241
924195
537079
764412
534140
932177
764470
973743
149017
42924
535027
785742
536972
114845
559324
48607
448522
491917
450142
141568
498407
19356
928832
534967
521460
659530
935197
280167
60306
371384
448828
719453
713048
473929
890381
774410
917596
519779
820419
831372
1250
746898
157000
555940
740447
759307
377889
998220
467176
779469
4640
750562
817404
746723
742720
159741
84906
85766
697760
233825
221216
133344
412959
330381
618194
465068
850512
124529
512067
967929
456410
117308
845875
227533
588207
168212
440358
178342
378855
209631
722636
574492
78072
403070
121938
19938
666772
452954
732164
159723
978848
903766
149149
92841
313036
404388
133933
718832
984723
416436
778725
461754
333329
248518
376898
286083
681980
24608
773012
464341
28992
427740
267690
567198
429243
352153
430044
790269
820434
987538
556341
425307
300014
288075
283771
646966
508055
720359
165595
394361
373355
867543
836470
783751
530682
540269
169986
344791
441665
476430
82974
921273
415490
559750
664567
826551
958588
290038
774288
15639
879820
69800
308401
987836
6048
182147
825134
135916
652948
397722
2770
830188
890219
883422
517353
895815
186155
760756
705127
809134
229013
620194
496952
820025
115775
668706
780133
571851
352720
218329
934815
278164
434712
731681
27308
347697
24265
490178
462827
175150
243670
512640
683269
419755
166567
759374
569010
93148
551094
578208
814245
644842
957321
592798
756566
259191
209612
811316
961322
973183
832522
671110
673984
8025
436168
649921
260378
410909
963134
292301
5990
480288
724531
43871
510120
99291
620724
376874
484295
315306
138352
158645
622641
355568
18099
878792
888299
938583
11773
945536
70968
474741
321470
66
370981
637258
156465
406924
190511
130982
233554
958247
270482
573735
121597
759289
430704
647712
7781
480118
798042
996438
606189
754231
431741
724388
127078
567779
99628
201726
881574
231497
936581
728786
70337
463440
190723
778122
272359
613126
517152
491182
509466
402196
161253
951335
558474
268562
601615
402655
296590
561911
690911
7235
767233
278761
415807
439594
223863
656627
610444
794831
171227
885845
175876
758138
381991
860660
267213
364094
977022
632690
793184
503643
662057
449560
848336
647107
559788
630960
782971
723130
936004
649776
445900
397718
46080
971856
521578
451622
487161
818173
514432
25583
381872
364006
820778
56338
178114
36211
708601
717321
829770
458133
384739
646992
131411
344952
170762
676256
40824
612950
853031
195350
932059
897637
760979
937395
833022
82992
502002
345085
887297
698372
190204
736514
942072
128576
481705
301884
698728
863760
296568
225872
503647
220979
435997
739057
222701
372087
650437
974369
633922
435527
766727
192728
863461
528667
430760
38013
286415
480717
218315
762065
756194
679948
840499
834795
95881
876457
244919
362974
625389
66831
942017
882038
754448
400400
940546
731745
290762
614874
184886
247595
315486
753096
569103
407970
675321
936532
335233
637208
227398
26987
10793
938631
927344
174489
352218
512719
478773
672227
12038
112538
173668
166900
769670
881376
836659
569775
464902
71814
849215
765027
448080
606434
689888
540316
885363
288410
443880
301334
313872
719466
770681
680461
919616
325315
442304
864688
997093
377425
835858
540276
736140
984725
674721
620868
573436
631857
206234
553813
233310
852995
731487
234392
839304
372136
188444
275913
400424
698146
370440
880293
830473
477844
178490
946680
7109
706346
827173
507732
838728
140501
846194
675741
518268
210868
806009
151362
384342
307406
539483
378310
511869
566716
463806
633916
238226
52260
892582
550801
880480
196000
844397
133251
621473
531260
417887
508144
333867
50014
321140
172489
947574
929409
638442
852581
535114
58521
467711
750066
278409
393307
136904
244934
902998
160533
337265
106388
275297
423416
788434
391417
667729
507574
571945
170102
4172
266182
875834
717625
265190
759685
322176
103252
34851
544310
510734
646671
474283
972010
602631
357528
493321
128827
643126
364057
775711
244210
593739
123938
957418
848584
580211
556421
749806
31370
937427
549377
717502
331989
941152
402198
333290
74177
719389
304696
83717
369435
80242
725214
218961
846858
14630
830457
137866
523474
988281
616386
737036
472695
343585
557548
678113
734329
65823
32249
204267
604414
364924
784297
4458
162638
31653
785228
364395
646776
893472
498681
628302
713489
382250
983895
523826
820188
679599
872920
726527
303173
456165
268870
173839
207560
146246
662261
197433
738927
5864
534745
799548
785592
847098
298096
514501
201044
69917
915295
776093
462924
250973
253211
931890
771903
300810
881150
391297
900678
87671
418554
404956
881016
679502
970345
417565
289929
289934
916162
522727
924173
391331
242344
3669
914843
605089
537756
709251
633420
84124
631315
74165
132771
197734
836067
878375
116230
465254
391255
635249
859755
914449
493025
386135
225230
860104
736047
397611
575518
185166
840470
144671
436088
15396
339115
469547
141002
301187
53361
957335
793626
512246
34604
585062
424287
875089
855060
246495
256333
510993
318053
497913
478702
985106
880339
175522
366188
14247
728219
884908
679275
522778
928117
788628
965779
247680
50982
222385
807275
964343
735857
34422
142881
147646
46189
773411
752998
753458
688370
50190
631606
159009
678445
872458
311733
305869
400211
876081
186165
279423
123698
354964
802260
29444
298723
488571
706498
563529
360988
545691
190881
919374
471394
24979
403141
467914
922011
860578
846874
890588
537986
523370
322149
855848
446515
742297
550243
100950
923878
413114
364493
926179
130424
859351
997053
954978
429349
110920
705323
955667
668691
667485
182096
461726
568519
465699
233131
474285
369722
93655
335137
178019
371334
490917
156287
166908
883771
709723
337628
818754
550031
322607
670874
235113
156337
483945
835531
255240
931774
233646
194671
519092
743053
243243
866523
954171
569253
988762
574390
914298
74318
184692
675742
219483
2372
867763
472616
632111
713672
192195
54467
529060
2834
844932
897725
693411
225313
881022
580576
794249
601778
89762
736693
303871
37711
508217
948648
283512
153150
625004
56331
15046
472539
14830
810549
132122
479104
191370
794755
505686
365920
609860
250494
67473
91955
712879
75293
121958
414667
388107
243809
503545
933190
735256
380190
504712
848796
742843
529562
706537
654168
639628
38606
730469
256228
443258
257289
110449
741372
667804
742388
892933
614085
953301
481520
341916
107255
728674
874844
925766
990644
155267
696306
462637
420285
765059
663121
402082
802426
472934
922197
990563
121462
609583
228834
786668
255278
864715
961920
265974
937918
734877
756896
771088
217596
662631
145981
902745
562912
904529
294622
471192
278048
924569
632632
805880
292251
351576
143984
509283
668395
982957
173565
8633
411229
353608
453996
339373
951421
969941
973309
778620
46410
753346
612331
923531
22472
984943
455369
871133
941621
39346
533896
972014
547987
785283
973397
681262
585060
733131
197023
118237
85300
400580
75446
629311
371536
267468
523535
76605
920660
640204
492772
421912
799906
84351
257336
274442
33711
192162
789816
836731
435383
375287
633405
502300
156113
613941
931822
101028
612701
188495
885379
404069
62809
872287
594660
512074
541843
962799
631663
122799
4665
561124
745945
785501
720076
360328
311596
104097
430067
564658
638510
858887
941100
494292
852962
648952
895197
424737
126376
164333
775817
232409
679807
640975
780894
114034
595563
229997
494570
278436
14898
617049
181870
134098
582336
871456
554955
207568
154858
631907
99545
882453
23375
339030
183575
490686
717339
94805
722108
470204
651749
786206
802412
460700
993720
780655
911494
987570
14831
298045
142298
144417
534329
641870
363768
845384
544381
936948
307107
998732
925207
610918
535525
812990
958527
447548
675068
900073
348363
972231
542514
219515
614155
314890
776906
100045
439890
658393
40918
713425
426580
561357
203366
720343
545835
564449
309147
129020
631476
227053
182681
187823
658966
642876
900762
61217
909346
36300
89696
642697
596118
147297
820931
636113
945084
557382
150312
592864
92784
757921
131026
913349
961662
423730
600402
549949
244073
924648
463514
621985
49865
404896
614512
675119
470668
570171
255806
932595
770973
523866
637893
501073
194721
143608
986866
202162
71838
791461
22409
83081
54326
793243
244670
289409
617298
436095
566307
342853
130906
317237
14586
331435
559392
904608
173420
107389
711132
588341
602451
952742
362770
299131
404786
95734
397072
225633
476996
438546
506771
636859
339633
740795
221513
110875
564637
681593
568050
856008
199515
870627
219232
493854
193088
906766
420573
916225
168017
953360
263723
468159
58910
23920
925862
548546
426984
617260
666886
441838
958973
524517
842369
912925
979429
85931
997709
843636
840373
860193
121859
821858
628608
908301
615967
302581
371373
627518
389476
875160
903780
834586
335068
916525
268258
867075
620285
150787
543981
416166
235240
761908
125857
380192
893962
871774
717608
667148
983781
754044
677256
984109
808233
727008
207958
322869
971260
232783
538184
45168
796569
583609
957672
566160
253140
79635
651173
451669
90620
60499
759044
152857
681689
984455
737587
561269
568404
450643
951358
707027
63862
58181
541083
892050
275017
692310
388127
756303
823194
634048
374995
889815
222432
287478
334050
198117
890615
250373
597609
162009
514885
595909
989169
223672
59773
895419
749433
871322
298626
285263
17835
553460
889187
193892
801329
223170
473925
525977
904737
906513
161566
285660
290260
81702