696005
705635
546860
503404
566428
213951
837504
317208
77645
293905
614826
740720
998186
88337
163098
916131
288366
154716
259857
355184
779094
161768
209939
188965
27689
563746
490363
773138
119705
740454
824040
285455
671234
265434
571093
547047
159183
413864
380807
909536
755836
656150
813535
184360
435381
232643
525199
207070
495262
980032
530922
926329
860140
750792
964435
757465
809776
216861
539735
840424
170676
632961
578455
134829
169854
633551
599902
405613
404273
149748
955217
961278
674707
43212
89924
332713
93290
492637
549801
419259
118847
124330
906019
204329
86340
969141
954809
392861
840209
575189
656485
631777
377546
541743
366604
243175
180765
217428
714825
540082
258280
973559
92898
190949
521207
241801
289372
247398
253995
47923
866987
730223
841334
132271
952065
389617
397058
184324
123975
52516
280049
932828
462697
266928
330687
124547
440652
435761
170052
600254
234523
770603
885079
993542
333951
382538
314828
115552
293485
907283
859869
538074
968217
64557
406694
801763
310600
520454
506698
196360
964547
585507
141172
92039
116199
210824
185912
173650
613721
980992
909463
822753
10072
19914
586849
833716
596523
594528
17845
109348
293881
811365
939108
32293
837431
261610
407220
455131
706107
390109
935360
536469
196208
983310
36157
109098
933347
946143
149207
529710
121657
884936
721913
435473
352835
352645
722668
998101
949738
113180
89239
701419
715781
545358
872548
744616
707850
550234
129092
302633
908768
630824
152712
303040
422482
533081
4400
146265
597920
316904
477441
226542
259376
109117
297167
416226
82018
379342
127579
126782
236928
48498
338581
963271
245780
948804
178178
171064
718996
392560
67960
770977
236857
386269
125959
982364
770350
680759
443698
949671
730659
957976
933083
896035
592128
413778
891836
890728
368311
923675
290321
336579
552626
27286
854420
616461
378604
115066
522464
554089
928348
667553
470839
727961
628043
797935
693599
323006
58311
698653
921831
47786
110320
330273
885703
920355
490415
830076
99557
300151
533703
505311
227764
224631
151619
208763
265335
517329
100751
89956
282084
801678
543331
674529
515299
704804
668570
112722
826933
907513
430945
160958
708082
928629
640906
489016
187626
811586
690752
666542
972781
175651
196437
216782
568935
636462
662712
201045
428323
802087
740290
886902
365168
119291
507951
90915
645793
596374
256745
55418
70189
97889
70976
674703
733815
617435
937719
875922
376233
789587
180088
333789
878265
39679
888487
285213
368462
998844
734547
463706
31611
492579
208265
266148
33897
129156
891523
651868
481876
260994
191614
273308
933804
96651
730665
451332
658523
684018
855801
295394
552294
685418
753241
219837
475245
816161
567231
126142
64204
900790
469786
578492
722916
598873
86119
634275
437556
800510
599331
235071
720032
114494
330523
111083
80788
126922
536927
551952
495746
937996
891925
496412
134023
10268
83305
645313
41772
432859
919778
16807
615239
402864
905808
358960
406850
780637
555682
936677
343155
350845
401748
314562
934443
689244
802693
6938
302731
80947
484966
554984
148239
913470
208846
971124
254446
833596
726699
542239
989146
416258
274068
294219
12962
332989
603898
573545
296695
988994
142460
506848
831244
761875
187161
237975
626070
187441
242623
55455
386995
222233
689283
962880
215591
812636
467690
679263
485441
310430
641188
892552
593692
580523
204504
205406
743617
23153
899418
827676
553578
216222
399610
490375
803746
979095
696886
872818
170696
352209
981391
355181
224497
519632
937657
802315
129325
657082
766251
185487
852258
534231
991383
922931
14741
872488
228020
667988
140296
483552
260470
542973
163645
611459
241695
774798
620504
209690
385775
592520
695138
12816
872247
424888
325034
453293
420748
708734
429638
192364
934486
173498
11191
587962
532616
379474
915498
179918
227370
297377
333531
919520
274833
808063
918997
835079
833585
814313
671764
256882
248457
533389
656203
882306
74108
437237
671296
419843
281024
73549
663957
771334
837807
242258
364899
338972
249595
271258
533631
361201
448511
311610
993246
300354
261744
64855
603925
230012
678194
607500
373688
148851
803975
420277
994980
931131
920290
102870
202457
125799
853658
675692
649151
23452
201082
791565
726409
497488
704245
46590
772983
721957
257910
670097
185653
270940
930198
797241
866657
617271
95847
569900
550762
124208
562413
466931
895764
725775
261485
692049
479832
645612
177693
441230
937319
535553
276922
26207
888079
869867
540217
238131
97847
229437
892181
155420
988804
49857
858311
153368
714654
588300
582356
494204
241229
10173
100864
295996
603965
630802
344928
804825
302240
951590
715533
105575
743346
867659
132788
49466
451800
908160
114827
253293
775394
108431
98462
590926
706736
637574
372039
759657
760816
872463
911548
954351
725893
957294
170435
228035
528515
106711
782272
344162
921687
493994
440815
101868
945220
449420
233324
271443
367944
454435
418479
790111
142685
273069
152662
615835
522139
658302
663195
344480
478778
70548
632869
215483
176181
566872
961658
295870
174347
805812
439185
139488
437664
318411
3781
253841
611520
426074
706918
645087
735555
199657
121514
110974
770891
74733
801153
498039
35050
348413
986694
808304
405345
659631
26001
751316
558275
793167
688361
693342
457465
796603
511767
289543
562846
364126
297749
276618
667082
417735
809382
347857
442092
49893
294079
523582
301265
402209
580323
86167
240065
792984
97100
652558
123080
265844
607173
620204
411218
820070
75221
563866
915504
618882
942933
253772
763639
652598
652131
500234
856903
515624
104559
840156
999017
461804
351538
974482
982098
97951
124991
217581
618500
341602
84530
920366
353556
626742
837765
415928
77318
777969
32961
125284
202772
336539
509265
434082
92238
107880
877489
950150
109851
453265
940166
238582
602461
750865
189256
46063
524595
177529
723866
814703
440152
43376
580667
881539
314408
468747
835540
273389
773827
206149
786289
134513
513482
100955
444045
799484
524359
430663
2565
166834
135209
818390
542447
196755
135020
16040
928452
484361
594327
12356
994680
469968
212703
490133
364139
392962
88937
525125
706423
285502
633261
617013
673129
753908
773110
548566
887373
772176
955781
538855
216163
898689
255510
54283
857006
519205
680058
390022
465898
97619
621603
668436
191901
620996