496447
101718
66862
670808
820773
975707
342896
556156
435005
2092
115148
382919
208833
854026
621665
959541
183668
663407
657060
730434
699075
246083
580371
508530
704391
62456
24772
222075
201575
375362
83991
521233
171035
818934
125386
183180
472779
270142
571883
118263
517909
658871
440808
884919
509422
122855
222722
626582
376992
813150
71712
443563
56625
885672
991488
419304
526628
426667
288200
912384
682457
305380
948987
832434
313487
533880
223943
816823
260362
224826
788731
606276
485776
769784
668245
404796
291789
353282
566777
961846
148438
423417
505534
621734
457546
734159
621155
994474
806997
247904
422367
410035
402318
961964
29078
43470
731648
830065
1639
173774
450502
700641
262050
255640
121423
832581
932119
415307
847106
549294
805002
119818
92859
4435
647938
269223
574514
537356
25217
132013
699581
119978
735053
622666
657964
41456
260333
558871
202834
521714
533360
118790
314979
993097
635814
323431
118009
720369
283122
337303
936305
550783
376375
708421
829746
36801
571888
688034
771469
215988
330908
164773
342208
523036
517910
727032
875157
256068
451330
563778
350632
451346
307300
338130
598725
257030
844234
628452
488431
20559
658218
925715
56318
914634
710662
121244
601440
396120
27723
393739
402240
169178
447802
207301
979523
525388
419901
291569
246447
444027
885467
91459
694310
686052
852295
535013
862160
447915
701395
980164
582808
786292
772610
789621
335885
784034
525242
903171
529320
432810
453912
316887
17581
743443
504286
229698
597738
56140
940424
116521
287708
760873
780476
798925
318321
207164
371231
519925
177705
914060
423812
394875
161494
867317
100415
278769
868162
938780
457624
244078
361007
259596
152219
959480
633785
543602
408012
305999
133016
660913
718521
566164
447682
733347
594791
806933
263469
743917
638702
388534
732978
185278
344097
168060
108877
653348
358821
373369
352769
219339
422627
342416
228376
14290
761560
771620
975112
360139
115529
589601
962610
89999
778260
971430
668931
361724
191138
895246
54525
551437
741241
594458
337232
667156
590254
446524
784482
233366
982839
940355
43822
680963
174431
511326
511048
977424
863570
679438
294142
422131
189400
528620
584091
173370
602911
171796
740165
404873
526832
598765
851398
652846
696260
175062
285415
728035
439728
878703
433080
549151
750715
509249
7405
572505
175056
121931
743395
181530
821455
669674
100544
881085
319229
873700
642743
495430
263388
964049
279851
426333
841558
207974
932971
287334
848147
904799
641820
142526
508266
862921
199412
513811
818163
381801
783138
725152
216763
223756
496204
228100
914065
558252
565872
5886
228285
278588
81644
552839
211984
337489
609305
408652
313367
801068
640977
658823
208489
921704
365009
345977
326112
488252
816378
608198
805156
908398
289778
536940
154658
616789
883623
243361
572444
880905
255027
125001
223899
176809
25435
32209
261183
132360
28146
128747
401463
918773
689243
374246
24395
379557
466796
143593
618198
458879
832429
827852
971410
352964
585855
981650
687564
600665
110169
41735
977014
902387
533742
345202
806427
512734
950315
119928
776813
739434
142748
166925
657210
532466
932974
280535
225533
253066
267215
714145
4369
194692
930674
787704
379008
604511
939758
246182
471098
495630
930438
748232
659105
264096
819075
952142
183617
938064
587710
546319
761949
33515
47994
644231
999909
40538
52461
474862
328195
325323
879775
551989
403604
948096
983404
530144
529268
993524
787556
745147
442546
520485
410513
341114
561251
815683
87704
587441
745426
477171
16056
465708
998549
151872
431216
560748
166458
943583
664125
615487
440097
557213
858113
121914
309219
162471
34815
588950
666608
791477
967555
992869
412535
442325
922207
104431
101822
888848
96399
656685
895185
788667
2622
168929
498071
88347
372834
862224
174848
809461
313282
536670
885722
639090
778583
615812
382531
781420
535504
207535
491257
429656
228144
623672
835789
419728
471699
804604
149366
984059
925710
546648
455682
666907
566131
180803
297255
616050
225780
656712
641400
720978
475999
549726
416051
793600
278599
356774
335735
766980
119619
747648
924499
466512
208592
916745
77625
330314
391826
103925
517649
383096
203127
909894
817130
819591
854844
157351
759115
443960
773385
224935
431976
497064
311864
629909
489776
407930
932788
657844
133251
84963
986619
415899
962625
594449
78661
887532
434366
644601
107135
501870
370385
912892
231216
340362
307211
270837
565565
37151
284485
898337
629575
951746
199635
76460
556658
289429
687957
819092
937729
73474
933227
997372
407453
598997
968968
558671
134837
981812
74656
300559
491519
931579
146683
445881
729820
796216
590443
105751
390681
770432
332570
641826
237649
731180
387069
478673
649585
238196
618405
928642
896148
7525
27380
723844
351692
418690
570988
17343
153474
689141
22115
222593
782261
596720
428883
420837
934174
119333
453134
389538
326260
7966
884750
433709
144075
841657
370218
541900
902296
861508
117029
552185
795215
550449
357473
377454
657325
575286
93553
379219
86098
373444
993484
194050
923142
849057
265693
551155
888860
981924
650358
748233
589940
531213
897253
607736
452634
98558
262879
270929
484235
871002
291737
532907
920792
967353
513782
400368
452324
247365
917403
33537
93383
88372
539742
472263
143829
790050
503132
651735
97657
413450
975017
287489
981626
158624
33570
427574
971808
124110
378847
249427
933423
387018
830597
524494
194706
219025
441016
175740
471700
861826
471917
491964
372231
315481
232029
757124
837511
429510
21717
587910
885592
140201
970667
140286
625068
746029
353035
159835
91586
894654
675183
956551
999912
96104
865133
250645
964321
133838
560810
139462
659041
534595
734828
184440
386933
46920
895821
418540
740223
633699
465100
859314
469727
185048
415486
319987
413870
892103
959010
90139
837156
758049
500177
919009
498329
839944
868948
237748
953512
194371
85328
584515
310704
87322
751772
840041
762612
627412
759091
430260
957474
565067
522117
822161
356593
698089
417320
718677
191203
508993
439724
773098
70250
473740
322443
865556
427687
377534
693247
507807
894861
942212
231086
514215
824612
963677
630081
717955
262634
809938
165074
242447
161748
846035
955011
579157
95538
433008
698092
410840
52208
196144
785068
94524
63608
526738
666593
298709
747445
29726
219442
973450
806899
546534
172937
155366
573474
237982
166878
907131
813818
315989
231727
295219
251768
377935
926348
377012
515334
101505
620110
69615
158072
511977
743208
763782
543219
947911
611797
323607
806376
915259
50545
47914
338110
343676
898276
422195
833550
359922
435065
345219
550216
995058
75788
438226
600882
302227
424930
286049
94673
438833
852691
270159
411168
48766
940578
422138
136381
88064
980589
606672
911331
650923
335999
22513
854098
638619
768707
203714
903243
89709
421844
618769
100919
423291
467183
56608
381672
67827
408650
387408
234167
885780
231614
872876
223627
790916
637919
828430
385659
283856
90540
75058
646923
192256
118946
789909
526099
575574
498283
52809
277246
718372
174196
319192
249261
748551
498972
972178
799803
640707
889735
209654
113180
661628
807955
646585
212382
890895
86178
111669
554194
444811
647126
131441
335108
523919
915036
622281
228069
590593
290142
84282
912394
413096
29596
729036
352397
327463
818453
763548
534929
466775
344479
672965
546276
2624
24342
233195
340477
761267
583857
486500
29604
48518
781232
707714
82161
39661
682866
7873
435116
36899
405450
196243
749584
288274
31330
648635
190642
710304
697970
188942
478915
261588
766387
777331
209649
276812
705141
697419
904516
715982
846285
584662
671380
195133
801305
96374
804652
607719
927985
283340
359290
999547
239340
360191
114735
519768
463692
357851
332601
904384
598471
163285
210138
47723
249011
436781
279653
826104
431629
13228
738837
196414
393893
138445
280394
904065
883114
691256
474721
276929
61518
343593
420014
99180
31381
144367
583769
761971
381056
153297
215378
588409
322704
223499
245234
424488
149625
371126
477104
741726
86693
425989
612668
342725
509857
406955
125883
668033
206312
814171
97952
119490
240650
491239
493091
334393
248697
521546
733089
936230
197744
877441
744016
727056
791553
525523
65949
829774
192185
86514
5540
842627
482417
15802
749771
317927
978356
152342
427964
437439
52168
424002
56829
237295
186907
326314
730221
615270
744651
509297
476637
89527
499794
694607
775880
618632
531341
780178
267377
179747
19751
613637
455640
278186
576678
428718
448472
906663
999634
125360
533152
70721
876733
394257
892748
82379
785780
918614
921055
272119
717889
139275
772575
820008
807705
389535
232653
143717
151337
748587
749632
315049
409656
954003
549597
465559
142520
979653
727797
960138
43887
769951
60923
65803
394557
199789
369184
9436
485129
488720
197261
562545
236620
449338
902524
660414
509433
266261
811572
382187
112840
621059
182623
127781
803486
45632
498505
601934
324635
714468
129655
120788
975231
621061
840546
883679
497849
161658
319119
510820
617678
381242
514828
820567
488227
665506
523017
997693
90983
578453
103120
791391
753695
563390
60578
889051
762895
212017
754160
820564
693954
885615
615091
503113
631607
784712
452328
31107
210792
991963
182059
6696
134711
621177
74671
538669
914232
439464
936664
15913
922773
43715
889717
334468
22626
662975
382493
904462
158462
65096
406565
699692
320162
615881
453051
236013
478537
340235
42786
186362
446588
380469
456138
834028
590905
115313
554187
640952
750463
275887
70142
240773
892665
438403
948984
202527
697924
107754
504100
723011
546015
87722
812348
251738
211502
295831
334052
928579
915051
210289
129763
887881
734250
332139
741694
659892
893191
887687
760755
205563
772718
400860
90127
976599
594758
276410
390828
937906
152443
634148
164811
255678
47078
55676
32393
232675
837916
620284
443649
546448
457232
436704
361343
945843
813541
611874
281692
126339
169940
705373
579835
861882
578423
434579
373214
893985
783088
568458
113574
569539
119288
953105
620773
414723
933128
106464
402274
611530
603229
103773
146344
244312
770156
924091
166603
932988
716002
489213
544568
984990
665814
574809
894072
604282
557454
570551
499329
608039
511915
83608
761209
796565
585586
118100
403848
80918
361143
680379
526360
229267
720808
489757
858220
445471
512051
203750
811098
882024
681429
459425
238502
946825
44352
46685
666173
829693
784489
264749
599115
243759
959147
371144
701561
118637
588827
132881
317510
304058
165801
657394
757569
68738
652719
187873
301088
8360
928729
567237
442305
866044
495026
297265
498938
439944
330695
71246
189022
308105
829433
823704
921039
606459
420005
88447
636411
981773
723048
435757
960565
700596
868369
300903
682544
877532
985063
735757
76186
189176
809299
89403
572499
14458
823532
701586
442120
213343
196637
14993
885104
795106
195061
208220
392739
339344
49227
187359
199826
485371
449484
460108
4135
921032
225891
430016
125178
689316
768707
707139
652076
11603
322964
348142
806308
928297
841207
141799
408228
201489
434872
391304
273159
577354
417999
834143
245465
555314
289875
471950
704787
424891
731516
398481
61873
641466
997075
398687
57458
443358
877944
579114
959532
628861
569936
804673
332745
334794
822089
295189
988770
882083
808267
588953
451446
823623
215164
686850
469254
168485
919856
818542
747217
510159
925036
232225
698983
461389
797525
270698
94060
339022
285498
78372
145900
962042
464379
331480
465685
272163
185620
365952
874389
796505
859401
347238
813649
188892
195440
654827
265791
536428
850454
930660
605472
17469
444047
579167
583517
743879
73566
866883
410621
772089
322748
133781
871041
847117
560393
80663
948829
480951
926796
249803
421523
47095
3945
843477
379500
773070
845726
53054
593622
285773
640697
756245
46293
839304
747098
839536
358247
9194
198112
910096
729401
620514
987123
79010
631935
523643
530158
885474
923572
390986
885223
678426
39470
87936
708188
912649
580060
849119
820603
103839
867680
612042
181966
890723
148227
713141
66241
192631
40345
139963
332305
140532
663218
13902
620243
625007
308730
566728
552414
584029
497838
249504
13143
340307
779963
845305
597591
879397
886645
462165
120827
542064
496432
632039
549383
544244
825855
815174
489527
728217
723399
303293
631204
12434
192191
517823
633232
500767
92294
193400
483918
712684
174048
230398
580496
752471
747150
229734
198543
554895
829002
314356
706257
21272
540636
210474
23450
207339
306076
918657
269681
108537
192773
553654
927821
263056
47793
285499
151837
863959
247670
495886
457585
350515
198173
978983
666376
788492
324540
846923
545718
460522
340783
873534
252338
833465
78903
420885
991034
749931
625326
498921
937251
750588
490470
152680
244864
677457
131614
558917
225070
994298
709984
598352
518331
137238
833338
392608
201969
859286
26135
329196
422658
922074
43321
996601
20881
527863
858389
382702
205915
218778
275082
853955
221696
88070
811583
635160
686706
209209
841433
235426
888249
625965
450839
93376
12640
23994
168970
869483
816255
233816
295347
185932
435238
685122
307643
96808
841699
843383
554185
314358
608561
68250
319236
269778
711549
386298
801189
42890
224469
231531
530103
751061
822256
46419
324334
114467
786900
295681
141921
891470
167784
208823
960806
692784
849174
335496
705737
891152
45020
540060
313832
897140
538160
638609
692462
619610
355214
473276
895402
453761
861343
209741
806347
447586
318151
448721
69115
590204
721227
31824
707604
42381
177310
124118
476419
143260
678663
528335
887224
724403
282736
93259
943239
436843
856717
67618
290590
7839
282598
285361
219491
129666
141955
471426
935658
419789
517876
533898
822736
487249
621114
198731
772151
778474
66645
390426
981854
746644
924587
800251
230811
407831
202322
156008
894072
270750
628922
351537
954536
847782
722106
649213
340836
541394
623733
881582
599463
682971
215017
268707
243010
980260
281044
500311
209180
150827
43651
911846
114570
633563
260088
91952
921159
634559
780663
80342
892560
390674
550573
486626
213535
566002
983742
845635
480833
299762
175977
713589
885206
467854
513434
926143
272485
577978
585805
245718
604889
992467
629913
422751
511453
475191
316641
272210
898639
524080
288530
494202
755299
56587
30873
80152
242071
93255
988517
540519
901774
741737
110100
294331
954828
639469
242173
895811
411789
914582
718361
720941
669506
213990
85518
252008
258217
530218
253977
954053
587335
96237
914968
68151
493637
462797
88690
754489
321381
145514
249508
948623
145119
324666
301096
845156
493212
439673
901187
646226
570702
275198
405420
930049
344362
792873
640020
452582
930307
632505
675799
828653
659460
907066
309757
854002
56010
747547
222828
889896
416540
128093
980974
815388
19592
962920
623835
776852
900443
837304
592291
456977
140668
303028
138746
873076
993573
387615
271456
456573
999807
312167
665804
709678
898138
744923
916596
649742
842502
865850
227068
611337
643664
993382
240888
213365
185948
565112
249760
500591
682268
522093
382799
433636
899754
113597
244856
644524
454856
933004
193446
62928
481009
955450
234925
226156
260123
292245
289778
714351
857356
191278
495572
179392
467158
107209
521654
574907
524273
703022
905579
758297
198835
669724
752508
129006
302574
499421
603416
166603
593190
121845
955737
401539
425645
679796
339823
29579
971485
11115
70763
730939
84658
817467
658602
756017
401538
68808
988700
121237
385369
62861
926960
436278
931765
350666
375262
545235
537243
763800
410256
677686
615508
220636
318254
197307
42311
116890
312580
845743
306868
863649
13651
250580
698186
784804
290353
378176
148966
637545
167261
396964
820906
610010
208803
930986
756661
612025
918440
774968
516356
226801
40019
822802
19045
222663
640472
206812
730963
492656
992482
975420
369011
837947
670557
417182
232810
425071
463453
789969
986649
998767
727982
913551
115894
921626
114041
30746
250312
268592
438671
859841
569598
942125
404373
662850
333421
498554
44300
758729
257957
615225
105468
508951
649966
374270
60477
558590
237220
180318
793826
678856
557228
201823
786114
218360
299922
298126
148196
735144
872513
399600
50182
484241
619422
922640
991626
507881
332865
653431
190398
950503
362512
578106
862023
734946
76218
851501
645225
705879
920909
506998
430324
639561
229173
937212
234127
39939
993426
75261
657882
721209
215284
423871
222083
271949
25654
223966
336487
447085
656628
463300
729890
694041
987370
534839
933557
583042
188330
268173
190739
331726
668025
672570
985672
25720
89095
453194
620614
604181
200010
100586
164238
714545
806582
44192
446391
950744
913179
954971
720286
55664
415898
887204
918571
123332
875461
476276
549115
293467
33427
303904
837359
115079
578172
800880
314065
627322
438647
811533
513566
281425
950158
508632
432884
925493
719770
704663
535001
87191
750305
662666
719589
765720
627144
354844
357454
498251
823478
726517
388814
637010
995976
608108
735347
924900
972202
711898
975362
588721
308888
380810
24393
953500
374642
144140
80704
422951
868405
302824
640219
722093
312092
193072
665135
577544
664658
999151
477566
502995
883218
957821
310177
394505
472221
501812
856657
732108
343191
977533
349713
799618
544639
472644
750908
358874
145673
251274
271975
671340
688538
127320
551410
157887
861663
861073
171184
271396
604939
98913
634736
426239
187115
277010
224040
804965
901159
874045
241149
805985
174295
418973
373362
977553
69823
895359
815658
477870
347753
359957
729307
423465
761054
886826
166161
385072
880000
30833
353180
25103
8519
211638
301464
383092
590742
994358
770647
371339
639161
40394
33517
936904
463421
623869
219223
157955
944812
101503
872264
961404
716260
340083
637714
227456
632211
29923
721198
987621
366546
783187
468648
15791
560922
222131
65001
255253
103015
882221
759778
85853
805608
181663
503699
263652
853151
519523
853365
457466
219227
703753
788874
148842
305744
816358
896191
904087
312592
156229
230522
523905
721000
150204
664646
9191
830937
277530
689816
771079
67954
599805
378366
463937
357703
908224
661795
741529
565583
514961
987201
244827
707551
133728
201507
31257
9599
71155
844182
540048
588710
685782
134252
739433
777688
116592
926444
802267
175448
638066
306393
303853
617802
640360
613085
579481
103594
306353
52690
182349
556899
535500
683566
3275
913037
152840
260872
418287
476742
438814
172043
549713
78443
685082
736438
614848
257588
253683
354765
653423
826986
767100
926048
293612
426757
993587
407733
875979
75494
561207
596116
386145
764269
306071
162288
633196
841720
989702
732717
984976
43193
671594
502610
605692
451955
304211
722765
467755
569169
407689
742365
278599
775011
951358
918560
870824
219702
199650
715449
979001
226638
676245
475613
8316
186946
912568
194235
126180
62836
878621
389766
456799
831724
182620
58656
801399
461841
83207
663460
373454
379715
216757
93648
89671
600983
676795
266765
136324
999792
732857
638557
768201
586359
220240
752800
289535
608758
95601
374723
803221
175702
675601
626374
838209
480883
391288
936039
133348
655129
771385
367152
384780
568158
67836
698330
613203
237980
469239
12893
94052
612808
227899
430549
32414
189940
654379
481490
200977
573021
985799
436348
767717
457586
875430
913825
615833
172898
429314
593565
51945
927200
401453
383461
292874
981110
464098
860720
118799
233155
490678
736578
272749
128467
584814
167446
704411
884825
686954
998055
903251
998859
858942
826715
791798
368986
255329
609165
136012
931213
367486
883125
142697
175801
523752
356534
899627
570399
766763
633988
911455
254882
665725
806384
65859
813219
334740
764946
842278
75131
724497
646226
555244
115348
947097
423698
384750
887076
886981
793980
891582
642055
868463
296547
97928
862393
695277
331096
700243
817453
863834
144652
447975
749900
531023
761117
596873
116237
400753
246719
739490
695341
899556
874376
502078
938956
753246
64663
876527
114788
258774
310114
368530
567654
909338
720027
949737
608179
514368
687423
110183
22835
245941
471099
470219
845142
65777
915579
950052
697829
766667
678608
552691
220420
580456
669116
329325
683270
970959
598749
552543
619949
250072
145461
612588
583484
766723
987026
593458
213819
73702
414366
651275
849927
943678
79621
544175
850515
277925
899902
893879
889279
311972
903033
221692
388755
523104
263267
230942
130264
809457
785817
483425
762643
862864
434918
577713
652447
718766
356986
990598
328294
279073
880490
616802
897275
453817
396254
66808
973655
353201
717660
420839
325935
169218
619182
874467
928814
53841
827313
308853
417492
923720
267517
791576
621803
576513
105772
227204
245089
493343
923337
276745
894279
651895
590423
212113
845221
945260
387067
744136
184695
945369
639431
263575
495368
280230
67171
106123
449578
796221
337114
637205
917647
946199
835966
612714
910024
74352
778489
547531
62167
884121
718386
999903
275378
677356
472024
206907
631191
35609
692494
988036
809350
545695
451635
390892
811616
958423
574349
546648
498202
945194
39569
741922
403230
329251
807249
977850
938558
207839
573570
216679
866773
112801
943721
682028
225276
825602
17954
63045
879142
298438
835533
751568
755673
575369
286101
316617
186250
584536
803678
466158
617939
216028
963723
975745
787219
985392
692521
4716
217698
136340
141115
217918
938927
359227
413858
158163
989689
765759
23465
959571
226854
824821
114795
413841
469123
942682
190433
355603
805401
824812
831564
636209
122344
177109
546171
628694
763331
721922
908538
395172
74631
286227
367511
559028
188793
619435
380114
624314
701179
383782
244000
5831
325611
999210
375196
5289
455897
388566
213707
856109
625634
80728
862346
646853
451502
806555
916374
515780
473218
375261
851192
242053
226818
969246
631883
35052
957767
666164
411115
495620
553945
247868
485500
155592
417609
493099
979860
384381
181742
362306
331078
281212
657530
395744
288588
159630
662775
916337
714512
849200
556900
903172
8471
789173
601766
918331
92491
514763
831021
755547
875555
555029
591588
73923
745329
407352
36692
276794
823175
467314
859158
554785
851015
299300
615283
495495
35206
420080
921818
447387
536540
555069
681084
947772
436427
788183
981512
351853
392074
721588
817790
116132
579693
748753
405682
540481
851314
672955
123296
848988
381546
343722
740902
478263
210498
658184
190498
932179
504109
771599
324328
468702
944496
292880
65184
585353
241865
873999
442555
955320
105725
734476
445008
53267
556157
919389
414615
554618
857076
932406
524352
680661
837999
765515
818225
834505
671082
133708
208347
878726
482547
461519
619960
949309
202109
17612
968867
416175
878980
733313
71443
38689
542295
786998
185973
868524
458439
87707
20517
547184
295210
122381
260234
229609
342604
783351
378251
798617
886580
261973
506034
347301
651982
513940
168859
77628
863098
211862
46488
357426
648944
513681
541221
480299
706573
851799
384131
394482
623039
253872
862835
88233
474186
180131
45840
620251
732276
625428
613257
123949
535123
629703
111866
188404
413489
731266
545639
608416
248281
693329
761172
325205
300865
640163
963524
813722
680403
555986
446476
311850
155546
681920
982674
982696
633093
951900
938471
508528
451803
691204
990975
679049
593916
399173
113929
546998
444496
795198
81647
208044
291726
26914
214828
70621
417451
937947
470724
748402
197277
849164
113829
245464
815178
220015
51096
784370
787282
191326
396452
95724
319798
852845
258559
322031
358243
456691
992882
484784
539359
176298
734536
990884
144911
61228
456050
388558
902050
548061
302650
735096
119518
486056
418978
380992
341509
136674
442777
339209
686563
422346
111705
778323
724791
355250
207584
657957
70460
861047
448136
190311
246674
430443
928837
504972
248014
553364
720315
62316
799451
247182
910778
481455
494475
327179
172631
24037
161406
992763
569832
583411
242285
375750
253083
979497
437332
23798
425523
133614
711482
202930
753569
740764
594206
401957
625723
843369
159231
885374
148059
148218
152648
978768
116055
996060
127767
905049
333464
712653
374633
415007
381145
985268
903460
388342
483646
100273
433983
554335
488142
597071
951314
976907
221071
418902
806774
813629
847421
786557
269464
967117
435046
348925
611615
370056
931365
98945
800951
226677
775160
108730
734138
36082
121857
209102
501755
244925
323286
619632
951790
627216
40261
129227
778423
733539
30119
810583
46349
665301
528927
37839
856779
132709
26032
504697
339667
362266
725048
460580
875423
554179
355789
155376
552166
401625
840115
422983
78247
531968
867063
928746
293012
103596
866474
340134
804510
342177
714237
228517
112409
215570
726262
908000
542604
772395
626253
493490
410200
343018
696229
656392
24386
774504
514986
366005
724959
298550
735747
893922
211739
48546
848884
248738
154662
78489
333908
904612
150011
452134
144293
465666
262605
641241
250133
256502
473233
925315
321616
216300
82787
104541
691200
167986
965526
649160
722530
797643
10331
181103
510918
63332
747084
467336
413731
635422
995734
401594
759508
144394
652161
548185
423411
972978
830174
214476
74385
816532
1164
124048
533071
605802
184102
944341
135387
399908
256332
431046
291211
933944
325709
632678
177167
589839
606830
314518
496854
845536
478297
636659
280192
333210
39333
884316
958587
203259
92478
288529
718909
678462
124465
200054
30620
654833
655639
336951
568013
224868
122843
648711
557431
88893
233641
794561
60659
290601
2868
101615
166243
126445
109796
103080
549420
983003
427931
750163
509329
542879
452643
284810
890989
255289
778806
406299
814220
500869
886120
748136
743271
962742
318325
708654
138683
589409
578595
797730
453125
500917
116947
227191
670172
867337
632170
610749
420266
402126
850966
779235
85960
860579
741504
423133
2998
439176
501965
369952
21620
13994
145295
340298
588927
469788
949966
959391
813483
674855
631343
259695
591834
946808
279295
579539
513430
173880
939231
924310
69393
783737
141899
73456
733750
62347
447112
936940
210155
141871
467370
394988
768486
375459
802431
532931
542121
79900
48092
246528
543579
691794
580866
686282
383364
454133
681516
392871
140517
337085
60983
986071
976690
402655
686638
369501
388717
328795
548209
678877
546657
542578
792002
758368
982775
323253
613485
839797
611768
172409
907153
93107
733087
842151
403022
618329
743834
170672
424077
869910
614813
774685
676198
672100
960291
505924
628915
439694
201027
874966
726191
564179
745387
366870
827785
94499
622331
257444
342027
593862
752768
657336
652898
403676
950027
292010
560393
454399
911853
206509
130774
959876
551890
768604
339105
986849
452792
828204
558285
665512
995466
876290
213748
404401
25181
611422
112883
485846
919430
463476
481551
850840
64917
989083
261186
113760
597363
448287
758758
149215
763476
172913
610365
451926
467032
191294
972698
209202
930948
604636
938928
747535
35991
400609
989302
742493
725196
528718
855539
576416
41260
391465
664363
376721
819981
679336
672166
108322
817514
432521
789465
588127
969056
139519
758132
191280
344195
577222
370503
927995
37531
888407
184594
104358
90878
539064
222567
398330
325067
475819
175934
744227
260992
406278
884437
166740
182649
305698
388802
438471
960838
755245
75606
771874
446439
718939
249904
192565
651878
634169
801435
708832
856658
816738
859877
957010
285587
477642
935101
531947
214063
474040
717063
590979
512088
528208
726976
48324
406831
986830
105353
741746
902041
834639
369490
259148
976188
242633
377892
777738
547735
197787
557706
970501
913980
181567
560349
520566
125418
316636
395627
31702
74955
730809
46340
810853
34950
906059
444640
880903
176770
967791
434672
124168
142585
35891
441343
870400
15028
227726
162629
192978
660904
462448
318409
976334
748589
432308
49839
495734
403991
379827
861157
871070
755251
257970
557030
245677
759648
986491
654954
356032
776327
508361
632746
664109
22648
103900
566483
133092
900258
516845
704839
668402
383215
269820
776266
231391
373306
434245
363983
536824
863278
206161
20192
724967
465724
66728
513252
97214
911800
579299
269904
263570
213777
979680
356653
894276
620971
182096
971009
537243
670619
29034
198941
505805
836222
190082
563714
863773
626806
822516
269041
117790
994178
482106
683598
620117
884537
909982
143856
744060
321827
651657
530376
972643
396788
263865
452459
840113
698854
642833
174077
499721
663666
314506
219196
158280
830762
46407
671078
346346
479542
948231
785096
792908
366633
205556
177573
328588
6911
84952
494335
35788
957365
854767
403588
927702
361029
845591
809240
134425
397437
52964
92475
138834
827707
138704
183831
207046
985991
395599
935145
333419
780557
936513
868297
502695
904053
953921
696855
795376
63905
717786
33284
355218
159043
393946
503610
646799
581656
272062
792105
688416
44548
983692
139888
790362
842955
451968
673572
944620
971753
255774
19839
805125
892688
983846
771944
594578
785404
605798
131098
858213
88628
337385
827572
223345
1310
696525
276766
480242
789375
592371
545106
791785
100367
341135
670222
268485
408181
323103
764629
338845
99748
986424
663516
228634
834065
603835
115672
921522
258896
232231
400545
837903
969802
702280
857603
476174
69213
776014
389986
224290
418448
910520
3975
416409
696306
606575
768459
482615
303886
774895
281502
21502
848716
284704
738485
706959
209895
628611
51726
367978
566982
154120
846625
617106
414394
433084
352229
598668
680339
910431
285947
495237
977503
368787
425915
981779
508928
662833
516378
635604
719081
583542
129653
755891
156661
366811
126204
497417
748644
256770
590269
610399
848370
973004
517388
40594
135957
577863
780109
696016
522708
180421
457502
572990
634047
81224
334883
127804
998159
948569
474991
392320
223770
529080
998923
896287
548978
298285
437415
968618
595804
307901
636251
599413
53224
735288
187736
673139
468402
303215
926127
425789
417715
608964
437949
841521
689092
661017
114739
145591
562289
682346
772670
662303
135862
27959
597783
777318
99033
960345
482537
705112
695715
7286
668953
113039
384444
684304
529207
75097
950754
100023
75201
247288
302790
291679
830734
345986
265475
697996
665054
866537
122683
447338
828219
771029
468368
700281
872779
742381
257340
714213
717813
723509
930958
428147
584046
547922
850242
178520
178079
755752
108411
565860
281141
599076
371807
645083
800260
397653
369935
731876
926809
562229
43522
943899
163291
728902
689277
515393
595292
873048
964145
636051
761858
516135
800752
594872
178316
912417
146573
550419
953027
775172
172688
767481
742912
295590
49683
514620
504020
197391
750653
175654
666967
531584
546648
390210
464208
405207
806992
126868
646078
488330
630602
515304
18753
755217
85854
662023
280552
861472
232627
229639
938392
958418
193078
598202
782293
950049
575671
498758
338672
186834
448672
447317
100237
600686
846994
254306
602320
963306
974109
883956
470884
959400
985116
907304
789799
562966
241771
721638
172277
580532
432391
741366
167952
790964
55104
813483
928937
100090
290013
165565
421773
287299
373708
724661
737007
179042
397572
601473
969166
939172
580281
548775
331971
97941
141115
949270
106281
769244
876588
300760
942057
613121
836828
99813
174304
893775
145603
512337
541424
810645
176474
387236
625824
866374
926678
621002
35761
457472
404098
256673
253822
711978
928823
755376
247054
892662
595387
681528
469114
55238
186036
807394
260469
635562
42823
462487
367677
179592
185234
715183
215581
528597
624578
116161
429724
174015
613905
483993
863430
97005
703903
582343
535060
683422
689836
527380
593338
917550
95024
164816
178702
19319
629783
346567
88656
109972
643676
663186
436954
137921
643009
583753
950821
963742
316904
827990
420661
506322
420626
517221
243874
346828
692465
38519
848389
685605
616939
53846
660603
539234
205998
200931
931417
874197
244842
968459
709420
400738
441904
587544
227307
768543
834405
508515
849020
574357
950562
791783
933535
675300
849132
106674
881595
947587
450699
489141
518851
261156
458761
203578
542341
763381
815752
169588
646543
288259
265600
90418
371774
220217
511701
361902
254500
643719
987025
485314
989653
111774
51011
621626
569742
402519
43251
420932
908163
332915
985280
61764
485060
41085
199449
585092
688523
429260
468244
534025
690660
538085
152046
63617
512761
668733
467360
933784
48633
69851
22554
908585
255717
514844
71006
557201
140919
437008
413948
699872
51055
67266
120678
982377
905339
125718
912175
992185
829122
977930
920420
593636
430605
288799
218951
397242
305298
956625
999588
982041
199967
475969
51539
941212
15775
503668
614601
91249
492044
597044
736794
915209
508850
229140
536911
381864
238748
399825
941663
747996
363037
183060
792782
741834
471292
38420
895263
996516
717885
786009
781303
604150
168776
352603
708368
980832
527865
719433
44374
391390
11139
52517
44898
570499
568961
350732
491728
463109
124571
465300
863231
598193
281297
808206
179748
519999
103
418986
231627
123648
802221
963642
26860
431284
829994
901135
395302
670072
395749
79871
501146
356252
723983
949449
797479
742163
611600
884751
590397
352323
187628
573441
509216
920893
973906
841179
419515
176646
38145
481796
136222
921684
172567
575383
322646
69588
396344
749887
948456
486888
681623
99068
535850
629487
206244
922242
778493
456188
372626
325760
887082
663848
223812
978558
451800
420290
185427
138527
568999
506341
445246
904838
564397
628579
614895
940821
405451
773021
880038
897041
532971
329780
973060
488289
474008
280794
596982
366325
983481
273154
912764
662468
353963
716470
762389
421997
585914
333254
690697
65343
162172
324638
380883
700692
698251
805105
789672
613144
466909
187666
96488
171240
992834
264865
335328
106709
490489
830370
331450
565831
72942
45417
460162
680766
296404
143090
459477
4788
5019
857997
668328
159647
902414
26550
838962
297554
981901
351106
711607
806339
889378
164086
559411
500775
626113
718770
472671
873018
933216
489419
138786
130715
879345
78838
57431
466899
684921
955679
515447
772470
75086
324633
474211
210338
154609
879153
285713
186148
179397
437467
872080
507899
736812
641166
16057
635060
636861
866091
356724
928820
709987
744088
595492
805268
447957
401260
402160
761382
818733
618051
243631
557718
801448
457008
302127
908780
691385
881362
371426
841646
739274
742783
425958
927651
448144
212446
455600
609266
659593
946321
194708
181160
153173
155471
492851
971608
647662
821071
40961
94812
389766
573920
761073
51514
910204
892758
989632
332195
918970
906910
712603
374997
149037
187507
184622
370463
351074
633129
496011
373828
509498
193575
217586
260345
234954
503026
825539
753481
864657
288740
371453
741721
41750
233723
895986
746565
157086
409101
612937
615144
357191
865433
617135
263035
792516
423737
91612
543189
443766
624053
22078
3600
358051
892017
226244
242444
391253
144070
528776
37069
200721
401261
834265
939968
166259
867671
570084
978459
932643
210651
259775
903777
402870
564999
141523
422469
84579
273431
86243
801830
447903
34564
38397
522809
748824
364211
284667
303429
179851
233038
353014
255623
688963
791344
11081
862773
259247
121082
463037
969888
996766
537411
558550
465458
994521
338028
411257
878999
108701
471313
417144
185785
678707
335067
838908
440483
522350
634226
844110
236103
449089
124112
487170
189211
694010
626801
429056
52509
547231
854182
151792
358135
574947
916553
836417
113855
174917
590667
756887
198549
728134
839849
245647
653935
539141
952125
358704
385330
32120
56369
596015
702454
438857
633614
803038
717612
231563
961970
140467
894556
75863
440672
630129
692934
649287
538162
197173
789418
809678
246377
244063
611748
69107
317989
862619
878895
961896
933232
809675
418378
302347
651380
435795
545015
424888
2125
913664
366304
439689
232057
237654
167381
198955
234156
623220
130160
931358
889217
646310
422618
785481
694730
921159
769702
379511
356552
97041
308507
991922
35894
145603
863311
476858
761088
377389
284590
680866
749073
238427
191130
969480
148554
881564
116332
399087
166286
831470
350617
676987
609658
972359
17969
527816
438194
9922
356544
972198
200086
821669
818199
767669
982868
647563
494437
726106
24984
742194
62526
565595
677982
496547
521470
625565
155815
429114
54599
574071
676297
616529
838181
150194
345057
937037
988115
285791
374949
231940
686103
445653
502676
264906
630600
126534
788878
371479
595184
412605
224320
396886
867468
862583
774199
141900
460336
409627
321430
106851
36935
236758
837667
420371
801272
929047
50299
607212
643301
736484
328742
143554
769805
858456
411973
739893
826001
92666
220776
814107
890580
230842
833660
3981
206651
310090
253281
775307
726612
552150
336794
587213
125970
984482
38174
273703
970038
311615
740811
962967
512650
134314
51258
671982
754248
926401
889069
826969
505623
570723
714725
826700
481077
89250
989009
935754
610736
932647
116320
400018
934094
921379
304311
340009
567756
529006
184126
455681
585923
112894
113045
647491
369895
452933
85989
45438
895402
75302
496593
489707
741950
889302
106698
296156
454135
966668
130690
880769
452366
850468
627000
236439
983746
544406
314674
239342
658008
963405
810825
693909
685188
78183
710622
542116
960096
686600
588266
924453
484249
869275
69811
448095
83753
517606
754587
106561
144318
608969
160915
852136
630970
602899
975468
961805
474516
538177
745358
978446
66651
622164
619073
195607
607515
622030
345257
581293
914456
209480
6799
25303
629175
458227
659738
746921
717372
115433
859164
286446
38446
36655
661640
437425
702103
433418
863938
763816
390888
897914
734735
772670
205881
596440
630507
604604
347629
249031
710522
98387
78708
229018
688662
362888
636970
949890
39111
385084
960668
854514
791120
501847
747499
474385
143462
130193
676810
892443
148284
80860
31010
917461
573625
870385
220052
358891
56395
658678
99294
783847
184981
156681
866071
878992
894852
985708
668820
637533
800511
689165
733357
975060
649661
702384
238042
91460
969264
772347
461750
630619
564895
476318
342374
630565
174353
253917
437331
658146
465125
550715
544210
250370
213695
894852
442021
210431
706589
944760
27611
217623
115463
846031
810962
679077
278117
662189
614045
229659
661738
947300
838528
960862
317294
781216
628888
851390
842778
795571
377752
875665
630461
793982
45870
560107
558971
275896
162564
534779
309476
558302
203874
928581
667427
48887
702320
709815
413005
92099
60121
278507
434713
745600
534732
480056
976943
887320
436572
654197
389465
570986
353863
717644
933206
856627
392084
398774
64077
850521
197141
115864
750175
74068
651148
32314
49557
351417
245290
718944
486328
228452
884211
201415
690112
834178
63101
73981
112996
259513
908758
99421
347600
914996
111429
852966
836085
783950
991529
922104
253498
989402
855999
566954
554576
594637
607423
929418
532579
619017
793317
32434
881452
960454
819789
611139
640611
898079
423479
465537
138130
98615
868971
751755
980997
478214
415542
435253
199454
73540
717074
584452
413445
97200
782051
341893
236732
269437
842206
904586
166608
253530
669252
7938
940331
336028
329420
528820
865223
934859
154655
146200
661309
190790
791549
575442
660475
346259
840317
570956
539412
570887
621361
842030
672434
746382
716392
702397
734694
495192
900621
120141
253088
466017
210028
758180
489722
351514
102421
692333
605038
856057
248985
850773
762280
119962
598065
7110
285047
577936
954942
991678
453789
134221
750124
407179
882245
407273
62895
910245
802516
670418
175023
756136
281496
806673
980480
596652
373469
890933
201034
548227
508254
555806
965960
382670
936537
839783
210668
954876
653243
420529
196959
934176
728891
287113
376805
991726
80707
516149
255391
895635
100232
507424
153514
784110
621690
275487
774245
431086
281751
465439
400721
276617
951835
606638
959505
982485
27410
837538
512976
524039
846541
9449
592833
642823
712243
91247
916674
535980
722159
106854
211354
535961
50695
512821
783393
534579
131981
108287
587583
552190
422894
331278
466380
565075
394215
618652
689751
145216
534296
592190
616962
570940
661041
65133
296586
367173
849736
621427
713189
894104
555149
362223
137220
90636
681813
829316
724088
767372
137298
790692
445681
664495
41188
80884
851617
801014
886408
578717
410174
366305
784110
108015
373863
597870
534889
688753
877598
309039
488768
46281
856692
554183
235105
212676
551042
599169
235637
925891
67859
666508
904847
714755
849055
796119
293630
776007
268530
45765
516033
918436
759340
336333
249946
324137
903649
828977
811387
187881
426464
901145
362141
925670
38865
847372
453424
305563
427832
467978
926381
551142
433622
690760
195527
383632
745390
672648
907263
201146
647845
623381
558807
111207
895298
679000
151198
919776
688662
758042
275818
870152
442741
486231
788900
532028
988578
642683
612221
87078
791177
504124
269055
567711
724773
963219
25406
455166
932162
878744
260845
397378
936861
647737
13900
867223
398119
6934
44287
224328
234856
328188
929851
964994
540736
942205
203097
388417
747273
949097
172109
156826
264025
301291
687856
566243
547556
193
535673
300802
402942
673177
279818
414609
902205
876933
363110
439339
518845
618907
367809
843286
911677
99820
974256
997005
937190
60575
105152
346856
656556
166825
225506
382122
98445
360106
113411
745959
293431
848295
941818
821648
477318
173344
108443
376925
221355
571406
779305
526869
360104
933115
43688
938045
646967
17789
578255
836443
691595
99856
668188
916069
250734
696847
292034
637771
295369
44367
990590
287326
594562
822488
689415
877979
554368
774977
209700
766360
964490
483111
9623
322954
370445
659978
163575
803313
513084
134084
373531
554208
859218
412390
119794
580460
116275
585136
659568
370993
7088
49581
111651
795132
828841
423401
558308
394136
617037
810512
791400
19768
528637
430181
126198
545406
123151
96539
149491
294
586287
60563
251225
84754
782303
697075
680646
433906
917854
205023
627249
373583
644199
445783
376311
782709
285456
888301
202324
625915
261971
606177
529261
762352
413098
100763
598793
225572
637715
193092
934304
852880
566515
311809
301836
693475
843031
5389
958428
706665
325909
294385
712392
183002
781649
265379
540670
841021
223388
503097
408474
619703
512950
97864
165237
968756
930804
827869
136853
447985
854973
388567
714562
368803
383022
763551
156216
637575
289245
824262
800504
639815
881851
161785
177593
370566
671123
796067
311292
234440
459631
64352
373437
703297
290585
460185
951877
146361
695551
560704
918876
298968
654896
505577
239516
720019
978627
164740
338657
311283
652758
297779
150941
383615
640884
763788
201608
876806
134288
287980
748276
115979
235886
455158
732222
397389
534817
777959
939233
60593
143279
937815
525796
347790
995344
930575
58036
566293
14421
699777
184588
355611
175014
107496
268176
14469
39908
755005
305018
750287
62381
914963
791467
849081
229437
501840
120483
195214
467314
181832
42380
482450
345576
7671
261680
787719
207938
598939
850764
807196
302154
604396
188604
965043
243568
524281
110549
772045
477615
154592
772497
933589
747597
699114
481189
367109
391553
944513
939951
213817
572078
124430
82315
798158
275470
920243
792901
527862
382186
487202
301928
922588
222469
348056
884405
577006
934041
53370
886256
800524
250489
854666
526100
420043
886229
75014
171302
57638
799260
557661
559398
360641
232316
22543
509346
837275
365445
11296
527462
690193
775915
8312
441934
996233
772714
771866
671420
176513
46532
832703
418340
142708
200998
745166
413380
555750
799145
515323
698417
331597
850995
31737
431309
855388
536446
39837
616213
981164
66801
661457
861847
828425
26538
495793
111360
7767
116957
989253
722387
114400
247510
493659
157750
303675
623578
713345
430183
581529
971179
247004
798156
135471
704555
4776
578663
652732
191320
333709
433704
522614
733942
64346
717084
519381
676042
911072
863044
807803
830978
78638
353984
24382
189810
873188
462378
903764
980921
743350
940032
901914
226114
577983
673785
82945
633766
691519
350264
318421
251759
344563
665054
822187
895544
933008
425978
454183
627632
835931
887452
648807
551357
87911
314887
155600
738109
253740
491460
580979
328999
406785
697363
626779
671504
765367
164733
693109
503562
793361
644293
740828
408231
98275
786492
552193
948763
919174
844148
640308
948799
557301
605068
595345
934002
830919
249450
320329
656154
225673
980424
917324
519688
453367
416421
709200
442617
461399
100187
150017
98361
587571
80272
877637
894627
583793
572102
449962
207619
3536
361294
201583
991580
502593
634906
39148
435013
479392
915311
420702
432174
306381
598393
549139
726592
243499
758456
486766
503651
348149
834329
587032
790873
584760
246816
272580
248519
980401
464704
642396
374420
762371
652621
289037
859242
701972
848264
413676
851930
12294
707418
910723
115100
116493
538972
334077
617651
862706
250131
237353
444271
153699
417593
88750
940300
947380
773878
607308
560696
156342
723886
767242
365362
925298
814131
524290
837326
182915
962139
562565
850837
427917
870573
353644
190857
214686
922613
349244
916358
12575
71159
203765
202627
504246
367808
86903
951096
123644
800919
605074
479066
984406
518163
378216
526466
874802
754438
717313
40299
326304
668823
889323
155738
682570
403950
529100
953112
620370
236040
684358
642459
99910
420330
83781
267331
641346
659122
924776
28416
46243
171464
322377
381712
830755
794292
597803
785446
436886
872330
920511
473510
671168
756096
644563
658381
620945
399392
537496
12206
962302
779480
229582
126807
102396
103599
989070
518482
327899
408914
11827
110471
611902
866957
890534
206207
344371
443541
21189
612163
580787
154369
855280
572387
746359
279961
929072
804818
502260
940871
454147
814895
249653
438378
356488
352862
181525
347722
418563
253333
848213
37221
950606
79347
758432
290920
710621
448074
99608
441337
384236
980413
24284
943793
740295
829893
703705
793383
801717
869710
969034
339624
78786
655102
785357
561026
750312
974229
490275
221503
635290
563567
582340
353072
770220
599655
306269
439583
483874
815510
408551
185766
417171
589241
68197
96733
812409
64752
625274
562158
266712
441955
775140
577606
71305
793599
283673
775140
527779
626142
760764
798931
606724
799109
60028
498868
361025
202950
881162
504565
146408
635014
470132
776734
593134
569241
500003
38666
929146
359689
83053
287730
783948
928886
309336
602981
830028
166807
130028
165076
793643
592863
152052
511689
315896
932602
301521
821688
172481
65398
117690
780270
319267
233407
238099
108454
513393
513795
628521
364795
249341
444212
340040
497015
11526
624619
910778
154057
239870
910186
648860
100565
417398
56442
714398
112742
636008
461363
23510
151679
857505
416730
943938
3343
564681
266980
593048
255426
605648
478937
904076
569588
544439
394580
803742
726592
300280
895079
12700
631479
32211
797787
226299
327980
26679
250452
793550
443756
157577
210003
131937
458316
663635
805974
48885
480474
92236
961626
331415
318901
524416
759105
251487
836601
620636
712910
702850
21074
838744
443532
110805
433458
661825
881935
473567
745821
377442
842258
986073
748193
964622
317695
112644
979172
574477
867662
692583
164630
885729
201989
778660
952389
413555
696925
308662
310286
724511
756165
434569
127729
1049
12927
912630
241150
246458
852841
950874
893676
235179
605782
969298
337289
363372
864475
159828
144779
975938
10214
404717
585028
279931
662408
866579
896692
256415
170771
90598
558904
255733
544286
135112
619745
377966
946725
24213
930592
474419
892685
259073
707165
436678
741062
980429
285350
239895
394762
267750
557764
843814
604802
705818
176490
343567
754183
318455
193991
702583
763525
944514
904954
914193
852796
953553
133989
429134
23008
621510
271259
705631
184225
495592
920947
11880
615109
104863
896190
592258
498160
511180
153621
586989
998278
586051
364427
228561
549223
749286
411457
916847
511001
832287
77529
957993
782660
65209
988355
596394
565334
306267
414707
877171
201286
176227
705011
617091
149558
730011
296980
404194
320178
805467
546560
895627
641046
170171
696363
5364
36364
357490
543912
904763
782513
198352
634072
673839
549209
872020
560765
711287
55785
299499
71724
634979
882723
4870
112545
315725
80575
357398
352300
176939
32116
888039
7946
146869
555350
41942
729103
817389
1241
597104
409662
827727
871923
870569
736763
794775
781024
393398
400599
445418
312191
466567
479563
433570
555546
461924
48512
801209
800131
965795
25739
639057
878041
197764
597110
429981
336746
656617
282553
423408
75314
925109
241736
441824
139074
644671
665606
130326
5180
876787
199895
251189
265659
163525
57683
731109
127055
18643
729686
934715
716709
347095
225204
343367
148230
524805
441098
96313
979638
707207
678127
771632
375740
12883
223242
395361
894402
450725
267901
823840
675154
180446
496959
567438
851328
686137
369928
538016
91559
973926
18213
757767
648331
509573
30379
245633
49822
591040
650440
961404
817758
735429
729333
380002
961563
95
897992
552070
252182
170480
562661
11561
836037
728781
141652
744360
852276
448950
873327
257158
904197
400688
795698
270610
87832
374017
338485
235765
765573
368264
998325
417434
739654
376310
102478
199098
331698
794477
198213
16387
374116
69427
797761
337828
914170
788946
558490
69815
987449
890960
744394
393932
522190
329158
890689
685454
729392
184416
88404
781589
729953
810608
555925
263239
68178
912878
723901
281259
706534
381328
190918
824652
67087
265282
727446
839302
627733
999875
320469
580336
952757
307548
171935
328998
280486
490685
719637
543601
285559
276917
190542
296213
707795
808397
189228
26424
133223
784642
812041
546794
351322
564446
212431
436501
287611
942002
244454
201666
374585
379186
938953
38917
575371
343597
243698
189831
196464
265767
161140
627566
918352
883477
616807
232427
508546
170676
593789
904927
573863
536966
21427
709227
650483
429354
336036
637458
33164
985750
781559
738189
420938
360500
546041
83052
502943
412887
619653
170468
314704
741657
725408
384249
157089
424594
261729
31497
953999
149303
962061
200690
301047
207884
695169
395745
354516
623495
678728
365624
623846
562627
67725
355227
567277
243229
145834
604952
136852
425839
511710
982768
644331
941479
793502
659462
397581
254979
349250
471971
194209
187947
417568
889124
738747
57706
811126
426689
512418
260619
8384
145786
370925
373068
686378
370400
451590
91009
921696
720253
838736
149192
802881
239521
71013
195621
249905
263626
789944
447354
708749
199919
564314
49124
499898
746089
627544
350516
3862
224830
445889
321992
837200
996684
635717
946118
890196
23375
977016
108020
14302
165135
60918
70263
54640
485416
377889
619239
119455
561399
256838
545547
982279
44702
338590
715190
318430
28917
204784
27517
633126
867342
605267
649107
70268
847586
275346
741188
348814
2844
344104
980298
970154
52994
233770
958543
588337
159868
306564
830144
179370
794371
449371
290314
315507
352679
607186
765493
436754
198588
947177
203353
673385
431074
852799
269696
434760
460720
478840
28058
505884
764221
142073
178583
464646
673994
27920
252005
971143
724047
112561
191046
993879
845921
735323
445260
528917
917116
468314
847604
327704
294067
42789
234141
486371
300657
660327
27811
235319
797611
990107
319645
516227
700004
659152
677103
859127
170524
373388
238860
706870
138006
709901
292171
440298
419013
255850
333861
511089
180754
408537
304585
526388
766028
203465
641180
963737
802605
767023
383696
890062
54789
172191
484896
726918
100870
637456
699301
548865
673771
886274
64024
586051
600133
342843
572709
755814
41699
432748
287272
837515
99997
900403
281862
837484
962749
363258
442859
520013
965771
686140
164891
21713
12596
654632
832695
156713
583894
795998
363151
399719
447019
568726
14686
920753
153039
846752
502758
461265
518255
478790
672425
578792
830800
737229
506497
469443
173497
978907
22109
972038
862527
671794
839960
616772
987947
495066
523063
682929
278793
896349
804351
335471
810192
851052
630577
405956
839209
338015
34915
772909
109917
973082
151036
687179
43488
199691
546060
928636
193268
667279
722182
366789
690748
632884
841563
256171
845470
701913
851251
612193
383187
831154
297226
301275
201934
972520
576998
349312
566470
623901
616369
538367
324770
923149
878647
285113
59264
763344
838012
389468
961379
346748
108795
15823
18295
925287
895799
963017
350977
689546
408192
958653
57639
516928
239045
828720
571993
638894
858896
11114
228891
976062
856162
111498
888177
859331
189291
401268
66598
219713
35174
118758
884920
780932
444239
92585
153827
25774
851842
670883
714120
996431
113841
687817
304186
646188
230146
75121
714918
84066
314051
312645
635612
591268
400139
620628
740606
899553
187502
543170
257411
952769
252508
983648
39849
626381
827862
436311
680117
247726
99598
792829
22440
99277
512411
537034
373952
309274
984790
13476
97575
892073
512724
752854
276861
481206
846591
306527
765053
911817
538515
880871
977742
916404
48243
144588
605992
464378
417701
853403
211809
756810
873201
731099
217427
875688
136721
514178
936236
508205
272405
514891
111634
706853
707478
529887
316145
16790
451348
802800
25506
516256
969583
685413
830905
381760
339006
60783
728747
75054
998352
207163
701210
112103
822397
683776
27391
679173
36327
227704
227635
344009
787666
32619
721754
120635
869341
420006
870572
450600
291805
838859
414881
381131
2197
894722
762425
483654
565651
353677
131045
22671
597290
939578
550293
74472
240839
941169
540447
611718
309362
993005
864521
423123
985571
276680
153203
162639
872254
573934
582756
995730
285805
918004
421551
743916
42585
352513
548417
340653
760389
113706
570250
286976
349319
446876
205318
522162
242147
282930
119847
343313
379909
384615
700961
708335
459803
522789
909778
802886
502221
710844
546251
431797
702170
548910
665087
128232
539600
305447
945607
555991
962727
163209
594383
722085
442171
789030
655777
117288
560165
930311
410380
678088
279093
368489
800944
556096
540813
748359
347497
539970
261917
426002
424470
300087
362550
321406
485189
514788
533581
540598
597628
841192
791439
82736
143270
175906
924699
351130
801497
563183
198881
180916
366976
183761
638997
559991
70506
845547
698831
17267
611310
618408
65410
543222
890424
142204
14807
502952
103605
511938
305317
199412
53911
504197
143311
357025
383621
691802
949051
289663
240418
63594
771946
49532
210873
469582
206649
898454
906050
777555
68467
240747
29459
682781
564816
704876
907110
197031
365007
126576
519107
562024
932331
781028
192010
27473
949821
120865
68895
665139
908142
930646
88050
470846
789974
75108
506089
658405
587190
29193
18925
118301
680142
539891
485326
290371
465180
850102
165204
788381
633779
534105
491811
729080
396212
338443
203466
928881
962475
188147
936872
951248
654280
501733
472315
54095
957560
617456
647110
343736
958047
683860
243486
792748
976629
147793
214226
115328
503994
832474
492213
589185
967511
861800
162442
293400
113619
896748
434058
425097
243246
615388
632020
379221
835101
201711
707250
989248
516195
869156
336067
969837
45001
604731
103179
791845
487354
233415
479572
593078
353533
213275
869886
92728
308495
948578
277290
607339
51036
998795
303935
730620
585562
450337
894487
184422
539586
734776
142090
985333
145964
357187
700053
500582
585607
565443
843750
495019
173362
944986
353862
321675
638777
586686
808611
542181
989103
382856
80825
790676
714148
923884
631197
610286
673091
211267
528614
75751
28683
633157
107448
83475
749608
610706
267118
544073
570861
452015
126371
855459
577200
244302
731869
903393
41667
269893
624407
321901
981130
292129
781290
72761
720958
197396
453591
247237
685437
871497
219827
541756
710603
495448
151344
690430
958889
351253
516996
864121
843408
309507
802359
837168
94410
25958
514062
928798
357422
590518
713167
683123
771062
787503
782065
457853
863998
675334
384482
684514
608923
639990
680116
144330
651670
78711
757861
621209
974276
332752
421321
733018
604803
161540
347798
361975
984531
60200
989516
950116
735310
637076
505471
88028
890502
732728
322498
684420
43705
338054
303410
196587
26995
345293
576476
960051
11713
306278
421068
539785
577869
736647
525875
220239
828379
631925
765300
959259
634527
24470
905419
211545
355128
24996
804186
19020
72525
586430
15314
376817
338051
822424
195386
201796
583000
419347
820639
714780
400543
63912
717913
343473
545048
216829
505973
387838
901291
822810
211076
925633
430913
169269
252415
205344
706367
642025
220885
537190
644960
183301
244435
974570
557806
565057
292079
522960
955293
615436
125425
484137
60868
460736
154623
363638
680313
401591
682115
774602
753927
642103
670907
220045
949710
327433
736540
566620
950264
860135
740324
560718
869716
875923
943035
533906
94672
749380
812677
385140
439319
907771
471431
897918
233925
394869
593843
706299
251843
692537
139602
401367
349316
322001
230604
770722
787803
139477
901591
761203
786422
890338
605754
539625
166203
877162
781053
110669
33021
249317
170159
565331
689179
863590
742227
197823
89909
67464
455272
729189
632012
455111
808404
581449
430965
739627
944428
648356
646714
655070
519843
726664
885966
891423
12172
850459
829866
250639
183885
564543
38152
442217
31970
828370
869947
393103
851659
766417
939241
219711
882580
691415
238503
407972
499839
572356
761519
674057
396111
69369
57792
52456
116851
77503
312914
836065
87694
554631
922229
748934
309599
10060
893701
116499
558674
645588
583948
4667
523298
221974
623092
481757
847337
670390
197735
600214
550661
326956
685253
701935
628905
232706
359809
381175
215549
976060
224665
647212
68403
876689
368624
201747
308264
172568
364617
568679
366194
970750
273186
274286
45644
239283
988523
346470
121115
422437
341601
489311
842204
340645
436108
578530
964461
150245
965137
291919
263476
534882
299060
59141
957552
46239
129327
268153
23450
809223
258343
376874
731447
527668
683153
500203
228541
67149
673697
706079
184607
223241
475562
476099
8695
597971
96599
290085
190736
114502
133060
306035
730253
688599
989626
716078
731064
859794
29317
836926
106667
616701
197108
978142
37909
507929
64429
891959
720873
804550
912298
111755
553961
586566
816532
285768
922507
360538
589690
493501
24261
192648
195182
719336
19002
924286
670908
60909
543745
155344
275912
594724
894094
687582
202883
209737
850111
780305
206729
42647
627589
759044
680731
563374
913325
864703
349300
675056
917642
309086
256138
209068
490497
554064
771618
300274
835441
703355
899408
912390
579900
392381
118666
471279
310711
937102
509800
235951
391594
124737
341563
550092
520708
694633
897223
956813
442590
407064
352734
436417
806506
559555
242778
933240
545848
595265
341174
302293
534436
840050
211785
348795
257504
308156
66337
88933
536730
78577
993016
569682
553673
396237
877334
594205
102489
482011
381954
224938
657009
887926
197350
859197
569501
196845
731006
906341
297629
447424
965820
237845
924233
636871
38652
829138
207583
515890
376927
121864
636011
85547
53958
283384
725906
680664
872237
506636
458810
867196
901793
972620
540121
355837
541599
356968
968729
486336
976203
316661
204069
412080
754698
450229
884627
362142
508476
457295
25390
728259
653849
241437
12190
718944
572967
445540
386294
929478
84885
682143
768475
479026
525112
289076
286668
968528
570591
617288
670993
152160
932628
757614
3076
99574
966066
414394
671734
66267
46942
712628
313152
53649
969891
873128
761384
991924
638446
197467
866028
168124
501091
351448
184494
922335
28505
766823
207995
253268
731641
466655
425721
496753
427630
6803
653741
593782
848777
868264
356839
674722
219253
741767
560011
205123
875281
23213
434364
699724
88687
473887
743142
470814
569193
310267
818472
338921
548187
985386
796509
314348
126720
159794
105030
358232
503084
639912
941205
835922
834275
254787
17240
517848
466005
887947
182720
945659
770039
80559
629902
952586
183039
109110
737753
672463
944252
124302
602622
308915
381391
267009
985316
820732
205514
449541
27626
974455
855203
384754
643312
518321
657428
281934
159295
39263
631059
173956
534358
347997
742185
975604
481234
224659
634802
841699
458233
879732
326320
28755
451107
285344
483403
929838
50565
588010
631721
48348
464987
332083
892518
375540
778865
615477
442352
989646
148175
457436
670402
310071
524735
872526
672123
477950
588156
889612
289818
737451
263417
72048
905689
500047
299018
983574
147299
329463
610867
973207
195250
870394
882316
226097
924937
147314
515789
555906
331531
902023
582396
638579
316535
492071
143408
678002
384641
785746
260480
337623
519629
190737
492110
599848
902218
972998
891625
689464
346601
783455
432931
216746
603321
181668
74353
386067
421921
530608
128184
933181
498169
588349
642362
471752
956549
633048
725212
815724
99790
704627
592659
997337
38303
115225
677803
740095
646233
197500
451252
457002
744307
833322
752521
179013
931922
530654
388798
378303
467137
671795
96933
890442
571021
923828
350973
808128
883968
58254
20280
623840
316920
216551
78696
4599
721251
843783
326917
665370
237145
289716
94429
969935
913877
552989
368920
56780
21585
103340
844583
927575
184126
633534
193801
109516
671389
693743
259194
33277
215229
215502
973880
456052
579345
89136
476467
259795
331373
217760
584144
986589
358109
841012
93978
580301
193890
965754
803782
977892
886346
342482
854113
145536
38315
22805
905304
277288
280827
864627
560035
654564
343439
364955
990607
290313
123118
874899
81512
615635
927058
352743
879551
160234
603002
368574
54877
527303
271023
56840
200772
994032
779601
409427
938462
146015
364764
715389
643845
934657
73853
296964
307374
488858
376907
317177
712179
926661
20900
918291
897403
904473
981285
560992
77255
18280
926725
176598
189788
914849
913038
57928
871369
49877
11513
41012
883028
952535
419430
575225
814981
122876
261237
124902
317902
479809
213060
666925
828629
261260
497349
883446
215584
743243
797050
15760
638556
97209
156880
75522
188234
320383
848342
582016
450631
833975
619544
249017
951542
505291
786972
270221
384524
314364
931000
930332
694263
984639
662542
878970
501228
18753
484902
60798
993676
563468
666598
572281
123122
155137
112432
642628
120027
260485
893656
710131
280882
56953
274177
734822
638648
345889
468691
762813
523789
951590
671066
198443
809309
206838
528830
164004
687978
142601
154843
939696
675953
418879
679804
232546
351804
37093
751033
693537
448708
542487
228266
444709
954432
160511
390599
891902
317326
787067
588638
86286
369149
41501
385839
600343
68149
229196
385191
977647
728003
160071
786872
396368
910405
567178
890833
381196
325742
15817
537791
844125
79223
734489
785568
369563
404323
937390
155455
843654
39340
956415
779857
475715
441487
841670
878091
975396
327537
545571
758110
440352
632301
558048
613968
213282
609851
731279
133944
632508
388862
226000
162838
348732
450218
939631
954701
970839
383055
516714
628733
618114
714183
259664
541633
850080
49144
732804
493954
689686
60359
225697
975350
798650
280538
846072
423993
213865
844231
814580
164870
964855
81246
959583
643858
897986
791375
623357
785029
582815
325818
423830
891541
456118
826578
168913
374977
550890
932524
601212
245800
145136
562986
127785
34947
356353
356926
950322
332805
663210
756829
681244
418638
335425
170499
538137
162950
823730
810908
293991
49756
347511
634390
391063
621851
511078
212353
979496
856422
850212
343135
407634
703888
213815
202062
227806
458970
447098
479567
909298
536138
414953
213554
808747
674724
745948
86560
79011
386568
649105
129860
170898
394152
929954
443671
693904
781539
976533
856520
826360
71811
878738
429700
847784
209296
822895
344423
963878
331727
778727
846847
351389
363802
676970
959800
136261
756893
272334
821930
805856
454378
660195
532092
934880
113978
279971
612659
787174
280449
990856
488091
767205
341228
774200
960592
584805
593978
915740
973609
180964
773684
564302
913794
725078
476171
137713
510373
817997
238476
414490
300757
867381
451202
241067
608246
655478
698408
51521
910620
597436
653641
806211
7790
608787
885686
217115
451446
606123
803875
112705
636681
770555
985375
697907
3725
441858
134063
645953
63340
8873
84230
89924
795092
504261
96930
746735
600936
480376
68549
617597
329606
435511
846478
447242
647093
669158
399413
154174
80043
184927
610912
748068
397753
583633
472292
462360
211476
157317
578203
734815
212353
620540
264926
267665
679196
920501
788703
106801
742020
952650
351526
742685
494055
532538
365734
117664
796645
479298
302267
490725
973667
998756
31811
573959
605487
783881
545430
699971
13003
513986
776419
830031
617496
756906
537448
893124
329120
855784
89997
130550
143936
155537
480990
301732
909296
974122
636643
514827
729521
257162
544926
454549
381842
303646
581089
324079
314462
506887
780809
482488
682917
538718
18779
106260
892838
440151
419641
871521
327638
411331
408448
797442
313935
386927
947650
271126
176344
480042
144219
859469
928461
902884
225010
379665
639787
167282
67342
9823
906042
247023
74770
342201
98263
371004
880470
707508
583325
499879
461476
825900
781744
707561
604236
379864
222373
177738
147300
151736
529233
614751
427680
931563
824301
282739
527050
194141
533603
437572
707358
559837
363127
746532
141892
355084
186709
391105
228842
968433
874739
399934
292733
44522
43618
533631
303557
649405
928503
970820
944283
213005
887696
39661
211975
337704
654725
968860
87866
844285
939821
221175
397988
126571
358858
997836
288563
883188
760978
966544
401962
614224
262171
679296
221721
39326
896994
508649
306175
202805
760311
431170
28664
652761
166985
967287
425124
137418
217866
784065
136727
906486
448446
482992
789494
834382
868389
748042
432948
267189
95811
631117
78505
412309
533321
265233
872140
842828
728737
718410
985485
485892
84571
96553
227218
578081
782895
271649
934411
831827
648110
867847
126324
520971
645898
802770
353127
129225
110974
214786
47771
916564
825755
45790
671997
286276
710321
433237
789225
14201
296662
347462
815365
453550
147286
561307
706234
450919
701367
382288
521232
227592
832039
482066
622181
356608
995908
187266
479114
53538
596872
271576
735034
62484
3728
97765
514488
430688
822727
639217
469572
285672
671859
270338
53049
444022
471644
574
709894
289394
232340
56552
738311
532396
584936
272390
133823
439769
765857
974115
921716
155419
988215
230000
272616
842937
258387
592134
629999
273646
540927
63879
974706
369053
38893
121762
319870
74786
810017
358516
543305
882883
949947
680780
358404
940165
114597
47431
204374
341275
583765
438426
791034
388409
966591
189551
874550
534216
301595
401830
68470
701874
738830
414908
451974
533404
637816
424137
566953
450868
202521
164387
738264
664671
873312
31520
868890
898773
245714
104825
23676
161993
687891
360267
989998
547456
463637
49719
243322
696387
600090
210152
542049
773808
949671
539444
722836
310122
916871
514140
742540
845680
622328
143406
332870
761931
93815
205898
910687
867489
768035
852993
750791
229351
61712
392985
67301
146420
996459
958893
450311
301616
142533
293361
589188
440491
103934
745299
811185
420106
474191
722814
393340
308764
531315
520888
915624
88779
793779
273643
246693
789613
839437
45249
810955
305082
392320
810664
548211
544344
718903
941877
157298
456339
43727
797733
492019
238120
807559
867070
990000
279296
177475
740308
131021
549818
767741
924967
267025
616673
842441
163690
838081
538493
283842
15262
516379
340357
12310
89117
746732
800690
224812
29619
568014
975470
891373
220199
139778
890283
804150
237207
768038
373457
7256
750465
771091
880463
213450
662430
732949
720595
456300
559848
352008
595092
911352
688381
497995
872972
919815
898716
55652
877444
870910
632971
237104
615879
995411
154523
841733
430904
10175
722115
427558
145920
143554
782762
533154
981343
825806
11393
777289
218916
698385
96460
744460
568119
478498
241472
624560
841108
494599
349000
70766
53842
498849
189730
609131
678241
765429
437286
955343
818643
799575
179559
534788
689169
776117
285042
880845
530734
449149
821683
168256
972696
976492
177591
307234
658282
409076
793356
699997
588191
226889
259589
905568
171618
774985
702874
513107
170049
23366
461292
980278
392127
730545
595557
936021
531144
125348
495358
259626
854719
409227
360986
343951
113268
863984
449040
822750
383345
318627
260102
33639
382451
560514
552056
143885
641910
118634
133848
772605
984169
993338
888784
984012
431105
619841
28131
177388
192682
219524
871089
735883
406167
83373
239769
542409
960058
403218
991993
150291
632848
266785
502544
370465
447700
428646
798917
630152
733651
26041
39873
255036
991391
128647
113847
9638
656541
542907
746883
606494
872378
300936
29744
854022
618106
541077
549268
12802
403185
215174
136790
371031
114442
166116
377040
243295
672324
707624
828175
348582
656317
852009
98999
585573
730279
746719
477444
266201
574999
665171
277547
185150
804476
668197
132574
943917
749420
774777
888943
893007
172506
189824
998348
495293
129892
245854
111144
135926
764105
461501
870523
558204
309688
536302
911903
914699
560067
886775
427867
784887
990898
482813
511549
49377
358644
434895
681760
162709
39537
968332
796302
429955
440635
466355
82622
630488
160930
828741
647934
519161
985126
170073
56428
663964
573255
304060
724126
154179
698297
40834
721250
570325
297652
411054
785951
427674
845479
822521
538394
405202
888140
904770
197013
121075
246999
281555
680145
678590
333832
842636
864309
246845
528736
67759
677895
729243
550064
180167
294230
815711
48524
74741
247354
857991
903967
330968
544756
77629
867672
951512
576047
595768
794818
346320
191976
747570
452082
402390
396009
592385
210201
612520
176176
857493
345785
629492
381871
306189
866549
706563
329581
932470
134785
473476
313674
128352
406328
902065
905183
146207
991372
970336
620548
750747
807383
521000
962795
492308
381905
812270
754345
644919
907419
354571
468565
719573
645623
618395
710089
842054
508571
244581
551686
452505
891546
489058
456692
194422
543810
931500
387078
228243
577669
395268
221564
905999
828239
777728
14210
753326
486326
850703
651830
159602
127056
565098
59783
500626
330014
247770
923384
887002
746149
94688
165636
264094
691229
802052
456732
980636
251907
345533
481868
103341
770761
141049
932411
331304
364013
53643
338705
107348
785703
351919
271219
318919
898492
948026
794281
29087
134512
453922
885025
459676
430872
233959
606285
758361
63694
830942
200103