991891
881807
3363
50243
260755
501981
196747
63152
410138
816915
554882
338101
659158
749393
352505
280047
438569
43750
123137
464535
249098
839823
373826
638603
400585
170637
734660
496631
39983
907233
164139
279200
403907
528039
900352
800141
836906
58637
57961
856786
892902
543598
358267
590970
801535
75343
833894
110608
281215
87988
51791
550858
896726
677920
662715
498579
461726
661416
516006
822580
44217
847731
875444
526174
733847
243729
363135
606742
542228
347508
145615
700029
688062
521039
86759
735675
326004
316041
906108
762312
166313
923422
147265
729559
501768
237075
297053
410911
892594
690579
818558
842694
998563
207531
156231
874412
128370
221599
851045
261650
171831
976551
289983
293414
469831
319561
610380
665324
390682
875092
826110
945290
591054
906102
915228
37488
608580
358139
747373
664482
713832
707938
51600
148323
754703
43614
779753
53440
362361
444582
463670
632438
619381
70841
252159
643008
289636
858866
361580
267394
377045
538883
975280
685515
61712
538321
472099
627146
751214
34476
69550
43473
917541
990953
37087
726398
673890
801758
542941
867851
760847
898170
159605
476468
439412
378622
107986
624705
453625
20188
713228
568623
316810
900906
423447
475967
681043
221123
184220
559770
404523
858939
303397
689759
551565
787580
894961
365003
885824
654082
546471
26116
887321
844143
94888
521346
524567
850955
260285
871066
569324
595228
2927
356521
450971
887902
876790
476697
954748
677472
559241
219603
372061
266299
370452
707841
811139
535983
936264
955518
419790
776603
795020
791069
772986
217625
110353
939347
574209
109748
75907
755266
797598
888519
50523
208610
499309
769907
816849
309390
493423
16828
961135
640233
770857
116737
532929
574251
206763
288470
527913
753292
113390
596095
310478
226635
690391
536460
920437
572123
194328
323980
569320
534059
757430
689263
485458
194512
931237
984700
605165
482578
64399
150251
930258
772240
132851
943968
253743
420304
804842
728644
899863
371367
262726
42370
630772
848001
853523
966619
352791
33038
723391
654183
390896
718666
537878
994729
305689
887655
594277
446157
197260
927704
571776
814208
621365
630204
554144
191596
68643
923109
897380
876431
989336
830853
17464
318903
788927
835317
80531
481692
871101
559777
303962
876185
149152
506578
559074
423241
24436
598873
729427
954426
436724
35029
255527
846801
519646
511842
379154
114106
55647
168030
907964
386313
612974
827993
550057
548082
128693
618136
546426
14881
181417
777286
98509
154871
233914
957624
376895
542243
303206
886939
827793
384344
893225
963901
400552
72688
569039
482036
579758
18909
185769
701167
112343
115207
741470
25175
518910
614664
280281
441633
302189
737792
441824
661939
201916
677077
358981
263664
853008
336906
819829
258274
488581
230395
149805
871107
264806
636658
898701
543464
538521
852906
238341
873419
177048
636382
683883
558643
756633
302092
776431
48834
80080
11595
784550
932379
312650
140166
572994
278893
784954
561108
655459
790753
52945
28021
379398
348188
968326
200620
961755
974001
625013
515636
663029
505382
930852
88416
759963
635553
219552
561618
795899
632048
283590
268759
310590
190642
551581
746910
669687
627428
483361
228947
204021
266828
173787
196893
788855
940347
666731
203696
919359
834371
561768
549647
522815
778422
921566
68322
849456
282326
776758
74287
357954
416670
681843
116216
847726
973612
6744
670514
837415
940681
227432
21341
894958
845207
775877
596996
188677
743510
201978
83859
757179
806098
230484
106512
834598
511981
467307
728888
592943
731396
129598
109239
284551
644993
419452
918146
860920
907581
425759
280661
806166
933647
151219
800452
176788
176438
919221
702912
142834
599327
874070
268329
228948
970771
169759
159242
958063
118015
649710
436533
371548
861153
119774
60412
293391
545229
149061
502089
962593
518426
765014
486875
848328
382059
73575
170014
928425
606109
987342
843749
113476
950090
402596
452550
597838
566776
480363
153874
545692
458018
481484
182447
356411
405088
233273
214164
407708
314997
577457
991841
124332
465013
690273
875609
597058
520209
144424
881853
713074
789249
876915
544902
283839
677132
878407
33470
106797
236407
552862
260283
344819
311752
48616
37881
467855
665077
394802
809747
268020
475566
938148
181918
37535
977284
581221
833826
783815
921396
598233
484534
812723
425044
930570
615351
343333
664537
937828
151524
214004
54211
71962
192985
626231
395749
179751
395430
404317
412117
990767
748940
87642
404076
590084
973395
561020
332026
905668
629835
375260
151881
258399
367261
621551
402764
420086
656908
787324
862693
443359
697614
237160
725584
424965
500353
530221
379055
737388
640012
482857
422002
699091
213011
732179
40290
993778
416726
448392
788043
614051
833447
949443
940164
50717
300614
467116
453532
740059
868059
989767
77155
870555
216206
533965
984850
805186
554630
6488
899672
370844
220285
582135
133058
580290
798013
57250
869445
617364
881337
129671
206187
968998
209738
151234
734232
882232
150533
626924
409528
151964
335157
45258
126536
168700
773434
771303
679933
366644
944957
89724
290836
891035
149774
478731
422455
909983
106461
370187
661385
30734
250450
674557
743247
297073
599305
354333
192378
496467
892909
289140
838229
853151
487408
449354
405575
909415
884836
214265
56518
910209
956729
899869
562713
623372
810324
220520
504583
239952
373704
149970
871329
733380
693619
908077
550825
208297
592248
755350
996574
210387
866836
872199
251365
883655
719071
646410
268181
876352
211873
424008
245151
686412
231951
879936
257433
866131
767009
827987
562469
331448
583377
858427
280578
203032
78961
740572
515375
803248
803113
321651
730231
595035
910220
543275
401502
488760
11927
703118
717542
328362
965253
688025
431486
795129
286994
791208
977800
261526
885386
130704
788677
735291
3084
526027
847904
161649
963104
970190
232148
798891
390514
687607
464058
488848
54187
324578
342643
868438
274027
45787
563374
932681
495269
761133
196758
571116
244054
462361
305691
468470
427491
415395
839132
211517
307278
10694
866286
611249
573652
528647
307724
543870
144999
806502
537115
150869
230659
234993
258328
284421
227759
323316
239072
142659
105298
371595
606811
664520
485424
746904
975878
584537
966527
758223
631004
377570
604010
318638
232225
87100
983841
101386
445515
116046
919707
67205
882445
34063
571433
52252
668225
554153
465144
654045
184113
892665
52323
972533
889601
74547
488755
365351
759677
869603
214900
488793
69883
130638
532533
827145
536749
131703
894171
576541
474309
276797
563874
715543
162373
247586
105970
757607
624226
967782
117850
645466
402708
221201
836011
872945
508413
943504
101491
726796
316595
251383
801749
501893
604652
847589
330178
503962
268997
51525
762838
64514
479919
925809
199121
740448
964726
220913
116080
339413
997615
592032
530919
765104
5950
80367
60350
999553
660033
107779
447237
831435
592285
165370
963829
700951
195299
326347
257509
930533
423262
280075
386533
582846
527035
896268
998587
515749
645205