817509
980452
965104
833554
179335
317402
972188
742435
537357
172137
629861
559974
7612
588951
576261
85291
1473
221245
162476
398045
277843
779975
716719
728916
479668
68871
612128
487222
477141
552693
154616
279562
274201
107655
52657
577691
716786
125737
501937
139589
6632
779994
922016
59039
592056
888931
956954
22149
675545
209780
336896
874752
410
272284
998761
479764
12966
105060
824119
962919
122986
167049
693124
147273
563917
148437
831610
837924
838238
659097
541313
677953
851916
732809
668436
394932
775054
943156
384685
892070
718627
627294
400671
784189
53683
550076
505794
125610
248917
254219
505352
349966
817514
26893
316654
686922
468710
172065
801167
505185
779375
620221
903186
948108
514589
209995
948228
168987
27234
936798
129728
315715
226115
519824
233995
428232
891076
341817
907452
134600
386722
619854
223000
729121
947834
498451
889980
218240
926727
825214
876019
671175
888521
490922
519336
665562
825728
788596
986165
834503
813911
632566
771609
414351
531614
15582
410633
137621
557104
874730
541853
876706
227508
381954
716267
419155
171390
251121
186289
753248
448277
334466
928107
611529
844240
917299
482373
972575
243929
374424
9003
665452
965139
730383
449084
323776
184344
500124
797788
706841
706011
174945
109864
637614
96557
734715
995845
103832
350363
522619
941841
503645
220852
809407
363707
144027
648808
356845
376879
79758