589563
236338
827323
475465
103157
863723
167218
753578
181122
517226
177325
98273
383921
767713
972575
743937
206090
836085
570336
845622
121318
491382
829849
362002
391547
507258
753688
484661
941750
638677
646532
599705
479169
398902
488298
999224
319844
293153
382837
345562
74631
338052
472381
482046
123222
761145
420918
424548
79613
870295
329673
206133
181906
100341
589119
127888
477779
900733
764634
177842
589764
872616
166974
47873
756795
183131
494796
110901
544887
892894
974864
219556
938538
641461
273168
896680
549719
605789
227781
83567
627158
684068
45926
982302
694197
979813
50591
30435
938105
351519
393505
838550
515458
222322
483155
244106
470156
476149
719910
513398
345681
983926
3526
632059
706188
826575
837932
96786
887577
968417
432912
751124
650425
832304
975804
723172
931441
907099
529468
818812
875537
563638
918833
431379
863634
923846
180229
564712
933913
927448
275001
774126
416344
644926
154075
112788
634580
84199
341011
684272
490753
185050
257051
410247
617097
818447
400719
573563
703787
641770
519066
574034
232768
728469
39632
764639
683161
668728
144026
968719
527877
530648
363788
460050
403567
254857
241427
737443
250915
800081
980810
316278
85937
118363
234155
81982
738986
601941
581154
35544
605640
612966
144701
443351
527274
811535
817728
540716
805692
21789
474710
629810
261621
168520
608930
539348
912826
116716
597810
173980
729952
353441
577493
291608
206158
600569
538179
861290
622081
939861
54459
540397
183466
336740
535018
241088
724594
367097
849927
74096
596637
517320
916860
69830
559884
895806
789182
13545
240541
198586
765117
760562
182317
510443
755063
224779
596477
491015
370151
194626
975602
755493
632348
612528
798582
239863
238116
599232
475261
458856
509927
164126
287522
437134
671695
306750
363439
668940
49061
528838
384699
766535
684727
357017
857262
860099
293045
65857
39264
384665
663708
624632
56480
890135
741834
360211
410385
566516
104175
344204
104366
886446
132644
537322
245997
561346
143958
857039
803586
329927
355547
185182
68858
905896
642981
326087
805448
165244
480788
371440