313749
666597
19650
498850
380875
147529
584189
44110
116536
174545
862019
324127
699062
815685
304827
106180
805541
55854
928442
974743
496137
731666
270461
903527
35023
649738
251058
462177
649005
691713
111728
486171
78631
685195
697928
553790
305965
698527
886579
845581
996514
267827
898858
364054
343671
927603
772693
621555
469558
533213
990875
678781
700507
180668
156952
640463
527900
559166
51757
694322
392394
553652
154289
691882
216143
492006
818116
588380
956439
288273
657284
726042
167052
101951
866713
339277
236665
507265
977260
900094
771856
910922
285365
266177
920583
503851
398576
546686
968220
777126
78001
200989
670074
304562
719823
338317
251636
477835
522620
735986
863598
701938
366965
233321
873883
53960
868244
423352
164768
541763
58371
22935
115095
360330
831947
741525
716400
295411
625738
656873
814515
987671
186115
978134
145633
683150
18191
14009
475256
603212
51506
588722
200532
299095
71241
267565
778162
972004
336479
788556
355088
580365
903518
627059
462321
28274
11554
701679
463548
227049
576361
912260
427332
768099
212647
831313
355043
372636
411894
302882
321535
629310
854827
830610
570606
937811
355140
6171
632438
110693
771069
685436
436269
765173
867905
303493
801983
646356
420606
982594
819598
700256
507665
385410
175732
991326
154273
37763
305315
266481
272136
247355
904366
570293
141291
493637
972833
819835
516842
860391
383946
243169
411763
930108
44699
189068
201969
851650
671975
454597
843554
152834
369162
225197
652743
793112
5542
46942
97332
130526
523719
448672
380551
891321
932840
527173
710133
767871
562063
227618
347008
336260
94227
717482
597829
449920
915710
577512
895473
386334
386381
704536
666964
915683
189396
78691
78222
170041
178494
73718
213669
219416
691827
532286
651129
677520
651666
324866
448270
852725
618781
280540
49289
247335
416884
428053
228214
818620
299706
912092
294470
719117
125012
542115
993302
488730
241296
434071
750250
510426
858658
429050
153272
15780
279177
549086
914145
88307
162448
79807
332667
976729
535728
517566
625609
413507
375314
542134
646028
333541
412339
894269
454962
206850
987297
920953
32749
957465
968866
541212
256287
537775
33267
718909
568625
41270
114606
681044
85699
879191
449413
858194
843261
811297
243050
531803
213316
711629
149521
43233
950793
565933
46093
671006
916603
358193
327191
928109
292829
508246
436654
960198
931442
860844
699096
64724
806932
827842
637062
320885
235748
137520
106133
559118
717595
118400
682993
849735
207231
579513
679252
382378
473394
387914
797676
629524
213092
358224
921627
9429
46057
184324
27992
361514
607910
904836
768754
930772
446628
367164
502325
647508
656198
32049
283045
692102
665047
406698
592295
444119
170045
388091
374336
175269
293259
603375
522228
355825
253554
351057
583504
868995
562710
4887
263364
379867
154495
98028
889704
188495
903654
165720
738399
144902
278448
805903
983129
346831
520887
592659
301426
491551
371011
299654
994168
327397
369175
891984
788874
80588
440616
673257
993755
6541
137961
541763
146774
518189
319105
800919
499548
224986
398366
836747
485736
832158
123683
525821
382164
286206
98301
866351
521396
247345
433107
477903
667104
754112
777755
586081
563088
968695
659466
394315
592416
543429
916835
539005
599538
105269
648753
170683
695922
804745
475856
977736
188021
77232
168037
911280
111611
453605
323629
496818
16595
132388
510387
136905
177117
175816
49180
48086
570283
216262
552668
160748
107009
235648
448139
310263
36540
238151
941458
186377
342671
975600
985023
584771
753320
350737
560633
567068
598769
832409
324301
744017
716146
937289
770022
785257
775891
762835
479771
429860
173631
89421
600547
994432
656293
644562
36196
211751
866392
458038
128488
478648
572374
727907
447536
588912
911078
596180
870947
361141
238746
556206
832671
390207
456564
303926
790065
433059
843941
953523
803487
130685
449457
803297
69090
812794
425902
109135
403313
507456
264875
247446
655800
451002
459756
665206
467304
576579
343252
409422
721767
526062
721820
920312
157032
312496
835903
807935
778262
223019
11768
769213
578602
22743
489443
728278
83549
903247
599232
843211
601015
179126
839575
228155
426629
787332