768435
213064
462283
906762
394090
138585
976787
881221
121494
714148
493214
198462
776227
367749
517595
42528
798217
360868
772641
706946
487883
578134
562176
931276
947930
312082
343732
718532
479446
672781
278131
252340
178356
343925
215525
41594
420474
706311
971764
783468
650727
844238
626361
849125
109041
417337
385749
628785
630118
598103
927713
343185
623284
845809
897533
756587
916292
987652
418757
900369
834112
766745
437410
140140
971190
619395
741436
329476
352724
534581
669005
457647
635475
121981
928849
78997
966705
706145
69146
425627
408406
441044
376831
223860
686808
696277
955444
464448
628186
638373
356533
72031
269967
484387
665309
154007
865948
620293
753555
144990
915740
266805
882659
974276
816125
636550
997419
487487
798023
162449
30828
735253
483261
282800
496064
129824
819676
364630
686187
902657
191360
695818
255177
629988
450918
655166
884967
994923
14284
127312
865390
732665
387061
643228
38202
891998
773577
741372
270410
509146
397016
696413
931791
499920
69503
582335
548199
733192
783395
975240
336931
874081
587035
178694
25348
143825
542762
734464
271173
207194
477993
602615
924946
186956
610948
528446
896214
355377
781211
993843
406834
540312
558472
667865
810889
545793
296192
97491
957048
413282
494738
26815
745699
876372
217037
54381
475883
280157
414591
235771
956539
796570
220759
515087
376834
575753
358892
482223
237499
555697
31702
730432
292007
419310
613498
976537
465309
203549
772196
381635
323639
479456
392525
677199
9710
912078
82235
459604
642176
81786
976648
819780
358221
710494
813818
152938
171778
694565
654481
66371
80940
165778
686176
659254
829806
165520
652307
392688
577230
309206
769295
573152
566377
470390
927095
896780
498887
856259
235978
456655
157641
311261
723497
814895
219839
405979
819382
567391
220054
349779
411993
407502
928110
752264
232796
408169
525002
621041
692406
510196
975649
98082
790437
834112
319441
245786
914292
552458
505395
894504
868828
132400
253449
18874
479047
427345
463252
377731
724463
618175
974083
756232
424869
495843
89669
63816
667694
319278
786815
704070
501320
227448
193434
995316
657418
147191
422451
350717
979433
582236
394934
551151
668311
200141
415813
207748
699717
219195
402705
257548
68810
280929
554956
111032
151580
60056
874997
780421
985338
649880
440786
48514
332012
628687
224956
717760
310754
147287
635668
492566
349434
263896
139348
787918
293597
427898
155200
723376
593929
406788
899642
775848
672297
794774
779189
601814
498527
276223
125250
334835
72996
856316
543622
418843
312839
131534
480845
854203
318289
507639
642679
774231
767626
188752
834640
627320
641556
602250
884030
272945
767028
361663
683667
490701
23729
718964
540098
271127
851285
667310
831663
417158
816528
415085
406367
962114
815612
231177
943311
789655
645052
229800
16992
268853
305789
551514
404079
879201
744094
351313
906307
636412
649836
899200
679584
215470
350854
378766
23992
184431
455712
189623
809857
682354
159330
824960
404194
620782
929136
510741
100359
428106
295365
390016
606931
154596
168056
825096
31989
908414
875105
888804
130196
425605
34389
449626
82340
632191
270028
540537
19354
454225
243620
927983
361276
206315
339903
433800
27217
931729
878151
535748
531512
455558
52689
116499
466197
125527
6495
784239
168166
87361
935872
264406
696308
714944
811538
787811
790884
930613
535336
221320
871533
149554
459270
272234
474276
563110
115273
544473
619826
116896
645860
210987
272424
303425
673476
146996
973801
656899
195861
299619
746629
544416
402910
469820
459751
154784
332104
259885
688036
338626
596284
982352
915955
512582
632297
989884
561404
683477
195749
378184
942793
880270
927403
505117
798297
684910
662403
329847
244947
252187
587327
997112
975000
342477
619681
953001
936945
792858
518938
117710
279272
227420
58733
487908
524146
93248
416882
198329
219977
752750
18359
284200
972952
594576
835969
604976
884304
315394
436208
770737
567768
675348
254080
785666
370913
887998
232492
151601
975383
574561
569837
703000
661171
271542
987104
162520
177325
609237
359109
11189
45199
988132
411491
839694
878501
194330
554314
372215
954001
689455
167024
595893
196411
648482
264957
184917
401765
221094
708642
885545
953564
67690
345956
353760
299722
954756
724279
753793
120105
305785
367045
371652
950226
488107
49166
97869
395379
360480
26345
811397
919199
623659
497960
269783
202688
534713
319129
906948
338791
19769
842153
670692
703876
186153
965540
709434
720049
261626
421975
386034
41768
524447
207127
559929
473366
314039
149338
307961
699399
91285
143170
356784
507840
725160
389114
783980
4203
519180
990585
499429
100013
34284
629156
506103
416596
268945
83152
25786
973292
780300
154213
323264
886705
771708
219614
18538
723038
709309
707116
299879
359332
917613
198138
105162
436150
691484
835852
433223
761729
677136
415425
530315
536441
333745
98167
98741
881295
125399