826902
241654
484925
507745
852384
983709
995733
239715
630726
707846
275896
778798
372444
117377
152886
462898
38741
26026
479584
804225
941450
917114
959832
705462
406617
100810
275137
92290
724266
568870
379925
267156
861645
589322
137812
260964
266559
97532
685658
108893
857740
853701
638346
586853
649934
821389
440998
738442
495699
352210
243457
344970
426524
141509
131723
436735
329026
933697
592907
650789
318900
230056
804972
334730
103003
555548
373742
318417
546654
317207
932925
594082
561089
319464
623391
509489
513640
21643
430278
652458
845306
347043
966981
645686
294049
805206
244832
224685
670125
832837
811644
247064
24152
342375
578677
805345
532964
303041
430862
305434
75361
803076
707971
273574
268875
423618
163067
919880
309263
133518
120153
791366
449838
677040
756530
568185
901563
43266
946521
486772
336254
605291
427285
565199
606395
385333
316532
997903
364492
112268
902265
572787
183979
295573
155248
789853
673932
923560
184803
66459
869351
557548
131621
349650
99539
695118
990283
487686
374734
656094
839739
514632
782937
897350
351580
903869
843136
360679
182829
631366
411320
566993
198385
430289
385376
510623
129480
575804
485674
23277
287898
559073
815443
362744
836460
9858
293582
360336
222996
90450
667583
526908
215945
824990
639330
123178
863124
926166
742796
70097
270755
578172
264586
999973
813244
620328
795046
723766
528015
523957
524232
851174
724708
657868
967416
656069
103539
393867
329601
66699
798226
831313
230769
66161
873289
808169
707518
250860
152257
442832
62723
531719
281179
288740
698023
333083
750814
518444
416670
768494
579336
856958
478601
215270
977413
113681
85497
354088
600253
343583
394577
344850
360776
407414
768137
6481
409021
965084
980367
220383
717992
741789
128904
22556
267737
720115
879988
915976
526297
541136
1327
354139
574840
424714
488851
541121
959618
327523
974203
673461
645648
518196
398883
374713
76602
440886
183083
773615
597162
539949
641786
513368
358796
467442
888511
325158
229665
1115
814035
242815
491059
764361
771194
699857
876899
235469
228809
472652
297182
447095
631521
761985
814894
140989
295321
436437
752940
694085
580474
240609
789460
577935
700003
544042
629873
464514
329549
534776
869047
765138
488233
510933
314223
880074
782310
971811
468301
897211
845519
590298
750237
880513
309072
408222
931932
62702
304856
623225
214947
846614
778522
476218
819838
894903
283119
881833
861595
237058
198742
587109
32286
408778
449243
116060
558993
650888
537365
199975
876089
743945
595400
471936
296196
165301
806827
113697
748062
556220
947461
623290
33506
419358
654193
909261
415790
635607
789696
778858
513615
470118
923005
411970
446811
763385
954315
734763
62814
382647
917419
769199
407852
937705
75546
191249
353942
450822
424087
890845
786679
395097
496002
51115
476846
423825
384096
552624
727718
580453
897851
881856
220944
453986
959975
709412
109298
659730
31711
376147
928601
280650
683789
37073
376874
222737
249832
224289
440087
525288
243128
358120
161389
728827
398773
978656
427785
766050
420813
545077
783467
524372
429381
59712
757474
701929
803063
868125
452775
774793
217145
889963
254406
921910
396958
75103
254199
171764
684630
891589
777099
201489
225713
77205
11202
980308
445184
48558
943033
153798
946460
785457
60800
51415
392512
55677
913482
954159
415569
637122
67134
502483
67839
476676
441450
61999
905667
340462
646039
600774
317704
12240
202679
181683
903910
252791
556283
932506
900105
205544
229057
856433
643440
368312
501419
799717
526866
418699
35851
375274
835675
710759
943802
557410
516115
170292
855048
492521
187616
601874
714445
894139
763746
289751
416542
183106
916476
961892
803483
542976
93939
558883
907174
91990
327982
726367
159278
89455
543389
390271
416873
170636
210487
295968
593952
86252
320731
421262
547556
363991
858456
345119
521438
112711
924168
262701
724676
287924
361559
72750
159848
12987
268769
281266
564394
77610
933561
410936
257742
73898
833799
841452
764008
814473
419209
462017
658164
93924
37626
488615
170690
944877
385231
367273
718286
397791
617182
85286
506542
226747
805658
431658
343076
231677
363897
253225
658899
158112
324406
644567
913743
769803
809586
263527
681741
180567
288886
923422
4089
246525
441235
997586
146087
911457
680682
236100
256353
288885
192008
323607
728799
115531
461737
321133
749012
762236
737310
743965
162213
16174
524297
93394
238068
610884
743236
423299
554523
480872
817505
801610
766517
87214
497932
306468
959830
590181
205773
167108
312282
755583
999850
516436
116571
93338
441833
702345
501628
784874
728435
190561
588706
993349
259092
764540
102659
298891
369823
261332
56278
910512
858863
172571
940842
145192
404488
588016
617107
181806
518491
118589
365566
12400
979816
980655
403942
831706
891390
696211
992735
614525
607774
595338
343568
492700
365502
705000
833086
341267
278249
814575
28291
68005
11011
11491
722717
294112
982443
171018
933410
356271
879929
304322
875986
858428
487142
119550
823749
75711
34571
430495
136899
757096
433218
185131
712818
524965
644393
858284
502634
722896
677317
218407
983653
310777
450114
185016
630034
265227
333720
47367
789640
90973
273930
22377
211543
120087
720009
73877
62139
344063
134005
994752
567018
278815
809603
878040
466124
303637
318713
657114
216971
813495
984150
85905
463744
206048
320720
611564
756620
664668
721333
770106
256456
585452
934963
287108
659924
520566
35827
424839
936076
922508
910559
826700
94169
459415
973189
240998
970851
467231
713939
773896
484068
474490
722050
293568
603032
433360
169552
501972
840977
276294
227685
902519
296998
99343
354967
293608
75979
299531
800713
239848
699132
369114
779438
304534
108116
692994
844779
222120
820794
415865
928667
156296
960250
368847
757036
366281
382386
815162
452070
964420
917667
901376
252428
341843
757095
834043
314779
783465
292610
743180
546671
39373
939408
731103
709829
90801
693022
58262
924123
243059
623317
693268
695028
736943
961361
888617
327480
366847
737873
315413
49847
878992
332806
836667
75342
841186
352078
672227
780066
210267
553210
464556
694666
721033
556683
986124
704649
747635
200188
332677
603896
778714
235769
548519
294659
813777
284653
867196
477834
933814
390777
166227
377063
849100
891264
987436
454991
307958
104607
542845
919953
126546
642106
496095
683516
470192
462514
64280
551006
717998
52338
577861
743206
551666
225705
26852
599083
169922
697682
974716
220037
758467
820526
348073
948761
906188
688084
651592
226995
751462
230046
611259
22860
632098
265477
779609
631978
947927
843207
545525
125351
414775
37636
554441
955017
959245
682281
625728
747408
511382
868739
701917
582671
726457
638709
361547
636338
709539
267845
906049
421726
556035
858384
94865
469622
461983
966750
337678
726777
563602
498576
68632
485704
741282
769846
388038
826053
951810
767805
774318
333976
800865
447941
190675
485899
949548
556945
319980
770325
564775
402840
82445
348916
952419
367224
322101
989363
972381
161674
940595
889099
541171
972496
866485
34918
752324
638219
548334
948734
660002
202218
34851
364132
752822
459036
653011
438749
592817
304902
202817
512167
904747
650129
910495
267097
298330
387802
129496
266984
478703
34893
389306
68934
553744
563020
431167
921956
230318
988936
432119
16409
54980
422323
807251
654555
93803
38092
505936
480425
10203
560409
76989
524235
138178
11059
881515
536305
942778
101947
789553
604473
458859
843627
326617
301516
635517
673351
436203
546920
852919
279921
422931
599800
226809
223004
821041
419934
853202
868441
192894
140179
93759
313357
413654
490598
378945
565892
534310
224800
30426
113950
407474
901129
461603
599207
697091
875267
661965
689541
690476
820435
824754
885450
423864
503104
924759
942377
901618
500436
680961
864390
786449
994047
578416
856166
889277
321563
575804
949254
92034
911627
406027
998919
201552
916540
461805
672070
604396
778189
140116
937418
898359
43147
584307
972247
481433
284949
905073
776095
785418
644703
966730
812824
597693
723793
495043
626281
765737
758031
71816
415166
570485
230612
779043
687674
932287
656247
567963
258252
497225
837520
534375
395163
935168
892404
974925
476315
849898
6171
769564
635585
496876
851875
84098
67347
730422
387182
546315
224280
754764
208678
15159
324655
106545
675616
700918
848252
666098
589214
980418
383805
105484
523375
386073
837947
445179
257969
556374
151259
15840
913527
95339
4628
905101
932677
985341
716667
543921
125048
728988
153209
10459
405187
748702
124831
372524
761683
704407
554896
7902
987988
269110
90844
803179
511053
33983
352686
405915
21415
216992
782747
908461
964683
891827
987034
293281
162216
339471
838227
60512
563348
264523
446096
57097
872074
436496
685136
145241
800274
190170
182586
446262
166078
130955
808687
139800
325584
546796
703096
564053
717241
573569
859999
357575
903612
545159
705497
624155
890225
955404
775136
412537
168358
808811
851167
295947
632800
316195
288583
542765
644863
89876
843775
552943
256255
335957
841208
896521
392091
871028
97566
386652
170380
671819
962474
802721
464687
475387
506004
269168
988292
977352
916582
37871
296850
519313
937964
127253
279529
573930
947464
736026
887103
309272
632418
131517
369724
538472
941180
696433
553937
543724
290979
720485
15427
343763
185345
831727
708934
830116
513424
531796
221828
136407
501545
594742
781181
401296
310202
389595
762824
877816
661462
40662
186871
267898
606439
482004
877976
989783
778814
721348
480344
202343
56651
97508
643203
512877
182056
355941
619814
858261
927247
52794
779158
905164
24109
494274
496777
446076
674126
159696
94049
632035
359991
869267
601929
316879
668690
516455
559160
468664
752004
466295
156243
724858
639387
297484
61743
607085
245667
163959
602228
836579
184856
976919
19677
643133
47605
668680
209819
48362
144427
738792
636889
693309
492589
547527
757147
318762
62440
827051
318080
211358
174416
84220
130790
36216
382422
876882
700972
337767
556341
595674
371858
127265
413996
165087
633853
128828
685766
604347
276504
797357
660373
999449
24148
4188
852605
637925
274959
556384
118188
448531
770706
994140
517863
284745
946229
577717
466304
569386
582749
201071
918564
660224
780454
435491
171024
455429
538651
795231
976356
897998
73442
997914
868432
500693
918389
557906
728811
898401
561739
738372
65954
246100
984085
117191
869005
306769
809060
540870
788957
718088
532711
796184
213554
176159
998738
550846
17417
649662
864667
443128
921811
175863
443166
565444
49696
832785
77729
312756
94074
846704
659185
882731
713359
128482
498987
351731
473030
445128
827095
633342
375922
415775
110318
382264
890468
355498
537148
772357
963802
417534
580576
17564
389654
84969
223601
618175
964746
377472
232763
19798
671023
123204
549735
395175
58357
435504
24312
977781
975317
683810
201394
191154
611650
258659
678805
219617
976573
89877
205959
464589
556040
541048
562127
313119
778034
131097
858045
508576
808721
683415
137832
836556
100174
746835
108752
312975
414938
85427
446945
399647
815487
850515
820569
822965
386513
422666
742400
633193
289731
418964
44054
682857
508694
978657
560075
480661
926571
941689
56424
35770
18426
355210
178699
984874
435995
169488
961679
456116
826306
413151
931594
884742
254024
361424
809968
335195
450404
124230
776276
991138
235256
897179
441807
478573
398792
785580
900089
306322
308677
55294
118804
64418
255047
394060
409289
227459
196378
903406
308106
96813
121839
735463
532310
782013
616692
585419
548635
771001
943678
18123
905525
758497
543457
560927
330709
691950
874274
468559
212413
612074
83652
619613
179367
808235
140798
280978
792005
225069
805454
750820
912420
601739
679783
672576
599658
510874
557062
602298
706558
148322
454819
561551
625926
465978
820482
761427
665227
555647
53544
967803
860794
363121
815787
968905
210756
585386
818339
864464
801700
294139
171581
253731
28672
625316
801006
163998
412137
964336
118595
809360
553469
860843
222743
700804
308332
917377
556191
728875
324247
720373
792543
851367
303060
93114
536895
306230
948878
271217
682360
441657
265930
659520
946089
680544
263108
177611
435654
724340
119608
519122
912943
823873
902396
843431
611103
73246
744842
599498
200059
322331
919196
509667
208330
424133
347184
356315
573956
101528
996331
26647
868547
258434
85210
427793
80726
683792
632531
308693
906421
393463
263802
754326
352526
135809
939231
236971
367486
466451
478597
494249
439387
707159
956350
276509
102894
565578
175473
628390
203838
627235
395326
920109
12807
268383
640504
153795
549514
592806
429521
183957
435646
475611
192596
613518
228260
187269
941771
948489
932600
858069
724416
544178
512835
21971
873121
341944
578061
711081
747900
136048
909616
373260
477354
857865
767880
49091
80713
95016
754823
828437
734434
710496
283493
423827
535017
660943
210740
202175
531938
677976
985297
778264
524000
389368
13687
103939
75688
519175
583341
718616
137077
651662
241952
370566
502485
146239
524811
206243
330097
91925
261394
952723
930474
136201
206319
513364
635422
75502
212931
893605
850185
775081
939470
605713
491976
52113
539130
203612
170745
932255
654866
75208
144255
831186
85840
975876
124450
107490
408147
902322
8403
103454
632815
873300
218380
134500
362591
725778
950294
26237
774421
339626
230372
275091
742194
735220
345565
114959
633041
692689
296695
125907
619966
54192
297919
353553
499717
146748
325237
262214
57764
258662
5523
368407
79586
101002
68782
345478
186169
291200
953270
236561
692718
932994
149656
921383
591042
744309
926978
395591
574785
244950
165318
666168
911095
81410
198808
668767
123458
79649
430194
499968
37251
496561
936151
738388
693294
194923
804979
533442
223489
572115
519137
675262
676114
884897
391431
628795
567104
849671
140252
311310
10571
624607
621130
548512
845376
535859
214831
129232
609677
920168
141693
463587
192435
951751
412480
185704
74136
940521
672447
37357
290940
88959
750652
690967
341700
737147
450583
449826
507314
460703
831759
962358
12598
882400