176012
954490
282422
398934
245505
620864
818317
561359
515491
309328
361894
947534
968073
23427
883138
912480
102330
298133
73490
934893
520170
38015
28161
55717
229537
268209
505835
524872
18809
902638
276523
748690
37254
545283
911889
114178
126928
5925
213299
178694
662971
165542
383514
77509
332104
489748
847454
947784
604212
335342
322956
26886
525630
903428
773443
250058
246854
885098
57054
763843
35857
275096
461963
106280
369961
964769
884282
967174
180961
631054
796402
446311
843447
553943
11453
934688
92562
530621
772
745208
381738
10823
482613
319600
752518
75607
354976
674612
686625
978535
103457
431644
536742
831654
398712
885727
271707
125353
842485
92949
520986
719248
152846
332070
781625
116534
890387
302421
500171
5844
188280
861795
126720
403827
280593
958049
528103
657995
854685
520405
70548
683133
545977
751816
316637
951402
324918
117163
629438
631470
139076
792483
92252
106941
444365
313464
697575
50968
950622
534293
843160
350315
66432
375933
894298
200710
979045
239307
886469
875638
466302
389411
742277
800575
225001
414075
194777
42297
425992
322944
311607
227269
278445
664742
276878
345386
941297
563151
274787
109711
650788
731735
771613
918167
556318
114362
728604
949973
71860
541795
6787
820842
717255
174481
810326
792898
636406
739368
66239
716327
933875
694674
793643
134400
854643
223056
378833
202475
820671
511265
595155
52146
602664
648653
257405
355564
704151
276622
468778
209139
61634
806044
696837
888445
663931
612116
157741
583257
31459
952324
918066
602632
216891
244245
834684
21750
537499
672277
377932
77907
161403
787937
462554
200211
65262
934124
454812
776702
821487
937134
731880
96372
410516
752811
303856
962625
704031
177566
96813
782105
740532
22402
675479
867440
922148
285182
496464
996088
521767
39467
982048
302456
689129
542595
85787
897926
533627
938599
65887
706849
712426
715788
625210
766637
21229
652676
925352
293323
525815
620069
737721
753556
429741
710552
881617
986419
722994
986111
788298
191964
377373
79812
948340
768813
620044
594427
790396
943647
615122
407219
155562
377640
147852
358878
151876
874353
473745
963802
694416
869487
92679
938523
871415
9057
32338
504695
305477
125732
439144
836302
850445
317110
140672
405268
251754
126405
901545
123133
253344
57011
935031
769348
118688
952937
812184
135703
313066
444245
275780
292258
365005
834753
215571
801078
82762
572049
129384
989654
768919
389977
827275
987102
894399
411545
675989
486545
973478
209686
2820
510973
315626
384021
460463
184397
737062
459767
177043
112811
452624
597868
738123
482127
357250
269141
807902
699497
992406
55482
5170
844263
516330
129765
358751
603555
870851
464089
81951
426861
102093
383218
520481
757808
56128
873306
206396
380099
780831
68069
232961
531342
683866
302794
60009
348311
749908
791167
48429
736744
598079
292080
119221
501855
737954
83483
438888
190034
672572
726219
695138
412828
472899
414574
497668
694601
384901
723221
909092
632602
987312
853513
664357
290933
205869
493828
490274
55468
700134
846099
422852
345576
293672
612038
318451
372529
701284
578704
842281
697117
868752
14146
7714
198740
652651
67807
878320
90044
988893
281883
696107
989957
100540
196533
849861
536722
120235
151470
535035
237762
163229
749220
26215
156699
955063
222544
433202
114323
421652
116824
458856
315066
621410
642834
600612
71751
27881
224727
805738
71997
411564
18047
592851
800953
837288
82686
920355
640347
104633
301466
953718
666639
203228
676872
744025
85367
834511
718371
548022
80630
522645
501000
772327
499484
100566
733776
572459
334121
191458
308523
507254
121920
164822
363157
509410
774762
364759
366264
511556
512963
201276
873502
703514
175749
87112
183569
759584
829166
358292
628882
336193
849233
152075
830962
682091
552759
950671
801871
918651
946223
179898
718830
474135
704249
262271
107890
678363
58507
802862
157239
639723
763198
814998
128142
639464
232024
937156
666901
972734
420726
765610
259633
840089
796758
55068
41131
57527
84863
452019
748772
602393
104845
459860
536438
874771
952413
850187
284329
23811
682129
107344
687823
820958
539968
989804
393853
777446
84029
617845
5670
679416
740674
748853
439573
446081
852858
669993
821958
53969
997224
569893
422754
281543
851447
732693
690390
99564
636958
259806
569935
432348
602927
493858
433172
633759
351037
247843
306879
149271
203624
180927
596761
64529
118215
869721
562833
370685
816176
446936
568217
291899
345958
345865
781278
440011
262880
971808
525538
120871
124914
222748
628087
471597
150107
373704
162649
303155
115498
288605
844841
867839
788557
741253
950786
184527
761143
394938
536122
145042
719213
672653
710519
732410
146414
46019
587371
142249
188413
892570
250733
984648
588556
893289
388661
76087
421831
732389
212532
433758
544825
701504
510350
268066
460255
681835
300917
665204
953352
555004
635171
290499
918501
419947
139187
866833
638835
684023
610589
545123
954753
40550
787469
568082
172704
131881
526814
164351
729447
470813
656568
960612
372320
120430
759298
94341
702419
289686
770502
209349
16364
706180
168673
894420
619211
716119
880547
668038
44393
366537
976265
294527
231842
312297
499156
567051
25891
497408
685573
608906
477872
803733
796088
699912
878418
842637
899290
992683
233180
466154
37513
630277
940249
751988
985863
926154
190484
606901
930969
339547
684228
948061
953922
934081
219473
741638
869911
618741
224647
631506
831231
300955
511382
39089
515273
601167
682627
275135
945322
951320
346991
57354
492369
15354
360322
664177
438761
904168
398836
537575
957803
891733
72504
89879
443036
329387
707269
489570
998570
817621
594370
769860
65119
437175
444621
930964
374208
115581
478504
107050
912901
980561
673728
971675
408948
349990
268636
165087
122652
401458
366878
727700
445483
803256
470585
432219
799852
104387
775600
779552
42209
621295
776134
31096
437369
515680
491720
962467
697903
200470
486195
564208
970303
290137
744003
368320
288836
16910
973145
960418
522163
254956
548232
699486
322990
803912
866172
399437
492358
962444
853511
520037
89360
444038
935369
643347
700706
455964
215228
136833
788651
87070
233562
971447
159084
771252
69803
18461
957143
945206
791662
813279
566402
194971
362339
316137
101896
30152
897203
85714
481853
215754
130173
225237
302859
443999
585662
137721
164333
911663
289500
247507
232456
4504
185679
495266
293857
877990
129453
482712
478719
412642
575248
5112
409822
760385
910886
137370
364941
818366
233428
61196
47141
585026
643463
302995
655910
514430
923610
93903
357039
387163
765661
591036
714330
797961
219272
547028
77490
395188
704380
199570
793233
301525
319218
121554
220251
470373
288706
121365
797905
517996
386386
3936
237202
240183
722073
59139
323316
566695
89487
467127
921211
834470
736563
224353
542132
535733
782008
399219
460977
56609
152909
4658
203362
654996
799816
905042
323467
863624
976302
127549
153767
295254
460705
154162
733785
496877
653799
36234
731339
402846
160979
271063
734310
635667
503314
664869
646572
265184
92948
109410
957109
16882
683028
626330
32772
72419
200390
719770
60613
826800
892252
962038
211109
473026
850166
45287
538702
950248
740068
166924
230014
494438
170840
940177
293955
131047
821677
69549
191637
535565
897038
879301
460431
206441
849604
964910
104523
405190
148768
246928
231066
274144
396417
27685
50333
443122
907779
704417
391172
166381
60293
647212
940448
703748
439380
531659
781414
918372
872057
471260
824706
37057
809819
499456
890197
671052
181395
28179
585485
455169
940363
726870
215456
501852
181969
33134
585765
82027
11582
966085
493519
745599
7997
689743
257286
558396
800058
704935
454116
246864
538281
814231
922633
745024
248880
581943
823259
49054
32498
454252
840477
228247
590713
817106
586027
57129
405631
953652
121231
608177
88089
320888
581379
106978
700289
29720
395332
886610
139902
828171
232912
764078
377266
275714
510204
540238
824704
845965
48051
647652
498200
305182
914063
419469
73760
291558
495245
765642
706752
920156
325041
688008
596874
426396
302261
448475
93701
245420
787567
554953
480213
58585
487550
710339
668552
157824
658224
39983
965439
871272
43124
820448
587959
997005
923958
773415
291443
94008
486365
77443
144456
876361
359261
820019
972804
54871
356857
75437
391612
282286
396505
984935
790321
484343
180419
15122
998110
745461
619385
101350
968353
224683
860399
616984
495491
853340
49384
774249
457958
716458
147628
349272
376458
164128
552296
902200
463996
801355
948706
872028
354267
987843
327894
321134
727176
142151
594034
422751
242153
668998
829291
953656
187098
21690
482042
962447
60594
409903
529143
243734
986413
193314
672080
798158
337723
458692
3750
306393
394724
163166
29316
75628
671446
137614
521276
476323
755149
325359
933152
487342
987101
618583
743386
421289
841887
122809
65705
76682
426166
342571
91128
138099
437309
675203
679261
260584
513614
50330
830699
456154
503921
928818
949748
292258
401248
86324
677470
148233
191668
22482
608736
466244
611181
824843
55386
553661
703842
536077
114319
939724
239811
531892
104128
834629
387656
200368
524261
466346
876409
959557
19210
911553
577816
840237
227781
265921
889774
426456
648464
746022
84017
744339
782087
246244
540559
662278
104447
953143
114841
905240
148736
865817
665103
849261
964833
198861
878276
78415
868671
790937
932654
431466
80793
571920
60044
178865
270603
372621
338676
141279
711397
956
946552
96088
41768
651922
781556
51758
794652
288093
332471
498431
141393
705717
970124
144955
854320
978002
363492
857155
255228
202488
237665
296301
993963
287437
701185
657764
311195
351947
722789
379692
272243
741520
910845
57988
53271
106898
725523
83812
219591
20209
79664
471846
99989
288293
245806
794305
180673
7638
75484
98032
297202
621835
700743
709169
590995
137722
505899
8681
300232
345085
970102
274596
871820
836390
834357
560123
727017
455209
66270
441039
250194
604408
197432
797425
412192
294188
446827
60196
227559
908190
87264
571130
584053
444438
292116
657882
7783
53851
784895
104035
782759
654057
8155
219563
752325
79809
593107
314913
228273
455706
22857
361424
696851
517493
691588
465540
660487
401486
333365
915591
332344
947502
77732
226052
620056
122590
540604
464397
29817
721846
955439
708472
992011
676563
876551
319844
79026
499558
980043
459929
185283
436585
740362
80654
729116
406510
13382
220868
877917
477904
866240
329551
8519
811402
475229
844020
348399
745958
982066
439918
337758
247821
512113
248971
895304
241917
967535
752628
885992
90970
787409
393097
706612
688347
995987
782634
124418
320613
348596
220435
757623
946869
535617
431519
630375
252982
754109
622445
388111
198770
784106
180768
845354
71909
164343
214528
228147
508141
201862
752574
546168
686110
462105
385492
563992
951475
468696
996299
356121
611679
493377
773910
754216
200129
946860
524636
127406
68085
44410
120595
307403
446150
903322
468872
904241
741954
274999
508987
291104
292839
332738
702822
932793
85497
912343
66398
151682
257013
994062
16979
59637
598303
222177
228082
73541
249656
601589
689897
691886
335052
443591
301258
544439
298983
516916
100425
470279
870568
851300
629663
55009
514285
119637
556945
883134
808622
469056
940683
160390
698342
186409
224998
174378
251371
889608
162505
168737
393375
772367
173931
45244
627839
157720
475638
462632
791576
241581
711623
300288
468314
320435
602898
996237
935493
826419
595299
444763
172416
449542
909247
27704
203016
176989
494249
241740
93957
844523
794752
673744
538425
56239
720454
684908
427985
795681
318459
955249
554206
790264
238248
979504
943901
439254
294455
854773
182002
393105
414207
718499
537588
810463
952606
652141
719457
752157
530687
84591
253618
241532
886140
646887
185418
603657
332509
689939
59016
590935
590077
249959
347515
514314
372301
44843
513205
505027
542258
122351
931832
997347
798602
967532
268430
115646
39564
203833
691125
411358
686349
806310
179958
82993
216799
866361
521174
542608
11092
474434
721574
96428
281632
746333
42741
605527
397789
520644
791654
118508
565863
355278
411868
420381
311143
94280
442257
815255
846190
362351
239878
86740
219639
171335
932821
76668
332303
468506
41634
980025
793744
681488
116400
3286
761544
536936
280144
896146
245561
321297
697331
215367
845434
217319
164513
508338
666683
677773
690562
3295
765286
200227
604122
586354
194656
239844
299282
985491
826926
88927
963121
231095
834933
508560
749802
367240
116122
994075
89614
253361
58120
778916
86498
813447
564879
994445
989963
732375
503081
215245
371558
35528
111705
781033
959092
182637
146925
449362
350450
949610
192802
379100
614727
240319
335462
42582
630743
828022
138680
523786
124085
604453
6188
972498
830645
897569
237066
225173
158750
164287
839254
375197
390783
945864
650859
566678
851673
153400
355457
852390
827065
562163
329613
927715
37289
517893
866503
706357
297596
981780
898311
352778
920520
556453
33481
633071
913393
20167
278736
253714
447071
681759
380518
134545
738641
403025
806720
22910
501003
304585
142848
931762
612075
851939
365461
721034
661594
947709
738878
132931
720157
1174
473515
548014
257355
999267
435012
432080
550681
104878
734787
513176
795217
458283
609276
763709
774114
851225
323837
968628
386576
831057
36432
990283
835788
888943
72861
877157
127774
561626
152492
85842
982270
539313
396297
520202
604931
532243
716416
813063
945267
965963
50376
731580
821497
199063
657596
793909
709044
256531
896260
639756
29163
871751
957458
118085
100703
42122
46856
435655
732985
603601
292920
519928
937827
946775
613955
727219
443443
259755
933986
108456
384641
448913
443331
704401
24665
857814
997835
283341
805900
971828
381306
111387
510177
853789
951213
250612
567849
114727
641788
35588
471216
723605
986115
393671
483855
125310
677694
541309
484575
377501
381134
395913
71368
803252
389784
186156
743735
805213
947853
152
743406
207470
463876
270964
536693
949192
814338
287980
868462
746301
892188
419953
217734
814235
522292
334676
872392
727321
997983
21882
564427
676893
977575
476221
780492
290984
481196
799456
420758
158111
379813
616876
375517
816759
421956
731499
310315
836923
295800
403072
491634
757693
453964
606497
603776
977111
168748
507635
802960
541084
843080
113729
407420
323809
717521
139800
282064
961825
237985
964993
973819
527697
825335
109083
978399
392769
277279
779477
39815
191979
129649
731142
611768
631900
398896
205097
356000
779132
917266
302712
873963
738108
855263
103651
323125
620826
336946
652909
492634
984212
32924
881700
603816
444775
300584
230907
341686
778114
596218
779141
675854
865356
255889
895312
646725
519695
545771
885148
907948
991359
175176
775479
781983
757163
342918
84278
381626
396671
941739
819858
489964
502835
69250
175004
678755
171284
527708
743838
60327
565933
257591
611472
224067
791058
840445
364532
484701
832008
226595
153038
25319
199508
501682
325507
978094
17759
508579
159950
848848
26306
338594
395737
256715
273972
952181
464446
502768
672589
810806
689689
572598
784886
92732
569545
927402
616688
901464
98372
794628
873469
425915
50708
186902
831662
575285
224626
621149
884746
583640
12605
2298
45528
941243
689623
189242
376394
831514
952221
744401
41414
824603
867776
300582
673490
819500
706821
896008
93787
832839
638741
136126
128097
453335
876865
946619
573955
755509
318423
406320
847906
833611
20442
625020
232693
346713
805728
466175
798185
653974
839885
618828
17138
606702
421671
183996
122099
750442
772631
188127
159046
468654
423035
54862
520744
87259
763882
502172
301572
457493
610117
625195
469018
920990
925878
945370
611980
323425
140424
51292
968325
855819
889891
376484
956742
462548
630178
218364
204239
598684
84243
338549
742566
561200
446090
879353
781639
88299
146530
826556
750568
957369
984978
199249
674727
236791
736167
771353
596754
698230
98979
686998
811347
877791
364338
480222
31926
41264
775173
935594
924633
352292
306254
207246
332399
414385
856150
830211
852080
667563
798974
522528
319457
174022
882512
493928
104315
7929
624257
103484
734331
138941
970053
358577
66885
989492
919247
56188
681653
775143
213668
437962
442116
17448
944539
988140
651668
218134
252467
471088
942297
4479
600080
207243
29859
299872
978388
491634
966796
922311
480534
295047
107194
574170
601666
945264
812177
419760
450893
614980
356280
71772
43091
661919
640071
560907
551310
439957
288202
87235
400565
700995
48692
654091
448751
554433
133284
440746
494002
745331
469260
46151
693757
821695
106692
253935
136814
243993
667690
312822
642944
432057
164275
902516
970789
5999
73619
204913
161084
630029
789573
62811
747247
473858
639607
840371
358508
932166
975062
39369
868606
338225
525617
160860
804871
82087
255628
512995
197724
81838
623940
604905
14717
329248
130649
12819
776752
443259
329757
855997
535865
161814
645240
974851
804215
92143
316821
802524
767517
730847
373613
889696
608140
911470
298222
941226
553546
291523
43591
396952
933538
481012
714963
530415
957656
50108
325279
110620
980550
63242
731546
435285
26775
268214
930328
398174
298719
842190
129219
576360
995158
221391
256862
869459
45680
345136
470839
683988
313946
890263
458345
638258
163794
781743
731211
212075
403747
938257
348217
192947
552444
712927
422525
309980
859372
839536
771097
534865
225533
909285
829491
665148
332266
652698
461149
845320
664126
539896
641921
197824
759690
44840
46310
593110
901698
915810
713697
847936
31220
438499
972314
301565
443174
870973
376953
724470
453644
513480
792174
641087
731363
994166
946523
727292
925101
330245
205534
747169
977673
172109
259902
792785
663342
180409
120049
430120
326020
605266
102023
818836
4063
737399
142839
482206
59800
784489
724869
201799
651338
438147
647116
831309
253414
947655
571885
669837
227572
966675
565076
233282
328359
229490
966244
914795
212507
122446
592959
149067
263597
64643
114611
687050
732471
677584
297924
558393
11174
224615
2962
10163
76090
809636
916263
975966
621210
688474
576479
209745
149074
497160
881140
622736
339498
422058
545893
10418
42212
236780
281091
596708
87761
857273
782808
886470
330640
491378
849780
206963
28388
635451
334741
83422
786417
49967
506162
525591
830803
237299
123044
906413
966811
715816
621618
516782
284199
406394
801847
389514
783901
728022
479346
730902
127364
222392
700842
820332
899263
160994
150268
397231
409574
254632
340291
39340
643266
563368
63458
781212
847653
837784
863536
145606
319268
278776
465601
942209
45363
885158
939021
867223
879771
805520
4800
267333
426330
843779
462365
330336
570775
179810
2768
451985
188736
209011
73422
619137
970434
943572
308587
771088
16484
840971
726712
496510
866049
110075
583254
830828
507104
519921
552092
371133
782897
720286
383584
639959
628263
834464
780134
828038
444716
391160
207459
86591
476101
614688
786540
741121
347780
530550
416640
475607
532516
127633
227054
151034
741444
206901
492964
86356
603075
686561
475478
909536
553524
989573
701127
958509
146174
999440
324983
961153
769491
228200
685610
651674
875339
4979
43024
942928
311772
18
736278
560406
585080
326702
814856
670815
92612
684138
728161
823901
247152
625720
335409
439460
292087
525128
883369
148910
424565
412570
247942
425783
432480
580340
539160
674057
621348
958960
337198
470546
574367
753325
170272
170225
915446
22566
427513
300111
797010
414495
499647
262250
371963
821371
767903
612141
386639
79915
804858
58043
68382
304193
872582
731787
180197
511714
787426
699373
762214
476186
832891
239595
181920
438218
377748
198283
145136
791164
402101
233584
846212
809815
618546
370528
13304
356206
633174
934624
858639
885938
311469
937659
31631
583048
103211
728546
892089
638902
973692
465645
94435
453878
322153
476095
806900
204589
507235
838408
34812
708597
621872
155621
556141
132566
545583
585890
757114
495124
216073
743391
614347
774050
390134
630992
123802
283380
36009
436702
257325
327986
547034
796779
207728
524744
302574
745843
397870
542042
431300
972429
964588
721237
703902
28881
698402
595681
151914
736532
912215
212851
357548
692239
637976
935806
514827
334750
125012
777161
220597
803812
668759
550876
950511
892427
635937
997268
562172
16105
282402
466902
930217
676798
861269
390240
708083
23578
523446
410811
89942
199259
111009
433293
284724
470420
57737
167306
492382
31114
735313
649867
189953
700568
101642
626359
615408
272370
699274
607581
562761
753094
438949
643876
279111
982718
797963
144730
919972
146914
384702
624936
293929
582491
341614
762086
692115
616787
375666
755083
484579
396983
100005
504893
91715
226462
496923
71367
145488
182659
518079
890153
814536
568110
123531
602440
464017
468082
171426
876678
220388
176783
25613
905388
770452
741943
218640
963588
103231
466094
381032
294916
530064
481354
652772
464228
587822
452250
841885
271569
858244
172643
554388
392762
532782
284998
436454
77191
252349
390333
970030
815529
561575
583044
533047
145932
904206
289044
38236
767530
934251
740362
678463
734457
824279
376295
83874
401540
404598
341041
75493
392984
65216
519286
488540
444884
220397
621680
603596
122788
794172
298308
521347
620615
932001
949285
600785
472203
20937
46485
522726
583643
419851
305100
638025
348783
433836
8881
593459
616801
85775
171589
821894
531168
611191
887775
525485
770365
114299
776658
968785
901923
77893
86890
977524
40740
427718
218645
197742
584558
112890
767583
513026
29596
142995
537878
287069
325288
187141
122956
818986
112511
977709
558459
915924
585069
381406
937539
552473
300663
524938
694990
217096
600712
145674
596052
796631
209795
459530
603642
258851
565687
108820
449942
736196
301488
492279
312718
42252
928682
195668
218334
400605
246049
319428
72503
175012
982916
289641
1029
759158
152520
556048
108425
891013
115224
417984
685413
830974
673065
837794
189239
231619
411180
19084
527388
939008
841309
690540
694934
187116
693561
937037
294280
900510
630796
146633
909150
610249
1960
332428
740617
109078
322545
717504
353128
104797
832726
261530
173314
960447
500506
672897
748976
63586
606608
10838
812824
841930
945061
267364
186388
902417
131671
870629
485040
843907
380676
235119
124306
753048
423901
320378
41781
691790
226105
820302
961549
969955
667718
411597
447631
365548
679770
153370
221641
143573
394856
292901
711788
779254
86093
135573
197546
525645
146634
327568
983290
917726
505357
923562
16185
2724
464040
832231
171818
508146
207843
509935
515550
349739
774444
957901
908399
378138
399981
492515
466406
134767
155382
159662
925308
61527
728153
13490
586302
716151
381589
802434
470089
3524
197930
943022
492981
24257
421644
591305
723919
717974
543666
754837
175550
808394
416077
152142
984070
873757
844182
883472
162155
761605
826560
66661
488877
867523
337293
32943
390898
496608
627133
2990
185602
851785
855008
609455
521068
199684
956877
515602
990277
26574
479787
751222
667152
725907
961324
360835
77689
758025
807130
73747
919868
488490
570761
94141
849763
531468
850797
242112
80556
167390
874756
367049
571720
459585
891187
22945
787968
195073
899631
92214
891635
344302
50642
168517
296634
803739
782990
356192
988588
609074
690941
464545
571901
734066
449814
311467
247745
425223
344956
130585
712783
548229
365168
337351
620864
606016
318631
695353
216919
933962
5047
137963
983034
519562
548331
196725
456607
186997
87733
752283
878466
799596
38659
829551
256082
813810
859562
13155
101484
431944
774335
147375
895806
125479
700357
521819
214926
770842
121024
635626
277971
333557
142824
589987
983297
148661
869049
228733
676898
846774
582375
132070
163936
258571
798511
42160
62239
32638
909385
19288
247367
269412
779066
306549
108639
10331
564997
193594
72277
563746
392641
314471
699738
865622
145798
944210
315306
720709
380225
82894
132905
324209
267623
999605
888041
294371
642438
938520
473544
538536
593527
102271
216694
52013
596336
720415
120597
835314
413494
192791
495609
504110
239087
119398
879566
847424
477846
76590
300825
643148
115591
893277
829975
989434
937530
390398
665409
606599
564364
607259
17457
679046
489145
739596
169119
120631
556263
122209
506820
978114
380827
553575
884447
893137
541262
303579
825173
688199
77402
744937
202611
216800
170831
671007
434576
727654
871779
725171
393806
646733
500037
527597
64319
314988
82642
829426
158755
660248
132897
447151
812303
625567
995513
663774
761066
3806
899234
294264
114834
767551
20312
87991
600924
975187
878108
984199
690295
369032
717350
870856
317297
814663
742965
905218
351892
957165
786246
634086
376681
101795
259491
952061
877340
746716
796242
535344
12031
879530
341231
429618
585257
720318
325588
59790
2871
391610
984948
145480
218994
153269
497607
412275
594193
585802
865567
954639
657557
925725
452058
46108
177042
246316
420912
713471
327822
906061
136172
221840
28674
999689
23224
284030
874493
967829
711312
541152
753448
564969
357273
296089
357732
199616
359819
294566
314704
310570
436424
895687
359974
946961
190801
206087
759429
206086
206542
278762
579785
985863
407242
732275
324822
390352
366594
225615
790644
655642
748178
419169
761172
691572
72336
801323
609777
527933
548212
898325
154194
9852
275444
314717
403116
511132
106287
573916
987684
133447
607615
695793
688689
166877
484849
190092
275488
281745
284497
143961
51953
255904
741150
729350
525407
548399
68508
58931
484221
921665
468297
649014
214524
810130
956071
403463
731529
445714
334584
998991
348627
635777
225992
179208
614826
367203
10788
939472
430915
112801
493480
893712
721880
27132
328886
282115
461932
795054
701315
233318
433324
956319
976715
640827
213553
989056
361765
366393
775138
602504
547953
531219
276151
43593
743725
573475
784408
103086
609127
896755
82403
566099
717581
392040
146381
302145
844000
901004
948448
672709
692807
755510
243874
386219
893184
598616
797334
529884
489521
320165
209052
276497
796189
263709
288179
946547
336754
681526
230303
513489
646014
365544
690918
113405
592130
497366
69812
633412
456479
112532
799134
652551
797869
847065
42627
49594
639851
501442
167759
286329
889424
845248
828313
738626
649216
596128
201580
935379
865754
612150
864931
937441
85934
515173
214637
813618
910988
927500
154929
537624
979831
513168
393739
964874
602233
777026
657651
844512
135440
962413
349247
819819
220422
29631
279423
467566
807902
817169
192646
193533
396650
640149
430920
302321
924602
35419
266591
882949
89839
57152
295976
261201
558509
973491
235722
946848
70126
175525
110102
543280
751412
819213
869002
134597
442135
131989
775984
175274
597884
689444
190244
294725
80038
150665
518514
352342
169254
676609
73117
903052
489262
754853
819517
726788
887236
68531
164928
918111
387154
531383
109073
292158
621017
480917
847381
732380
286406
286006
187474
786313
702685
902541
925226
850175
942034
383685
809798
687971
846519
194889
425934
219609
404814
1135
380244
402564
24192
927041
515664
325977
323879
229994
546054
916831
494022
387386
247108
499461
201368
307798
824711
276319
492421
946751
116285
263679
870513
458941
906022
390828
590383
568423
369620
175106
982292
644242
358993
705381
507173
143444
412959
385763
156274
356980
476122
782374
362556
421168
401786
397010
124305
995433
271413
144129
911929
887663
763009
565272
94537
168293
316343
197894
355860
586065
333651
401241
250945
937090
890328
137404
161720
304926
497872
56145
328886
525767
164145
786023
698049
752106
703260
114648
759733
596964
625022
514114
611644
110480
837017
123808
924572
950385
546013
326596
65578
870457
483504
912819
598236
662708
425037
727645
761276
417684
856392
960567
322041
372825
519600
511991
491992
183517
666381
814635
653575
254201
750920
453943
121554
383447
818666
470825
756975
181846
895037
463674
931123
561043
130766
875748
329831
8219
954900
239706
830262
464681
311979
643689
908925
658589
825337
264361
293317
480124
505457
2847
772557
615006
880502
987955
620735
858296
697239
683208
699013
265222
290873
241405
740021
78677
813266
111104
769256
92714
125201
298890
266472
993363
470748
773883
707911
101448
76977
778386
664077
648508
153518
490376
912393
904966
837100
227850
462536
586023
947525
680914
131108
320887
929718
8417
850163
517425
885152
240603
861025
309079
656681
671038
139096
704067
548543
680768
66267
170252
779773
129989
115378
232017
407718
802042
29440
134885
474957
297105
648176
806167
773655
599833
20430
290140
788313
571512
535410
634331
326043
149896
248022
156181
171582
460748
338761
166512
16057
453262
493821
158943
323391
487190
879866
976431
321341
937161
499253
382127
295103
209179
572348
718717
492850
726898
720776
256745
624196
68569
587701
884617
27432
60573
532237
466777
714677
10376
370496
340748
123950
176439
878960
801459
716060
412570
713513
189961
303704
413704
265902
76953
856037
252029
782638
643980
604665
412209
909334
467091
748380
41365
819392
571181
330858
370924
395272
674837
194739
267460
482367
487820
984385
761617
548921
587006
158265
752932
566657
761427
597466
148365
401837
428117
746851
711946
429196
148729
451089
961642
624187
634188
770118
574082
789399
235771
526981
170827
836812
896831
102746
205783
420684
819491
245143
144174
269020
99251
197816
785673
833416
970883
169512
201770
42167
918873
904221
521942
826329
494904
725662
637296
856957
38410
179492
951860
945918
870121
122782
492684
952733
601482
150543
329298
135339
308742
803795
329315
733341
186694
273535
115868
725058
540171
273573
294196
729488
746008
491831
962038
638938
54588
409923
154777
246174
330303
836700
163005
411194
532265
520601
269189
700351
577129
539063
713355
948190
533673
16346
289220
641535
960748
3824
411826
999729
312416
811958
317248
780283
558214
607317
87869
115473
629306
624292
124792
940259
130145
880913
274100
764623
299183
47065
961736
203318
454867
826868
579734
835115
67711
527695
937061
972744
272151
765745
564318
234395
236853
787263
903456
800254
973975
617051
309312
592900
251942
938982
638752
881359
329571
964070
583338
500607
559216
295747
412010
592709
78329
813804
990726
40277
837821
563863
272538
525498
982397
888165
109428
805955
597055
684003
671721
901083
947839
154925
632018
466422
180403
533933
282342
873256
222650
936961
777589
870288
124448
401467
44095
871409
978320
574017
11631
836769
94423
878741
604279
687450
680784
364335
813449
676205
897330
358470
916207
582487
14322
977903
663431
463916
119190
367836
711327
135536
339032
343877
802281
496133
297331
111971
413659
380094
46925
20441
959589
201233
382016
64494
74576
889323
745542
80437
972336
140702
959809
374862
552837
668534
183973
322053
216308
770665
567299
647127
269789
896556
41138
951317
833113
337698
142812
758562
467409
122991
414562
520534
251646
987691
605165
163653
581112
739635
268819
465434
134845
28633
875937
947740
509249
556411
847883
148051
545900
622321
779565
885828
7093
250656
372477
470807
215321
364843
198352
24090
18807
277002
42885
174302
208331
178867
513426
514047
164549
490804
907497
820417
762245
284834
5126
134550
757878
970411
367064
887165
962628
715464
985161
683588
449851
956047
735404
315758
282749
229285
69314
126255
319584
691409
938857
561812
5538
505899
347042
993535
178633
87923
630589
487504
958876
617278
344163
248928
956023
962954
572160
593063
816783
406515
154123
61885
125443
366143
623795
199614
530010
545491
266024
896390
76447
374729
215490
152987
130966
727321
901586
464874
507930
32564
745284
181866
688340
912239
41901
105821
565530
486236
980727
692213
505890
22581
570086
747347
840545
465074
963142
153578
566340
137210
475251
11906
851018
553909
93893
285017
890748
727360
786070
38628
535370
927354
917681
679667
380676
649531
186584
356594
226609
276325
957554
394827
337743
248082
401999
202537
260264
3949
276633
320216
135118
926045
622426
934920
35763
269723
915492
605809
2407
757156
550945
667024
542958
704778
21239
218191
188669
863398
254807
655938
29521
693416
527139
867918
867053
590607
598394
251044
791342
708595
458657
846507
235212
367423
851919
291964
664111
446397
546517
281287
172587
593418
976872
457746
156634
667560
816396
735522
537045
358194
833119
467826
524047
325482
743680
650656
571405
184175
780634
64487
118790
588042
603217
872903
373395
979559
298055
541633
796562
530144
694539
119678
310173
258229
298783
933136
897250
82456
203172
658896
418911
986085
66660
317733
208573
777007
66044
635622
648005
377398
975076
31255
177411
281780
243548
269008
402230
772630
225141
566972
257328
183688
264442
812476
756881
107241
74361
362155
939226
749150
43313
826941
854256
277634
347737
389568
175216
508539
421067
939525
469865
273512
344203
568920
260410
671286
130296
883498
554441
999890
23630
39440
430621
451577
528342
837668
55129
158891
20523
103177
557078
442685
686249
248013
710171
618062
84275
830503
783612
926738
206433
241695
195468
218826
658565
916493
915712
850452
2648
507961
964641
194526
575302
805730
956525
948790
949395
799770
282443
628477
879848
568590
550698
945467
613630
25124
166773
194636
969830
884157
941684
557943
883762
77465
750466
883295
480260
739546
757351
294866
414385
2145
969297
528446
376465
817237
872052
716356
139685
464834
890427
154213
353125
167517
5673
436442
173222
182374
930385
104192
202661
986406
480494
955887
805619
82968
603104
616555
891004
198820
286596
233395
520181
936902
828654
973175
644642
376717
749894
387687
570113
781312
790140
6119
127254
804955
97769
920798
562196
76215
739587
133678
75557
500231
103357
143870
338390
194814
140601
781618
415394
60623
308011
407932
916826
529356
743243
782668
699629
215024
831414
54627
996122
79544
647714
725253
740335
940779
36220
598605
187196
773627
69472
184474
776345
733316
912692
340135
768145
284849
453730
782265
783082
427326
773488
35441
830226
63063
874109
261889
164520
499488
444762
91388
988259
708046
73538
229445
287395
172466
731063
208553
19090
982422
612411
49609
362935
627392
60201
799472
698583
782483
878958
682563
10056
287637
188518
387094
618963
665804
43159
373659
571909
25217
195204
63733
309395
881126
152495
643691
832487
926739
50223
310647
226379
13868
924329
122174
563505
312095
843950
160027
486684
183050
694065
36436
965999
72505
126307
911056
925197
437229
180317
339129
534264
211657
530643
749595
545060
155198
270009
661422
93171
186166
576699
672474
133921
396541
71102
104059
650694
157720
782445
850325
60089
604032
662193
424276
514446
42490
845055
573629
411007
639444
960139
501495
603240
779901
94746
905776
292076
139330
380085
306285
283062
775841
536121
920562
593946
942156
415435
57354
264793
707387
299882
866420
578115
184174
241565
852714
610615
393918
284107
962959
198790
17119
903849
363636
142454
548341
730765
968071
907362
313743
859938
312472
95679
64772
264117
487881
566393
877224
516907
104722
165371
546859
291157
239151
764046
244367
896412
268774
725785
58053
859223
843896
554950
953314
256956
6948
45254
956931
395442
836498
931178
743610
317636
973731
428018
791731
41522
574866
178211