302454
587118
619107
216209
755973
524036
163727
915460
37238
17285
581974
509307
449734
666612
738888
503405
664756
82909
816323
30629
708128
221591
725922
358674
609423
581786
190355
636843
599627
750583
198023
697661
209512
575416
218754
246418
60449
210196
95378
393728
935392
937039
483804
210507
907740
115756
214353
537016
67101
388048
206976
810991
644699
17589
889286
56395
503684
623559
235168
936578
480861
694174
357537
236972
580672
297497
799999
188530
151811
532179
898119
157972
709497
89861
396529
851478
636946
319672
803406
398536
848862
376677
100701
686513
183791
303019
920574
544343
878555
884203
810878
328750
63456
831171
6480
279259
709539
546406
475037
867811
503441
100629
805618
665845
991078
446972
76056
41360
892556
69291
41537
980178
736923
842543
261534
490975
137727
644749
388878
83818
466487
178266
465904
172195
824058
235130
606105
162557
48180
472435
638945
154522
999214
269037
430552
861654
11467
24904
135447
683693
382190
885594
161136
27018
873913
958276
379719
862381
96177
588847
369466
77239
895485
486888
904060
361173
924173
677846
172479
812679
241176
437780
153295
657036
901181
363823
873084
499244
561739
643837
389040
404641
555548
552024
672223
905187
269020
259702
234267
599503
854055
428646
576391
634931
90768
934441
590756
90872
788799
213547
66375
487661
814194
497117
439467
49900
787620
912944
313059
901035
304266
136303
58088
153185
685434
182457
960464
532562
676135
283610
119776
753209
197063
914566
620792
736402
120981
661297
411756
207937
27186
653198
56884
973858
258919
147809
609017
7598
457989
334339
435279
280582
301614
322930
481602
322655
449260
279122
186441
984843
353726
25924
697560
30880
623156
418594
365649
309703
459696
177940
322522
443811
306764
572626
688009
910107
870618
91574
954684
256902
971782
786428
469318
403186
86360
242330
8836
880721
981782
162550
38669
715073
317446
733193
12935
772087
356241
680782
726359
199623
978884
778726
599152
167698
823919
505099
271821
14476
851248
233071
511161
300328
588874
184112
997003
842723
791662
442362
109552
733290
362908
711610
16801
513961
925411
867323
67635
982641
361220
788382
214925
504901
390389
691706
530867
891522
891457
504206
831745
504488
296012
755359
558260
807241
811061
605747
276323
674636
240980
329320
51467
998750
478626
318961
757895
50935
505272
887278
591070
358148
134896
737000
799159
640758
33832
967974
714087
39783
992101
440238
992555
387236
412755
915931
513969
963483
841451
734807
12881
634338
869613
578486
828185
385313
996877
927664
187205
672350
699498
302136
686862
653348
498233
479101
87257
868558
465344
558012
337104
791541
530431
248640
467662
8372
493993
403256
417076
684884
661391
823347
451545
195417
416094
249786
621598
707624
167487
832265
581214
231379
983260
24748
841732
368003
713539
816179
860088
681601
974498
94866
517298
736353
665330
199383
9455
856523
801649
962952
283328
272935
557959
108376
144575
309476
281866
768582
31133
408357
89885
77395
389783
207754
867827
382302
326023
131414
988530
163805
765335
396418
418418
413370
145296
569629
30180
347335
244368
659294
655375
35424
436698
836232
138166
168284
327368
353208
628118
258735
935579
637326
935691
588127
134067
891894
760210
107361
211290
239954
887081
676688
104634
312774
951379
678089
265327
216415
278840
872741
265335
349152
302761
81364
394054
186795
473600
379347
36086
769801
788069
708105
892828
950038
737198
545028
416374
858892
926558
338635
590208
252970
94158
246623
553637
13760
522538
894483
478867
863770
68434
668101
396391
673735
189344
663992
77768
83908
600969
763215
996432
564746
252892
904552
368420
47409
901800
163923
71204
892415
242619
602222
799102
447378
152836
311390
73181
136485
850906
512428
949887
388866
89942
749753
747365
774148
912410
990240
163491
403784
185781
901798
927255
397872
103903
851552
534710
69523
874078
112802
493634
329285
564300
515167
195608
879678
39151
601954
786085
511785
652104
700392
269881
440971
313575
432215
522484
825934
25531
241375
174108
42282
574632
792172
909649
398959
436625
307141
153560
963249
654645
71812
912659
337615
721781
691506
167889
953826
996467
766015
561410
480191
826007
424538
55299
690218
667499
392627
602712
229783
624998
493387
806967
423325
494278
736180
72769
841210
263830
867883
291276
502013
335823
930382
521755
517524
748187
403323
51823
949362
83765
733639
368118
838556
896171
747544
404770
730257
349573
948896
783893
283156
237952
295990
458232
191319
557555
588306
247019
891142
377747
757925
986262
183213
461394
905427
70750
566214
764514
771342
861492
55395
238167
606416
81479
348468
377450
703413
539674
794870
768665
711602
870384
467065
976044
390454
980515
411148
63251
234459
97492
118214
756652
483209
716220
908595
501280
387880
118689
651162
1005
769023
345893
462952
985982
288686
477113
842619
460790
6468
304494
513996
922763
416894
973548
279161
572559
86045
604923
533934
570123
330915
159358
858864
930628
837929
948865
91333
150303
488288
976935
429444
474784
985122
408006
930485
445966
576884
579662
409316
626227
950811
366884
516423
21119
296663
953165
420361
70604
775296
161797
419442
601341
692412
288112
529589
211839
194395
910440
898903
192817
310735
633397
775159
160
297867
366426
342334
752171
540022
846284
756707
474950
947724
761150
71899
575897
433490
874391
305756
911112
591539
498565
509773
802958
5820
528107
539724
145602
726897
405046
988059
642364
729610
432397
54888
77201
529613
63014
289399
252665
260169
90294
622446
104018
351660
196865
612604
90686
234626
411407
380007
319079
721610
516415
92402
232802
225655
75829
22439
211505
853568
884462
441030
545315
90916
866485
725706
760150
692990
296751
642772
840413
60288
788688
199543
667452
989583
645488
228639
800272
472507
168504
77150
958796
344473
567606
812629
423517
844223
399825
165435
647215
546844
666902
95693
59529
900082
378608
383122
436820
282928
587254
182282
863801
928560
678879
418354
865511
299017
659409
75575
72692
764434
242198
748405
305563
257716
471600
111850
837668
131051
102531
425276
718561
607193
177328
658723
647956
238087
407043
778740
6062
996664
846274
152587
202034
462764
641190
950421
365624
849326
583462
756023
313486
749594
988206
299807
482617
129967
826415
46053
384409
959500
455119
792349
432426
478411
598337
630971
998183
876663
22448
124323
966217
983275
764374
390541
567341
11144
386921
199250
922579
373586
400756
129621
950466
705256
29443
568913
232778
859422
873399
546490
844577
537272
59770
4882
761327
771462
379085
564876
155045
605463
127805
881941
483400
815515
720053
896451
259468
398745
79340
111069
979419
700041
954623
613381
469749
827599
83353
542142
289905
140052
369806
380702
37217
142339
283079
166417
441619
780829
122072
134087
411892
127482
897646
553083
305360
598749
855012
492961
212404
268466
982260
227244
614773
710502
452042
263289
179465
435363
383092
892955
499538
166631
302198
719236
214651
958976
333243
475852
505403
545894
7845
535137
735031
264564
682053
626828
655172
31109
606438
411483
624202
491239
303172
236529
258308
714687
696026
607910
312163
838137
630617
713500
692178
932969
705781
919071
748053
173955
526616
295544
131339
199155
983098
701327
594002
182106
731720
272250
519561
633447
987201
966246
264560
354445
514912
285344
399788
753382
115828
517953
436648
160164
798347
632500
985621
734383
389964
749221
492497
820001
198052
299272
680102
565146
872217
299587
841385
505600
806010
640825
786243
766998
323063
574132
849164
590520
159309
173423
851
997425
107866
925949
208506
312441
626254
642968
192766
779726
540930
512906
155093
879405
415075
507313
368880
242413
513862
637683
867616
874617
700192
265919
37524
918952
254157
58363
608128
830971
907342
405583
416730
879282
109072
680014
979134
469387
934823
250748
272946
491288
524762
546496
80963
134907
205015
917735
424846
387137
624775
739922
936155
904985
557564
817534
865891
775728
546311
618094
953906
933290
970471
998071
537063
902206
464604
18792
194393
562990
535321
881939
241556
881570
338647
516924
591361
698976
200454
410334
165091
365354
721310
398612
728254
104757
617108
306987
558418
80513
362857
598209
892357
20697
284828
304537
436638
829161
609728
925759
102701
928695
184872
192914
770377
199680
877118
259379
935858
839408
634099
861257
39188
303036
833617
975790
68077
649312
360492
65081
368581
213104
248182
604904
886108
172765
464818
563882
696163
738631
497025
392135
318176
903353
844504
959341
697140
7430
813651
315352
84089
32381
915490
562972
794437
406667
212129
500818
406476
757422
414726
850077
346210
70354
55412
676184
10141
665354
725804
304222
298392
689132
756003
206325
242260
476809
694574
449559
676730
237639
780954
10975
713340
246429
73496
175053
956569
599915
892117
583670
837951
762932
501352
663755
532810
250681
134885
379907
723179
828723
412686
664936
645220
766956
777897
684667
242287
673530
420461
958725
774334
453209
264726
268412
519326
486564
68056
209230
400437
577968
119728
722188
654250
271045
559509
148214
231395
924730
917710
97567
251433
102124
948509
993085
117417
62746
369369
667087
172180
660832
190233
729195
265637
251918
83532
473891
722818
536613
647590
816339
817916
112558
283253
843274
169521
722806
431890
272531
863697
591849
374578
137503
522749
26698
650588
390608
918859
678476
429493
781092
329958
267024
935287
31676
797203
871996
843776
13385
932174
510772
108359
787410
275795
709240
189545
238051
598456
331610
789985
952982
712567
490010
640727
903031
458378
631072
221391
954134
816239
663252
162946
290798
979403
742493
290250
214381
204843
230837
268214
930336
201701
54310
435965
823933
670877
678884
231184
181900
983971
976965
491400
159346
88250
375201
261439
151643
200692
657154
139642
30979
646904
881416
800131
665250
537446
381660
933974
782130
855697
524239
146737
701982
347819
386190
414222
342408
209663
365188
480557
595639
334487
568396
790922
340316
830781
503313
989231
596543
51359
15109
307938
200459
754892
874874
853502
960690
809370
838816
8031
57918
33834
899036
29879
654070
75524
990849
279678
391465
301596
982637
223750
777114
392502
752131
467308
302279
432485
916096
201578
181016
574383
405564
149642
173281
809548
174079
429877
176852
726221
821182
936298
390790
365914
398833
675402
526876
362644
635538
49167
776210
575001
930611
290525
624871
874405
636988
705713
570729
333077
511361
870326
276888
311495
7484
733366
30714
454238
86892
529901
525307
260834
639369
838394
815358
257668
983138
655855
130564
39935
4117
589255
425975
724825
299690
438583
612116
498184
346701
575709
976116
383922
835495
635285
359605
629709
718808
59307
800073
690470
870675
403498
188187
813373
455189
860563
839385
952204
172419
719209
184546
243432
238175
391401
518350
901313
435878
468504
89236
645892
624138
552372
369500
419487
209287
43980
254562
213924
626276
340460
853635
386439
447689
474224
988968
808194
354167
67705
232076
566424
413735
859518
213483
29941
61891
892794
781193
643060
49851
974723
434715
814011
196550
796475
562646
161473
576054
732063
860051
691696
511669
831229
741980
873830
85473
156098
586326
760213
762562
801905
842314
716553
39588
558896
692690
283018
265174
182781
67292
187479
933181
180029
920158
149523
290837
928693
365206
132028
650374
900690
408764
968469
5471
330786
236296
119974
940657
886501
383833
938138
205450
20350
450313
154502
365581
903044
635722
978313
319595
771318
557948
325646
252288
536907
38159
388334
360780
530214
362704
252467
305484
603752
591442
15095
842356
553952
903226
988268
182220
502493
708006
595317
180388
197861
198266
444272
479413
606462
562185
575895
385302
514089
853661
732668
514775
445102
93348
166834
866174
719122
693495
261770
777628
495590
964359
562043
280458
209530
405030
721115
978181
865902
185840
862858
52004
176104
989012
230958
652338
172833
358659
673816
836268
795866
628339
260677
917272
507117
961936
932033
943808
773310
730048
140710
141770
290448
539089
664131
491637
626036
103362
413016
930930
733724
612715
79549
676636
962957
529097
33441
343830
834291
421738
632048
758272
452302
588849
740046
980117
645194
539591
675777
999524
574445
177438
675883
440745
67946
688803
622900
795400
405010
682688
673478
121253
942698
379531
849458
237218
674775
725390
47920
508598
109494
341363
196035
546983
688328
161612
259579
661668
207179
998077
234836
741185
451300
43463
487228
798351
584631
269553
361266
798423
589017
979220
796426
953843
420957
677636
987277
488074
297995
373271
56893
333286
689647
866259
508853
766196
382157
353720
373167
112279
835762
410086
349664
165417
844133
607724
319358
120463
718973
443631
606753
763255
504396
182324
119431
997041
317625
779338
256754
308071
142699
132951
250860
308218
943329
213437
450027
269691
418591
406504
883535
907907
359299
666487
485255
403504
884790
164228
312724
616572
889726
979538
108774
529787
569647
986706
20258
303921
639362
677970
29573
951117
566462
731970
868066
826950
749266
856037
584967
615953
375236
656337
68798
537852
478724
147298
214447
70122
314202
344705
800227
203692
254911
25100
984611
149560
229511
437219
907007
760328
4859
221774
573802
252177
939205
521230
518018
539102
915204
687935
506478
33929
205312
991654
838945
274006
57783
463069
461435
438508
348310
666392
789326
436337
302403
291795
812029
458369
821975
240794
427329
685322
193705
640052
877253
948870
427397
806253
904817
681942
924732
921407
401349
394232
240661
811548
916891
326949
529505
524827
824078
216586
848684
176892
198522
31456
704784
6554
203417
8874
767203
901804
638540
687499
525776
112183
682171
474945
823043
982932
750611
263362
819262
41433
296430
698673
322185
900711
47569
932605
455046
593232
141966
535062
310754
905250
132170
337677
631208
45845
675609
908808
493168
644684
76677
642910
518644
147147
374958
967445
937282
866742
118859
739957
858894
107522
275086
928072
185055
773243
166182
562225
845930
460080
274078
536487
934716
246590