534330
401949
722171
531967
656728
992507
786654
873609
803550
350492
396766
399906
613137
307056
738854
787680
473765
411710
500397
307594
899268
674814
392016
874242
338094
939220
422778
228875
127354
481513
245119
677883
70458
618920
718664
692734
510332
842514
717225
288708
750125
323647
168399
701128
339481
887666
366037
271166
707917
518487
140725
460889
201374
745435
695899
228150
261314
670184
408469
88040
647259
351292
737063
500257
15060
947365
830780
422585
992996
733339
612470
773534
62832
161721
992294
46169
418125
553946
556631
90360
265507
142348
246533
568734
71725
139252
612779
443747
563612
62334
531002
518761
957147
246590
987942
850684
826350
64872
484825
779621
441204
205032
293451
858380
794379
356127
596137
940551
231570
360380
855794
22659
479177
601074
134689
303757
117461
491355
114949
851902
872865
654569
39276
833025
497438
601348
8125
857218
914602
188614
593765
794293
259855
281423
410730
435392
299618
970245
168091
49478
498764
313707
491624
223505
30309
416541
626510
169180
369404
129702
159083
473530
339187
917118
738031
884389
388167
358563
136563
843047
912174
178962
755044
20830
211225
323170
548247
280240
423065
324222
367681
662732
519645
822013
958398
333848
99225
703328
140623
34236
138371
468327
145121
455115
211255
760912
111496
765577
782203
433709
294859
825437
590300
357664
928664
201236
470327
523958
603480
546063
801364
375390
637917
351307
137900
88133
827896
645963
484043
913871
38888
522276
770448
587571
816685
994597
300370
580787
939322
150496
389341
477047
20232
911257
99098
586181
115335
136523
737548
948255
708975
363985
957111
150586
985653
688440
712795
130710
472154
742430
462686
41726
843293
738630
199623
553822
959313
728380
106790
835964
447881
120607
945810
69077
117295
3856
985163
542229
867700
834038
830269
630449
495586
579435
958566
586661
546829
809542
587214
233221
145127
644421
270709
697730
771315
883863
301260
926268
794962
59652
546393
164350
19257
86650
854653
345691
186820
406517
401554
321890
383395
345673
233646
830016
668146
431503
452485
292083
70887
454762
303147
955239
779557
498549
675126
833583
429677
625035
788225
937761
174324
267954
627021
99534
657615
129316
189763
892956
191563
417148
709845
207234
365785
365818
679426
249952
217190
400819
713784
200377
837257
268696
862419
669774
789910
707616
229444
181720
120911
934101
227981
509857
145274
403448
855976
321599
340302
49746
1607
751470
866375
623321
660087
177737
884761
520187
200286
509349
263233
582217
551971
210058
262070
746243
414764
564751
590527
148988
722818
277201
112094
684330
635026
294799
122922
249868
113549
379813
897402
773560
855790
43171
747133
221248
28251
718026
815911
381696
48677
546531
20742
644167
816170
716411
133171
370208
245850
334078
54435
287804