241021
612996
172664
51084
508373
607366
846829
953621
715593
872764
194974
960975
954890
678142
249389
430946
796875
243147
669077
169460
14145
323557
809032
479321
233866
615432
748375
120854
215722
775432
934347
580752
915248
37318
275089
649110
424695
321614
408081
767432
10376
500881
457439
255010
795357
740986
99594
454249
331264
996398
994579
204976
819410
754085
790776
189319
358696
205920
555693
134849
146256
72646
308716
856033
440241
257183
843107
140128
133072
536300
762572
190366
758895
919648
891099
63011
768976
960767
675600
594384
727959
505042
734764
371174
994893
119236
919552
773106
354753
137437
993952
386324
54217
339800
726519
251307
386918
256098
519541
619232
224837
800434
197923
79627
555682
313151
786518
455877
902663
269155
668802
843275
552371
209290
80486
196171
766101
626134
131557
300687
605687
714579
475317
517251
271544
292050
726640
849700
11890
725796
310408
915655
448826
815668
109784
755203
23045
520578
783189
910717
896679
913336
886179
982926
786103
632746
299076
718739
942223
921327
863979
691152
489072
442966
156719
126401
146178
37767
517659
682751
921464
59320
318306
350796
999314
331144
922671
942395
53500
882428
978779
999551
29076
767891
344120
490702
856521
433287
233674
519473
838559
782243
881621
603499
394894
119996
516434
914499
475146
792013
678843
414448
222366
702387
312325
866977
828530
906945
708782
533478
39787
269441
924844
880766
167345
143496
495685
532221
213260
715829
411900
640794
545383
64518
705129
403027
406327
233942
8162
993597
399413
859639
447253
402028
221127
539432
359992
687034
340029
26355
377431
190840
121718
225382
956492
309359
432867
572651
947597
718289
651363
832454
87455
261505
964942
705515
29801
938236
64462
223930
214307
579234
436903
597144
783725
489829
544790
317803
746684
475469
270167
978609
209647
638437
158977
227134
924864
64389
554317
674000
408790
760125
730420
411728
989174
841947
842038
630888
164250
295194
631798
499195
913242
395879
9986
193221
90375
892497
424753
524881
989783
899596
754214
123153
767162
572705
949681
869341
263563
215350