119613
50138
432309
730021
810196
480546
815207
352761
797360
579221
681961
380981
863944
647531
142437
324616
946530
748310
776953
137394
141275
605656
631231
832687
291139
964222
430791
321086
465189
260540
901926
390796
485092
216038
588712
218690
995968
216265
898464
303144
784568
990884
853089
501620
826442
56198
133381
96627
45142
469061
609130
697235
846369
83480
406077
995339
918196
15314
263150
39591
920484
903100
625539
324083
657453
609805
408264
310851
795960
836488
306724
257630
815292
147058
632776
324805
46528
724143
258624
375587
585470
893753
103660
490066
501988
322875
752264
915463
886708
351312
953702
415452
906891
622291
663038
64953
423742
24290
331932
162397