451073
76333
716851
147384
170923
164264
369823
190396
263941
331004
492192
422648
624336
482282
51128
468492
950451
788604
261095
245306
760116
352349
198206
724621
202914
680661
769746
554278
739605
125855
286667
418404
848014
112232
52828
420015
446712
202406
212109
250913
886672
35155
32755
991058
418592
346565
155522
557503
824422
821228
467833
751447
738132
743079
445755
448929
603825
224515
854654
252172
804317
816785
204508
636693
818097
525730
705735
845199
119876
651937
321818
236306
316811
77454
850762
195458
636504
689171
115963
33403
256131
430532
174703
189206
268838
791864
11929
526107
455553
449022
148624
738243
46335
378750
269215
300776
850064
707758
706745
914571
173685
894125
510985
709378
289370
913088
732648
234620
728157
992038
714024
236850
612333
964569
585165
586476
359437
350116
166684
253805
804856
457691
589515
730621
709407
91516
765591
270929
176078
66529
197045
358488
349676
584926
87328
582244
411681
39421
491345
705971
378834
733331
112333
926426
266887
924862
805208
759885
148718
69374
525639
527437
603705
396782
921395
265710
801506
757406
773385
121220
438414
929933
190591
354666
971855
381704
592737
203118
344836
753241
459465
34076
755227
336686
87917
199078
440247
282888
466707
120173
362285
535644
468895
682478
761447
198922
429580
102924
676907
630455
847737
998773
875574
486089
428123
623924
148290
760574
174353
229523
390951
959914
58261
930795
309790
970123
980750
14538
553184
993034
960130
170175
408556
77841
63336
248836
120872
151427
40603
417545
949215
196956
703979
990617
57065
562343
874958
540395
549800
346070
657076
408392
129966
645441
962168
112595
335996
871038
132018
516474
359846
91033
600169
986296
563026
730544
40934
711940
223903
612910
855971
752473
222434
451106
746723
223587
523147
573243
88027
645187
566054
429538
797710
462719
815102
178420
84406
631305
663516
782490
906782
88426
45997
890759
15181
457995
727873
518030
895004
571424
870383
783518
926953
356210
603927
472987
734116
439111
587712
372377
481414
305327
555103
967159
142434
663086
46777
111382
412884
847553
587935
366517
369878
690127
622936
766507
404145
478061
443358
376256
287183
570062
113662
525351
750575
132549
970018
468956
737331
882809
562476
527894
591956
645348
19384
766697
33205
211399
492612
230268
667156
664814
260524
565218
95261
444955
352013
615382
566489
858194
761996
748952
252228
638529
885743
687454
490299
74633
78888
598009
686164
119917
980786
247174
759688
591446
711636
637517
766539
54784
918595
364921
969213
275333
123237
135092
883320
475076
883055
454238
832137
744430
988975
50603
680828
945004
190054
579095
499665
343408
501517
391366
857035
263639
406264
627067
710246
319096
863512
794741
999336
831820
880795
702433
237200
199354
58478
514688
775147
471357
5154
16855
633606
143412
350764
58253
83902
275078
407431
365860
505203
183279
720052
859927
783579
449452
692001
36940
133874
715135
696936
579509
176271
314335
662830
959625
560275
967040
649516
930907
523834
92730
464202
551060
560083
144728
882791
850065
85836
967424
71606
646747
674087
129338
691394
678591
691401
885854
759185
409034
617329
792351
705319
145955
171526
628718
324834
574725
394504
315724
704706
322263
748265
34927
105355
230569
602613
123280
278019
705421
264620
147087
405079
503120
759280
19076
94554
25748
871769
473453
498123
637798
602187
537657
784402
631951
162091
63577
725479
641782
324177
826965
886345
92987
895953
369673
185003
299502
88654
20005
773780
786336
579944
193677
663254
227538
746626
363361
179496
997711
739182
909847
179299
327958
583608
234243
243990
920111
476940
684088
882822
549790
898692
861513
705861
70581
776338
762857
79213
138244
694407
542256
32121
157612
308414
454206
589697
785042
788775
115514
605521
960815
989875
199156
329508
303043
926425
228777
822338
627945
394244
833380
158259
174854
196185
676289
253599
361051
225192
678157
892548
726842
714478
443145
331282
34070
359300
538894
845734
82099
153385
268874
285345
617724
711719
377320
903845
906227
854436
342350
774763
468291
536007
378368
252228
404209
497220
16865
492330
924529
273862
544218
247426
934229
761272
890643
247217
15904
749232
385759
737496
750073
903353
521396
699757
90043
287164
816215
373559
836137
988426
903574
104998
638911
36297
545903
130764
671971
885240
144975
533500
923835
397152
941556
421502
120216
954521
115315
86572
434063
627638
303894
267884
35624
168398
551005
889097
875824
699944
461285
358832
741737
563586
631654
642757
819106
646270
723351
852192
848993
506538
35180
760040
493052
594858
109375
392777
850887
380868
478669
664469
319783
168264
421015
947893
381637
830490
644520
717770
161631
815325
395831
459748
748408
661374
227362
986461
514928
203930
955866
540371
48430
54669
806110
991617
446777
819096
773856
568314
383398
922478
146116
687553
652140
16475
18758
305287
540051
951826
464762