781826
246535
564205
85424
549124
160539
742333
638460
334461
548404
531501
522202
836955
580405
64950
800411
833484
640426
179572
584595
233347
746657
574258
181823
765272
700002
487262
936082
3724
507851
737755
286558
835114
617549
379445
247516
505288
334909
990128
696344
108333
905495
674233
309052
103501
731606
437438
334518
428399
727657
315033
902537
730287
685074
245031
182445
847520
68960
857399
393700
131465
612871
186207
616155
756304
632025
362792
749176
538805
8099
723753
46854
897909
808550
643377
37051
428047
953137
829918
29346
61474
317336
398154
202345
194933
931219
732325
348937
976593
943925
848926
707469
688777
899590
86203
875586
394458
123584
756361
34234
157037
131491
723885
20220
805817
877621
884248
600779
868549
120857
466905
678289
898251
66891
691532
341673
772920
214198
288944
899014
239696
149938
600791
972163
96495
320029
873078
210055
810346
554325
899036
835796
890132
629391
162688
423789
152797
49239
204723
361058
595540
997028
550644
102649
906956
524119
490594
43771
353053
363088
255820
987288
250690
37421
394916
64759
170336
792352
430419
768030
854182
104940
630886
275707
974607
232572
226661
536845
859332
6752
362756
302450
97567
706341
929587
654797
220043
504015
261264
721043
565255
420725
590652
681075
954953
26234
129291
552736
920383
496739
849365
819644
197360
352026
50474
171234
225026
49598
182754
630224
298516
564453
474961
157039
395723
127023
867610
390721
206187
47624
968731
89318
445083
268089
678022
135691
867595
523499
999375
825072
165169
440890
741313
578899
396526
365618
850540
617854
802896
36009
367929
138090
100336
329081
340894
399823
9084
775320
819308
72009
510927
482709
371845
765608
578940
213680
64684
456340
461034
120535
966133
514843
865689
36985
911259
693529
477059
361225
424816
811971
428381
201297
425775
740048
910844
544048
72045
726724
60053
735858
502254
869914
487645
680906
345108
591181
112079
511726
731058
759491
600396
98127
948735
275351
855772
431924
199015
726081
450770
223026
585915
502564
620046
811850
211847
193524
135453
47519
152900
855170
130619
248914
360868
833446
564472
802236
395211
389064
975671
394439
353310
437195
95571
210921
803891
749718
710621
979839
1192
433471
516545
196034
537999
748182
991879
749928
815239
658252
506293
962265
839398
258239
611345
16524
196434
641315
288963
301502
623407
930510
172889
484047
716082
620895
784741
361913
899029
926732
658881
304365
59171
554120
580723
900364
976883
433677
898475
835902
732529
993035
248169
81139
989463
417581
448443
361716
901308
117892
119396
938405
267971
532114
251353
169817
468660
717365
185509
392530
250087
206511
985708
986836
993244
295438
911372
383652
379496
896060
104799
404642
772426
322597
133981
369856
649180
813696
867231
139294
777509
902205
697598
918724
888715
149322
220122
593787
162598
405761
324662
475400
24239
270641
995713
556806
873815
394311
824880
789919
551604
342808
516678
812454
981974
511310
975221
649044
652792
467694
846494
368926
443154
528130
868405
202735
451723
584231
300224
856199
501964
26933
939326
426480
574512
760262
630436
428632
284055
910629
728450
321296
266778
510101
772357
100064
852505
194427
100053
73476
978351
834857
281823
299656
323271
624903
344173
395643
670600
935072
570672
862355
424108
884806
20256
717981
133678
242275
384058
140382
903266
946654
940200
783499
130910
499046
411135
233314
612566
592286
266466
77988
84486
86181
318083
451439
212104
496129
886986
256187
731589
447399
382606
585393
523848
136233
210176
410659
713006
918076
69863
120556
320058
812005
185285
169445
668805
433600
1177
950849
186130
587693
497598
185990
2816
454296
240049
251625
550616
819106
815791
303620
693446
606961
217981
225206
79269
363985
348033
786903
758387
202181
368590
208086
144228
467310
967741
179442
505490
132951
680886
607761
303185
586267
901198
480896
411489
156659
761099
713864
62909
722656
965826
559209
918352
216049
832737
914102
551751
418098
162633
386828
658497
945265
580371
216496
832099
413486
651060
165061
351369
801822
822971
207974
308311
385244
476663
580390
464365
193837
673845
32097
722297
17966
391206
935167
14054
711516
426272
318597
720306
940352
948667
163415
879517
657909
871132
767694
581629
957783
218254
722162
49390
186186
13963
981652
507175
145380
291739
18891
150377
143288
996948
315081
141712
807936
232383
110937
905164
982630
833755
206199
708393
444527
359419
269579
370121
796997
559050
620868
686260
311007
518639
642189
909702
67023
672779
20527
858183
756839
646815
132867
892184
82953
516555
235986
228360
700490
614193
253131
964742
299779
973688
555488
194097
825076
730925
702653
272908
503764
444547
271013
860429
159609
30587
898155
171732
546528
50143
7307
587577
602522
706984
739875
60542
902804
209471
306193
648227
949441
774177
608362
627865
292070
834651
467667
931022
807105
104565
711616
357031
535319
729387
140679
958412
487193
45590
603360
204700
378034
219882
68411
215106
519152
572632
902206
342431
517260
159060
31450
267431
617559
319601
841609
130888
264707
37415
170470
616068
824780
650295
127144
77408
549697
364837
975932
311988
419955
80868
70207
253795
670137
65552
655381
921381
639452
301461
617
90304
883814
771117
823041
272598
798018
34886
992764
830807
721872
99777
954347
388054
422792
304663
774538
714873
68040
119766
188378
363339
837883
484361
612828
604652
314408
840694
582315
940264
595604
885377
761846
845220
667797
96942
144154
235380
341685
981252
15192
35850
360191
145933
37496
804042
890025
456633
972985
266809
404765
528738
244787
916755
944486
399082
129675
711739
9332
528192
542931
711181
858507
629762
210684
939215
33486
874620
862200
52231
930212
81359
383408
867110
947589
449389
363167
381090
161571
586561
535946
131297
176759
494635
675740
169233
184038
17961
462625
163284
654992
838673
299999
89177
699958
585723
673933
304262
146757
644795
130673
566673
432963
479819
962649
794926
378389
322312
940277
615715
854826
247315
341519
541751
813256
869400
746345
523400
986545
387371
372530
740924
376689
106126
936164
831248
159815
868367
447293
811404
771374
682766
149911
230359
995271
872349
300390
108199
744612
903808
116302
601488
926771
318675
18399
147902
95685
656587
876782
401342
23738
279124
389393
701430
821195
691738
679030
493237
21620
380900
161312
300133
93180
906970
137280
446621
796066
192551
728812
574803
230694
229241
713598
91631
726961
538469
38284
59834
279969
93928
979647
586037
743733
62089
311698
218566
147346
415770
271273
413709
54832
620957
392011
686998
670628
185538
627198
821991
798474
234638
889214
518584
246414
263896
777881
741506
475479
52270
21994
325808
765137
553940
710640
949234
285910
60524
514954
112433
289273
366833
45841
264989
101998
245597
323410
215393
96857
619243
947878
329144
940849
19319
551024
571097
546769
668609
190131
567182
234715
43600
33805
36643
664521
677363
152404
674233
837970
395682
425740
59066
848565
804612
931714
920102
399844
882058
236487
333644
206352
91704
642380
148885
869837
808196
885463
905339
622755
46103
694432
459991
240688
866352
860554
798487
668541
324648
797249
544974
824155
961296
772268
251045
389881
956342
197455
337839
327046
984583
500993
714267
574909
443150
902852
972610
179282
697818
550150
144224
980983
435646
83571
557408
760907
421234
958837
766736
97504
407447
28425
919348
19303
784216
131263
956598
169274
874028
59918
83835
869574
67832
910033
319760
145939
911440
596258
180035
191154
894942
97554
136590
694210
255707
538946
833455
409886
903611
903329
179155
376806
276518
449346
95856
461353
453536
604184
529714
462188
218121
677905
229517
545434
535424
99277
224049
437511
65827
754234
183068
660578
87794
841550
22409
938807
527634
742687
578118
245919
344429
823330
417443
702149
218550
580542
233670
322389
65674
822476
933212
226050
487474
494638
76394
948852
270597
694473
865985
39245
622443
523616
873872
539223
47612
80526
681875
286796
30982
725856
998186
554433
522542
53004
437188
29039
509421
19026
502522
159903
688892
147566
248
362546
404683
703543
323606
819274
854698
510872
123909
657241
719819
842728
591908
277252
777118
66023
310194
788595
772572
776279
837918
830839
572000
122676
857083
866777
896495
965394
563983
28475
827416
101779
372298
347181
518775
389889
224340
697103
31443
193550
436735
416158
559783
382117
260572
503773
758462
458732
56105
104672
256375
795033
375848
933624
640616
545582
965579
233206
251807
147922
635403
906270
888644
157518
175575
876778
577754
664928
956586
751415
413476
164351
451765
742032
24740
694701
108220
409366
42431
111794
786109
264392
296060
549050
768458
469621
661739
912973
706936
191931
170658
565350
885232
112762
166307
12083
308514
596827
118489
443176
80858
932791
303873
689600
464299
953189
693030
342930
944327
958051
240900
759692
199856
408351
948494
503182
57417
316835
562827
719269
199174
255964
741083
306530
443715
73989
892120
966039
951344
36085
244696
761261
826729
494337
792654
639973
351267
529999
281616
457385
536386
670520
295155
452686
267464
386841
957202
999337
523689
895799
299822
142731
329530
988300
709679
123354
646855
948210
221641
107341
235779
849963
269434
674499
753754
805131
484591
403841
198563
994626
905094
468614
58289
465738
343663
511309
50697
563817
513003
949663
286957
578467
648439
490770
71127
116096
269250
884321
673730
50037
772249
180777
136801
205746
865827
309502
372019
917383
534728
590888
36846
953268
23662
688637
253912
910283
234907
677340
649845
189572
426494
458563
702875
394717
886665
502670
720545
63788
406327
43021
540982
429315
160747
844928
73613
992958
245817
945458
169782
171307
217085
627567
623880
911895
945769
131106
443259
493361
656029
366608
214354
462557
486895
442411
103733
261912
299594
931412
209437
646979
288754
438192
719592
437774
609445
352806
569164
142850
232669
636978
469928
743018
899187
502569
498870
541919
601501
83017
440029
538479
4632
987452
464675
898282
945313
210794
108032
610184
477340
982903
238925
799738
664088
396128
657883
548556
2794
947053
266017
256691
910582
996436
824333
459065
549772
626154
566971
882882
968750
496838
795395
944569
647472
393716
859629
328860
569912
881939
535104
498082
435301
485260
200632
750085
265356
942639
181525
261615
398046
933547
484432
924933
233445
583274
73513
4938
521517
904903
726875
413298
541183
68781
240625
498372
183945
17869
725938
849898
760089
504955
241464
91224
141960
431846
207903
326999
423859
735602
577752
163885
313509
567668
555037
257067
498129
740233
205823
818451
546810
61139
355611
542179
743349
719250
750251
212482
481990
7834
33272
463430
461480
852726
78573
696736
738217
254362
593544
715621
558513
459901
844009
591673
627427
651675
308173
684122
522203
683717
103956
958854
877720
938851
156542
66826
224051
210376
607860
201961
653389
76656
680515
380773
943752
437977
805027
160685
713324
469690
903285
343970
225065
73764
235276
382407
868924
362996
723363
455494
71722
492018
254508
660825
704425
734154
282824
953179
966046
616677
190546
488492
932289
421282
362133
727098
313821
265398
54750
755891
354100
56797
355757
250564
885248
33851
492165
908492
766739
826324
833571
310306
509792
413092
344843
798783
201490
212253
85693
147850
568346
547259
174215
794047
362310
739717
494836
618490
153485
708834
906786
916390
405479
207380
412657
969085
941465
855382
753239
586042
993806
949326
691473
490275
113441
521135
143156
617836
303544
685423
876578
581898
181322
123039
522968
974678
484992
931756
626211
542617
245305
738992
347570
560378
364072
839286
168263
541121
105881
585609
729864
534919
267729
936759
237682
410748
742098
594599
592877
793301
206909
141012
444858
435216
65362
287269
932040
862053
353171
316331
648934
595531
292104
178102
367507
776163
205083
901908
914546
398789
67747
128679
81626
975270
32638
649954
518409
477027
207062
55584
379576
305900
51591
130465
622153
945488
351383
256609
374941
548896
447587
565143
686274
152899
469979
886855
48137
900374
291300
542468
558326
538941
364316
614662
21585
160907
209530
612003
484954
304138
730962
967150
843033
194599
780152
128489
955091
379645
39357
887271
333081
376508
402069
185603
430330
201141
876825
912886
185496
671750
329895
998873
214040
920093
262567
423736
573043
467434
913513
760207
658986
500133
369834
124708
878166
27001
726006
882176
588125
327884
67879
763467
515137
169964
311819
621955
282386
299223
232611
571545
936772
711782
831432
837096
517723
732696
131945
352659
670594
598967
592367
556793
667068
238377
492481
754391
664754
731030
927651
99451
156714
382192
39993
4705
226200
240803
235818
36524
651663
585883
540576
37250
519504
982829
845611
13252
796483
375779
409669
501801
330947
433255
877296
101622
320852
589578
58940
723740
353328
307698
557861
94766
857854
268254
281688
377149
292068
219159
151510
578321
768755
384822
549234
383495
868673
220236
519348
149378
377429
757873
606112
689999
700730
567148
724176
766681
566518
511996
119742
490181
96213
257985
176926
937643
727198
459978
327720
770994
149671
424444
848883
946247
690180
920731
626237
2618
960795
309240
898887
764725
686675
435127
837341
106329
108651
820604
816052
381622
430823
634098
597931
431015
583780
858103
551796
329545
831885
985768
354572
752982
394534
294404
695078
374241
137734
731391
916710
121392
997794
505062
266824
622641
134979
361129
463137
38747
92762
604554
707070
712162
287338
629985
710121
427542
827747
377801
815626
728857
349839
429995
491689
583035
592485
287332
658513
361972
143419
994390
913424
663677
774233
761288
43292
65675
146281
735547
637712
905065
883018
181898
194963
653041
184707
518076
637593
896102
64148
336362
225923
40689
983017
577159
47138
855094
482984
260881
465177
23699
12841
582611
344160
594421
904325
352404
287461
982614
587335
751904
580365
615511
342592
243312
147544
230197
76855
552568
32674
40555
321596
963278
615941
38436
806173
218546
226012
569372
995762
938494
399971
437394
94163
230571
503610
290604
846762
506493
730504
214695
307555
509581
726140
466552
429888
23345
747055
317508
886280
292873
677029
100729
76511
533097
640883
964615
900529
183326
214202
247039
175432
237983
174801
226502
381886
651538
804353
262709
109452
528311
408873
691857
465472
857653
14658
915362
504845
567807
868413
515570
181885
76515
779017
175139
220801
486703
201008
347117
488361
335936
656801
607156
788590
818536
56200
240066
893485
510779
772377
935846
284783
219958
927149
393704
161635
402957
255171
74855
254061
90512
973415
359506
140823
55545
266352
654143
985701
943124
397922
380267
270727
26827
116340
704271
486056
424461
510637
236571
364516
735131
941544
330449
911958
955439
674038
589569
760014
900937
917218
867357
976546
612119
393551
786936
510428
989248
488894
841824
243473
834253
511148
70356
815185
444084
925656
111908
98554
349251
76642
895076
814695
547878
512719
704524
39046
954708
282409
935983
450439
327068
62916
833430
873841
492104
259611
706041
984975
829291
433112
861273
667143
175372
860722
109500
179338
803951
922481
213894
520231
859900
336397
150193
268923
617935
879156
193577
644803
211611
944363
787847
597650
912827
319308
17575
282525
308247
852589
987304
66164
512111
477473
75647
882571
795079
591960
768696
2615
540335
709474
279947
78452
708846
532368
985175
512802
319883
596411
346686
727505
268471
68446
948764
331377
666010
312478
188964
460140
694648
568683
522649
822095
831168
495998
629094
511267
750065
477058
650012
866586
365929
148815
394374
171301
508044
283409
32489
970403
944781
636743
692957
318963
931996
759208
536962
373994
568172
272544
393761
182688
10912
240183
708257
999141
294417
117203
536163
9297
650238
122516
425274
672569
299601
29405
70922
358654
256074
560371
985340
969343
250763
989949
236827
132846
933950
57131
872142
592832
707366
100403
456946
444606
388097
717623
445715
293945
447191
782147
374728
799523
709746
433896
255064
467290
935920
720748
590146
727388
114009
496547
807996
866294
163136
336588
621830
82194
648077
928851
822776
440828
441854
979243
584778
187601
611598
115908
782095
147590
441522
43754
765634
534418
527040
365306
430713
999994
643307
257473
82934
563639
227817
372018
660957
967813
26933
257028
669055
774730
234992
327142
511636
172833
936035
505568
867848
287747
943007
620295
23276
339986
149957
189980
320781
90817
616482
604291
446626
705250
843954
169819
623775
612685
504902
604414
221222
38954
11584
360022
721117
69532
346426
955162
439578
580746
405830
835748
7931
332363
18384
231409
904851
231982
684896
19572
7679
119523
277628
791767
217046
188552
498410
665935
200766
35092
332627
315866
246044
609818
682179
67352
104419
568315
905421
932803
843086
939883
91788
990413
213032
741662
919300
674261
645576
133006
546342
458565
640603
17452
588018
597514
24793
428128
806199
736241
510362
240063
381302
89947
323137
692297
631077
75933
103190
856091
718863
952566
743794
511031
24216
319149
688211
750510
994847
467911
955984
532840
144700
665570
940006
750928
231400
544818
560112
217886
381948
418773
179573
843586
944146
598228
56924
875306
233096
181752
384378
754672
145443
379719
485644
281507
824335
296538
561344
209009
968196
465244
875245
292718
238661
795169
264228
265731
22659
661536
777118
514677
117022
819535
26964
234001
245899
132441
893358
821746
332368
839871
635155
713710
265836
17096
542303
63203
94549
395046
783987
795993
817305
201959
928229
305300
12134
211668
751768
454649
158693
732138
767527
268186
181056
498866
6139
94368
461893
980287
462909
105236
177506
496644
30948
950282
682448
988943
114671
813354
401293
613094
101999
158364
916865
862013
762812
587344
564738
404496
419720
679079
2483
212643
804816
507969
708999
965652
573550
819684
320227
255897
111180
448581
739362
559900
530547
144247
370418
576816
900545
181485
781595
210798
321401
397933
85216
634033
623732
841236
426878
386666
574646
331776
854737
360992
922012
592989
177110
668359
771505
119823
447115
410428
169695
138489
55091
624987
740098
12968
125494
141822
170712
24352
195044
551826
643989
869632
81818
200535
953875
96404
488381
794868
695975
633527
644260
30324
888847
587491
399058
995809
448071
33687
197216
844475
290426
103651
595066
371477
833110
409107
30464
97037
82616
950838
662988
571174
527111
523466
304019
520004
217628
139717
533476
858179
762655
209346
475086
677683
297389
799367
210975
840180
381493
932847
841606
135211
258850
489209
335962
683038
555698
781419
551155
449906
718694
449316
385846
447166
318866
492413
254511
323531
302612
607515
91223
813675
339745
62101
903028
937522
923131
510268
391071
71638
705023
99915
109921
365343
452506
861868
405751
503370
58908
642277
749109
427520
878629
561309
416839
317614
580987
544207
273490
838912
823358
415690
408633
961727
206386
325666
774651
25093
63740
351863
621049
222361
785320
198303
155541
615851
294439
558579
853111
849901
594262
365491
960297
992011
178041
974103
797474
814665
736198
73395
557856
327416
323486
236933
837358
200917
358167
768350
377413
220990
571508
357483
747471
500434
754102
898464
940358
527844
770379
567744
505083
112602
356517
154379
623219
216808
253926
790468
478380
29349
723383
310109
863357
749895
445240
479553
244955
366144
838289
304766
766712
505716
510631
594510
633989
947733
75115
428224
395417
479133
620684
586696
400106
928807
156941
143903
671159
291371
440049
266392
923912
811156
624402
971009
140941
278272
546576
600882
839716
850131
623015
545397
273270
20664
861018
635665
699072
58486
829772
567029
648304
378986
850733
62654
956453
473959
956369
771173
8409
66662
418268
611464
632923
595435
233306
323155
659828
1783
703851
569419
569132
609892
172379
1783
220133
999264
10448
512939
626340
960072
907293
276850
444656
143008
145011
24407
36179
681197
65270
796368
517949
680048
372526
757256
408712
984063
662612
75592
744663
798721
711116
726977
899223
521989
198707
747640
885415
73599
129741
379598
793108
570849
946209
711595
603709
622674
468833
733959
875286
491342
170881
977556
218503
139162
733224
319180
865268
304866
277508
651154
933976
148209
497720
505223
200202
508299
34993
251948
576546
600234
434390
949167
740725
352916
311197
928596
315131
411221
508347
292417
360338
548062
580403
75814
953051
632378
678992
395527
395267
506089
797934
449511
203676
427611
928050
901971
447593
526922
155673
733384
950265
812468
361902
929921
10282
492852
625045
266017
273679
457020
559813
451386
622252
210865
454803
867064
612254
602019
6825
592686
661783
545960
146837
745146
160903
215380
601342
131990
144151
398998
911729
39550
123983
959090
955737
719994
405656
128343
466765
134919
785947
36956
511876
894950
590983
791260
480675
65984
536498
322154
596087
887540
747991
117299
433598
321855
270206
46831
582688
455815
426425
533379
254651
178372
287626
851319
877532
777867
170978
198991
559433
477241
714948
700808
793467
857976
769288
524976
179881
158513
903804
944802
724543
748750
183397
187357
330797
95018
148195
691713
3292
346584
941170
323685
420028
890637
721293
396247
593209
540907
660845
663153
673228
442218
331375
961172
545518
953381
32787
538436
689959
760895
780000
214240
560004
127920
144421
617980
938982
986736
792411
950109
206391
253118
939111
57680
887416
711181
378811
374951
991158
666444
761436
338961
534556
441296
551742
888981
209249
80993
583691
911019
567841
854622
572995
198775
504010
546125
727740
51939
561133
854147
813259
872023
213364
766444
171259
15384
848883
783800
746298
952378
854167
304547
967892
725827
868603
323359
50518
101726
305561
996319
479892
51705
678813
482498
861895
461691
162069
730202
554574
167013
63237
572505
312725
11652
735512
735383
355411
563152
51952
1283
848365
301093
828830
111587
114488
384731
447981
444809
791836
591876
598297
313748
317716
524353
43357
935072
434001
994945
133226
762635
225726
974232
595507
269541
119007
654391
473317
949107
576018
854734
471349
415520
12984
858683
536145
360897
793773
298989
921976
827267
886130
398938
997669
300468
940972
514393
285606
751018
245702
559324
524300
748500
42161
869390
285243
616475
86155
562181
59489
219700
737885
110052
584068
652613
751295
960656
794035
310577
944854
244749
488350
210114
964478
736180
912962
170226
369090
31571
523324
887766
205704
591137
767103
159528
961866
630620
486561
433839
494911
142529
191375
933581
404184
566375
277025
787365
494182
329017
530121
53926
97944
756430
862116
321465
747042
346535
730931
971587
718842
205060
892195
509847
169596
646179
545864
917243
502126
365462
420009
125013
322333
717632
988916
133747
720998
810988
874386
33460
796625
583497
708309
339605
337111
520134
250382
913179
194628
829510
292540
590490
828791
510848
995295
78305
436615
573750
158442
382147
263616
273168
238230
588098
645323
151765
443859
554521
693483
433413
510041
696806
496932
673877
494685
161842
788470
911047
911584
465247
952455
779046
495393
412717
426398
411611
986867
123240
425035
900911
471401
598322
818149
291102
677741
439144
461995
95124
159920
89012
646668
124551
809083
977263
860099
622384
404517
385776
506457
377063
818909
268662
148110
859674
861799
453486
899730
59689
548580
55777
784366
175714
210761
698812
996224
301652
136754
615613
130595
585938
700559
823544
874349
833734
176060
98947
610642
383406
786671
240964
852837
515448
457163
694037
677951
628214
846993
761425
291704
830782
81846
441150
686162
487969
944719
278999
243894
477958
110184
454708
742614
818082
678645
890328
185201
634326
228704
256215
498613
980580
674689
202850
561214
93839
109356
773297
814973
326479
433123
191563
219060
920750
243564
664053
166109
334530
369342
996149
993898
288263
246933
988417
982632
685208
519141
17929
375357
65482
387499
371870
173328
597670
975262
324157
72263
51712
891204
901692
657963
484920
77858
67152
497513
322189
83468
571449
30258
309273
318938
358986
236929
671789
829755
811545
634940
6729
316515
834559
794420
84344
192480
605644
721095
175750
121482
470602
456357
126047
144537
16428
163759
431878
14161
661460
953275
347758
302872
56702
328884
72185
981288
423308
361887
291466
615775
617390
478776
628425
77747
771053
354298
174258
579652
871125
445246
349722
998090
490173
992443
424768
258477
764788
791852
97420
708468
470282
162767
16935
369749
104824
459913
659510
419306
259373
294375
56308
295813
855478
732223
590442
380186
912904
500661
867214
113563
423085
728409
309366
847841
672265
14190
9911
686022
730632
764806
304542
833551
500647
960456
956810
820614
164571
258196
942181
362983
129121
551357
622525
314352
24227
48245
137219
545819
870212
659910
102174
48680
2312
784252
712301
384467
820259
281569
559384
904741
68637
137248
740497
850727
186718
940299
297133
451441
177884
230712
203289
144224
49630
430534
713338
242918
52971
928574
958309
132283
982228
681492
350456
314225
50843
909708
874323
533925
581247
717817
522102
220049
262309
186336
513593
590399
354596
627196
883170
662680
870765
392091
634918
91
550037
17766
417535
481385
900673
304189
689382
423932
154285
304769
191470
458616
33753
143019
946237
251418
225680
541017
802663
832717
838806
290665
357416
958299
363373
256510
679038
307776
505284
566176
437665
969883
814717
172608
339424
127166
694937
984600
62361
435876
127427
39473
106453
419266
249590
873214
47934
934006
880395
891878
939389
879772
978595
228767
420532
672768
811437
674550
358037
434157
703700
902379
584797
324132
987208
488504
629425
623272
87720
659250
897491
656438
602441
70729
624449
702931
329126
953514
323562
654269
629796
823427
811918
125187
892607
155366
219953
513264
320919
199943
83451
789347
570193
825376
894767
809466
442155
427316
447814
992493
602272
513007
326311
466103
574580
126700
431558
103982
157341
700753
306774
662516
37710
237845
940268
205702
414369
742498
81970
730737
436447
351253
607172
637797
368367
166883
964586
621602
119898
846741
858163
432207
327607
164851
627626
713129
875512
370815
636216
571608
483727
882392
468693
422622
86462
734272
182636
559144
777850
998391
877579
452871
700155
953734
911620
761080
12707
861591
313443
710559
861768
702081
441355
528019
22432
835106
490607
580114
409608
191206
448682
294805
570289
687652
879740
400063
536615
821991
57378
777071
388287
571337
761617
120372
95709
981499
202190
866912
632159
661666
968941
650485
840746
239004
600932
278973
533903
803169
407242
960054
211929
47428
212786
354537
331637
6359
54174
769115
671230
240814
45474
254365
517093
960252
42967
81662
446586
426011
24760
632481
45785
997159
165468
521577
476467
680777
458192
192528
142200
126482
779344
705111
102430
279805
270114
142744
676305
371799
588368
3063
9847
868858
419072
197751
55135
14005
607537
153193
568901
383623
184660
705662
81604
822282
34245
225790
961945
86381
889572
772882
801679
617306
383828
933947
710925
426998
111056
315813
274744
694918
785573
318166
341574
966447
566864
513025
288224
951894
701236
338167
214963
554982
692600
824189
520084
156655
503611
880056
692877
154028
735541
79045
242441
80733
454443
564581
549207
924435
390990
965845
528542
15370
656177
967932
793310
942000
878245
502142
149214
640196
938676
412782
614776
610650
191926
245536
782717
128763
445714
610588
406790
581096
668117
610862
903064
294143
89064
69338
2995
958135
749681
6252
515383
658374
388105
489262
668020
806882
640661
308212
459597
873507
835395
899793
30279
968583
765667
556396
245236
550864
778719
6444
159350
983944
197209
264784
370930
313316
306144
775452
854675
52231
593933
546222
37112
408413
258112
217135
318139
446568
495731
431973
745823
977559
82167
713380
972949
241618
806675
178404
812267
708691
233654
327022
75922
374126
753813
748401
39242
970929
492133
133041
758572
975398
970871
61279
225299
572405
398763
751171
338088
868198
745042
316309
496073
253317
310116
191340
532246
260318
300250
89934
632984
584488
462314
15974
423949
161790
75549
901203
820692
701704
399950
299805
116209
766520
51649
683522
249918
543345
555357
821551
275567
231746
992711
518602
409984
4175
565213
543852
654845
798544
973644
505772
110894
713075
38735
870934
329756
231837
21892
572219
77828
76302
571116
242146
100312
562915
705791
640796
487404
769780
763946
845173
661956
955677
408678
565575
768695
691866
789942
297128
345407
292620
86973
674755
374752
183832
572793
519684
12403
514543
273504
854829
544655
145512
308949
800198
947986
645897
620551
331889
988049
225764
470247
142811
914330
187998
943236
199759
117986
675467
79748
964324
556496
746869
541953
537175
305253
595836
815485
199283
596550
661655
977604
845740
112103
976824
108125
73036
886294
674446
27244
67013
690209
770276
504231
199333
367269
704615
162291
439271
169845
758980
848538
645925
549091
181808
501227
598251
826606
158913
7151
96360
344264
151545
179331
990078
408514
583076
151639
382264
457814
234327
521665
960667
482897
7128
561023
166677
914651
140380
935752
61906
566180
642155
899789
242926
589421
785056
939985
694085
335664
329612
923041
186597
80301
696059
780914
590885
407507
461710
67927
39439
831431
58951
975132
522488
211411
583396
53826
377201
846638
294626
393814
869846
213796
245282
694128
697604
403810
506793
708165
908263
363232
142146
907114
602672
519979
298430
286822
133670
281806
493404
49714
659156
127580
532995
957839
302368
237021
955627
956804
485308
845715
736668
605555
247861
30567
486287
718743
396137
617013
488752
524957
831894
954673
394373
54107
435981
692404
260072
560369
775365
219047
647536
585851
825035
114250
318702
383664
815319
103202
45523
52698
848379
661565
387695
74482
149300
877347
284628
536919
435299
432219
355993
385771
621461
119191
659579
765386
550462
429821
969245
817256
66565
581650
752688
456774
268665
15557
846701
85521
520609
821334
945151
523223
372464
912289
984383
472742
957335
319307
730071
292227
181813
229128
858567
966916
818346
645574
185990
583883
928329
886905
311552
695967
936299
963268
786558
55528
336033
691073
994916
579463
15233
66733
929875
624080
113633
48115
551599
708645
479650
958547
314746
507312
728484
952751
375967
89916
351703
502962
974923
370097
544241
446301
640310
81450
230204
138351
747264
808884
163143
313265
435766
824742
314364
641307
135283
88280
925842
572262
76963
716481
563673
308719
813731
886385
414066
452997
255108
372839
531937
928207
877487
240848
607867
464797
336034
874845
191097
326537
880537
473087
910191
95561
334983
270722
862486
781141
411011
261251
249989
228079
456128
448847
361599
659156
425141
797850
566949
967805
109211
686553
96716
745426
804501
816380
949353
693164
696873
229068
976617
448261
102764
595100
868446
355007
653309
605423
664211
345165
936679
251686
531264
606850
992746
820196
470681
350196
846163
793344
83649
269644
237640
314342
731228
404846
987680
262923
773185
118399
261551
566922
537486
146135
230879
234016
43927
658245
250745
568896
80374
168889
498371
395924
777670
623762
71044
271122
468587
717893
674019
355958
263816
341094
235566
654817
190036
155734
870390
676302
71303
414218
234327
32365
532846
313907
506197
847966
581086
432911
306273
402827
743813
397324
912764
934306
165083
447252
128371
120366
807672
384506
324616
586769
29120
132031
142833
373472
344121
905920
467897
744667
888253
428416
793413
920519
638923
325774
310641
153770
859511
466131
245785
234147
173122
15674
275316
641315
914308
878268
604122
766476
875398
218375
661670
767716
398636
493066
168182
581173
894927
346208
455311
686853
82089
147670
795742
828270
509225
838682
660569
890457
652647
515587
116292
774747
22450
777463
323408
445676
116548
986685
221342
579071
675287
606880
176225
731971
799056
674236
181600
814134
497242
245032
143259
51617
747982
731904
521797
430772
899150
393101
540144
104574
606705
258643
115527
791688
963864
428536
41780
938831
314527
877516
375522
639773
575920
431481
491100
627011
180465
901832
553108
720693
29
877197
213953
276162
457712
705969
496671
429486
572924
325146
881498
535598
363353
354041
306181
89727
787514
197679
866564
775267
581082
165213
143499
656377
98708
421255
703165
132344
966930
520483
890486
386055
612446
655556
926756
523772
580116
861150
416592
93424
924024
706101
933499
777852
355428
292583
649059
68114
68954
230290
778789
124729
935160
545059
79420
726694
937225
528636
697703
324660
747255
893249
607081
396545
253215
609344
920618
411556
97277
190074
955451
4622
763462
11538
277303
189692
246421
942161
220868
371478
54269
674196
447417
369128
91773
556307
598106
373754
884497
814478
849662
128461
898661
187094
355858
254389
727076
803829
67766
468238
887215
237115
323973
880476
919658
301478
681458
30147
206512
881773
136461
631327
694118
741225
614693
400385
582061
507808
981960
783495
540913
969776
468070
512215
303455
465429
358932
688632
150003
155671
506028
416652
84079
194771
159825
665710
875367
195555
669200
793764
119801
848109
302882
785281
830171
420933
661838
712026
854477
144448
204203
379234
930093
568726
888963
139173
711209
666035
956180
29149
717838
836762
107952
735348
323072
833782
686724
570391
896067
261119
441653
420084
307957
520197
747046
519632
465054
751836
998806
542662
66208
763493
277543
664031
895369
89268
213369
698315
546759
886051
761909
542202
625595
975666
612198
77594
30182
564761
171777
508397
548224
778093
415109
570502
86951
932970
873341
158815
799156
130339
889123
329562
470186
718915
870111
785363
371528
312127
530284
402526
814654
134106
877083
83810
460988
333076
355250
936785
309221
562480
200876
965571
258082
367713
695972
263406
291155
228880
262156
390788
867297
693517
844055
181417
426927
506447
61303
916752
986223
258409
595392
519729
129297
709644
709612
361832
617813
20147
436472
169261
612034
341807
735979
588460
842095
579791
137078
256577
343102
973035
849271
275794
811433
739597
870104
661192
11956
942269
717716
427114
20290
571112
282202
522200
161668
696556
13706
97634
798028
27331
647004
730819
620479
978057
892320
13437
365289
213035
364383
526226
512619
871790
260641
91036
334991
353113
122312
718986
862524
569601
590746
736247
214085
565999
456220
981416
858907
600367
341081
214690
500963
247032
381058
852390
42403
262643
693743
154763
167509
175658
319619
689526
950558
571214
880878
105911
793240
387876
188877
255107
972747
322446
616044
56138
350971
79218
301419
335797
466011
936201
809342
312318
470431
953926
533070
364011
325039
954080
933501
314792
733943
111742
322375
7424
264731
277247
142531
513272
14344
720035
134409
382216
244390
573849
320174
269366
752234
951589
422571
51153
869447
123821
282204
264456
390596
779105
736996
457957
27689
29701
431405
818537
53651
469789
229901
716484
419495
521140
679876
905713
76579
408008
592738
415788
116880
702933
912774
758737
647252
473148
14336
170386
775588
300752
383256
750741
278102
11070
297128
632872
530068
65430
43620
404962
436844
435130
854714
39127
242949
779298
474580
875191
12461
24393
298235