647893
237548
646768
934442
638013
623191
71093
826959
516178
912274
765548
285086
330095
739951
715199
282023
219208
744577
670333
832332
815243
321823
685386
860549
313314
324984
520247
434829
741653
345614
907116
336172
47117
101265
812866
17250
433396
316121
832749
270061
514487
151166
830423
715191
298733
138071
775368
118816
291537
683790
337408
374115
699499
851421
397287
631591
652110
911207
959067
950820
443002
833077
680937
663920
99809
857995
384984
541670
137223
523687
932446
218545
118530
845525
313910
345850
839969
694898
233417
788588
221417
206331
100361
721568
177147
333072
262173
49514
148817
983179
333686
678655
967335
424375
325121
427394
137910
169583
456885
380201
446747
781013
260492
676304
982295
376043
798350
856346
624687
738449
13832
105472
794996
468123
575196
964024
479581
169870
691250
81602
783760
7864
401036
479889
257856
173673
702200
286421
345647
440210
260062
64097
924629
11192
442425
632318
495705
594900
748387
647307
39484
935434
23880
143503
151253
142276
390076
925149
880630
214507
386089
938275
9710
398466
787105
936719
308264
452766
560850
454045
675121
443398
528151
247746
498327
351715
38379
983982
635564
589667
885304
374978
788586
882161
576526
743822
871665
125833
998575
600581
413483
992570
254022
124992
318224
995772
249848
173611
490821
962091
827156
162768
447392
89568
965540
682366
313670
402858
544549
476629
551926
477614
257618
975857
867166
909144
50908
502769
691691
127165
657335
812259
943518
702351
127374
995726
248793
705532
738199
360347
741178
440803
167872
162464
675230
625011
463880
793674
560519
705250
200235
852007
213464
96135
691254
636110
327741
677718
695736
891499
706727
653813
669721
821291
986037
445567
512004
190080
975086
582740
988992
161553
825451
72474
600221
860994
38674
487765
63049
88987
70844
835615
695106
947543
559352
658180
1381
218635
516073
153852
448230
856497
101770
364613
826585
771985
265426
718237
139692
55627
850355
653721
338231
482115
365948
909989
144748
209065
902366
13145
437993
750052
954315
19124
2157
619034
455418
950967
903974
536798
903944
275872
634344
420791
506360
854978
563962
676169
84635
1661
615243
666467
751947
734176
684738
930148
47249
257687
302707
711434
280038
828882
64621
571673
457239
490741
790768
450596
91393
368885
819836
765690
973180
64790
782660
929584
324180
839166
801537
934344
403379
391540
416484
630779
777434
305147
53667
288424
515534
941893
962037
51545
128207
616278
846168
118766
375363
824118
350991
353448
51634
522386
345642
536532
729258
879472
835901
714833
106179
183949
563443
175104
726653
65558
309115
527304
994565
32127
443232
539843
7319
505986
29750
6025
168765
44599
516720
549335
722741
42188
65231
631835
539504
164706
650165
266718
717111
630789
508824
887886
29161
437381
345233
631399
251039
919925
245268
228926
91888
440192
656826
515818
220496
326563
172794
292751
975379
587850
825335
884808
307280
695307
38323
643440
562656
276345
439393
173006
248262
689638
429271
132827
868840
110841
485218
57072
690491
560743
160564
757072
83198
421585
902008
98704
202205
235898
638150
421343
686901
482084
308018
331830
340343
139334
660543
90461
402790
401963
944945
840470
966650
557737
974656
980714
45671
456189
59944
958223
39799
333504
738526
23219
945364
128264
538397
916328
191586
934686
279517
830060
984585
81431
29605
535059
658704
912081
361720
905171
46308
595980
997739
317996
789305
559330
22422
764402
616072
676068
234985
815801
886710
387283
622550
199323
309973
213240
428908
754088
963011
943776
81476
508779
951024
354680
527956
946837
209470
178881
298272
217097
383105
235055
445073
991555
636645
99428
683358
472485
565359
400388
9063
8544
210780
613556
948064
844539
506597
842420
988970
877379
477028
509718
955645
6480
618064
362331
342530
513391
467493
858281
165950
463729
784479
857514
398248
984015
988580
812163
47003
669368
784449
661359
60646
825274
730893
234168
518465
275336
757994
604306
839067
6190
711657
722260
583374
375758
36685
677971
32692
157781
730216
365917
625363
33792
30946
902351
209139
561669
295641
20948
942609
543391
930018
749178
406124
628473
739500
682162
203132
110134
694213
190180
704322
879899
154231
879981
817851
501850
166666
470006
943918
415868
345005
907698
689701
86761
168239
958835
179192
322007
666856
56042
744900
857549
550197
919097
611387
656275
420127
713527
430165
90040
985949
4863
335653
827072
538992
2485
296262
852328
869996
494999
947380
967126
199447
907515
143479
388578
98730
399339
677241
519035
961716
720409
482809
511927
511966
560897
11224
426683
266057
779098
482961
106819
329491
966200
776070
925455
310649
492609
258549
193067
495127
620553
796617
736729
856714
631437
283213
839964
650102
137225
407995
137124
577123
743798
770995
688593
759490
703396
802247
329253
916878
529263
858803
892491
583630
784161
34090
265086
170167
945188
216459
45016
859309
5090
104754
957880
175914
782907
296683
504590
863096
55394
540290
586054
736536
352404
331766
411982
243333
948662
594572
786310
579858
258699
980351
596035
643696
977743
618645
703488
960972
302066
541772
336162
625557
545524
422452
838118
290075
876185
643990
329834
370963
239754
567762
693653
441399
826760
470599
240803
827786
290317
98666
503504
450937
320385
871033
890912
147421
273366
611914
822089
670109
924736
970237
147135
561329
112660
289232
55066
36417
97148
593553
400101
285419
399701
963886
737861
859364
240613
625704
506244
820022
877884
525670
584249
589735
126822
216038
936982
721722
839177
505550
760270
220751
111330
410209
652000
289957
152598
614477
954245
711552
811512
694497
333682
370534
380950
667547
907210
989251
991808
707679
452772
411948
567127
220996
406452
892288
22413
1673
4056
643051
319102
542117
799681
797892
80298
601596
250812
956502
814223
351917
576348
697212
207583
502088
728518
592293
577955
232157
637209
631992
743084
291184
637816
874705
998193
11400
977589
1448
161290
409511
400795
653139
670088
852627
440664
579874
751278
792083
282885
255528
638928
536502
870228
541721
135495
76044
300565
505167
373263
354360
473253
769127
89469
367773
135923
535048
943391
719926
731952
380419
517938
223490
450771
24790
28026
615644
483654
454027
672514
100136
997232
406014
358192
712874
218976
879291
302980
862704
456594
628805
443757
680752
358497
698228
472072
565228
969098
53430
666422
8785
446489
95030
190680
753440
453747
299417
82538
45187
315263
236261
581945
862593
103729
102652
442690
628109
151731
321414
445609
317369
206770
851054
126546
314312
317443
928707
563744
928032
923377
33022
100296
808350
925861
988067
288913
42628
661424
889088
611242
302094
650295
678546
762023
865250
548731
250759
20890
316069
917635
55263
755466
426858
413545
213548
135379
180613
113535
161592
286682
830
558876
865029
454954
74081
707974
595055
342128
624434
9469
219502
71951
815935
380322
627512
446433
361805
904131
841091
32843
478708
180100
28648
218876
972231
831274