627370
116328
862727
759434
888635
973749
575117
514990
330119
707208
262643
464580
553051
165069
739379
432191
754700
940529
259257
816700
948560
161950
857235
990606
427401
572562
630917
11559
917474
83739
972026
936095
466130
783793
174100
352996
433662
605103
449060
794815
54267
658160
677109
592126
611889
722370
748355
230020
52123
444490
186505
588329
685930
988468
550840
773519
125641
777876
382404
612802
457852
367518
121687
299467
728482
986750
708393
666770
390105
719701
252455
314669
970560
57234
415184
26569
637847
523688
439391
839603
700803
666801
266595
966852
424431
868895
467498
943527
958796
11738
74331
975560
124408
474748
495779
677211
779069
303973
610120
383430