894316
5352
702463
986608
77529
40001
593256
687331
605221
23131
13027
929339
614507
237815
87308
807856
455933
217444
121140
524611
512293
972501
455535
84131
911749
884510
734665
236597
418976
378315
561237
594820
847089
909725
721637
14341
975481
714402
395541
369733
894999
712944
65410
139121
580047
269949
110425
387842
128365
651998
557897
526595
483458
873754
91546
75200
227213
206186
240279
929549
799478
55888
278631
175600
155315
448017
853754
50732
990733
3921
289311
935786
2877
674121
176306
648774
87728
936807
214705
77812
800618
733890
272304
81614
899398
899191
899555
159483
318107
907942
709081
988669
581563
97219
991304
958038
483669
337241
385219
880984
184250
946977
8584
732680
550397
634811
154677
463150
408499
50183
819803
602556
945753
346211
363115
336921
958933
835905
884301
745992
287125
880547
111376
569914
251348
909686
221244
240108
843963
682440
818626
830
669924
815848
218197
601106
271225
786649
770194
274397
973499
127538
934362
924301
614879
872725
859456
523415
838354
427146
721694
150556
603294
495095
514370
927287
405668
560382
9542
975142
28041
489907
312317
902098
958190
55096
26569
111484
310359
552568
629322
721670
912941
694524
480753
63452
386206
793837
949554
732093
500002
968807
135192
30762
360537
444085
965170
993897
231824
956143
969643
7286
122915
974125
133752
615431
599612
909607
308330
211386
877497
678443
598819
634334
585132
454393
159461
24155
816316
463550
643270
465727
573608
629931
214592
874085
892140
293618
792100
366468
332028
630557
332911
348113
333613
982027
515701
899154
353907
418631
971066
575041
258053
652038
354912
353305
844381
967997
849658
82879
37339
325597
544830
544080
732105
879340
869977
771587
64698
946369
451677
402427
575883
43292
754134
138092
822859
145567
748282
619879
175287
583085
933822
167811
792798
543902
381765
297514
397155
717020
582131
116413
438113
212445
412192
169893
787369
989117
966441
244791
411622
652151
532256
622339
493794
100863
658403
485690
440225
151616
706506
164793
239595
898861
500666
159926
666088
175558
161047
928646
151843
775913
917590
129352
844081
697938
55536
930162
535147
840433
306546
129206
946134
831143
597681
224912
600292
157020
380635
573103
566227
772863
358953
209213
722356
579739
642225
22477
146374
193299
294424
477344
820289
768954
995429
598996
813870
49169
309808
990890
483443
708126
162745
739954
846509
739045
540437
489109
192886
587398
813762
155967
682374
917938
450332
450407
749429
597259
508777
325500
667998
403864
817166
747565
29280
370594
20581
405269
565438
133869
379110
579970
813734
831254
592130
28641
788111
166918
225742
256135
113531
490960
365916
780638
605212
606061
714214
213034
451411
959249
367652
529015
332563
695593
928317
388065
134756
803508
839065
447232
855364
25147
967701
310702
127527
511470
111824
473269
631327
113757
841378
200410
567384
514767
393581
944512
446330
862787
874123
988155
739697
321665
804903
665458
251593
992539
911976
438256
996914
716421
951623
557191
618531
947278
455809
728033
72923
964666
764264
57508
338051
461054
309525
827585
904176
158360
976440
941210
818116
474888
76688
294798
251700
806382
867637
145890
857828
957569
573267
857549
7086
543273
714161
937888
946497
500603
90991
211792
625702
216783
288399
335841
629598
71038
535145
163441
809704
783229
684546
132447
634655
346193
629496
220374
952319
119598
437908
72057
541448
695728
152834
714605
140923
922037
361820
28093
858945
809237
224290
586286