251090
451786
246772
401787
693827
924659
7462
923827
276172
704427
878719
125081
731895
48214
747982
696021
897787
148717
593135
305282
152006
16990
780897
75797
884828
979009
593718
698920
158809
88050
997603
95010
773906
411727
751095
708805
371738
848591
178665
230676
96
901437
761929
707999
6646
376464
926297
227757
711084
834345
518773
513476
901275
584937
922733
730711
851070
210540
128883
857357
282042
863973
156080
686058
409854
251670
751537
39580
262021
486253
786238
885860
610040
98678
311691
191135
488497
321921
928072
289008
73883
121617
417043
423308
214197
804158
165133
282722
364725
385832
983882
887077
559369
102360
167970
438455
9784
166708
779172
378164
860391
299295
257451
345367
874936
104747
554696
94861
329293
563132
793630
621076
498923
244410
787085
983120
885689
691314
817094
444394
463143
27978
11134
643813
663723
588319
732542
752703
562598
186813
387606
343744
293285
452410
294194
198178
298884
571247
468868
813916
786222
145364
151393
964109
28607
933943
866408
883010
512586
161113
456285
815140
553846
411173
129556
809793
403395
723790
172744
174517
647915
181699
390603
980660
594979
667474
11480
248375
331264
255254
579652
480961
810807
345566
773779
597645
600573
806748
600039
361558
567053
479111
684179
40706
398984
516942
419150
702572
99574
308728
629251
457677
84586
96605
514565
242758
430980
779322
359136
380236
593680
657269
602827
897968
323404
710574
492025
488586
865544
560126
26254
996033
172709
261263
35311
979386
667391
367576
682098
244635
356775
431859
295029
229115
549577
415516
887562
815784
878701
127432
176080
333652
512729
514848
744861
786716
660307
461336
440663
428662
362819
462193
788002
701559
808951
435015
193779
198527
469057
635223
532291
286530
974907
212817
7072
808755
614699
855318
106718
437902
39937
459919
331562
33602
969597
802537
49790
845498
288109
554032
177264
583111
148052
329287
191718
262828
332455
165378
880228
59525
71664
13728
918662
672532
450454
843176
362313
246057
949940
352798
109443
754478
292389
444514
662515
673357
290081
718310
534451
484670
494464
721674
99146
126960
262302
797974
842782
943955
894168
709843
340422
616768
148594
996934
726014
659846
808602
642378
870580
831442
428295
700809
139391
56506
438396
142807
317999
90086
349545
365611
272127
204891
411504
460026
251687
939685
71621
986290
795662
728993
657134
754640
111837
137764
78186
870686
325999
563980
286126
994317
853732
889825
233674
26346
418133
618726
361899
254976
95969
959618
403833
650827
231846
72454
179168
157524
917260
642203
29677
998638
346107
255049
475214
196171
104429
757350
421628
980475
140189
724953
279796
520835
127135
81738
615584
401430
493321
823272
164373
811442
89039
930774
133238
876378
98797
451763
695925
653163
112125
306692
343609
303582
756264
630784
758172
887449
992121
432952
288587
441714
702349
699682
531089
946561
845543
404801
967021
328608
874336
981106
259935
20546
806203
866260
928770
967469
399446
834901
156563
389333
863933
541462
448463
987990
170905
561978
428475
829710
304006
132048
561341
27542
216450
873306
256296
37147
549569
800890
163605
326556
664541
455352
531180
628546
603562
88562
711618
878103
575080
379297
661020
508964
880849
215939
966610
400428
81043
944235
999055
878078
342616
444577
294069
819387
581184
198583
865757
228837
958320
947305
62396
841247
546436
318896
313377
468359
656416
797795
223834
212524
294628
575178
512183
31278
1277
560705
541158
572785
684312
664646
644669
343357
383666
787295
683223
911158
491980
837867
661205
913202
478970
588227
458182
871676
861529
542796
570209
938853
207648
527260
721391
993217
846736
588422
329990
520901
616965
325892
474479
612923
21679
354240
623145
42463
702874
934975
631303
65498
493160
547626
703988
766040
462497
566522
584983
888456
428641
522752
381521
803695
259376
25679
654819
578922
156654
216839
11117
319230
229549
510846
822481
875549
625369
447500
43062
892152
204370
463667
267241
972731
460442
318377
595997
894954
561898
912196
75027
336150
456927
750849
426389
757243
286162
504177
784924
892729
882373
169025
766609
203757
562232
439588
908464
104108
517980
61855
915913
402332
556063
815153
772769
109038
197094
920668
915125
998395
483737
245652
561054
591994
844503
308995
588880
408092
97162
113719
737020
87620
266390
211369
423318
191398
837611
538347
161905
736443
631611
315053
169157
581854
959301
593579
452819
33798
9486
59319
47071
696225
776753
492318
23516
992009
859214
925882
911974
95077
850654
787284
539305
685599
452263
866547
286943
318845
61578
975237
344118
377695
931002
913449
460111
940116
745607
483287
340835
416984
200088
466413
769792
67950
464760
591959
591793
215382
335815
986457
59708
892012
381009
861564
599749
121565
556795
882067
334288
821638
440665
354856
229668
855210
891293
629128
918026
286672
738539
915176
302837
858551
605255
733363
234299
264375
331056
519345
795970
285302
738950
523157
258294
706499
900070
612451
634422
179026
239702
152188
770894
551893
936284
405831
609247
760819
294249
564286
588891
626663
893555
903314
356269
85048
664928
369148
469173
777872
981726
685154
436145
444412
709839
643298
810871
403967
560034
988285
452574
895955
996221
122467
695869
278397
821590
206935
715595
934860
797345
886206
422886
403309
735715
662794
905839
389166
471718
761149
59410
433229
495045
811740
869603
679420
576871
519987
444068
123892
652360
224191
471139
911539
528947
507
550336
512788
858892
857098
3597
626889
370377
800445
448206
319863
591745
201602
194143
315693
253789
329450
283573
422658
980587
960213
850108
989515
670033
172029
260896
523126
890206
268635
275304
701319
293564
482041
927804
897964
643202
782101
418823
663550
472230
412847
3895
992279
521808
373616
800097
852042
967945
1975
778114
545027
691730
810368
981281
467452
730065
36275
74512
695065
810534
58375
6608
704162
509340
250513
11540
89882
370108
321645
856734
522048
95163
444231
609990
148641
111059
938311
574169
668952
777455
464855
823518
38308
433407
379346
427764
575396
637804
132746
897367
761201
70437
23862
444289
566552
88792
573750
693997
717939
449661
567557
273847
534691
614668
284858
314911
757419
993615
918075
399404
865772
123730
733631
92205
230713
654070
509501
436698
69910
656485
22198
615002
327826
987039
508444
717918
17086
319539
674142
323242
256969
930122
31441
440500
293369
408734
966972
941797
120712
269000
511296
291132
864025
715446
466978
18258
523413
767482
474871
149688
866983
576000
36331
978748
262288
716888
967085
811403
407335
498033
999674
196848
10545
218663
948997
731130
570648
282675
797248
66812
412684
938433
466570
708014
772851
627871
633973
628913
355470
707793
127922
577904
941737
272001
653276
848482
785342
129875
464413
632875
628200
962647
530113
617378
136703
324504
413781
268718
408084
859601
587195
445449
699338
946175
751054
397991
320975
221522
309420
514223
49398
714429
812068
998504
168179
683309
80317
525359
530226
224534
501345
490404
849236
431464
918629
793445
72391
137377
762102
943218
401024
998460
576161
301616
919832
724359
843454
841097
391360
752786
535290
742128
540834
703107
781760
350658
644566
400391
694468
981768
721598
852323
690092
68185
313343
255784
988699
622493
98460
908293
205594
816876
823600
308534
207013
901204
767368
212058
386576
227193
56987
352931
630356
460759
472487
95591
839290
798180
573289
894163
75811
213969
353911
917886
241393
710446
536190
461979
746326
515373
885140
249289
714935
919870
277241
756933
339708
53850
629743
541375
235575
95964
702963
535562
631342
831689
786647
588396
28231
62832
77309
904917
251535
877485
653170
502765
202022
369351
815716
388934
263883
4537
79937
237361
151232
498254
48558
758060
219418
448229
396769
34233
545639
381012
133404
268682
665915
715817
583879
863895
543577
22348
989352
733202
376123
143296
341889
203442
602623
860616
858950
368556
981166
394022
294265
135489
164905
521406
892644
905136
333490
301082
261938
964299
739028
763399
346411
411687
973552
304668
414859
436589
665830
628186
708477
396493
811548
287727
801913
236243
355822
37845
169847
616337
394418
742104
361422
119740
891302
190836
721966
216403
153785
454236
521782
178682
929778
880215
261107
782373
923649
308101
100022
147439
977185
440832
963985
720523
709030
470430
7726
11281
548328
568914
456331
714042
678924
787634
313430
270631
282988
806611
589856
925275
669730
752656
755009
353930
842230
326250
14665
170633
452577
669193
753438
956900
536254
648353
614007
525326
703372
376880
841268
956915
966946
532963
961879
687978
699568
790808
694627
923398
369581
471615
63247
883276
806754
837785
32039
177214
540051
994338
891264
785942
308677
384588
301782
516814
818545
88032
965892
451612
781827
918153
177246
74876
985871
37676
169134
744805
504017
899375
77770
380637
88863
284251
471759
506920
151789
221916
53372
194524
263549
659749
206573
364112
519969
270256
887409
230323
164526
365731
451403
78072
10815
795215
415362
623
236963
722577
977125
119279
138468
683995
851487
402096
561781
303565
546034
722933
113207
777853
187539
518630
626536
615830
275106
60667
637096
930844
217477
319573
58857
782093
503584
129959
822707
702243
717619
278033
223058
315319
799567
95885
913309
395263
439158
154946
873315
35512
867022
588214
322419
607711
666818
753121
176200
841112
914870
36188
911567
92658
182692
348728
753687
36354
723032
429548
709524
394475
659844
851878
518032
524928
104065
11586
122159
389888
462115
326744
493469
142592
704503
359088
986262
196198
937243
776208
123217
283089
100282
926390
471242
558486
3875
205730
304875
220646
664070
3275
960342
264267
202762
127473
557073
955345
323341
46930
563663
180417
595897
796982
975191
707336
699264
718949
513747
975735
748148
191545
238648
189796
54276
324302
176396
787693
197207
22997
534041
559197
524798
898056
289260
945190
495514
182712
13706
970382
756426
514626
614768
719527
272718
471328
841478
268214
999933
971547
28191
208758
526815
122462
437423
976309
906920
310694
825866
385563
452818
138646
272725
823562
907989
154280
56139
875297
966022
743485
636206
480859
907273
903764
106760
726101
527924
510937
912924
343981
145346
359957
702766
314566
361841
385796
594028
335271
473081
447556
592824
701571
946537
447593
81427
139923
34911
971629
763431
273952
374627
180677
317937
166813
133473
872463
171017
925744
823489
502439
660943
214097
885221
416600
530484
415243
689854
682095
44770
686112
14859
689004
810633
16778
983216
760466
767111
570523
899183
129694
309299
241349
991045
237844
594375
752694
863203
28852
469287
620508
819271
761356
1426
187590
811767
406247
754084
875179
303514
845283
707781
933699
606707
533216
471986
160275
105914
617812
375590
243782
520729
405180
418724
173495
865408
394925
341348
619532
220389
209545
328279
303868
899291
739724
695833
807856
962318
800070
926579
576007
964761
755875
53129
49332
34372
830182
594470
329218
536669
595764
949666
69240
590705
989197
314542
157224
897237
350908
339265
440122
997392
356877
121268
351442
18093
676376
767923
134781
809977
533588
217861
208527
888500
559843
542935
714770
444929
299419
756157
534060
1590
343921
386709
151116
188564
115524
249100
591120
387792
173828
873082
888503
736720
836861
696041
465726
852657
429572
376115
723161
986693
664572
192521
13327
980826
572101
692176
215090
543861
273539
128997
729530
158814
641734
683906
247166
708949
441691
181432
421454
786658
421486
979356
454511
304202
727066
513470
351348
339486
336591
830292
265909
394477
925727
195446
982447
107865
707749
564675
309176
801991
329362
374625
700637
49520
276117
346401
614298
352853
812070
54144
72756
708239
654512
703817
735607
344516
342937
637529
927048
748342
71983
9787
547046
816885
787312
344305
875649
844981
502454
58772
84086
684218
577405
129746
72103
480815
269139
796183
788916
521430
151579
937415
321752
674650
861629
242855
889698
359745
649517
854939
891917
793725
475543
846986
795647
604577
205348
872862
265947
418033
286060
926695
616643
549394
951864
673503
951917
673888
11634
309704
770144
811039
606700
292786
991692
834313
8905
405400
731780
100037
844300
217322
222297
591865
417147
27302
568916
390646
95983
560287
965135
974930
680123
561568
634736
57363
511543
416490
313475
377223
841384
224536
588915
962673
84749
505124
384485
443934
48392
317122
817074
422485
939047
108778
649151
751148
749199
621619
282682
160567
764100
670427
607090
262556
843991
185059
814035
718914
28909
466007
196413
951464
96167
276459
526209
808018
487475
148289
676088
437469
226095
755912
932351
308
147829
548030
825042
952283
572167
530773
98436
542505
504728
979316
999832
941459
374773
151700
641216
297762
838031
715019
886191
265862
350821
743398
75101
535685
184594
373486
918871
725772
685808
311437
639167
820390
790376
630475
177255
694602
333016
444273
817542
33998
256799
508878
602645
887674
988552
980887
167305
290040
36048
425577
945069
377063
809045
916011
682779
503118
148958
711183
654423
34157
404993
110583
963655
210991
67061
204788
195795
48445
524149
29289
99285
867244
397004
832526
321021
419734
724675
178513
105540
452038
394469
15830
123723
241485
846508
244319
203664
983153
495178
381255
133323
52421
910165
366953
850795
76052
218383
74974
891176
155447
280657
150242
842693
359814
586004
858008
877604
807147
545756
433444
590405
209234
107650
145270
222365
857213
28828
778279
99791
776371
11
82107
981833
57368
906080
12615
797950
659672
105131
567788
7227
153149
159842
351361
833704
485729
787435
960143
82718
56893
944391
701749
928351
629919
832858
134380
799798
504890
58843
931557
901356
725399
542548
320719
671780
815082
586326
670260
23956
517183
820221
592899
599904
782099
655515
886184
810837
186688
273860
492695
517374
850576
461942
371432
976998
894578
985762
133469
831980
672841
969819
375743
316412
905698
656986
541797
888303
151934
890412
642198
46401
16398
975929
3014
240299
548093
58097
428285
763485
230695
903636
68373
795738
988519
566878
641954
934255
297165
294798
625900
702161
310127
346066
355863
247890
391254
907089
543140
537280
60058
24020
337872
212698
594504
604562
995802
230832
566911
500438
427042
844950
65562
737551
799725
207364
853703
674100
369797
468493
644022
774482
680509
107834
698414
338547
619987
394371
278521
824172
977518
428585
53312
278596
620102
573939
963377
414396
881186
765763
284316
284032
530173
805523
252509
606248
340866
291730
964404
876651
899895
931605
217393
794081
538422
913724
102730
544370
286485
660066
899727
281249
755239
853760
704884
695855
655260
327007
135949
430125
759619
653943
591129
874593
749424
687465
574517
853908
824697
439702
932210
818423
755546
691098
300096
630639
14456
823465
622793
844804
227267
795716
229018
430689
631348
937623
206460
31625
198518
501362
917345
537623
598433
633058
264506
406959
725729
490987
946789
163527
84597
943653
57796
344652
117971
446961
519529
633714
69418
546390
208749
41755
3135
332347
896224
914531
882809
466051
207130
597318
768568
246785
86256
27695
349983
115286
640771
48669
57650
553070
714546
9396
837019
460051
946543
260702
33543
634860
432687
809052
425901
717591
491963
518189
831471
615134
491556
801817
431961
324184
771987
335322
388230
980255
688254
429672
820705
942697
327031
69088
892809
995397
720223
544016
599502
469748
598391
384993
123224
944930
316055
628449
642408
378495
263863
500781
942518
711871
994282
314936
92664
541610
456939
739322
116420
904864
437584
860343
549260
286637
562587
701802
98953
819717
143536
439246
602291
150748
550240
128458
986988
665252
294627
611383
296380
727076
122661
59087
647863
519666
877879
86771
1083
849869
568614
655704
793174
35033
812649
662736
148164
909687
70067
228913
501781
72320
758121
867556
951725
346783
590702
531659
495974
951624
610393
230928
240016
330457
546120
674247
215768
615435
953614
435775
914438
945044
605896
282730
863456
659165
645517
207398
490988
55259
138115
924007
964051
172301
830222
502915
205473
784848
912932
115866
361385
725794
680892
591456
317830
188913
354213
413385
909628
788255
857907
590096
596284
680917
788436
148899
28486
112385
470528
205550
781289
346925
644751
504450
302502
308925
532068
858018
232243
904901
421575
388010
107483
499973
42513
430621
222402
778626
761344
804361
480454
962689
245419
766105
553410
483555
832207
707319
106668
150232
399623
348251
728734
184577
795930
187637
660530
35494
997294
797747
65094
102033
445083
126895
804959
476997
691419
827705
811881
364062
785757
767164
691676
124102
593208
490319
957371
310929
230269
974682
394998
83382
175013
620963
378032
150315
386537
642100
816795
317852
792945
716011
973822
966343
20388
159774
626648
413239
152606
236264
16607
321818
150400
278357
781601
249409
874144
128550
237772
605045
395041
302593
567113
964272
297630
518968
594114
460223
678464
575284
655236
426546
98927
659901
981888
386236
295525
18281
261740
855278
299422
386656
789255
315851
253548
477704
605369
756167
194215
494929
23704
468961
240385
513630
908295
600154
332919
297934
847289
458576
350179
118055
865363
218236
336750
731679
184176
165764
792036
731910
185022
73918
868512
800275
95045
353347
401958
187721
132808
375339
266383
511557
240580
352682
625183
980455
570773
134406
325106
608987
942072
59828
63381
976707
673131
195343
956658
987138
992945
217972
367075
853672
653810
921020
372391
304501
912766
273751
277298
260940
978610
607809
528222
202742
973363
284068
204032
324367
296792
839818
741654
907281
627748
331133
617500
865338
285744
85758
706749
899229
119207
428894
551655
8835
625323
416379
478519
93947
890326
85722
83347
307397
550043
506462
383511
739863
517898
837539
237543
605962
449394
610938
755108
506724
250720
924545
688570
607618
981510
586333
995093
579682
580408
842839
588595
904779
983503
159312
531285
341465
847600
737250
377423
380649
645223
689173
251135
17053
231340
935227
744346
167948
256264
602985
375266
310089
157777
747858
155956
100686
201041
691841
282877
336966
894469
420210
264845
798516
522753
502990
376963
355459
97329
831810
295144
396842
505402
62907
221592
499515
537982
516736
63643
519113
714111
537131
435091
603508
657499
936069
497101
432083
996085
220413
152313
672124
783796
182021
574327
294514
339237
618890
880647
672492
482492
65102
714147
126782
964984
876835
840937
831591
734180
524997
406639
255990
706105
799509
590459
271641
830689
28782
384587
375171
446998
244582
725710
545529
98345
345187
109750
763706
44511
742231
778853
925129
813494
287705
876548
371992
120965
839393
280307
168403
14081
728032
138650
91077
328924
461306
428382
266539
317191
997281
187696
972180
274328
464079
341055
499761
699591
393567
219533
543743
223187
372937
642335
416141
505474
321017
597518
713772
420229
662474
403963
652787
196345
954916
180896
435116
367434
321518
752577
693407
886322
510258
225345
44792
131616
320717
225936
667863
178035
656143
540866
211381
843749
141237
756347
49710
582725
170176
769095
413551
880732
284017
321030
713916
638961
389668
142980
53214
593449
805382
10215
633704
663558
467445
603393
374117
412432
120435
649990
121376
851729
239173
618007
119760
815289
14318
594749
550749
399586
670147
482801
984339
214190
223403
868439
27554
116685
155445
927883
275023
630363
787350
183444
36091
493670
771901
992630
128334
869453
864725
271908
521984
245507
79959
92945
171332
111859
880200
178855
426769
277502
77846
963857
848078
599008
844171
512179
748953
526832
760428
780217
246068
92806
884209
83725
861068
509175
501024
187362
574184
715067
540168
481326
694698
367600
256471
366836
692165
977335
341848
513791
734204
276796
933901
189611
115026
772948
749541
179740
407380
786623
703195
127122
412991
422988
123691
947413
260751
351580
119984
604682
552485
952254
862623
222696
21012
787066
549402
219332
25544
181545
790386
491336
201747
400961
452220
188738
547157
357807
503502
27224
622344
75229
750487
444186
755622
420307
115928
950512
143159
565241
224707
15282
139386
866875
603438
75671
106415
672133
998452
225732
357759
873262
499241
321222
478281
550129
695543
122779
94538
52885
935641
170347
866984
103855
661876
12116
449179
951294
567693
90082
575417
644020
392683
247646
202460
488596
115594
170301
980466
113014
521721
321338
746848
968104
637649
396222
835923
743535
762450
15738
66662
798827
869659
833751
249385
861336
103174
887749
338708
869168
783134
435760
218632
799598
334397
542033
44414
925806
990919
358753
924046
889265
398525
745384
252702
198716
50366
751091
612133
123871
211296
266019
40283
719059
984679
464226
177535
289661
555808
641905
98372
662799
539997
747933
568985
349902
832462
426896
458004
185518
721015
287236
345530
390809
684499
779346
851885
150798
858629
406249
845299
877798
110071
355482
205983
704563
969426
131407
9502
114881
414936
82652
882848
315262
501409
433326
165088
731062
497712
892255
384914
671030
38321
691756
833192
728786
235409
635902
486530
445059