682512
40395
557778
458807
519046
64195
61416
446085
665258
40862
192832
443820
681427
647870
112560
339105
418463
455766
264952
239043
603385
477313
858256
791618
668794
98110
733146
555370
645227
915788
301431
766416
243497
281054
255414
109847
423393
116476
864294
11359
309563
13366
919052
432651
401428
58309
752496
82094
634339
489343
587154
903442
759485
690102
542138
989668
554931
727407
892525
275647
92889
50810
428667
570131
753506
99123
647605
454514
330535
175763
704893
324471
920646
918835
987382
835155
54695
253663
776794
777717
216090
272979
699753
459029
79708
118421
247807
299102
177657
334254
683455
905590
635723
289030
946987
397611
490080
725403
796118
945531
237241
667934
928752
616320
628399
208042
822592
889078
58801
945569
158257
888299
561960
373285
265923
143170
646459
345328
744482
385315
816622
39185
890772
366594
764453
539460
68939
140299
552647
131692
459226
179623
200766
659887
647557
102062
281818
132078
34609
894121
965461
253088
979450
596802
820849
275594
146083
233099
685118
504605
670696
437415
389304
721259
613104
341657
599052
719751
748190
813415
333563
815737
388807
437290
317208
285083
265406
27701
523435
50836
825546
127328
178488
117550
415097
352304
582617
567509
667470
265060
30600
327342
48981
78750
638841
682961
56344
857196
439972
200869
253610
992051
830432
848087
851232
947895
562667
261431
351968
883465
140486
115247
539665
301326
741053
470688
398706
472103
247877
509978
250054
104386
909373
922872
273069
191229
502231
592470
340943
154738
521232
908657
814833
658467
959771
922649
950377
170947
951580
857813
342702
369183
885583
646867
581705
26727
653577
963274
486312
378781
139223
162862
25617
517145
360515
395599
472948
551862
720821
445135
450393
659677
1525
307774
852216
169708
646542
538324
305255
835394
139598
789450
357038
944682
828843
472981
412726
431841
359040
897984
953504
926597
488180
479780
329523
821661
455867
876039
836077
186879
598454
384079
226234
174498
124470
558881
729218
54656
300574
798811
464349
282535
827302
529194
523490
197597
892092
860936
496093
106670
13637
788181
736734
10004
581825
892049
218350
329025
224652
289652
724701
734283
550976
121770
184119
620020
904312
558190
703637
62229
846832
376194
739983
279527
477640
678472
840975
312558
914535
989761
353665
367747
88380
604575
280870
97980
719712
345544
762120
477946
377175
990826
331080
876814
254326
991797
663827
33800
758750
633914
433971
6302
880934
994590
230337
71094
30423
237818
30713
743312
736976
988307
859558
265491
821450
516977
525372
566835
428598
957470
525892
660475
569475
749116
128818
365116
67644
248771
447506
247378
954637
92375
521121
698255
960293
142978
777848
869127
283383
838931
22435
698808
981020
994322
389392
396051
387027
520158
665891
56939
389352
446181
662438
389241
695986
600640
313054
594954
538613
514793
97401
591750
66216
2778
219683
872477
151314
791747
115255
129551
819342
425382
300371
570584
781421
361811
141700
455671
784058
522107
21792
13466
301528
311732
292403
90152
108680
920904
553105
225578
863687
892282
859915
445207
377044
282582
217276
166778
450575
338420
915331
168962
665341
411209
497995
370342
213416
693097
184005
697651
284900
636509
842615
381875
198508
273116
495534
556731
315178
460906
733967
966610
717973
321482
289164
325753
549173
472481
419954
481308
207362
40745
577310
732051
818026
804494
754448
76117
156850
797161
867287
33722
342260
617494
475180
356586
412870
809076
491291
389671
766843
121016
42972
758901
589059
506222
306048
113314
915886
426446
67271
555893
289357
162615
433358
251639
729913
808842
417829
857816
371629
243750
317951
587072
605070
982267
182211
768052
410572
733581
44991
770976
413280
139079
528956
738375
62261
117049
107628
627204
976291
109616
75456
795067
282390
221809
626326
157602
498381
808081
928400
407590
591743
941876
814528
275323
458072
177888
739839
235587
242656
129597
63325
386842
993981
499947
457522
561148
511695
111680
995667
71763
95225
827613
357408
795169
466048
819756
407547
780295
80971
377912
565011
502384
150730
314088
856350
525021
572212
566745
686629
278733
29288
415639
284601
234184
580021
857336
204227
962568
324533
751062
539129
935365
241492
80039
919853
831708
725230
89467
654975
884635
664342
197137
953203
220395
756532
946069
502493
467034
593222
325370
835129
128965
283335
254256
805527
314270
303852
62658
911155
259296
14731
798159
74083
855692
62231
263651
290153
754462
852038
274546
327720
315025
157651
567600
756660
422412
863199
930128
886338
67240
226547
227351
951294
696158
495200
109659
604604
53394
404551
238877
681414
503542
771829
928704
668372
742172
511974
195942
818393
555421
750891
959078
591866
140127
741478
121131
391961
337989
446705
69548
131216
581497
74910
855939
245498
653647
491801
647277
934763
898070
879402
559453
602431
678464
513687
193853
907344
995499
170662
259458
309121
795403
968576
330474
817271
104694
24817
815061
665064
416524
606540
325885
343563
651585
290476
700756
933295
612617
24085
749753
810728
604575
483640
376086
143651
480305
406997
374680
529883
467947
796219
497356
979300
605406
709291
609555
474597
868685
421147
565697
45539
766804
22358
127128
458104
790838
463296
618780
189538
996865
677752
891219
169399
382880
885590
764123
62903
592637
728211
257767
467258
520784
467976
329688
778632
710153
592847
611700
608967
200598
903622
621317
477007
541329
687346
984208
775002
190602
422463
728497
623191
941484
12517
193424
255773
153166
653607
285954
138108
129112
774006
318974
281328
757072
415602
606457
68783
862848
512336
860769
926433
474438
691926
154867
47344
98424
463939
804858
832693
720177
175437
701029
694545
22717
377410
709315
649181
9565
816656
139357
760505
568311
242976
910064
391105
949661
86044
993989
599582
465656
685906
383151
908024
441040
187440
530785
489417
305339
14383
712041
423629
763937
276429
935373
587734
815527
216242
486592
547771
25408
805748
720065
582128
373452
437942
304465
313137
95531
281515
985487
844121
437859
193528
603633
954831
48298
840056
824225
861727
717264
37273
396210
396647
317323
947427
614269
91048
896801
885593
342364
660604
200300
550776
340354
959399
940685
586652
664118
559429
599920
19138
310314
147171
400567
871400
823292
175146
823173
845073
498056
59574
602986
780837
37544
733062
920038
981108
160521
416203
774364
897563
385067
841635
68820
860095
459956
254751
461165
983095
479922
680000
783005
592454
65580
363329
527334
142277
799203
620878
433432
673632
364970
636946
591741
993015
343775
893038
815396
880036
155717
410949
516365
838556
280191
880372
261742
439150
138411
679647
980896
600041
933273
413927
287465
191067
631975
563191
744038
105331
36987
715070
778453
47688
158299
328119
35901
82866
478124
239459
495930
457622
77637
939545
502697
163776
263279
452659
467244
773609
836219
962922
374362
267479
665792
952316
423046
369316
795568
392777
627370
758166
119766
612350
678001
199469
420655
461736
609310
169724
233634
510058
344348
544559
918300
493066
327714
85995
896716
842597
442754
651539
150008
364291
64975
642406
470139
826117
412009
491333
784667
500987
554471
282130
619147
234130
253599
928309
452218
492842
588756
925432
613973
236230
307901
157010
267872
967581
759598
921793
992044
759181
459494
902928
700278
774831
110260
228152
389020
422213
87942
959715
447229
5840
649295
74251
722475
720383
777044
203585
191311
9153
658516
820682
78874
595643
668114
802980
828260
737558
981824
15718
955939
891375
764937
458117
51272
966386
99259
283187
382457
157057
913680
133153
728871
159565
947416
777062
925773
137928
727876
917880
56516
822577
757777
549974
196036
440462
196750
701384
130939
831736
760460
540158
589123
106960
107222
783428
26064
865626
328505
690662
180476
1660
282405
971312
503414
357556
636805
763074
88945
899746
153531
204715
502270
738559
442432
55784
144898
537959
237411
913402
469641
958983
102061
472483
422515
371235
865894
48892
906956
463876
315568
830582
318778
551485
915088
413291
737679
808857
277773
830368
412478
617635
697521
816090
574699
33810
600300
510425
13915
427598
265176
150773
216907
978915
931032
773396
2716
962049
885465
377734
680299
92141
105402
386173
31679
577352
557064
544620
950620
260282
321378
747834
982388
3963
487996
311395
583485
717758
925182
110956
740190
687802
97612
196993
886787
482582
554145
508460
577935
614640
642388
320052
420209
696330
59197
334224
641232
183505
869937
146374
791520
313995
35816
834917
598294
453661
890880
981723
332600
641847
355611
581044
807757
476957
958115
97520
93172
205202
19437
422655
243985
467299
351931
953243
175394
939021
907356
196610
927408
711308
839598
151503
322784
305345
52484
854516
809449
641790
293666
165014
571104
799410
606821
341189
394862
380332
537664
560663
713316
852877
606112
226784
778277
664975
177521
741519
769665
595052
213690
179048
675555
270828
686436
289689
397920
865998
472728
953660
413359
576594
692805
285992
730424
347681
89153
439348
739845
239770
46407
35017
256789
155322
567071
418659
338127
155367
17179
129764
525908
50201
634429
201685
557805
176742
461046
421818
202212
29096
779721
91536
534510
381324
885710
475557
619525
440314
197843
858772
653396
791324
854365
994588
824012
102606
841804
978909
610068
339424
765468
587758
367901
291978
903176
465245
835539
383213
681737
789508
737519
840258
206076
696708
83497
88801
336225
988193
368843
488304
977663
3386
813985
558310
77542
780963
421965
238523
899724
748641
406711
416174
21721
454145
361953
683378
349054
229141
526616
659574
853760
888844
215046
928848
971987
844397
57893
484869
644705
747888
619534
74807
28138
44025
725999
134060
433029
169521
771355
105271
873988
583619
649212
418437
790133
34544
669091
516165
787973
255952
877312
444853
964928
710118
65197
232262
364659
179294
609060
226219
495347
208421
445138
454979
299958
89381
624579
105633
294238
107164
150844
875572
989270
157592
379047
459224
691541
179281
838953
863480
77888
533283
233616
312285
764844
667174
51624
935192
368129
743980
368941
359944
404346
276758
165722
356873
713736
54291
846944
367225
178646
461494
85554
521640
763688
672947
89981
799836
650717
49847
579637
891837
334611
465761
315339
563619
118633
441824
486010
758139
389087
232746
837121
117456
428954
681621
861739
981820
55493
65302
248522
721706
468369
39637
138050
138886
406556
57001
572993
997828
513583
815925
901964
243530
811618
991582
758773
145979
726042
903400
579753
526305
212979
471148
635429
142838
62904
659896
231305
593295
759887
301955
601925
159270
334322
232971
27248
551746
539352
745485
244919
491141
721714
671968
125234
525586
636625
169199
192978
985945
686116
492433
216503
760704
572447
419079
568094
962863
190840
866193
598136
436088
453835
87917
458965
587746
187550
767981
366143
230865
145214
820852
212068
98579
433096
620812
937259
385481
564996
41383
35559
260656
590763
712177
57833
909387
782537
432270
582127
924143
680061
985781
844667
178538
904222
803368
93631
690961
105208
632079
694772
721317
358004
737776
46474
570913
602069
674958
86970
46243
557215
231067
756663
569780
12946
18842
586114
921014
635412
883798
369757
404649
547628
988920
77591
783194
725994
79945
359046
238760
398181
654597
648339
349492
381789
985240
231727
156452
87294
373944
327524
42772
504006
36574
476934
528155
811197
401442
186184
942197
812771
240242
903787
910610
830184
153966
55056
318778
945301
365987
43631
459675
669704
164643
969632
375601
766236
303101
256023
955600
718887
588575
410221
417553
193757
905796
419225
710231
541329
778587
40317
971644
41436
465142
811229
513181
865622
829995
797226
684223
872065
127179
337468
479709
884806
951292
558495
490255
975959
318902
505604
969752
844531
190294
812569
84876
911240
475170
341427
80604
102706
117594
382118
23616
282978
197239
385527
72384
957338
804675
769193
790366
343956
646420
118003
307427
610626
169830
947347
174917
635889
190100
641916
488241
900167
556467
66219
170811
794987
758667
175896
874464
426307
435955
981959
280884
731928
935880
149629
480684
835863
26122
469264
719114
763441
746515
444056
754337
136737
66676
232002
537220
37901
764653
975363
489743
845190
489865
786344
488977
407722
163220
199052
218837
11817
361594
122148
273356
168164
1214
992244
13976
535793
348243
589604
823927
891771
177498
803757
999690
733639
683065
75694
363009
585105
747028
61147
545253
236693
228779
817236
57474
483689
941584
407572
850927
990151
288067
869056
627964
797737
370732
789535
251254
586445
662772
294825
160601
632280
992192
152568
188691
503831
959178
4891
774065
170336
251742
586058
121064
684567
583919
981235
686210
790924
118804
6515
126308
904194
892322
573344
680696
415179
454118
279875
265211
585102
185599
844003
571940
472491
586390
90748
995248
142133
653500
843727
4423
753950
493150
281107
416012
331185
231335
689161
56326
432056
856114
973229
542438
145789
312811
412424
176244
407086
548225
195106
54490
149401
319113
494165
4621
882839
563762
929021
250836
353990
695329
472908
298742
228655
346409
157818
696836
260998
903208
408793
98944
998415
59521
282246
552041
176349
886385
579260
509668
371509
459280
775682
541193
637842
963175
132741
898183
955970
912552
926400
701428
797486
32398
178199
511028
483639
979282
835780
553349
967419
349127
60264
153446
326198
720146
755011
408162
174789
153098
931647
441213
218886
641704
575015
711929
336683
256885
969733
871823
72395
769032
117955
3472
166359
905140
727285
370201
904173
95732
102659
749619
260630
851258
876011
73233
950204
988839
331781
83546
230472
516758
255026
666756
987804
98643
742369
996508
600618
681770
972669
799522
633071
802969
632951
466576
314192
907111
137579
284923
551951
654734
760369
617555
868138
941011
672963
799685
521808
525175
612998
729087
390272
261830
489143
601555
297601
634508
428851
35893
671544
46695
334754
461535
956073
24312
463426
616212
773837
44915
382988
588928
396811
486998
960836
126910
984791
609527
171810
516532
813988
933557
714648
144281
906631
187280
723840
801495
268713
597909
439972
410380
222121
82866
835625
650986
591628
372328
310872
474813
817633
348893
733706
955766
595729
731824
304025
820784
190185
831548
123524
262539
782055
113264
481612
237487
851387
228673
722740
682731
453106
424295
148548
421136
228045
614596
509350
455020
649133
663854
810545
920802
748905
709339
441092
339171
585346
963496
918984
760971
89326
525254
929367
87258
941648
207874
710011
411981
768329
765999
803278
562584
698664
585201
172353
409603
937469
250601
691897
863774
775051
195960
330068
935970
66843
497650
422922
323046
364589
917345
397742
200379
85578
261939
897874
136484
326133
96961
386186
685749
926976
285884
124426
206279
913082
882934
231017
385557
243526
139722
744454
301430
801351
778922
398473
53687
595255
782787
354435
874324
133655
396751
17007
571923
970880
495158
139866
9022
933273
677986
693214
532987
962914
195742
524618
577161
315116
834601
439518
6681
306027
493917
466033
493127
611492
878519
315637
774387
200128
502786
256531
132480
338691
288293
287216
915689
830998
858309
549265
646203
805120
327640
488219
357363
882163
103112
489075
890676
966147
392319
843396
917988
916913
88277
450079
953061
896102
565652
701500
280811
231803
434788
677470
425855
106549
633880
134613
411471
471502
231955
619549
881199
871342
322904
780836
474288
340025
100462
40809
950107
487233
1068
653568
564619
126364
564070
546162
356
881873
655476
823297
76596
476396
676828
286792
326116
614193
589979
787777
747226
385133
557973
149665
425775
97256
810134
540894
393800
635126
6788
956560
835411
771053
636580
670965
646048
856048
709253
598415
959385
334186
167372
31720
672480
176983
990045
599670
573891
807548
466723
848793
287262
158967
953021
319616
167118
129329
613062
518636
858445
611439
634878
853261
504559
437448
539290
119560
822712
470257
65828
555354
861208
280948
592848
204438
604100
800959
70173
991754
558897
669465
719524
650624
76335
644975
346817
786336
614689
114573
941659
459571
632725
824552
113489
730242
747972
153047
510082
250972
96743
79458
612793
823735
100531
912051
386164
814894
784819
7978
163087
40681
383809
837132
340690
864539
741601
184859
641748
796388
977274
664576
70729
717398
112946
714021
104367
832916
924645
80031
836690
553686
477825
89161
743223
91914
371777
396268
328299
394005
870019
429466
93288
543607
155592
703194
785312
262925
583304
81917
397289
90031
4528
895311
370310
777913
172281
360105
623246
4904
280294
483300
716476
406810
225050
95656
833298
266423
364435
775650
629994
715247
472775
452499
571034
861401
122201
931717
911619
281211
210488
192602
297398
403879
426005
611581
822148
762754
244478
377401
370145
747168
785564
237864
407988
567371
922949
994371
170878
492515
802943
744665
810020
921695
743826
462427
559578
4273
454985
908820
292078
284232
750981
666997
332015
797615
89277
149006
371640
811411
806293
392857
467420
412769
752474
10993
977007
585806
231640
853344
279791
771568
827608
23189
410638
631177
835642
671604
371997
429605
811051
189896
55318
115353
188162
808980
474118
612011
859068
262535
216789
344976
935058
529869
805236
526864
905525
926338
477025
440518
274918
744577
898010
48003
40179
163291
906524
343123
377937
177956
664598
744727
606739
201639
262319
219217
239301
216121
489137
636543
986535
188843
63440
855326
363081
640281
860187
725967
231040
386463
436798
649687
833282
529835