421936
318675
150725
184594
55124
65889
50019
118040
463852
425422
414433
529467
315782
733831
494083
28530
829782
652688
162559
311633
684314
928954
693686
255446
893983
701250
575933
179027
248094
896646
54938
37683
531838
413284
8715
878698
973053
958449
687935
164093
449513
992275
880232
158763
592584
138236
567848
135479
365527
994243
904104
469651
992112
449313
36424
416810
322884
555332
521776
229386
597704
997843
535749
404845
215853
580735
473464
71907
817607
370690
65720
250461
194127
555064
640008
539288
217860
334998
888746
535587
143148
74059
416123
98063
998776
493297
509336
560563
664325
286704
581182
337177
120191
898352
199088
146633
558816
390392
11089
153647
275478
598696
379601
928363
206147
747407
47236
481333
164446
142442
454030
213995
572214
821882
384635
126137
301079
867585
120107
980964
830277
101592
194986
327475
56485
17712
955038
147770
528507
561443
71833
994820
317390
284278
565903
419548
766440
671790
495969
677112
695290
199179
953112
644931
242716
174245
150509
547654
508081
863586
945988
758130
289001
62418
874618
855500
139488
384423
592147
923189
920548
218836
769942
506261
235411
926272
484533
398756
276707
84135
382563
212053
520508
933518
28298
720863
464000
601185
29205
143656
399594
389354
969640
958225
836244
148144
250352
657944
701010
510826
810132
24302
345084
998878
56714
801174
808970
522907
293575
952438
19735
88975
963342
151678
969544
488390
809258
616946
134662
704
994615
712789
600614
430509
75098
626100
943530
376007
912208
391052
24481
479948
44388
87961
480745
393495
121658
154300
86677
897754
854921
4615
302249
283258
392166
553448
280002
278215
783163
267185
397779
539287
527318
100096
807882
738622
618653
854352
98321
13867
792224
91610
390896
182370
333575
917097
984847
362385
672362
212217
362265
993234
716544
49803
944189
312636
621230
325256
417934
952230
709633
775887
594378
441913
598007
635293
81464
685105
356088
259288
394218
337584
855714
675640
723362
765055
782786
367571
507345
216546
605982
387
733627
429462
576750
254965
150582
392745
998124
639697
47504
604214
2177
989889
485904
48252
462494
951264
975893
440666
912108
500609
472796
60778
686747
929177
604765
230199
233303
848458
459156
318748
912281
566861
855965
128762
455898
352186
213496
922837
242466
227703
450349
388684
638078
489723
291273
334707
624591
728382
932550
869327
475327
142591
101000
662445
95183
732977
344964
696991
495244
497731
949627
989972
517345
69899
245348
943891
251973
965774
14824
802772
86100
195246
692423
703611
116540
708848
58328
866161
94222
139177
446189
649889
748020
755206
969365
132236
487106
713908
388411
911498
721381
422322
765803
232798
907896
436849
841781
129908
519989
730084
522666
522233
743816
104938
191491
557591
781759
569942
719074
566412
715294
513175
943664
111974
506960
611465
838373
351965
224119
483095
254949
354061
376548
326154
200712
209806
696290
917875
573618
205297
184301
809073
539489
371546
243840
744224
499398
790965
292364
118430
93770
16406
854212
956795
953137
913969
320917
271868
774812
25586
844148
496972
821032
496699
897295
973632
439796
989880
351653
760005
214209
591327
442033
624809
345778
941065
425345
642114
615794
481384
972134
189439
62452
891301
256260
775177
83606
304727
591817
732373
703583
794465
205691
21449
264935
952360
881705
171912
632854
565871
937091
292380
272580
706066
501318
216639
660864
323932
697615
141702
255020
915909
176273
719147
554501
186955
33698
430837
229505
808939
589039
943110
663953
737596
591696
490049
672518
479849
2167
104981
138576
172873
594817
648171
980129
902045
255919
580392
531952
411173
727854
802975
4185
34975
284242
409687
901857
389021
50658
591667
938456
463553
872780
439684
832215
736984
89721
612328
405097
946001
448315
604764
3654
812441
455587
283238
572986
727764
49392
219992
23973
570041
243489
426817
107355
442890
511916
652918
428523
464175
857991
493752
298429
961518
710563
312514
732437
613513
480760
458034
611508
823413
576571
741329
450973
142834
296045
262273
88629
647307
441037
777218
288580
447404
246766
794848
820824
504667
833955
291389
821960
408405
377750
648247
824534
379270
333752
739701
729966
127971
18834
160723
985931
351080
89851
29992
765881
26153
554978
792624
810997
952983
192203
644955
466672
411090
376535
95857
878130
42085
307259
23712
871580
904867
981011
26595
701702
327899
318031
406993
614918
850682
555723
662528
186258
492222
972925
343060
158845
990547
810056
943847
909725
299596
90861
920214
519118
345215
165985
584422
911695
952573
86393
326994
891017
316780
406529
524402
419440
688067
58605
556681
213698
314530
654567
980267
498221
424204
376199
307657
346317
767554
900897
811163
662483
817277
61943
660776
309249
534407
578383
311669
696785
976374
643872
925576
540214
528262
367078
354583
919098
605074
663701
825490
377926
971183
15913
610826