401790
852987
384899
369176
946289
799033
545782
910480
516852
131108
247075
763935
786954
835865
482276
842261
375579
170481
465912
814706
282743
119900
89299
103385
814779
400470
23439
687635
843468
795657
240449
997628
461441
877119
917159
787022
611869
127170
589821
380615
131833
731347
939438
844858
177920
420995
488808
909232
36692
322928
717192
742456
56911
52959
999028
261330
502308
413939
805128
826868
115107
952456
694504
740023
801691
130479
894581
125857
242009
226886
543835
935183
371727
253682
188550
375935
346513
697148
472116
395960
954360
310341
767462
798550
228393
238183
933424
709750
422896
186730
885296
129658
378565
264032
606107
102265
210801
934878
669491
62726
653066
992919
683285
985051
992026
371094
357934
855139
292702
414167
498638
295649
508522
741123
990548
863424
55402
838279
674633
774391
92227
941712
990857
630232
499735
999013
811676
127094
714216
839008
820132
835313
156756
724490
382574
857824
827518
724498
883946
666649
656397
10730
309944
93535
750926
186559
730904
837417
827253
834515
665924
263883
603649
839480
256090
653828
201085
704746
938736
671331
626594
201098
183116
424406
690714
270003
581292
711504
111647
517307
178495
798550
189570
913160
649143
734951
716872
8012
607158
763334
170735
507614
183205
743909
166798
775286
326756
762800
472922
381893
753435
368690
944261
339823
477999
637224
703424
184934
416593
699297
735265
142948
370032
547470
542112
377540
966862
825580
882876
492478
540336
629578
850939
802750
27247
704505
874766
308767
75308
684496
947282
236745
13281
728409
819891
929891
76498
578716
757355
350391
378018
447493
859561
12322
781249
494132
528396
296820
921603
903842
479374
750890
601420
719595
579454
26117
445736
591228
729061
886534
472759
642585
198282
138633
50565
307723
246802
965883
396536
540069
141183
55802
693858
170034
435673
28680
343159
302333
191210
936746
579800
461821
694626
924771
1806
765786
898779
556424
903058
180384
474871
262976
202440
735551
619558
458842
991820
438396
87108
585227
375525
824248
880095
836610
560087
710619
111190
517162
229525
468701
666524
185852
959314
234545
151900
737405
870392
204919
822555
883698
432603
628713
181216
463140
816758
228169
196369
191610
445345
596911
844966
699294
988745
140720
30821
797059
672437
10628
965277
329567
281415
492809
185212
305333
557938
212448
353357
853456
967289
133621
230738
59724
108703
349085
383098
899661
709105
463832
550592
171539
99180
295349
423072
430374
443596
99541
574197
734315
926386
968199
250740
6425
827825
753875
955903
226053
962421
198930
418983
337625
390864
666554
103169
622691
380258
983160
650403
304521
568421
980022
166332
904411
979091
494204
273549
973697
48372
722290
743240
39507
788679
471044
549443
693896
563852
568158
53401
979013
580460
248407
91166
11991
776518
117482
722748
816124
235159
972830
305902
381660
614149
848648
825817
87253
455176
491495
591618
23411
482678
425069
456944
808127
27881
767325
763487
327982
95823
378831
507102
682619
495437
183889
665286
700495
872016
838376
134551
214171
263411
436788
327408
379400
812550
920113
943851
726790
326401
589145
863507
748993
746437
228199
977282
531954
24971
103031
727452
485906
425963
753866
917602
194665
67979
629925
256819
755460
151394
289176
53413
135428
434152
79260
758140
170963
672476
433430
444485
132018
332721
578424
808082
511534
819222
693703
782931
426417
860961
25527
352972
7093
410327
856114
388152
301587
203610
950519
16762
983034
32304
376543
815676
966459
638444
807484
279143
236928
346491
814426
793725
448157
486349
729319
108758
204863
482077
486319
907125
87616
459423
462975
35206
707165
745797
488747
966710
705535
16111
529196
818927
64373
832429
541793
215023
940611
92465
192182
627076
709716
295510
273058
191718
368778
211783
182282
266160
774006
298381
169091
801596
959203
140217
772405
30299
639309
71402
196250
471214
354863
530300
871398
742693
926970
599246
215937
669905
408289
284461
120432
206759
705553
487714
621521
692051
971070
788628
778501
757430
391193
240860
491688
631934
645278
809892
596347
160161
448649
213178
555235
923574
310824
715127
16330
766000
644428
646150
991204
824119
529817
618579
677068
901925
620349
899346
760652
578650
343741
152233
456060
152764
547563
510331
142209
778894
647604
563282
688119
324716
692246
445224
102569
785120
252014
72530
320189
835556
835439
929226
708717
126133
976111
537047
480112
178833
974683
647899
968887
153421
560075
480761
921106
669396
613105
549665
344563
189376
850730
823673
578379
955918
382903
476073
675345
735362
900549
523907
516129
761750
558504
679438
229953
645344
633702
502766
983102
453503
26480
107057
924917
265153
254316
107384
884909
166485
116077
118656
886626
867943
849668
475916
661277
861022
400496
353137
133438
866670
86000
434109
629276
810906
189498
359109
444483
899786
154052
878474
878620
620996
481855
261575
369386
314570
346979
735258
255792
479312
523365
80460
673841
767065
221702
570815
121871
262317
643461
157875
461205
938617
665653
867637
201168
704003
860393
357476
870296
18887
56267
182689
919660
815603
6348
887314
180155
418876
438901
559379
217087
841563
871132
445179
484676
850600
993587
858950
766791
971409
113211
168100
604601
917431
696982
982365
369251
894501
266361
461471
647011
917677
353984
660454
325844
111073
252571
938502
923084
52459
870566
527704
325374
97866
667479
863359
898688
39657
569232
608342
310632
629150
607893
680183
334607
673212
917399
237226
706743
89109
615791
261801
121673
158863
23078
328973
705591
641057
270001
14870
914496
428843
352058
639963
527442
840880
841625
23820
942793
298993
950882
637089
983829
563750
963543
429218
329722
896859
959870
57553
499314
629414
497742
621687
605421
924481
928131
887114
883256
757704
431185
781304
759163
293392
389108
353042
34013
665697
866982
534104
295682
89426
289962
531741
981812
878080
453638
54615
219359
305578
457549
26949
200374
730924
245146
80893
493812
289878
465817
936273
438461
708585
740095
369245
850915
973613
214362
991344
439236
54450
963458
25365
824912
58913
829551
374973
948200
926205
990757
261770
362658
420924
655370
438714
421289
354044
346264
34990
41665
312932
758253
163222
19561
220952
977023
763324
446873
356568
63790
329129
337195
410934
473650
903415
551318
34226
111091
848309
717525
666291
231928
480112
169958
635428
721335
759332
936686
30569
770122
137343
632377
719933
759491
350670
434720
186090
36310
169735
991748
25763
311157
628785
896758
503425
285561
389620
142329
669528
605435
974969
510239
370038
969731
184509
512527
47992
917592
713144
388200
452936
889270
58084
669056
792246
428318
284396
968070
250994
937095
271730
277381
37732
594802
269309
900745
214120
527323
429950
120028
591785
640843
303165
452649
208473
747211
327525
322114
326218
373107
599208
486973
855468
349216
982160
345657
751523
716099
618916
957118
412036
896086
597683
237891
629165
384235
543295
678025
827582
112221
606473
696228
72248
140839
566006
98201