576743
678919
729830
799868
566423
304330
616984
902150
686578
385704
978669
642120
125301
272626
52797
483083
905109
681660
320228
582827
428442
142809
500022
802081
215073
888102
826444
629372
819988
683809
92887
914875
733763
22823
526938
611532
662199
40018
421186
558639
957948
490967
585952
711231
134103
143145
113007
118051
328175
968835
643400
381516
304631
600198
317911
295032
85137
609529
855214
846163
577869
311515
750717
798569
640740
949336
418111
621314
858113
322739
206053
621021
936547
143775
613963
750558
32357
664647
703824
717318
512230
412186
658909
694848
617884
184737
675766
153463
256714
819792
892373
68685
672616
624488
853215
40732
64644
776131
91150
663949
315873
446190
766289
822000
870851
878758
943698
452799
457203
163246
14594
726565
785465
981133
969810
511048
580937
177871
719642
459916
302319
613597
420816
53407
684122
380074
819129
444817
803330
136343
945470
22019
715500
11840
113219
180140
831486
253285
56679
919686
113170
550419
223005
533825
855100
765739
684229
829178
288607
614621
871296
36410
496008
694814
348671
810064
154686
148029
145883
491498
444335
151421
741510
114436
45370
383034
655445
469595
532510
582814
746871
912955
624712
339605
738259
501717
691180
274557
189777
472615
632836
862682
133847
39167
759669
236830
846219
977641
566552
452124
777743
495892
373656
853985
500154
434911
642250
389095
629518
939835
402711
926250
82596
355327
638747
912807
694229
249668
660356
982482
177960
152525
467728
451528
647441
803334
859309
992900
432803
450341
569448
161748
723983
14792
34549
860672
652137
740436
481339
279422
780598
285370
906889
321287
618449
81487
177198
37196
692629
186140
909683
128606
918598
781343
24588
151511
494917
937717
851343
656500
313745
253568
458125
133502
927047
503889
436311
294988
437466
489757
716307
927596
293118
865479
117148
269768
857206
839052
239531
631710
796174
290859
401
764064
784236
36248
576959
302964
757470
669501
778888
471676
967258
669901
899897
102810
380712
224999
913074
960162
554829
531852
469333
285477
971450
173937
534187
473033
961746
539556
655292
783654
771745
147038
791729
49891
24560
172637
355665
395303
820313
438979
618044
93398
981361
615073
912180
825514
498256
403289
132591
761996
61011
44411
871146
87311
670566
558737
158582
817268
716958
759422
186649
15308
583555
223608
574651
804869
790809
87606
713850
896125
928346
744279
474190
697911
140794
263941
90030
469477
730615
634508
355026
381718
520310
722304
351061
803826
976708
191824
812085
608863
741661
490941
880933
800521
136309
407439
455709
303384
410191
633424
542012
330316
991815
236091
28269
343084
763932
926472
83682
256187
434557
542208
941743
198831
403947
216066
177021
846337
138043
288813
708904
59759
950512
143246
673168
331317
268374
785572
990787
323272
910296
181010
933047
609146
641979
62392
233079
578766
289695
173712
326091
352354
990836
684974
114096
463967
739484
820371
245636
20847
245336
578725
276998
22798
265926
793291
238623
534497
994937
677443
68904
443672
793510
433410
97287
609376
536772
463174
259561
307134
114469
213766
10468
11519
172365
713648
962216
721739
10236
412505
122217
232147
662610
23704
229362
977079
579986
686827
95338
338237
1173
917108
46002
592880
61429
489273
527537
2354
916470
615168
693088
893047
679014
517773
317823
965646
762371
778558
703802
483587
304685
640849
330824
437921
707807
788752
885322
263309
966358
989375
956674
188694
385407
385473
128735
846199
489275
156326
414117
333121
409351
726575
979757
524394
805382
695885
894498
66730
422568
186745
192911
150638
715894
363348
894298
852842
583458
461448
741816
569150
142208
787210
333846
816601
652280
792518
8256
473791
150308
514856
309899
349513
87364
381788
122673
822451
283827
623241
579716
178400
811315
309184
678741
186552
990921
335995
124300
402681
557345
521682
294688
664575
180110
338331
388462
253878
955910
709525
744011
238525
190238
731179
45346
581257
771789
136121
628242
702227
709725
815943
383107
317513
951782
738020
814429
540374
430237
151303
661357
428401
393163
61376
109979
387221
469966
573440
35064
100225
593059
851304
897522
943836
851646
121122
893554
169079
588901
360537
702458
482820
570482
57037
712260
45762
850113
693785
915833
319388
37132
426781
764891
640264
31186
754211
145209
877733
930916
846917
293669
39729
746298
608418
916181
231569
748389
463500
985287
943802
775640
336369
697194
247764
582451
272486
850252
111278
363594
682631
470325
711964
917137
243416
853268
321930
518929
75357
320675
65123
473256
937800
892302
607460
477165
829413
767037
629836
390023
563587
974017
755449
735265
600054
806489
455387
277848
657144
683194
340225
318811
403554
895577
160418
927434
834143
293829
784558
191817
771197
340731
402120
710348
300760
119542
206080
969337
853042
820583
850863
956210
66599
950967
52342
343028
537854
12838
799155
841660
50740
677765
778409
879820
905620
548354
783852
576270
522324
442934
70911
103843
579055
765085
850519
920537
567074
927055
372440
21788
790493
984551
338847
321136
521165
610144
710207
501833
230584
283482
318030
198567
563848
108754
82875
166305
995195
983299
51016
172372
910227
936000
909454
708236
196920
330083
116535
259062
295607
282138
294179
791956
57613
87694
67802
327922
692810
663382
111274
947898
548340
16695
756817
349849
453867
536600
163511
121748
893165
461724
703153
224361
317500
227539
918456
788122
503174
519999
136151
219973
973786
770253
576331
788907
157137
513581
589413
313044
127423
505382
473379
306425
495223
738073
176518
960303
250994
534927
74647
631589
142171
710399
926855
90168
469646
381197
60095
637194
26322
388325
810476
348045
268576
447574
257926
116496
710916
84381
330889
880740
964742
128747
429064
397259
804069
46828
814685
195160
134207
668086
156660
891393
763829
930342
776910
876444
436505
109795
344553
490367
664711
629062
991091
200690
527457
943515
78587
966537
742138
194656
142813
927426
1826
289024
854681
790556
781173
812069
195766
806992
557234
718695
427571
25011
665958
55606
849158
587976
820725
65366
784126
204450
656263
898004
715403
559873
529402
813279
995135
361961
207561
195148
96994
916115
6533
919741
949490
612444
401015
619099
491464
472634
124536
165175
224652
952745
299809
262070
203338
527101
196241
379195
597318
188807
798201
384031
691993
894023
485851
140392
948191
149983
779735
26569
534316
400825
280994
797451
564767
600686
650990
465697
131080
380091
717277
909291
96023
509515
567289
726226
535945
943123
796751
451859
662946
586020
916771
630396
35976
69953
291691
389243
878777
245266
879231
103390
362594
800994
475094
456763
782897
410350
126129
708413
661874
65458
869308
253691
942256
813018
978189
633970
603077
931721
454195
993263
224243
702554
586974
606017
254341
314767
26229
507624
994914
123085
956866
447630
604423
425898
649944
355389
746483
169467
873832
258855
859409
499830
393138
129446
407976
881898
57409
439390
893288
584368
787227
312681
842955
689424
102289
26762
481314
427779
704169
279267
288229
562491
25930
72642
195031
749061
591363
289177
737443
284698
488590
29974
87906
426218
255913
573585
523461
503903
2187
373556
550441
387743
639696
858799
603449
472852
694400
926741
963700
242426
276594
926386
300556
639473
444415
616908
30127
932670
373347
57155
506114
496996
456714
632359
910595
946461
705392
456640
596248
354055
589323
203307
546557
873146
769118
9745
566807
934940
2926
479595
796241
338179
881932
962213
140532
970127
947237
227825
263758
601991
171553
376566
850353
187272
751058
320526
950067
358144
645922
460179
352728
362813
332408
240042
104669
515912
785158
113136
474934
344326
795142
69783
906964
2462
346945
293539
750205
203813
928467
695492
856155
869781
326772
47910
444636
932061
675752
189200
998624
241507
264417
304350
329754
334234
889047
598511
371671
884823
338101
776114
704656
36853
935709
613872
292535
442563
937695
573253
421631
766327
973553
836502
371589
610702
658405
369980
919165
309181
960922
619613
378633
796365
906336
225418
516239
814139
718090
705597
341173
41525
557335
405386
471824
346231
606401
131828
503609
247549
360526
802881
563480
853059
641551
127730
26220
985737
27941
804905
188963
953399
107419
975786
552875
429014
201653
703303
244756
208279
986855
59114
26349
189940
739820
997261
285412
784702
775830
568302
380182
100179
13041
185123
717632
672159
497349
590124
985951
216602
152433
893186
32983
862098
981547
550822
984898
589155
440840
439122
333146
150496
728358
236589
882791
575682
288570
177691
651621
473705
919173
863920
36942
738820
485075
226395
825784
937703
393896
922489
914275
610159
667975
418735
923201
950937
659789
763195
249369
856800
200842
582725
476111
120889
248534
154055
481360
635468
901128
492310
27983
824536
987899
276576
98621
169358
309674
89366
746049
612852
4423
885281
770132
832837
443179
823918
103726
859517
523531
603037
392424
279188
221052
210235
886823
313975
783471
574838
431035
396536
8043
946472
27456
469016
629494
952713
185348
127115
964074
195500
19556
903023
604678
934396
855756
435035
142650
874587
919894
7046
603792
328428
542021
957703
529287
51588
188522
756858
406630
868349
551769
126056
461346
795291
872533
440155
657191
748620
647999
788764
120670
77589
887055
499047
105144
104953
114531
625546
40461
575127
397377
898000
175949
411685
768292
884782
817770
468072
556117
677389
186074
18867
297339
230545
473024
583680
99337
602815
769693
301716
553547
734237
148001
482301
555516
70337
333271
145093
678839
295967
83637
333490
71278
677792
604462
735654
193890
30835
69097
679865
107789
122333
591698
884337
428195
405282
803504
436389
511727
334371
520899
351842
920417
158647
861721
722710
714732
8049
565702
899759
667912
295110
205621
376233
65236
938430
437604
39992
354348
681154
432225
243575
546593
825531
152448
705149
934315
33719
200120
598046
385398
455382
539637
312548
203835
334196
525578
280840
303918
418249
310497
944490
235685
953423
889761
413564
420527
774185
752186
617464
808425
22830
348438
779777
52057
326062
363555
862937
208053
836899
85597
223194
921983
410249
999382
92383
31182
322092
102390
660205
528319
365075
339363
469207
868647
857398
982779
554372
675165
87255
748281
260226
998460
981667
927331
950556
421789
336414
843757
889360
466996
772870
496526
416331
953153
697881
337989
166184
187341
934462
755021
488345
125802
363902
969876
412005
933692
873989
758250
471274
693006
143428
593955
456118
360721
309094
572782
687043
463070
360641
742528
724896
426809
186093
271836
521950
894720
552361
227415
896366
850056
946268
597359
869365
883466
124505
597713
842942
475972
425022
230079
815647
742844
377746
519991
834952
685761
919081
858933
666954
634464
562530
397303
227627
224092
206865
491277
664576
950741
873606
793449
104209
75275
557216
695292
986478
404238
544224
478875
597825
266746
11614
715978
882674
827519
450169
164615
864799
728765
475052
656160
42130
937414
883767
240704
932033
589227
400725
163891
538807
567612
408035
85439
891148
532507
103677
317682
954539
123480
951129
761913
162002
101235
988583
650942
526379
263015
551240
168225
798280
69905
226803
507058
416078
57848
412095
957770
57778
269235
667874
166495
449351
138180
179231
796013
710063
490175
20596
437346
922589
575583
597183
770158
804150
346469
588864
650725
324665
507562
957748
18116
868857
224687
97406
252410
71506
757775
999486
893181
768499
700622
392584
432149
601068
955834
168606
230813
686568
50960
53407
482029
426389
910577
401405
533944
960062
739144
197923
825315
994356
240738
838393
143204
737116
4310
20137
907167
447864
516893
130298
708481
680595
932233
842619
388641
639007
418614
246065
528215
190298
637162
719950
335384
990964
660726
943034
572838
866442
433469
878170
342417
56235
692570
309451
258760
187064
126011
525377
786425
868884
424184
39446
289314
622017
798106
818640
646958
438443
483312
350667
129062
656200
726044
22381
587944
983137
757133
704698
927863
444687
299020
143375
240920
750083
222635
740432
961128
72411
73417
577534
881400
520118
319521
80557
902642
641058
340318
553627
939765
144922
369567
921294
496383
655821
835187
409088
38101
714074
796341
565570
443726
434680
468592
983080
494384
199717
149166
309755
572456
512864
206901
661957
485407
676478
185266
344143
603974
265140
481842
862288
309880
464294
513976
577313
85126
218598
757842
986605
443086
791816
556932
544538
301047
778579
136047
137014
324506
828032
828145
810401
235423
340412
123930
121844
69832
179773
787875
525761
894594
9603
949395
540477
548754
202757
774188
49239
561883
403147
48281
981527
519937
723826
766133
793369
798581
254605
604170
619507
764606
22037
982415
705585
257965
795618
269418
745162
410115
166250
569495
44176
628786
136496
446292
14604
884941
56891
883010
359399
274615
118550
757146
452421
196486
769522
116415
839869
385447
360832
582519
493904
473097
47895
280771
434413
707998
473909
796076
601559
961719
44133
789571
409528
171064
663364
75296
241052
922584
653701
152505
252600
972377
195649
416806
251743
112327
42816
532094
81051
943357
448974
735273
896979
796964
215962
167072
967555
258152
521861
674764
129279
486115
721161
916441
841492
803391
622039
11468
855589
829881
840656
428097
876786
775051
708329
276702
237753
369796
864658
685933
526296
318838
108178
479091
313350
85242
295827
939332
612901
280489
83491
54846
472073
926750
82127
268944
137447
382414
567428
425024
572786
777569
225724
292671
713709
393066
544810
788704
736424
534948
365571
765747
790520
105460
798808
30957
99890
252491
181350
78830
71227
191237
996546
874535
66117
535029
716419
908018
790637
246685
336301
654180
835426
627400
967417
520675
759589
597127
228937
342461
253361
888534
338191
490997
337336
676065
736238
706033
260148
592269
805703
829210
741864
45511
738790
721251
476925
246293
895557
778302
358335
373892
56083
628009
713921
870614
814825
782220
955780
937942
991468
250749
435715
926975
339808
379401
972218
464990