49974
204012
959496
574755
218282
308589
559982
354223
672832
754363
414878
390298
440060
299834
123798
237412
789057
610109
971310
175657
308664
390667
602643
651443
432345
869153
202125
499665
708487
830321
788882
676423
692863
714880
839066
177625
200346
129944
819838
796318
794573
486930
377575
380420
817098
382176
861238
292524
961680
766192
581563
844769
384709
909411
707721
584283
609360
665421
985314
438520
28931
557127
523048
894828
643922
766895
740167
584887
777743
198712
192677
872194
907572
398503
403655
299552
419712
268181
11371
43578
52908
189691
518733
844513
28429
387184
678469
232164
382336
98650
80768
252611
813185
402738
823502
315319
437543
352169
239940
226623
206025
402049
534795
953060
374176
989549
836710
166834
345357
520867
613722
165714
406914
951991
618020
330998
366257
611763
527251
889653
860054
908859
231864
380589
157638
88730
281468
890031
608788
262230
347905
817246
496422
514530
688698
659426
946325
21132
501783
63327
718897
747173
750907
181275
162008
486877
510772
190471
339388
711958
132036
687040
365590
940896
558445
550079
276419
115460
941908
785980
342812
776490
295999
809610
596510
667884
304388
596454
477462
765884
557905
148619
935769
630181
432430
757658
25043
404011
539524
618417
9443
752346
182685
450698
273234
520423
534363
919281
869564
919294
312312
807907
374274
600729
578613
99108
820872
70717
910659
339312
884452
508983
600632
927426
155148
211345
728466
255166
295834
552408
923032
948661
114134
577994
377244
813430
95401
79880
215016
468575
741177
279831
621486
71137
136747
55567
242630
977773
531763
978241
236380
668526
359491
299132
14589
766191
43107
422720
153652
524857
141569
333914
171319
732471
872927
909188
868228
574819
819549
34475
714888
642120
667592
977133
328346
924428
162138
514942
427470
338381
69777
911994
781786
55328
832024
949533
576005
659688
765785
869181
300875
956401
121225
266678
750709
67654
42705
686155
958915
311586
495088
908148
935089
239455
515545
698952
880699
122821
730098
94587
155122
128550
934505
129576
639768
397011
680656
288863
305254
247623
232551
860659
725064
775925
959983
798635
998867
177668
223436
663795
49631
237934
70298
709558
540891
557103
610328
197950
724040
250494
767439
590507
370189
54846
215204
344368
567162
2279
695070
662252
569392
81235
589166
694361
76974
593869
573638
370979
289841
240710
413833
256405
834042
315905
479241
558052
189272
780169
353961
698936
560336
393612
997547
667452
229921
536881
271459
695264
306034
826599
287936
682262
434701
139897
960948
186998
486981
202836
343019
731638
449097
468832
817019
632404
745441
615728
978676
559647
6447
623945
93353
556082
856815
63179
339793
297400
644259
911415
663850
966392
154976
957551
956830
229858
269220
597720
445937
457014
198866
625443
638396
498754
418560
437030
896193
59063
653037
926175
734972
933003
315419
225511
238464
160157
604761
367888
558952
448026
65874
886459
334609
56845
790389
350183
996144
705388
595293
840152
358056
956807
453609
412176
593900
974159
171654
662353
680292
497229
808248
614906
661024
385401
613505
285335
630473
95750
328294
436978
164614
21186
530202
245375
38294
700406
337777
812359
459003
529560
192100
730583
720280
754964
623172
189236
131935
206850
878339
433002
319655
446052
40984
738828
503165
738718
799885
458876
159940
548497
343168
93078
560601
41387
945487
800980
22443
435275
693031
240114
369176
894417
448204
126940
7795
68480
594292
456394
237591
306464
320152
887434