4292
912531
341306
468959
137631
83432
625960
663976
569882
59797
532730
825949
70667
986101
969388
417594
564547
175380
637085
953938
500387
150507
256958
690848
74023
749750
447206
110252
962822
971188
738307
703063
291186
435002
967020
555459
456698
804021
255698
23777
336527
262394
344788
331288
519460
570955
591153
44879
348846
659177
336151
289815
199947
301585
1243
640632
759103
43092
823234
387799
838617
723798
568572
61824
818228
958435
666544
693526
287129
250601
64690
923412
714626
218518
44626
278335
297274
733647
856270
998314
28832
15561
666215
749029
234953
710216
440849
17027
333765
966834
146307
994311
372282
211407
613039
741995
825965
781536
303948
838540
415008
833432
789006
386805
900629
74619
539383
656070
247920
726866
67591
800960
619770
651144
183951
629936
826370
31141
710820
734198
839390
456612
13486
973106
544015
271602
184160
413834
124226
143942
207234
578265
874803
190616
153577
490423
962349
939327
51913
569185
860076
882986
35041
836869
434211
372666
653588
335725
569944
319227
447064
527685
291885
604414
57287
831818
47675
108116
889171
43282
515543
255913
485847
168498
273078
207866
229256
827535
894381
636532
594058
634052
582928
759339
609311
464173
785340
760627
562810
840270
148721
939231
896434
487844
492951
778836
286034
813509
954785
185800
363469
2806
566735
258589
886094
57353
612685
930132
927598
902577
587961
468207
511423
400356
823042
640040
632133
111659
680492
475207
400325
644361
769776
140196
75061
335814
495871
756793
719442
998935
414311
98339
324177
298283
823311
987445
573485
516116
359260
459705
29279
916944
293558
990404
292396
794932
618981
881461
528600
617012
286229
491018
567736
127633
394040
519966
906085
151135
984010
837443
192076
916402
802992
568760
202083
228581
699066
502791
191350
889542
786184
746174
62815
615713
867080
897095
252436
493159
833629
196006
381467
483131
834523
329551
798360
423578
984687
219746
307527
678372
852892
673220
968388
302923
878752
742811
577415
964951
95925
554277
362734
821907
980083
297462
422579
747800
25170
786380
966269
443379
704141
165072
196562
408822
718755
285868
661289
141208
770616
427011
390365
52681
155928
632146
878462
20119
31835
615137
710338
726646
248035
877861
279257
586159
961282
782709
598750
299624
998585
99943
706153
220748
713371
821127
519361
802966
194321
5811
408879
642495
692022
771990
508653
300610
770082
557119
494270
605065
473604
330077
744471
745526
361513
165145
857147
519631
177369
687056
515748
825862
678304
912172
46301
985060
466090
360862
922541
474962
687304
122874
203821
584708
828367
385326
452539
63618
974239
762144
146759
426836
974017
164324
168650
892298
347626
126807
111063
497445
497244
243802
982602
455590
963500
957934
924317
980592
337630
960169
648473
374044
707756
310995
944361
698394
975718
914720
493321
194942
649395
687177
950750
445294
85813
704329
500768
222567
998795
130289
742258
898023
643696
451176
349907
511867
347520
411907
999596
992741
127323
203837
737161
406761
789282
298899
469093
634036
722847
170047
87773
62826
522369
175438
383239
222731
950084
352736
386460
890177
610863
898876
231952
351560
61047
301069
82499
421178
640321
4669
403343
215862
709
133421
374529
466860
229454
333070
137893
109768
193053
727455
918139
694393
867822
376643
189638
439645
457746
513214
861378
176587
695355
817740
279861
784380
188630
190494
283998
621846
765395
341298
203786
339543
854784
426189
497222
412506
725715
700376
399983
258569