235882
497584
88257
635673
609175
316523
436262
190231
636146
750743
985458
361941
729726
151500
92679
938420
71577
256852
771123
854027
231079
126687
289572
826800
906701
474973
87803
95911
521113
680700
773561
471077
815295
564862
664022
819199
63743
266997
381872
19124
739874
688478
709024
915155
965666
803992
284521
639755
544873
746431
134858
324109
875634
598826
293939
595807
342476
809021
192788
649856
805437
770155
990992
971252
341699
476619
108880
530859
233270
921878
713909
335890
984777
701563
783845
698229
90735
846303
682311
745615
293146
667444
583049
487152
462110
621557
592926
23049
440308
707771
31814
238551
188187
615935
238021
287466
719385
816557
220341
15057
394144
626465
208631
295332
971083
778112
500613
327022
905543
183414
758627
948853
255439
315143
624308
94630
779983
156948
660201
687394
506282
439597
459604
599455
53399
433613
767131
906940
362534
331062
117959
721958
677089
394474
483900
682208
925837
39619
430403
642482
184016
6640
24003
385264
772268
662924
9359
753125
466473
392668
818201
336221
355154
616869
621699
650700
954773
420328
623894
876254
336078
446203
818636
619036
707933
167046
803975
709687
222323
967126
965989
438901
310828
520225
887467
68405
917782
423767
445342
771936
333009
477025
423344
538798
13326
251448
885207
102226
414713
562405
360378
634116
281907
181713
525381
366505
55224
913672
400733
188576
283808
914254
208301
37099
390081
556318
690973
715832
906417
608507
927204
196428
16617
679413
13428
966859
448133
255355
952916
684646
130920
496599
440524
714017
159676
916362
534905
418559
906391
898628
660672
710989
90169
518080
227295
542473
854450
114490
823071
87213
185056
159246
238694
703515
534550
456366
682281
789478
516185
488192
902590
228218
38020
807058
883087
58602
805643
197499
54891
824980
99804
240271
311990
851955
421665
364158
217025
111489
480162
985865
490100
517639
697800
46882
939624
617474
712892
746784
351185
178803
421678
766108
344216
745092
613234
88491
694663
432850
208004
689399
509278
187483
803628
701244
510147
221958
967229
549405
188629
903049
386103
40160
533921
708090
836236
443789
6381
336950
67456
270878
653106
348328
812009
188579
502440
845303
586134
281525
507577
220046
632972
329300
818647
701961
34220
189792
792681
668217
457328
499120
361312
391124
373332
662739
37993
965820
562321
327905
24123
365930
460548
123708
975311
316471
965102
557544
416944
835911
859732
323333
491496
931026
81799
589541
586842
420880
403070
557390
161454
745153
243103
747277
640294
493078
928604
18101
816464
898111
635002
776435
548564
206866
726381
307023
402221
588244
130400
245185
166132
892264
933777
201261
18968
579857
435032
881981
328106
503462
670599
42074
837909
882641
900077
454599
374507
575619
986549
750810
306074
425144
623916
527447
954045
955874
235872
973930
333007
660341
928867
506881
528890
592270
990319
92804
22925
740097
993123
133938
149517
718717
463084
557145
211170
823454
310847
726386
619506
112911
225026
160022
792011
344346
477770
878241
418490
727374
717503
226338
581177
895244
455708
144699
800452
6446
899731
72092
722572
598291
253326
506390
310405
550731
927247
207326
524570
144028
706936
380705
680129
836783
282663
713342
520232
181146
814393
786213
74510
682699
501232
592522
697967
702413
762223
328645
562711
52858
503458
320969
943128
393726
50234
734655
916951
844227
449878
421374
140544
338750
640573
483625
707418
153558
993224
583334
725492
944044
928989
241078
617535
502603