554011
102092
569383
440170
349161
585975
530938
322266
394428
513200
269481
899066
103368
58029
382183
67533
323339
603598
847328
737126
66674
344789
529451
750648
155420
467909
445787
577081
331894
51350
394421
46643
967877
536401
975484
560935
166402
200462
578471
144862
116319
972808
521076
426637
90408
608538
853205
241508
827013
381017
735177
129075
620763
940621
374406
50681
894739
489036
869970
596683
855922
941877
846001
39710
539047
566918
85433
633841
771876
756123
403073
605721
160932
112516
11704
315882
413130
462465
862226
457279
872234
541660
840924
47719
122849
612451
273585
512172
31454
936129
303493
794625
596740
331000
198174
146951
488104
299134
424995
59708
144757
459825
278349
871297
729071
806839
100794
324806
549076
196598
219552
750228
450398
683501
539038
208246
224998
268973
885358
324869
103587
389816
661175
310863
283023
869620
74175
91811
614762
165708
264190
572476
590104
710820
994574
336008
42085
93622
292286
411347
498729
924046
311429
709781
996487
379870
792915
796628
848527
561663
948547
254263
235907
641157
762477
939305
473399
168125
840985
282022
549265
825542
950158
387557
506288
786377
328776
477602
911146
353302
700039
187847
845229
335132
788932
929398
30534
52421
410751
161782
417664
861420
589875
228791
58853
966140
839531
472899
819936
929510
836974
436356
833858
253310
841622
647788
363747
450227
657727
644
604769
692393
1242
850389
428164
100021
867937
438317
212674
258292
643109
774350
822621
127048
645251
798649
607274
958960
469493
8978
620398
86211
48836
613104
706977
16009
652188
490563
924308
643894
808504
755234
50734
952900
848572
4721
405970
433388
818465
118508
939101
845888
158346
63122
108619
760232
638582
658992
130169
214967
320207
825864
277189
682473
979615
512927
11857
354427
42402
896224
868071
649895
150070
525616
303542
893243
770350
836239
867003
471765
130503
554343
802555
492157
105010
969013
894316
254239
323472
848529
749427
801315
222076
154331
659528
727723
449665
248836
193399
902568
391724
157622
824383
534041
536893
881441
280861
896994
496759
627491
541795
329285
385559
318419
724545
846847
774113
893035
869029
927233
431509
45199
127679
479177
602305
618430
855965
311837
588720
357844
419446
532132
982784
121
548738
347041
362769
644202
863622
49357
774042
266914
416814
384335
222933
468068
788562
836250
511898
427240
601115
482019
16138
733472
17855
615550
728994
473061
313767
207764
728175
730691
724914
129283
914592
551710
569171
572498
466679
318207
716054
126991
702874
523327
900352
891784
240646
118286
941267
475810
683427
996000
72304
3225
388658
305206
756439
108244
383010
543620
335947
154276
33538
332292
894801
849305
780882
349079
76694
595841
665202
38611
469360
955582
401212
762605
20733
760707
729453
937924
231144
809515
919358
600392
261578
944437
166161
868613
56684
255200
241607
27792
997867
756895
520750
807564
886388
754489
110104
612057
736175
190721
751431
196571
141689
648044
805764
495522
143945
75924
374222
173243
947828
456264
864496
152786
651211
454669
558763
383234
458082
636982
206163
934011
454188
970843
779958
492431
343170
478969
152310
717529
675842
542694
440568
868874
889044
792239
314293
949522
658184
883152
50030
78375
429723
119503
693180
430900
167897
727477
121605
725025
977692
205226
56139
382075
665394
234860
697630
630337
229724
374891
878642
294538
978995
904837
880139
55509
541542
2969
403028
275439
694174
750666
225872
422203
543362
383698
257256
942177
562390
173056
713442
77462
770558
122640
883635
24067
900193
187045
722603
575701
591017
522021
811342
166048
837990
208881
139587
689008
437906
841727
313830
359918
910511
914711
175672
336748
543629
826918
321014
54797
387752
612994
116231
932628
188205
325307
952270
425543
755613
547930
163168
300991
916299
767737
99087
748367
177727
857342
100965
935375
528957
264246
101996
919940
700319
430346
829610
307373
958559
67424
592235
973613
638129
363408
148726
705744
813517
65
820321
436219
469322
36512
707969
178165
594726
244924
841081
911692
457762
889409
557939
783141
812042
723216
204781
457764
979283
291575
236523
406388
985821
962834
742091
564467
698711
693565
88245
639549
344641
718772
888176
586324
233293
453514
298066
809001
491935
240386
303632
298313
460276
360526
617779
891303
34462
929634
403244
661506
460397
975155
379198
766578
782954
841425
704793
958037
374461
852766
521031
191312
422574
324138
693695
54212
734280
928429
673752
417231
101977
704671
287383
520188
256663
677496
180841
307144
760541
367423
402924
666130
444690
633553
469927
814494
301994
951409
31514
936645
230022
825542
435377
775101
856823
217717
664594
463425
728352
686619
985109
871325
369273
14311
354323
879576
643632
81875
919255
312125
576874
655997
677042
596552
647719
548070
631659
129194
665027
229766
524051
264121
557464
753225
939573
986680
892865
785002
69676
414526
940346
431147
913808
367173
53219
310062
787208
485393
725219
539827
718659
301178
792041
993135
477570
749144
25678
361925
608461
126155
338838
1635
857349
151460
557078
18428
26393
700020
165103
124573
459795
780975
415608
989935
374986
577915
279162
316488
892410
310875
997012
878381
684528
659251
241791
798632
690591
761015
55532
475394
730769
399348
530378
417502
63543
247291
276836
28594
544161
999269
855142
659618
824009
256136
33152
381435
344841
45429
50275
57673
486125
712362
707112
230037
95203
187611
555984
889214
663311
97560
178278
286322
73467
855770
832257
271882
423084
247792
117733
662464
214351
211265
953801
824589
170066
213373
347188
80227
104784
489893
560257
21572
240356
405747
424961
821886
337759
109158
563711
952323
6164
527790
532702
43625
770640
959089
56351
657914
766439
515064
261311
899257
855785
675386
793853
699634
434548
653762
263033
995452
225763
8191
983288
384015
794020
322280
632196
7676
372328
492682
676529
518477
497395
303471
466746
546169
555859
314797
382857
970756
215597
282248
48597
659825
138994
450437
170150
785573
686513
146764
623156
354842
387399
543224
868589
550524
142065
503807
488662
128035
728322
452345
344457
748846
152048
489551
372060
69112
426440
495297
599330
132410
238018
481555
248523
183357
547183
602261
116007
693946
758926
342158
823816
399696
35391
143940
208452
274144
691599
361003
940569
260808
414641
53544
39148
655995
622350
253120
550890
939386
533235
879458
236943
328881
722153
577293
892229
844976
932770
617695
495908
461252
75471
795068
465752
83570
357391
339671
110880
640143
341313
905632
814515
54271
878138
575754
793469
172552
729810
81655
667783
469458
292505
26435
345780
968765
816360
440042
480487
894431
633361
13719
509186
229209
35960
558474
911562
418388
966331
10852
14886
659421
129805
411218
442950
130331
39584
547156
817313
202089
263296
378025
717270
56596
76157
482201
36532
957938
371137
938398
142549
472157
314112
654704
173541
98251
15372
88812
615488
438731
516680
406752
543097
597982
678261
80437
922680
54256
567208
70842