46075
753893
44374
40901
541121
845981
628946
573267
183227
80086
636549
771835
231376
341813
437439
531750
113322
75744
263428
926508
747033
932854
290811
924886
412951
539950
512960
44174
258918
267471
418580
960933
662358
256649
947444
951297
772771
495087
288967
156962
219451
829778
46192
724815
149724
911803
197060
10657
372956
215620
415573
880491
224130
676179
632685
648644
131730
214004
860119
215092
852903
702738
125334
453687
151160
193426
836089
927088
40060
118605
230982
568941
478186
123815
544275
957459
497114
487376
33717
400742
189255
190871
711439
322359
439414
279590
531020
614827
273391
153182
481127
683811
693226
165776
125031
207373
876230
114196
165097
738183
802418
941194
728085
952491
683438
233131
784307
601403
391788
985419
120534
699434
363408
785837
575414
403141
486935
285442
898780
615868
316883
476352
139190
182737
494996
651932
280650
919644
958307
842723
659399
821432
574376
939706
273015
873038
622763
375280
273489
547644
856631
681917
500652
24609
573083
800794
907917
547527
287178
359612
287329
523758
482658
685678
721862
2353
938505
313546
722755
465944
11636
573011
537177
85689
232769
147442
991409
544075
660356
937036
92404
243592
877343
462716
148730
571966
678027
330546
279706
756275
637619
225831
316064
684979
585087
159996
535196
985272
495726
43886
79703
889076
68572
572728
725281
758013
500835
944902
490566
117461
102622
481233
780831
643157
203785
270747
125444
846774
601028
749833
440351
108092
794742
202712
630491
734400
117710
917821
412924
707736
740069
514014
606345
468645
754240
431654
932708
849336
645361
791433
525818
165473
667484
894164
425877
633430
283479
589679
344782
264637
846187
787635
588384
431766
976504
627426
392217
20872
91124
875463
891945
714310
626516
280491
280093
710302
681987
884401
683685
628574
383439
943375
520657
743587
544547
546153
687323
450879
356527
222155
721757
92038
108900
439107
341155
759542
272347
496537
231963
33536
816277
505581
235561
456375
934877
829675
311831
284052
582538
308972
143402
748900
904161
351468
100687
324878
820631
461860
410804
90501
68211
424580
645492
239558
425042
548175
629866
819918
244740
157010
185447
374428
276884
827330
621118
767454
68965
594737
558780
496827
137592
701485
1461
898812
779786
904501
285113
118936
848986
503769
87014
318938
922889
852845
767319
427569
608089
64233
745274
377108
938264
370976
706752
248143
61718
280603
77293
42351
437137
40082
483023
197766
645234
777670
115275
941852
893744
623294
208402
778738
434835
532700
506291
33396
608403
60826
434379
688250
94623
2214
792215
158971
260089
110552
82794
530511
271550
128076
553082
51230
384963
620385
430228
119658
291676
681357
662128
293687
643638
233626
695711
655571
677156
745024
840992
740869
292599
129952
347027
174678