670026
481091
978296
818535
891136
66994
820755
276114
677962
782803
406467
439032
786686
473261
924852
633306
638387
3382
900685
813925
949248
454007
391108
229215
811548
370491
158093
436333
437541
807603
552173
102782
140476
282729
463470
964184
691149
124767
412075
321341
105196
691780
558155
939065
835995
461010
493002
358219
674600
261831
837043
307245
169587
750269
131242
120834
955533
162984
984997
260892
702909
219244
93563
801959
312988
990297
13653
932981
178720
918340
558785
750182
367989
587843
406373
990963
133575
643076
523024
538200
995421
764426
179180
235292
465759
79301
758160
679614
454520
616782
753906
181117
293526
55932
815353
930948
525390
53733
478961
969713
167645
691765
618392
904897
298697
252772
350613
109785
761959
179543
654664
317811
587253
204629
586044
107299
816167
124324
649785
788421
262207
270208
725879
248518
712981
241847
63725
434123
817142
866852
619719
320705
707625
485125
332789
484674
11661
323771
310624
993377
689502
324639
222455
64018
438870
645947
982760
743865
500272
800812
198635
520077
369031
2706
376312
136489
294237
73009
357529
182063
108601
447207
694489
837721
668648
720266
436572
353629
810211
702109
66824
930876
124049
432495
828321
138216
319459
494545
438707
745232
197853
292018
235560
288649
332917
406617
694073
210970
347860
794173
641217
433700
333433
911428
900142
357100
757885
797975
913424
761735
514993
450846
822804
483873
342115
700701
906506
258473
184512
40106
252193
729629
97363
934154
815861
572013
873323
257320
57279
195599
754779
104561
950059
563358
815067
709839
471175
719855
704012
481151
132951
458867
471769
145489
346181
894594
447993
360764
244661
350410
860176
757723
885431
639443
369653
242120
331606
241838
179215
568851
41997
336698
810840
177632
771609
925330
949124
754650
180138
279574
906746
805783
537459
90965
882433
713738
462369
250388
288246
57311
784680
988285
420857
210743
916792
333799
618088
915712
502670
235902
214915
845999
454759
809935
515887
224157
139600
499699
358806
725692
850138
51285
672043
712500
594729
587425
299147
342622
995883
244426
648959
674204
445093
4600
165406
714642
745256
183565
112271
339206
112227
805139
354349
340112
781650
110467
696387
725949
234772
610292
643702
302406
366555
184607
912514
787688
78717
896011
56157
260256
646311
856217
59319
480197
706864
977326
515491
569153
148619
18168
678031
577773
719063
364639
45871
501385
828497
102986
958137
23573
391081
940235
216009
638798
249906
274088
564324
143432
387314
94535
799321
101348
377241
595637
525123
41647
835215
16467
316332
149528
404582
525789
240204
96203
597999
174104
576559
532974
261288
637016
54260
542007
288723
652331
730161
84776
597089
830310
789428
988776
220749
333706
822501
180031
543622
52305
737799
69230
668612
362843
641373
402537
487612
38064
54377
647410
526318
654961
63311
494419
919452
822112
50585
625016
134293
839752
501780
379366
132847
268043
574167
856156
395154
254854
730595
379141
761009
139299
311462
482646
240020
802554
97434
816074
443153
702756
558730
46776
92634
635039
543413
670413
447599
802903
840907
785452
217076
983447
650836
410463
244061
891659
433328
839288
435013
722481
811321
332360
866078
60444
528197
925691
318147
991781
855815
342543
870314
204462
431189
214383
41077
680852
710148
390768
700135
259441
139503
466151
263156
739850
136023
28196
960753
913948
92324
682448
751722
998974
151882
353630
102674
521011
398791
48369
846357
851982
478216
148682
138
677058
913835
841452
719684
357445
813279
501263
78792
374689
143656
151356
583896
382487
127807
973899
436270
602992
889302
332151
280900
136033
111545
110363
46288
178330
911568
108556
301582
686123
886849
868242
496821
196883
48306
69955
727627
543143
590124
612734
512212
494620
255195
603201
407782
475761
560114
182824
54040
298939
475499
791171
542296
553550
891948
429458
590556
754053
145733
438815
918193
136367
933142
328248
690991
147542
891022
698312
503118
671853
492302
674002
335761
353557
955692
834249
104736
588172
216915
849614
771891
173299
784583
434950
674794
606266
626822
592407
286651
419050
925642
298176
929987
895502
437675
549202
666749
1919
639394
367567
659216
677451
943081
970206
525954
959425
707965
819559
593803
950300
546501
932945
838212
858122
849293
728470
24830
435991
405931
501567
162927
388987
339586
941889
997256
907004
599781
349684
264418
943105
639763
855404
678550
636789
243232
961334
671595
913428
109365
330353
676010
570453
232686
743046
549454
203252
370721
791045
513688
877019
883839
15389
446526
276204
963026
592504
848195
638958
362022
741233
871650
657
855364
736179
35812
729247
703705
448047
717777
36802
5942
121657
870723
713324
722609
550144
477590
517927
134888
877928
689019
385465
920997
638470
281580
586867
782813
276087
425530
428374
340563
829533
195650
25763
732378
312311
548350
993022
746935
257564
675511
948350
309349
627092
406104
450772
995121
275795
771614
907733
116550
840659
587948
414245
646147
184333
316667
588866
407624
396243
894639
383018
63248
120333
307396
181738
9656
715470
670887
169029
365790
478866
489761
334589
807333
589398
647662
444800
187668
754196
830892
546866
44766
242586
637231
517651
132796
636422
739825
677837
463030
787744
673255
935389
740866
749908
150638
109915
861123
958986
501988
570471
485746
995940
807700
236082
324122
714451
1033
998886
12797
494615
117955
660211
590292
263825
495816
417912
980660
687494
797265
212042
691020
409842
577381
790691
476939
152966
806532
388842
661726
61953
800057
360154
717399
472230
938067
510034
612777
646559
63533
210681