958764
847426
386976
85413
662146
814395
411619
482922
299901
634416
120272
414354
504526
995866
627433
939559
55
937475
960884
363370
515954
724737
628200
192484
664561
270608
311233
381067
600193
702923
369011
698509
273032
191047
905083
477755
699373
900620
895504
140501
605782
295729
762361
551918
519372
905235
516280
13820
837372
646769
34276
226174
57495
386279
907028
244042
655448
187333
430583
632498
889317
841740
181953
709074
648143
500677
113600
417529
105844
926397
672269
331314
253892
836640
801181
765678
647648
534641
902647
871503
402718
948259
656512
467219
938153
699991
458930
263259
553606
555763
316651
841048
820721
471963
834402
107345
391462
511311
700980
676050
886523
458273
474652
881909
996138
2961
323714
379334
669293
737031
264106
185173
356546
160939
890637
613085
930574
277156
891141
225484
866142
357932
38945
236463
960584
103629
547480
436668
881328
327803
829531
638843
180966
195340
593283
204177
16301
623064
518890
53546
924439
577769
677205
344514
154571
434527
582734
25233
717865
755875
710545
376273
454212
320710
393308
46829
8974
385013
130537
3591
661202
652379
98680
319654
916954
13011
989637
753467
301616
40712
154650
67342
735234
985836
497789
84810
680031
258961
716361
118753
161501
280423
676762
827549
918621
784659
438818
364229
828199
761704
602969
245928
783855
622596
176977
190153
644473
506186
939175
423718
830680
15479
413909
912615
959826
114403
327077
869984
382431
62806
659456
365827
587792
579845
621733
281829
509133
518952
68277
808875
859767
10297
652586
471569
827308
609098
550312
436310
546600
362307
11884
843464
803144
694840
413025
107047
289514
741283
816017
517305
475313
681987
12856
531370
187557
551120
928565
691741
560951
224153
459162
602707
220834
937596
57890
677174
742572
754625
971586
317891
277899
299220
870424
59795
169381
406686
726336
836484
30896
346047
788102
387336
934841
950122
900341
399050
401664
474268
797006
47608
69375
275386
139924
957809
640203
856326
594052
639501
275028
505533
59299
85443
848903
251153
503791
672251
652882
850558
142263
717617
631175
259723
651399
266498
328474
930272
442043
442071
485189
666622
651828
649387
209867
538910
322281
939706
106520
677290
255637
799176
315719
237394
466766
516746
789054
184909
827638
321973
236148
913069
392778
422818
270227
491164
129048
651355
58937
78968
87629
500677
573784
834441
534060
441257
479932
781915
430619
645473
225197
523325
61144
704539
342634
971220
912840
429005
519254
131484
556592
212533
394031
816637
499965
105163
744888
978822
311677
856327
405561
855432
616496
789960
412317
314641
889849
863272
302777
384644
831983
758617
108
181714
657937
895099
144737
183767
37974
359550
388401
880595
672161
338863
986790
957827
775827
907617
223770
878939
995579
555833
948223
197667
481384
12501
36664
981163
505696
314713
252771
998572
344937
516888
742266
725565
443588
312348
734095
224814
285305
705939
468597
857925
482765
362326
835197
242515
824721
403222
941470
337649
859157
986341
886766
156316
15225
121439
150477
204971
841315
454643
808097
55977
883596
122258
723387
6355
618421
52082
573464
214063
639800
583615
465284
148935
828409
742943
889945
365377
682683
701216
763302
561116
408783
295425
644907
846345
236135
482714
487808
315171
312648
859432
78036
741901
880542
818553
283475
151911
172713
323952
991969
159468
712533
593910
902404
738091
910184
805181
279326
684320
90197
771570
107671
951343
795629
903551
885977
327548
64693
426106
354357
113769
299538
353965
188259
268461
910305
640194
421670
648142
223331
589003
785422
38843
813846
276908
487895
443720
715359
773478
140527
588294
221986
697088
386133
212990
950964
496531
362205
64522
819240
293555
605520
473297
358278
216182
189808
160605
509978
279522
422872
713627
415848
518903
135554
135598
887997
23701
139747
937456
649056
159563
172593
361926
197416
915006
55812
820190
330791
645171
143130
766408
345476
490745
352117
504430
158822
120694
848095
327857
200396
43468
33038
454178
741498
2343
713890
690586
371278
189862
806858
590135
598001
86819
711367
674355
15209
516961
418441
839906
539217
128501
224328
202061
257985
70216
224724
724985
890337
733589
147517
835261
994228
88490
179448
641631
103952
490065
389843
911631
668305
401394
820529
913429
64544
624214
401379
203370
22107
31750
664351
227234
217698
620178
528607
316998
673277
504045
280984
948352
84909
676149
752085
503663
211982
693905
983152
755931
554021
888308
848301
593474
597964
911486
754163
211601
568439
275777
686248
442478
626850
89504
1832
932210
978969
884180
865441
601908
858339
940296
819917
790720
717964
357540
491661
276903
110798
887016
648863
441776
608987
484846
118716
893228
48202
887057
515793
544423
652763
215405
850135
420539
58537
773628
874769
777982
483371
33375
209698
331419
384102
661054
732552
662142
457971
849350
535161
606825
523752
884689
139544
871972
959078
151588
811028
238161
453503
909777
250205
969437
401409
33725
443140
595795
774948
862396
843439
919435
675851
318552
917301
316927
715642
480689
694108
781821
473877
289086
548396
503033
324881
201265
478063
387258
137530
740729
949512
844981
344031
403425
645870
489911
345245
810070
177667
289211
898567
859781
687829
556827
146479
674723
893616
165604
634580
814214
963165
34754
183271
83441
92732
779866
656827
995437
760505
8951
297098
182930
596974
965531
440926
559205
383125
328887
202019
892571
100456
135863
365830
864508
962391
116276
827273
257571
661413
693517
570086
829601
558048
745808
612253
151618
649659
278481
891548
223975
978698
657309
586250
642770
445657
608457
112881
601473
568872
671459
615238
138289
548871
284234
876565
476611
779978
6874
963405
653372
874026
711423
841958
746023
159800
80363
272363
146773
300542
995170
164007
893189
557300
497330
892656
55070
109788
86209
968523
521241
964987
675582
764666
551419
280436
601593
123817
476416
213954
957903
2481
242580
760785
899262
394054
536186
843322
329687
616516
881039
515930
217489
475409
378857
118349
88377
120942
234842
319436
5319
973599
829968
784993
336653
459445
832478
66498
45513
209397
475605
765970
932697
307239
524300
213871
733198
988860
454464
182265
241112
946588
532436
632737
664737
532940
647673
960361
530423
484921
433512
528573
212833
318435
617612
317166
947666
455657
907326
844679
525115
823469
406120
419214
524475
302691
176203
513113
435954
761595
420059
18569
396467
449065
735239
441000
923672
224461
63511
412059
577647
621508
403375
613764
989777
32203
245424
566838
602451
452746
269054
335445
993878
773381
432092
469898
477882
766810
722482
339361
914287
784504
578801
671167
504491
198685
452237
491203
633848
535369
258729
737143
552421
882628
875601
215987
331612
994633
343008
692430
843540
248974
881474
217474
966749
629361
666900
780699
757912
719168
675624
523932
236105
605157
916196
325678
192453
741100
985162
445765
870086
427443
328658
913682
357469
416109
611891
656734
24774
759954
309312
42442
32983
993959
346415
865248
785171
268517
444086
263381
228187
936777
482446
857694
741892
82359
532762
346923
391620
708940
479584
602052
660101
479999
803701
611711
386524
359154
353336
882779
163027
163803
830452
437117
155234
280138
116265
481924
855485
19350
811621
914187
229447
35176
878539
316090
983204
392291
774389
805129
640171
435119
149750
688467
862779
976673
362872
881938
206117
435272
859268
566973
525319
258711
672545
567419
506488
586026
68435
925250
569823
737270
481924
562065
479966
693074
530625
278406
393580
717788
704859
859549
881857
632265
736238
86789
632554
368973
324926
173472
946556
565667
261564
205016
942501
614330
687593
122329
201630
754620
510610
412398
265788
480635
168761
555196
196326
376826
152724
195669
851937
140566
466095
839418
763847
683856
396140
876656
695383
603704
429995
964541
882277
335030
607044
950015
460146
364472
447217
66154
51286
823603
96969
787036
286874
19672
347175
323871
150562
822934
746729
671034
880263
216581
333396
345844
528451
288886
211605
502502
759877
859860
751650
722236
139621
668022
682623
279496
555634
586181
671197
578754
936358
210821
175197
345184
114363
109441
334898
234510
980375
954967
62052
86923
701090
270685
240176
887519
756856
849071
163597
968316
772730
116695
612041
122417
143039
745687
995858
563717
536872
105493
800209
694838
872785
415076
593521
190606
665380
981227
796798
901790
723143
525812
532520
128282
60085
858067
448614
537361
223083
693233
305783
851079
662136
680308
12995
435120
221431
518092
620000
917387
126106
406301
265266
155225
122844
72196
775018
469113
564312
114312
668910
824610
348280
292447
883289
754492
424774
428634
820633
253787
116318
76909
691063
292953
121732
992351
488436
137422
952914
169482
547278
370927
643594
613072
515810
375424
996682
461019
964523
361335
678493
226190
374696
800303
415277
785229
313116
165509
686743
190885
554927
575763
20631
953754
276210
779463
751714
397260
668992
920735
55251
565189
70208
939587
860029
60321
130054
593470
216735
299226
128345
405338
12789
608560
75343
924312
697387
224177
346645
765705
501613
629674
106059
113292
517785
5802
899276
478181
724118
773359
104395
729333
178238
618352
122072
430364
612343
354182
331138
233192
37791
185336
993879
865144
933861
616354
630535
171889
930997
62464
196647
958428
583435
805212
700433
313563
161897
92690
686056
265286
485155
508029
379833
193319
143640
220160
998269
179469
859323
118835
422011
995793
766415
683367
356490
272483
302385
920792
142324
663375
79695
931630
828983
520018
87799
240560
223653
538899
142602
247174
209195
861696
720079
402153
941038
256326
603427
573545
331153
109356
566030
202330
724243
421581
101426
504604
879126
720112
287773
144390
725818
413382
305789
508335
53864
419007
433011
590360
515435
453065
189248
736761
494584
173414
100380
434982
246030
968744
661925
57694
151416
520076
707892
534576
468272
408945
37260
593675
773662
8243
319788
96480
764861
345320
711236
652022
836191
502198
726340
414410
905095
752080
810767
671648
198644
708747
580942
425578
625597
671905
883554
979668
817431
847361
391025
477418
540404
687120
326753
984679
524038
993472
461027
325275
976290
371595
949543
915063
83135
240397
242797
765176
56477
588924
613052
613358
247362
199749
126699
5608
470431
315075
780828
922239
710994
671390
608585
343227
344773
631742
670326
208805
745843
209067
596166
433962
508235
993859
188842
421928
69037
439126
829108
814744
766033
408162
82826
213337
97159
300518
505589
70485
610648
483557
753369
946130
408588
594169
276863
307479
456645
583248
948238
602808
865673
302216
493017
196992
199837
197859
266066
55419
82828
780071
909275
361117
455879
539861
899965
983058
457510
587843
314801
58211
21965
788504
892700
388482
946089
916644
194841
653362
357978
24410
597486
940053
806123
193578
131295
825940
973116
253887
290401
593701
549249
941970
997095
341244
38243
588969
167257
930576
700804
409776
818595
124808
207904
386098
270762
966658
42639
217140
479704
312256
964326
777070
678936
576880
974206
53799
34014
35543
418956
360876
888797
23577
790831
199404
842972
125287
638409
165747
815779
459397
54084
814529
888591
696503
6774
825735
192325
609095
156319
180477
827715
670838
815759
508963
892882
888829
288101
35026
670360
455550
417138
163389
966154
353612
910843
339401
858750
46547
558237
346247
731486
35686
190603
163786
239289
853092
460211
994858
283955
911621
276991
812051
152925
804870
993720
325130
964703
287599
507332
753982
573778
130174
15888
144967
74858
734322
349705
219453
340368
581813
196291
506551
671886
150502
988797
728223
798756
735235
73788
39983
677687
688
936467
517066
763817
397862
218244
120377
429892
527867
183041
497344
335311
945097
345483
828957
299011
914686
398844
577948
583000
636544
659488
436122
518392
181178
723773
261780
923605
619400
400819
286250
384086
440315
472190
368502
786988
184521
671129
983619
691075
882260
682749
923948
508373
625749
242312
470163
198936
38437
453432
518714
16024
742120
298646
759489
475359
737046
426223
812861
651024
598503
109437
2353
956243
415131
959205
920107
161450
399203
901338
912317
56162
416879
64159
678615
676198
244885
456041
939518
335790
809371
804322
280683
943060
161697
517322
120706
480903
747694
575736
579693
925912
446549
248959
974677
663282
735107
461036
175421
330919
396328
717995
611514
113893
487808
925320
182675
77895
686973
50899
648625
889160
996435
554398
616259
752786
6239
406432
225201
851828
355701
641404
68026
734259
56260
803291
181548
20215
469224
465205
36415
23078
792141
903983
86607
959694
207354
652895
270709
462588
105537
873707
700032
756650
856898
721295
454805
185748
226455
266621
160736
140331
970143
375070
678518
178915
511658
410935
309385
892711
270014
55911
908167
373996
614916
949836
189903
824355
425618
65030
3984
724168
17174
797779
979264
779160
735771
719258
691191
588319
33147
341955
543078
421039
386210
402819
178230
206893
380794
600949
467073
311045
523257
820388
815847
426941
172739
288101
673486
552999
969212
968673
460922
58481
708654
902769
87045
964502
197780
288994
808507
771703
422401
55831
358996
946436
836656
569102
118159
50132
963561
868475
644135
538837
704908
976080
226804
525405
347965
900830
548705
970527
362604
758677
958982
737593
797055
979431
664226
385769
950047
159499
76790
309024
383900
843742
313856
76015
174782
677220
520403
866846
341417
560555
948879
687452
850603
264208
835907
211344
511142
911195
501020
130061
2837
735110
417095
955557
266492
552091
524203
496277
519344
190587
585916
437469
828544
4602
294782
893939
538303
917032
674903
612685
513007
954347
492238
683292
395916
31432
23270
854105
476082
97280
611473
931511
686059
978711
698579
840312
428953
611568
210740
119260
465340
247379
854497
12980
682849
796113
207585
100436
530280
205375
591343
628838
586416
112925
633336
780764
645537
626971
307954
431741
172501
906353
584470
41377
5668
657132
963772
889912
41610
931209
395986
370500
282999
71866
272953
808359
218996
901509
92797
624406
593517
664652
527918
492653
155423
515239
354399
846365
580511
857005
957691
944896
98180
424018
380287
829837
331186
660394
519511
705703
250116
126092
638489
386512
161109
886418
671640
125562
518955
591292
197222
58814
673089
530484
306090
454374
379568
12716
964698
737508
163577
434403
143636
401318
619505
196679
288479
27329
495241
699829
260089
633482
172025
164508
497756
756740
240649
379903
625042
653299
206972
419864
513905
784591
105049
328346
636790
299924
502935
912848
999226
550582
146084
354913
767507
694578
215058
106996
406026
398400
28575
350704
55988
668901
502431
171676
557871
859428
82120
171046
495483
606100
316122
100799
990194
786509
473129
766691
650853
185340
756616
454838
315605
767511
373012
334090
153867
824490
756890
233469
523668
167759
266662
525632
283165
303547
916329
398322
258599
32309
469190
458154
631142
690467
808761
204436
818684
902845
77156
546226
120781
864546
634488
444932
581950
435081
524156
621635
643727
560784
931069
468679
64147
816432
357202
760840
620232
537170
820235
154433
151895
418042
682934
146096
754537
221666
492685
263034
585571
54434
722303
369324
239552
601354
519961
767453
283082
177362
320721
425519
922485
513897
244975
801524
199704
473513
688281
64045
247816
994092
220665
522349
449555
258936
46989
192348
250582
714773
296842
665559
214460
521984
381678
734773
58067
278584
300513
88229
666764
175477
717127
197171
314575
616312
428581
456233
217721
285565
701037
575186
152307
74958
458215
231258
512624
480882
296126
593809
318083
528258
106277
861902
767578
202779
81636
677936
675867
125999
136963
270208
306393
176694
623633
977394
714355
945603
684113
982794
516553
577841
704770
207004
348124
761724
189322
500331
180993
981291
346558
847411
700674
530859
989328
389443
977041
268472
496918
583681
959658
906996
965811
177681
538308
209242
999716
217809
98163
539788
747945
302268
784093
58568
527501
196590
237078
490681
4692
239494
913947
853418
438721
84199
346600
337365
787841
274457
600822
580250
30135
461070
949717
76939
443749
192702
868385
71716
994612
15859
639908
587096
670048
187169
355592
618822
521794
571373
853559
64266
491643
702478
352657
380080
34618
389777
935369
920516
877611
223158
574173
243461
502973
454328
408559
302136
272397
923882
31237
397400
589428
923453
309722
444522
118250
762142
688798
855343
667669
977020
377617
761715
351346
399399
791735
283907
669407
569300
529465
537084
62914
605821
51160
985021
200922
684773
508430
81278
834400
790905
338819
460474
573849
718226
272361
227016
236539
890648
214580
90824
350905
34240
723193
455800
509037
76085
876514
910502
557537
196949
60236
317504
706682
845010
594493
350151
176898
747257
242821
309282
340561
801423
132592
138895
704278
68567
23396
94644
60871
483825
75934
149844
820195
57501
721284
863005
664672
920220
823846
537309
604087
560887
775317
751445
60168
564185
288160
394854
973802
766487
329640
198312
739283
72848
270367
102810
614817
808432
554081
626739
103491
407950
824238
83223
770631
655477
829188
799781
483712
736128
384981
197165
850515
23519
716458
418687
279198
656758
580116
492063
344326
460708
903818
304724
6236
775457
455076
192351
426028
622272
188595
475785
847585
85140
552955
746133
573336
373295
173070
252117
646591
509893
233861
660249
514922
597360
609822
419714
123570
468365
47789
502708
102282
183491
316032
945898
490655
75108
179988
341091
106539
725291
253741
10170
926807
405221
439510
291923
278603
52973
378229
705905
989267
328656
744650
348965
179311
1615
688580
247841
310327
612162
762816
60459
3881
718169
524639
75821
831185
595390
613954
983209
499731
502870
715365
785737
345944
650983
240981
905236
650707
850132
732687
421437
182319
722947
31159
862166
604055
581535
607858
713890
713697
315577
160352
770439
564312
370505
659129
230434
608228
912083
521347
261045
717720
210725
32749
522555
288344
865405
648907
65309
910821
485255
458607
452349
788551
395907
473632
144879
42198
930501
30330
443207
506340
334678
89378
423501
551434
781304
823971
735501
565838
116103
56618
298123
487854
536123
365274
296020
866380
650506
663309
597616
675125
536746
931496
641396
440911
761076
540122
71156
311775
87460
114865
359829
310773
981757
720409
287999
898420
168074
910449
147762
922946
245246
691659
337968
644488
736189
160576
945752
654886
924532
858542
641235
19255
517603
39952
262567
980668
30587
480760
156073
237159
371681
930539
612175
161286
687826
215961
704548
228106
737570
583479
409556
966708
882525
566843
784871
827995
317134
480500
502603
618588
176157
537539
404553
705246
59283
944121
189082
166848
497466
447439
909779
946530
341920
871804
263867
574157
678330
258423
470845
861696
461988
54409
654968
571672
139654
811341
372084
878106
414483
839367
382512
175328
546219
392351
934807
116575
362848
425657
871248
215121
401046
322866
608116
571075
778436
31736
295259
461053
183767
824326
915023
439177
156853
767163
376610
517410
258078
868886
904924
630714
41263
165584
729292
333160
53633
20374
94207
741229
110126
218146
480463
104161
19187
622197
188947
636799
854833
994675
690228
954506
279886
299674
210015
958682
791737
968480
113110
862790
209610
374569
360226
696431
553543
726498
295331
865127
67075
848765
66247
460989
289312
412681
641049
96998
761846
104045
244913
570634
881804
652353
128010
821864
746435
358024
56304
525670
651731
707854
46296
471545
685676
422619
626122
609901
140542
823761
151097
74257
920852
143463
617651
937795
62363
360258
877299
62548
524161
323245
527444
735639
658937
374005
596768
144139
555483
695972
893127
390242
829863
656152
151787
594477
798762
417918
754776
706151
375481
935600
383505
145307
227482
230185
341445
126450
252483
551201
386721
44829
655354
507466
514495
613211
980187
814437
95868
550631
894648
531393
576167
857794
824986
484753
259284
766488
139750
285801
182481
622418
725595
15125
74032
988599
530680
832726
590275
466175
684091
56826
659302
501558
507267
310166
71286
579786
132951
396195
423392
881969
303551
926387
649108
840633
732240
932558
51799
596717
383942
363693
430008
657825
410313
300946
363802
768731
393426
172290
70704
812958
463015
529889
102856
502996
180482
985512
109374
248791
132560
142277
339793
278108
828821
840271
48978
315644
957228
917155
105400
389856
514604
101984
574097
242185
29287
800189
183955
376314
22668
184130
480593
919938
109164
152809
154633
920298
399129
792466
436826
537911
15786
535773
882194
694748
808668
687144
725477
102783
359251
981029
835195
791398
398974
381334
813664
164542
826008
251112
622047
617288
296394
397097
323816
691296
309293
661032
177006
606828
485166
468008
959566
105373
706251
246400
734697
426469
225082
394578
472082
673525
696232
167462
449123
584177
981790
704610
937962
623411
721280
307176
84545
279865
131120
94028
800763
918764
227919
314160
806714
150734
559459
315070
171934
642367
487892
916674
938648
992875
136529
32290
507612
672595
818832
231482
357045
90615
478450
37976
144178
807837
629444
135313
284670
435393
95138
520574
908878
471514
699958
40343
375603
38724
227870
908650
998415
18126
246572
331319
920548
998754
129223
589099
753224
789773
133550
378615
489525
824363
538525
461197
404157
881904
413640
817399
320666
231317
584196
342163
69923
321501
883397
913967
111963
489218
141314
416637
891876
313857
992693
613619
245457
971711
463358
123650
23385
697814
494887
691504
202726
584129
23362
434388
696909
81824
221935
518766
30361
787239
341050
345632
934592
473129
244641
290253
668087
16829
877298
604237
348385
611210
348179
288650
655330
624757
107100
677882
166995
700195
170270
698809
511246
862317
106887
4802
175784
118368
331677
139785
207230
583085
53800
61945
779240
473652
585645
887621
10187
313383
826260
805933
31371
702302
896235
438863
963677
514615
80003
564263
351418
666984
364856
599269
456111
728547
670351
48298
881297
724580
440120
152734
936143
48474
265394
444272
79968
500848
821965
977899
601819
892982
883019
613746
443173
201457
782880
628440
71620
223099
716889
317662
133138
680536
302745
595338
218958
995287
889469
901792
676045
25186
561377
889024
528974
62434
394620
918107
129770
776721
417063
942547
15082
406429
979515
729263
238643
316854
763031
534455
971100
868789
979521
570034
285792
165544
737252
431034
436783
342014
631863
612153
790687
985868
755199
560770
128959
203385
519210
192398
833036
42124
469404
67537
318973
334160
717000
270328
922617
187426
47412
281410
287721
239895
499422
236920
382119
532684
762877
555722
779221
270539
628640
608776
788235
782358
429363
667321
594792
327700
303137
384220
641225
161173
972179
89785
313752
283140
577877
405026
836604
945064
143066
417163
359790
675670
570390
430531
518828
404727
311049
877646
660998
469810
874524
829089
910485
183990
88356
266938
791819
512997
169667
61081
51430
499168
758509
113054
156927
760363
851464
858560
463935
145853
298477
239399
889712
52647
224972
135592
24305
356254
78380
757851
282308
44583
318479
398553
326402
824350
73907
502615
777454
264610
233077
243930
246118
364896
70225
628246
737141
386811
139396
231079
24134
90133
589458
730795
968051
68477
5924
906106
113020
137717
655049
593858
804372
637214
266525
312644
958868
133570
817223
574821
524499
54078
730844
393202
910221
677386
426593
452211
505087
202471
509549
384618
967509
929828
642349
197545
833467
565196
592705
579597
522768
92975
954884
996570
205753
413323
173162
58868
566226
477847
984962
870264
309758
735277
410714
61237
123999
180690
436737
901771
535969
509923
876775
346654
562737
697309
834465
647414
38028
829960
253769
528630
294834
414017
558147
334902
502777
489635
981466
691712
918525
58705
751368
635684
222325
161763
418260
985592
302433
595691
10134
173680
532639
547363
352278
446293
613597
121524
295379
420197
668521
706277
186591
60616
857125
589150
610727
62954
519894
94872
15313
43833
810331
535844
898750
840381
467962
747156
492143
423566
955670
509258
92547
606967
609341
863707
434270
581542
170590
300255
352742
877836
587608
748120
552679
740439
799277
302844
766870
578441
991445
820000
354867
292085
553775
795267
978695
420246
629650
743093
856077
123852
914242
363938
185581
53108
401662
588543
101859
392162
822646
290448
164479
26814
181914
348051
982085
345016
885326
430925
819124
929065
344186
536110
633380
12616
857213
120867
14216
841349
756929
911161
254996
604805
662761
283113
358968
743035
87912
756996
299273
374304
49131
456572
409985
651150
777142
130252
805597
387838
889165
454725
561125
886620
164040
401654
578888
368772
733194
347768
550053
45020
444107
428755
204262
389966
432720
251408
660935
229280
187644
45789
356021
802609
86529
737046
200401
763218
363887
579190
625619
595582
183917
617753
566539
934456
441733
20973
297347
624576
693912
968181
243905
614385
769971
770681
30249
197370
305658
359502
988606
694135
755265
244093
666569
463275
502586
701395
917074
179612
506824
769669
261899
601867
441522
403197
684493
688079
469939
757573
817017
725581
623150
833487
518401
969558
644606
144798
509503
955293
460972
240661
840131
947411
834426
390298
469482
907169
88924
41831
301801
963905
760838
365229
519593
11322
700704
237605
869389
163702
552023
133300
406991
852481
223117
612601
106824
137120
566768
583287
201166
451660
81256
153434
428727
371978
889258
741672
238908
932136
140970
241093
606073
830934
590637
266978
652305
615390
675964
515396
759919
479937
264180
349549
640615
42096
334011
428329
496058
613668
821069
6198
90552
130010
820532
837840
358336
428078
398294
57113
724579
454547
376488
420002
377639
548781
797313
14425
425448
723723
820489
914959
108824
891076
143632
541539
814822
101229
763067
864464
172093
869044
438553
940625
344227
617244
995411
272429
144834
589077
457922
418466
251332
257207
372251
99634
724311
269595
62853
287684
162000
869334
48331
35577
961835
835283
381165
991117
401777
784140
888209
987365
370290
812837
309655
695803
729074
397925
790090
950114
69920
417745
646642
110200
889153
708263
188358
175912
444012
792692
354430
645337
904942
727442
759559
711479
654669
732610
972432
687068
118058
681122
451074
770970
340800
482314
413388
226535
404489
605897
118875
924070
142207
41271
186281
939534
78975
611191
765421
70457
435850
920012
610160
559883
725606
22548
720896
228477
591906
830628
775485
778565
378998
854338
26512
150756
569672
660921
231612
34315
215051
707741
666060
405099
292866
799515
109292
614936
96291
156604
836436
250457
42838
31286
702879
427214
501532
485679
955002
283134
876621
316239
608824
892477
337850
217472
99713
350326
966065
267269
279531
11483
774558
41908
1569
227174
162126
259281
526783
630474
970511
70537
833536
153723
741044
882376
619983
455447
840245
381623
648761
713711
623794
376981
353796
860150
924568
662641
466969
353285
103261
674690
853980
101065
279461
831459
259484
86474
87622
336429
484390
77720
725801
766451
923892
384660
80519
172372
503043
174936
537939
53633
70210
522692
640823
208396
803174
791718
371318
898408
244058
262213
360368
154115
381588
768843
15556
666941
121283
975628
781711
431171
951589
577975
946835
242765
105908
282712
168884
654000
903488
180487
118683
103520
890008
285553
955325
291014
324770
43520
868406
551418
2058
639402
568783
443741
435671
709331
979615
332054
165721
227936
694285
573095
333439
109337
993075
402347
820101
957946
373982
176302
414410
978391
522994
40169
256831
105833
481130
260568
140412
598456
478014
44538
256045
349159
690141
376613
902057
11159
808730
164867
137891
175033
966435
612077
664825
470452
759979
215650
685674
437487
438378
237923
936677
614715
262458
948975
401212
636320
178722
433366
354551
274051
407280
124157
950405
349169
933631
569581
297294
556362
824600
180055
35875
676172
618677
353512
778071
573691
605089
338501
686375
409898
361979
858212
353876
473833
691033
891334
353042
711948
321160
408532
729049
859795
473778
713045
264344
499771
773977