499953
407548
128845
223879
674963
570332
380654
897819
781529
495435
386887
840179
291027
598949
993606
508331
197871
669970
553174
492481
609027
442839
757365
965755
63402
290584
989411
857016
313413
397102
944118
368593
239331
152609
763787
709675
104443
320322
272919
304924
245910
490024
982235
892599
564810
166661
302454
348150
108448
494115
52116
271939
552983
402945
533764
803107
674434
489860
473960
901439
757772
851356
611461
812112
241628
748660
209402
52647
548947
656277
607502
644567
902962
861656
100514
95232
317209
659142
468421
174584
337770
457870
224294
206999
459212
882145
592484
488095
911948
510830
907138
621190
162461
874229
941686
88546
239808
98954
299424
592368
837951
668969
582360
839617
354899
131120
44000
206210
418405
467197
276665
657894
814449
357220
135825
724338
177479
307469
865113
337381
899179
38441
849077
184513
760477
733647
871821
665018
814707
614391
683585
470906
383394
890193
648825
433615
655899
593091
762841
739506
733585
69694
801428
540533
998937
581116
631192
205448
756331
37016
928231
736295
793605
577609
102790
617444
197295
823868
228942
189004
578713
305038
122847
755193
133600
141475
526132
883892
399535
357157
138898
918148
338818
912029
657243
858584
272710
486247
587199
58572
60765
583573
665554
507611
745086
931555
337976
765986
984504
654674
363068
1421
493334
131811
621184
315680
166238
55153
913935
248676
630260
506155
639694
404396
295068
101549
416273
120002
390749
550075
325323
712179
96064
675866
531677
192372
163448
152010
628815
709936
29659
44771
849820
837167
702734
7306
553959
432036
498624
624145
808140
108115
837133
401065
339026
992733
689474
308932
646204
475817
713344
945803
440638
461105
968953
23161
806413
788390
906520
121362
392847
239361
238909
293956
102770
611560
304934
220312
632857
638777
118825
424085
96496
428341
189853
201330
725920
726988
300185
486517
16158
978945
435796
346540
305502
38009
358700
74119
934374
368102
646786
541264
570877
913546
65026
755721
55554
296107
737088
378657
965528
232530
881278
249682
77631
561343
53258
629850
76478
914860