662142
634938
585304
823807
411429
958613
220329
184896
781200
326230
349256
169424
781468
407199
702627
831940
99240
667804
599097
901257
285429
813443
649349
16877
590950
368941
988181
416966
217830
582348
71290
720259
472360
658057
652568
289869
697162
266299
820253
121369
619027
494469
873103
272269
540379
616204
292349
794060
746058
289491
135895
524768
972856
116726
959066
603139
791860
914880
760675
299722
90976
685289
570469
533999
999801
135599
446838
402681
849269
345679
556291
919242
117509
324704
904548
960261
386682
821965
799755
972633
701380
380141
711189
360367
830293
381761
145539
405996
359332
500425
993858
814819
116365
95875
648102
508763
390357
248193
238710
940343
899724
662757
741920
183880
476875
829372
663949
37676
245213
755829
861391
155744
213114
474493
249463
877738
351022
6072
209220
870044
704089
526877
418869
696069
554255
637486
837888
961594
40159
432019
760027
23676
64561
565010
205175
366342
954249
217965
290572
378102
151912
464025
55119
791317
447185
603926
62913
380869
636905
946479
624481
352262
647160
867920
267138
948900
837196
701439
206839
852993
450620
345337
372010
274043
245130
590634
930700
714489
906210
898055
654886
209815
880831
82764
563471
834476
890157
163725
933110
541876
712681
344315
293215
218911
675236
925430
664875
662325
231270
328585
646031
806756
450576
689863
77671
547623
852538
488895
989283
758357
437690
828574
966943
213380
944262
148898
43601
986328
662833
538807
424220
735019
845073
347120
885761
282202
902210
326691
407157
765674
61507
377249
886029
450646
716669
458384
603989
850230
213476
53159
78465
359053
333622
672838
922683
500335
224161
737008
125531
895565
231937
26598
751349
36639
52551
934049
500299
573292
53557
906731
911907
275705
86661
839450
266228
401484
464618
37226
812026
279515
979118
632310
317929
448534
211386
787475
64573
404110
845876
132041
502512
587969
32771
936623
651525
476227
717998
421410
996994
422345
58786
750305
971707
841301
405458
563592
163464
734586
118585
800360
209496
278539
82683
356735
623263
143588
472361
592857
810987
923092
650467
779330
133332
153062
620760
667110
973330
215050
941097
586376
912233
71141
346604
649819
849023
843954
446797
190848
887118
548563
602382
427549
856692
269560
118318
755286
850855
903530
827112
714027
85447
753909
491090
351918
651212
429744
54118
278431
818206
714282
797406
438118
818692
847475
100984
73836
71156
475716
7769
948950
520904
14476
59726
361310
760402
697304
850413
406928
586566
94813
717786
535839
614614
944165
193382
95265
237467
498132
354449
108974
171502
928791
82416
410896
363607
486568
252650
969767
52253
143999
408348
208732
812924
454936
327133
857088
726581
452445
595163
467008
738239
632049
928612
979527
473307
390105
143681
674800
832581
203078
394684
887846
830470
6787
315139
498907
334631
14263
529573
273377
480448
402904
275641
414440
77806
5677
606942
270357
733731
155517
314332
391739
543062
895129
348329
209848
585692
764419
221128
882607
746639
483898
472524
439069
207530
466083
226683
198618
756727
809942
595725
539886
983007
793153
699540
711374
499937
339773
121909
936946
601502
788331
999508
955540
574992
435338
18830
145414
604315
125465
259487
396016
574460
219427
703653
817190
881438
457964
90108
745698
16651
133110
281543
830947
556607
143152
214160
463649
579608
294460
388167
159467
892586
349340
252199
368479
232432
277688
531958
317830
294365
374862
336491
780873
575504
362934
904233
518036
638181
409553
986218
388358
214696
895118
582519
403090
824676
844056
216083
51061
463898
691424
887992
434132
44429
176642
252537
366449
964346
594006
385478
952265
132261
174486
789134
644814
391183
625063
227775
219004
227076
302854
328873
889882
347792
927248
938816
390416
27154
938797
946752
457951
805992
576026
975403
267328
603402
327634
342062
721565
205555
455897
883426
109414
507577
417509
729453
518866
579774
446633
520201
980019
508479
848639
6109
420403
203529
879473
511943
968624
288268
348644
173307
624818
123720
100961
148869
618117
852324
757121
27818
372472
534109
893045
511981
950768
655643
805999
515181
274601
619552
486769
749419
523083
447513
780656
649962
808677
347159
230052
775151
415176
714839
364655
753704
755458
202877
345191
556841
512246
991392
388546
535121
909461
825278
227613
728907
450811
709840
15273
786288
916776
245881
917234
636746
70617
434008
495629
522100
764866
943420
409438
355613
232555
707191
727620
965675
190628
417995
228257
321340
896550
130690
114505
428807
163144
921946
1414
842977
847003
386460
317637
162076
395170
576653
748450
9994
33457
448446
428043
626271
267104
482046
2323
353844
134956
100592
489237
334440
786284
614263
457987
127073
403243
483277
559562
201392
696998
72691
695524
790611
569379
789251
472761
765779
726508
800609
412658
743950
970215
135888
639901
305743
49875
207265
965878
45721
32673
519301
10840
478979
21868
423236
508160
144957
34455
239047
354105
282544
854402
500751
755242
937092
842536
10056
913912
860667
586521
6840
993241
938874
330894
13330
243383
165672
707118
901927
671420
800111
10716
659260
743360
653280
384251
172406
564173
802931
789375
220914
752267
277099
258609
257009
145869
324056
767231
751024
815286
182838
375613
642582
96713
751795
406460
330311
522125
447758
413509
22806
798745
444507
108915
652567
563073
240739
63466
712210
694877
178600
564471
672723
48306
493574
736390
73054
344640
457908
623418
644799
422504
581738
656557
46784
789111
335005
128068
997556
270931
213478
293165
59697
955776
42496
357880
811547
888592
943536
54927
738778
828901
337279
610771
862189
16932
184867
988949
661784
896184
28156
587502
178041
715136
644794
65788
193721
469398
41819
588601
5342
30333
528658
824761
278396
412518
373955
936576
232587
33503
925163
344509
197652
440793
971741
682471
299206
53972
595815
875827
887269
306025
101267
187375
927394
397812
858697
80382
963333
578332
255890
930225
138822
408768
907575
959486
236540
880447
474248
553055
485229
594980
713336
663625
85124
172461
725734
873415
252832
922742
206583
995123
480265
563015
375262
204369
751613
256054
558589
291336
588905
727994
389669
758014
19571
815950
209338
759055
617908
406206
778034
626665
291843
274258
376188
810822
297836
582676
851901
948679
949056
168062
397365
105642
41222
450757
811712
345704
747087
677180
962937
565230
278631
281255
506425
664885
58535
800221
990013
197504
388648
892504
387493
13554
259858
602269
138713
928905
10834
799170
298758
560251
452778
37857
661766
616427
687074
69720
844830
265736
839388
183097
643489
646787
785605
319189
274929
249898
637096
280736
627173
130214
271964
118849
10566
115405
153630
613497
756148
995749
973049
396909
354086
343350
361377
235921
241487
983627
305632
599283
967963
390405
556456
160866
368344
682523
831559
25721
318770
84337
748600
416331
318423
263188
446613
585708
860089
531472
735210
621210
196785
754286
396646
597191
782785
445902
149803
600516
989554
625692
715396
205067
446236
155890
372406
925289
478212
636234
962671
492934
578207
301982
417051
885586
695733
322270
727382
178638
772001
126541
432188
32117
277941
209017
698395
725637
135610
873237
163722
581421
942293
425781
236755
317012
373892
436005
331083
626435
635784
723685
161027
427249
1245
104453
412759
672746
470373
320729
871267
139483
447971
544090
868758
720252
382434
143449
965726
958298
3318
298656
976771
224576
734298
556263
619536
921921
759672
514608
658475
456485
690056
190080
437190
210862
665488
439802
941358
428358
340809
895961
849281
988358
688162
200777
609405
629605
291742
851235
176691
908411
827224
787332
428570
340721
238503
439496
192639
841224
153116
665000
720282
766914
717544
557678
243837
60272
425435
981712
80741
754009
931207
875377
243955
236356
362883
242480
667700
517731
583307
175658
111900
435868
236933
338899
699794
345140
402078
96108
10277
506842
135379
241633
968348
739726
309260
732547
288746
860204
277986
412765
511488
578137
960193
780597
743293
983625
890729
432609
842177
542570
595470
828226
602143
715568
591648
408802
911408
634238
20005
47782
867460
591470
481793
25968
166836
747005
34584
744979
168851
545558
900554
426547
773187
972281
538333
142585
80547
242760
873849
583729
751910
761326
472908
113728
435263
757420
754318
215621
662840
665922
573662
222026
377507
267766
541771
855719
156327
748163
150896
538355
985404
387681
358327
484776
618033
927597
466942
271442
652202
343798
403222
725236
797288
217827
296039
770872
147777
472644
749234
641616
963502
642227
523439
731565
402435
838311
839509
737179
864953
564821
490104
136951
649383
214210
951436
973134
406672
866154
894535
255380
614485
933702
775781
108670
722379
262078
258245
317500
312231
289835
234225
272086
299478
830343
117307
819234
381866
412724
22850
659167
439214
618533
943764
862194
815194
402413
296685
981306
797538
785442
974622
479762
76328
541102
528713
752866
135187
72754
959753
544098
938231
800982
627374
60653
446387
518577
816933
128446
178330
471890
869431
726537
72777
251817
386728
764344
922840
969621
934719
932672
151404
301195
619494
858976
901672
833631
467367
277686
80451
797427
749334
930110
689333
859129
211854
715111
933771
94374
559891
73748
853786
479349
706391
322348
307792
61076
35864
717086
770277
437167
367974
903604
974705
872472
66050
72019
411992
826064
395874
957453
184800
993845
149970
241251
311715
967623
346228
643802
870112
273624
221160
151416
282667
928848
371014
811611
844869
976346
181896
694839
972230
242351
976901
406890
561718
826941
406808
576318
861692
330099
743263
481210
789038
205292
332320
82341
846023
826677
169221
655256
321270
386621
943432
284735
376019
922712
617642
888172
80300
124016
585244
229335
687550
342152
301569
217590
28352
535726
834827
978101
813720
420349
604866
867283
620081
738892
286627
533017
18276
818679
959013
636598
565907
913415
568599
560252
978645
637313
549156
946801
668299
599880
565113
81619
782097
12143
430461
564908
708305
2911
50047
377229
640881
592929
97454
117354
450028
610698
362561
386130
28414
199872
790775
50633
871609
559468
552504
96835
540853
352062
945691
582079
973988
927063
719873
544254
874628
804440
525726
660831
359085
88261
248728
388697
58186
842133
580615
188372
876644
210072
540189
338212
288986
34565
44959
509795
697069
31647
366417
273001
397816
849156
650609
694251
838845
6034
504217
377197
720090
602742
586439
398565
148634
530130
307002
269422
813607
76874
740915
925989
607326
745324
297819
848036
372155
548282
246531
939865
931315
289109
479877
537986
725409
409543
468170
558343
465816
684076
888549
53747
508631
934526
864669
871376
680730
765116
31177
172639
246349
389815
960531
479345
151899
630649
400286
914533
677925
641682
558724
533119
9935
723456
797560
646496
267188
179642
438603
663784
871609
816857
678922
91109
18367
863972
323332
192054
153842
835318
634857
925824
617983
633550
712205
226444
698786
883251
447628
588220
859741
274370
705864
160424
617412
101205
128462
928154
672437
617938
173911
935522
622182
80269
729898
560214
69399
625691
557535
936553
427942
353972
799166
132454
311105
529348
624197
501002
981749
978126
278792
820220
487653
591229
132467
605482
168343
468233
141803
562369
474537
246914
669203
725640
168097
45437
621739
745562
27810
806488
45138
633534
2745
395178
861676
601061
833559
755916
571550
26111
617434
516799
782902
44794
985220
820537
944232
839768
489228
914639
453363
273451
942035
615680
494883
251888
750511
683867
746863
147846
963748
849678
311746
681865
256753
892941
653847
712591
43014
832347
888317
534911
15251
484536
885690
230281
320315
45415
699788
988805
762791
719835
35018
31148
890167
986174
725994
224941
135956
70365
958748
407661
859489
9330
621138
895774
15952
127823
48931
49658
275217
464741
318661
581725
339812
386927
943480
950973
871567
165310
467970
888199
574764
907105
303765
851286
816026
746416
23500
406226
856340
516086
917524
153763
602398
725176
482024
510673
612251
75750
543924
513146
307068
39837
343643
605615
914899
844119
508564
639979
212229
665392
88687
880048
870366
80277
632054
921984
190399
514635
936366
485301
663282
481113
325053
837821
380702
931092
614821
653110
9942
975237
519278
184354
478091
262200
312290
668039
327138
64420
822258
215846
840737
255858
477302
199125
366082
800684
890450
346299
942442
519491
100852
756968
618483
204605
78713
362895
929573
137081
349231
16673
618116
109600
630773
674502
326595
225834
144575
475642
774998
873674
712054
471938
24933
671991
387324
435914
903836
180824
575117
824925
551967
703884
915329
667008
398427
376083
347374
861931
147320
641052
900074
805797
105707
454763
944558
703419
835175
858278
478934
913628
346419
623997
765508
257812
625687
860469
765669
367395
456688
985615
320459
308154
981731
457689
243130
739409
620654
328080
762302
106472
659994
997744
622969
983640
837069
960283
975419
198292
190907
635618
718729
125890
345533
43826
875520
5104
772538
875485
697044
603060
266241
15748
996593
169637
635577
753951
558210
626927
31536
884393
301327
679831
141647
421226
664641
238796
957359
630562
599041
556198
122180
251727
392447
360446
646135
28
513295
561768
264018
644774
326445
213137
344149
482283
871841
382130
607525
299537
53437
353838
68452
729681
418756
264142
583004
124414
945893
256086
418580
919158
998308
41156
299269
558436
831066
525156
126950
848494
52563
207315
238244
961794
370773
786510
556270
630648
163840
149622
538476
605604
773457
485794
865231
754812
835840
593761
413891
624864
284490
837003
302594
308810
254665
763202
344258
812755
806334
476042
35534
984222
76209
238018
600883
798758
575856
725567
456464
872224
270131
57796
247505
621580
775584
8223
697397
734238
511593
136994
57738
307715
138131
578941
52091
139154
555282
242933
224832
973008
420816
368707
950323
627040
348621
955147
108931
813125
926113
101559
964673
681685
772892
680880
3480
707197
635406
713593
739866
168427
404962
927848
659957
602076
69093
534913
416772
267330
594341
688880
519041
73104
958836
520355
285785
225062
384908
419394
342680
371156
701516
812300
500291
34637
737633
223183
924101
749802
529472
682755
297153
170903
835599
609732
510022
865502
894371
595563
921953
910862
590116
762248
351371
162055
989197
73277
264899
642853
489616
91961
817143
536007
607318
685904
156060
447483
302372
617012
695133
619720
858905
955027
927791
971287
668692
80140
22979
365566
910322
40974
954261
258026
914421
87184
781538
1513
879744
299751
951094
18
974078
45639
883555
154641
78115
468632
294542
270163
946314
106228
318947
156426
672126
579771
943144
815773
277
379988
800175
2224
900917
978304
435173
907659
919610
248412
446344
99625
210864
708403
394678
163680
425019
873213
384800
491047
491158
177017
54301
999369
565368
867938
150555
139941
275666
922128
316784
294303
797429
249326
445647
610919
736849
47316
595286
945636
312537
567105
941699
633724
437314
759286
577095
505859
955561
936945
551859
311101
972244
366789
958543
811921
874321
87123
159177
662221
644090
997415
99083
189072
6234
862321
847269
555544
725546
266461
336425
850793
242420
782354
653910
258390
514393
347716
214956
314735
220078
348087
621471
644551
790720
864209
851686
85920
903288
454937
699314
614581
985306
412498
13436
560420
549223
163182
246263
254967
453923
343089
694501
168334
582833
27236
265734
89770
837850
994929
714730
405400
796972
385570
243880
900536
150847
734321
422055
207465
500691
348875
187225
509714
137685
270438
721224
223248
372352
61243
771465
195639
610976
607842
824781
881863
116914
324938
228053
836909
984616
742097
85318
384498
335305
513926
611794
758340
284852
326072
568854
495967
348740
273082
770563
805272
89871
427383
784755
879046
799689
547116
696541
230605
623239
766022
186020
585608
661981
732312
808201
913106
479848
169400
386817
245170
134759
487543
863074
829921
295172
587068
871607
87992
403697
496893
805298
307323
783342
934745
135425
318332
35750
798804
809145
397293
721017
920303
247023
453382
162773
134307
783782
276047
684925
831034
751650
936010
325932
439691
204635
64961
782034
389776
871181
201319
110269
986213
522028
428206
168467
29855
919733
180580
910140
143495
888544
636170
595484
443122
875698
295156
364350
555006
33262
313366
744460
135403
876459
874800
294650
992467
244673
607576
867395
545607
485981
775777
230092
16776
721588
975205
961572
279199
268757
784564
737133
911193
713430
315609
675860
407843
87024
606597
846075
635902
353831
744411
785081
706654
570017
887191
830519
129509
242329
199324
873403
26679
272427
10648
575169
563897
921679
826326
655493
139307
929123
450783
515678
405664
472544
370190
95556
582166
218799
640815
439026
310646
274132
796371
9702
675049
902728
90163
330182
827988
336741
582911
397213
228274
689787
278850
969858
472205
885632
816755
747481
866457
366499
606874
662579
570989
894785
114396
958289
398559
400881
956710
488134
450810
832634
363890
625338
448670
183204
298553
528586
486069
308011
66677
622093
504397
823760
872273
954290
271063
602187
250800
671557
164155
665179
639831
635152
259094
880253
604344
998814
970577
321403
538588
112219
740831
128859
730476
182743
930323
732665
729179
350377
724123
350255
926259
475824
227677
114416
705659
749045
319020
810932
722627
46316
826599
481933
178380
538010
807342
497945
485590
256208
151618
450000
294278
694293
40312
742141
985972
167842
732122
937354
260751
387398
915994
762100
97837
25386
573300
993821
367987
26671
110303
717120
693278
45427
538159
246911
573099
168371
118986
255448
29225
592714
508740
459894
706265
951512
73626
276068
71231
103102
286216
549724
122184
751045
61319
747389
577751
267998
409063
77084
517934
879044
393988
382961
598517
665341
636136
902450
806698
529152
151805
415166
301222
159729
986093
74287
344968
169992
25112
999378
708160
286223
953201
300339
489530
845066
936950
616977
793572
511280
393098
132272
208606
624280
520624
988174
523645
468527
127654
921645
151100
296934
295132
935375
101824
258408
417999
307840
567751
84681
298055
514445
251308
169594
608425
274898
994969
800632
105785
551665
34377
345990
79600
832671
621752
809487
438006
407256
180202
322029
120765
381171
156565
659591
769529
72272
391021
696468
247999
903533
14666
858687
22649
940440
326711
344355
611524
601983
824281
380917
139302
864355
303418
142465
879407
91691
51377
20365
45227
368597
547760
742362
476993
764807
2090
723272
333099
606852
614879
441497
32146
230010
289925
322126
982469
287607
261460
67117
384662
807804
562862
646052
730193
176170
491626
459783
479514
245529
427644
952054
261282
28424
301250
457754
943493
821230
563373
870798
977731
151023
387146
803162
246362
505130
505516
597850
806268
248111
78520
907645
177778
645198
662925
407721
18701
706250
195534
305660
470276
883885
122893
221422
772079
348597
387029
191186
473951
766956
940180
362363
611864
594901
169827
493691
845356
800130
977844
182919
709109
628931
86039
651766
671470
491513
691945
607656
841774
959176
470489
47428
242243
364906
683480
924249
73767
667233
933533
856998
996385
347333
668562
214709
53307
182395
792670
86433
511131
951750
270160
900601
818945
299447
450148
30909
185116
704384
202294
485765
646857
493351
744640
239169
730921
174422
876433
97371
776221
844239
245261
683961
402401
857148
876123
257182
8578
244324
455279
967152
398333
287674
904372
210004
248758
297424
140245
870389
42770
611817
865768
475940
844849
668779
635511
230746
692811
322227
243693
147736
522982
214147
196762
366383
48753
117398
56739
753692
493120
978068
51785
552587
856613
161825
902292
418940
74279
835216
145179
97027
354978
911094
647539
120425
827707
279577
476402
464049
763965
615366
873054
931701
334869
211969
611831
207085
316838
150039
984542
495889
172618
401104
494497
197975
198887
433793
512612
254422
671721
529789
29229
1995
729441
218347
441227
581048
876154
878451
163620
714666
468051
582931
225754
735828
53694
93774
173530
706647
848021
619587
83841
331427
628851
449179
392810
175607
995670
143644
283672
467204
444751
49307
504253
10160
12067
994254
128933
718070
928258
985919
229890
988074
621409
81629
148052
809818
78838
944749
221300
209936
287824
227421
905598
32629
481232
150265
665689
375056
349895
679927
805605
565035
329710
467180
112703
671958
342396
718498
971571
249541
460136
246209
853055
910292
105851
683689
488512
899051
302032
781986
111612
417149
607852
905643
739723
345514
112756
394095
607522
754309
312271
175765
765565
710767
337241
999990
926825
194466
370240
342250
169451
478282
841983
213179
960144
576845
554805
778235
350226
845612
433121
944754
498404
468481
100092
676207
654043
215720
604467
457343
240377
832699
146304
750972
705046
781877
192292
34620
522221
998776
270339
22123
655040
164777
486108
533875
750377
608761
923555
258775
497791
123519
778748
95839
595297
475073
818134
531630
799906
260178
274338
477231
734097
869333
250223
760238
90275
496735
690404
441155
418559
78203
754713
615785
474214
287815
626898
180332
477054
666875
38232
185793
850169
409738
575542
928623
873958
74528
756173
628139
530004
382988
588180
197123
112798
828600
510320
593008
601048
316755
54252
240398
598421
768335
628309
975399
432402
630918
154421
144427
484866
427895
349034
388284
128310
769263
357985
517926
875048
400003
474932
467692
397285
604346
380638
242301
480150
416711
794839
610246
732649
735411
457425
524449
754913
317913
113421
519082
492726
740171
47258
697330
55145
829459
825707
491341
170409
614355
135508
474695
324507
106574
916321
490547
867978
680831
258899
53283
47403
225447
330232
181939
34443
572069
162918
764608
519319
322493
429971
83831
210120
126075
728148
530247
88297
613424
24560
497144
271110
506779
316832
646357
846067
262116
181350
944133
432054
742529
152967
931064
680210
757627
152551
796093
210608
521867
763455
339632
868460
540702
981053
572815
15546
320440
633336
492462
946996
589108
748685
242945
802817
668777
861788
621015
44515
909929
562201
776934
591324
852323
565007
256257
280894
879912
121079
235750
955662
128651
618289
967667
28436
573281
310685
786041
117954
791783
155673
825129
234687
325571
912407
928811
311886
206243
114969
809998
185184
397762
21196
488538
917938
582025
416190
205696
75044
157330
458046
441971
554008
210183
711951
874896
656195
342953
764936
241592
60115
683053
383179
312510
702141
498432
966240
489660
896930
720492
546733
301568
244189
894930
793108
128612
284844
379863
207081
257403
413432
131484
170702
314023
632514
608293
323950
286088
386668
535195
376210
984015
88418
793388
113251
59760
638371
665744
656893
553398
62000
566823
12523
325680
456783
192190
48837
62729
68540
151025
775523
193014
347437
545898
679357
228232
873344
358599
767585
299041
690436
225370
418191
965059
594785
545738
113268
573700
873253
698390
602497
276062
335531
985338
984936
522594
432682
206058
747827
272653
974743
982395
720897
274099
752504
965985
876829
690264
748999
668819
129020
466462
744127
630283
700307
444248
339845
551337
853075
600956
133686
188599
915458
664951
462281
296776
755063
240795
89633
667769
871986
907124
934450
563993
523989
14072
741453
764389
681283
797276
701257
480172
788052
245379
284304
398929
532850
929105
748227
807215
869395
687326
691339
382167
124179
942279
681149
715892
188333
671454
670313
680208
528213
399809
459392
950831
365942
607624
76767
664473
667651
258648
956796
157494
422780
735765
866540
511313
497023
135220
115918
843391
536712
494510
847576
252313
11591
266000
255868
932
416925
979503
224630
877714
785266
837753
296821
276193
126453
988455
938147
67426
741489
481295
172243
311508
730569
253974
362694
429039
754832
936899
758938
568508
51847
903470
546448
482785
334324
942103
477112
204283
537627
918419
979131
323044
993692
864288
347461
485204
466600
962778
623629
355747
178849
213575
264962
782508
665614
711756
830675
592334
262008
435779
41371
712332
824995
777060
955688
174356
458668
706656
466535
520861
278972
729036
884397
752489
258342
865146
464548
372650
738083
971108
704080
627521
937511
933634
138685
272545
360095
797371
851335
816018
553482
438263
959174
123282
600817
25619
241172
395157
458948
819438
968571
459693
706515
685600
820608
943686
393957
238091
65094
771912
493433
573001
562209
308959
752471
83781
398648
73623
176401
896870
459862
31904
268379
116325
570637
440817
920580
979007
145863
421705
420112
292742
813354
694993
930100
860435
144615
849822
196846
782230
491424
48146
142782
880206
221428
779490
921028
180115
674152
477106
246711
46417
805939
381084
443775
44431
466278
622863
798001
898093
343990
470932
366245
349997
112679
371244
169396
954087
829783
954646
905299
850720
766693
546349
276999
778166
853564
744301
970244
702770
865215
279126
856230
363136
212179
169001
933515
354426
19971
684559
416011
243616
116052
475737
909653
150372
898151
407906
468583
573026
12740
877521
754089
8685
649736
605307
849959
161349
929262
233893
13993
959524
414899
967207
666609
605111
510377
137707
563089
913706
843034
873813
324646
829788
250007
933309
944116
743218
106844
290839
318368
376583
518433
231988
37828
36289
502144
879265
249202
826111
949117
900141
443337
82862
571127
551945
815725
857083
906858
666311
540390
6883
888734
90885
659863
55398
812336
247907
575064
575897
427387
26863
796339
122395
341155
152610
850168
887968
938302
741828
323837
57257
497375
194090
306486
549460
706879
949088
406700
567311
896714
321313
537117
524392
694340
744771
641457
470592
628950
179120
577556
976735
140729
872462
680052
326369
234686
108032
848217
447757
385783
513926
849884
192262
294597
101888
22085
996634
146239
137488
324229
390008
387004
687964
927948
269054
535230
788210
281224
68337
635963
784583
640252
609606
141449
323736
45752
141277
513125
964082
143738
338893
846944
290380
920161
428250
56550
664338
396554
332291
336236
802045
956489
411640
836149
100573
831174
704169
454914
705848
951985
395194
358548
919117
718947
838227
600927
880497
872531
817171
640717
136859
703217
529508
570859
8763
706210
221097
384756
570948
327577
690900
335224
301579
695311
51989
20521
817351
339806
786861
305218
746424
781312
223265
939541
326437
398110
160201
229295
71613
681176
60295
516009
224799
907409
410837
24590
247669
242867
763768
397860
923131
295302
330129
418137
539934
956392
898130
366284
865279
423338
242958
727796
42710
291655
721320
648945
705524
623618
969005
662893
287201
14939
293950
963247
632611
201517
122470
611260
685536
584871
154890
525482
719067
219557
726334
580034
227418
396010
762228
6545
976680
987260
541583
982283
491830
897884
154390
492253
336861
927137
902084
581326
224895
118512
883259
950800
92427
192282
611737
850985
739807
888018
130211
912057
56775
457609
610719
738279
78179
647784
639550
207532
130407
348522
664117
911996
523325
167571
500780
783308
814149
792784
131343
721092
339196
426220
778243
598595
823994
97325
162163
210505
513813
444105
484296
15878
280867
167944
335159
604092
783453
288631
406644
199955
152032
639814
670980
592761
660301
905983
146608
783283
754127
293411
559893
396805
323132
666659
153497
330810
428565
445176
270520
362961
309544
91359
538748
465284
141845
879988
531531
514358
502509
226666
837978
732216
598518
146149
513727
701047
451979
3828
14117
467718
95520
771054
542937
690052
494884
325608
884417
752170
618047
127568
509291
292595
931770
644073
784323
815720
251902
880803
649759
769287
96757
481814
911797
675983
956621
282843
677676
114283
584859
175111
800207
130745
827036
623493
63966
727605
347542
307151
52735
316678
63389
931337
639634
567973
656177
632314
118626
276518
102341
873127
887478
479397
979674
839310
48904
255502
289290
178748
520781
550600
77857
425035
485235
280895
533414
429308
369705
209036
69239
273197
288599
203588
980114
611895
422319
590938
439792
126246
774043
371249
828427
384981
769494
434691
546369
765094
993495
780199
163089
646172
959399
120642
525249
309909
180948
792332
108898
466470
609406
860158
448428
377429
174670
822293
545667
642541
933895
563142
213659
772418
743156
436990
52215
934274
380481
901396
317068
292211
110566
713614
441861
239694
981118
369741
907232
541560
85174
380374
870517
569433
834784
233981
11159
63195
937703
204336
955795
472641
162589
879261
581333
496417
443441
57153
87274
10368
633020
55375
660257
234504
5242
467641
41290
54504
759189
166749
997344
932808
291997
332431
969603
92328
586069
986559
994461
706772
234855
442567
247335
428934
723895
172372
501508
933848
944852
464046
508811
810659
574411
310373
197026
822266
813398
245658
804421
228092
757554
697703
337510
491226
872206
563244
457839
399974
420447
434935
871843
488083
260176
566479
309090
158415
208727
851421
860107
429562
338595
776888
732860
696001
957745
733899
817780
501660
526782
29221
83354
148768
953815
658973
777239
17473
998540
441888
913182
693928
346755
975513
525579
975981
782312
366587
757225
165297
716674
807214
575566
863323
250529
209555
411809
531949
622836
874294
863804
450434
924023
613647
278380
949286
438345
718773
162197
851922
119195
844960
556787
817282
751621
46169
193147
457333
698610
720384
318880
438593
538172
94138
11825
978320
397651
630133
420767
167099
337622
675417
921181
61185
405316
270796
632352
543780
745804
563682
972486
995040
627072
112352
380754
878152
362664
752555
674901
46080
487731
481810
211114
657425
440008
780405
604376
568812
903675
606544
562138
797246
384028
384296
230522
624556
178281
9808
531545
564268
981027
697176
110284
23231
446462
196499
963105
270159
572337
554500
315903
987040
596910
610661
544427
486966
197868
708627
597799
203332
75935
803993
311989
15692
924425
931927
839865
176216
602218
981390
381884
291411
226387
953995
284365
796676
213593
165166
679105
642408
315172
231062
248988
190636
695015
61740
74440
484804
699498
523016
29058
225259
941379
319427
448148
716663
439587
790682
242556
282136
563404
800187
318700
99309
227168
668400
962219
446274
407317
414053
83481
233770
822021
258519
961039
93174
991074
946651
559909
483471
262215
90569
502157
321653
858345
916867
171036
684884
234668
533797
791017
634816
427026
272331
681166
763726
809358
41913
820940
734350
942839
200235
656267
91240
476760
597818
440638
617234
451300
710056
599717
230571
553735
607112
979628
885815
174871
716109
975409
489208
16681
544429
660899
653221
20160
942961
902021
702601
738977
681308
863826
112699
395458
565301
817659
234358
935520
731443
845132
39380
303600
389253
363628
439660
210989
711803
398083
980804
675344
200532
629302
709557
121758
106660
558413
279194
707739
401762
809142
857972
52188
434188
101155
736158
7482
350391
339214
154663
995554
855031
200028
441617
251274
692006
383775
66021
545918
672021
529526
63985
459224
292749
936592
337120
232142
744192
363597
195828
15910
604689
629829
863010
572228
747645
765857
591753
939620
633636
344167
261201
595810
89464
519700
972060
810678
608641
338018
58604
563710
674826
405097
214417
640820
618540
57698
507853
357439
228404
680262
503942
799333
339251
570453
719654
799005
389923
642418
67027
821890
455729
318571
144710
599844
429484
607575
918282
423481
620360
665112
722387
871793
188814
500928
284793
448423
936740
32144
474639
691123
383156
289180
140644
472220
804092
517066
408534
887403
244210
414329
797453
901851
255314
260606
885979
324908
745477
146825
393646
111126
114799
949734
785840
548443
301718
748064
7164
209909
273770
506432
880060
280367
722485
377139
141539
397776
266720
278665
74884
259889
367327
706522
273165
688560
141562
226243
601124
624445
489081
52302
770909
518354
594028
459439
300821
385791
742868
977451
408750
672291
576945
598356
784167
54775
205161
865455
521110
596100
737426
631286
532293
464437
218652
564600
757479
30343
491038
627550
965621
462044
451963
145674
539498
400815
573425
967832
411095
543394
397758
836166
861411
724084
268655
450288
992867
701134
338502
899892
120658
355772
466631
159476
277037
961081
55839
596345
95534
753698
218226
796532
622434
391629
712063
895585
132073
501747
174898
246021
469642
59848
474759
236822
859441
484332
639446
918905
559558
380729
562559
407333
688874
65789
229490
480359
983760
22978
533467
680832
638518
801416
468457
399721
19839
45460
731130
742647
691119
68961
476389
905688
442818
873077
98531
565629
783849
761743
854554
437522
201826
259964
270984
362920
577139
336713
564744
461300
413634
533395
82948
725361
737876
350074
984504
118304
551584
561076
443486
325936
517391
917502
137468
845048
663315
665964
588294
70816
722017
396834
21360
145696
375052
432603
210389
189344
471231
571110
735421
74879
869271
511666
331854
990000
740635
361342
313810
146302
708505
16050
692321
843376
229470
361548
134059
980999
902673
606195
326308
558756
12204
941480
66508
511558
712024
106266
65434
768498
835877
692376
160132
731115
480355
404257
853550
590753
38368
792535
336557
437926
983421
768978
624502
797275
186927
241041
318311
264041
374352
42252
598642
41515
810719
770533
739362
319529
603098
245948
324299
585280
395703
290145
115283
24989
68730
719269
988950
890472
780789
593801
19898
772989
918306
324632
269393
324693
173654
654033
120292
815875
409187
60924
477090
888347
678285
530845
163493
667117
691430
449094
427997
549167
779977
473159
809755
183224
393263
360641
547644
650153
930417
946329
943984
669606
708506
654408
756070
625538
279400
849166
591190
415161
126816
966
516778
961302
411083
440597
710730
196277
57808
728636
552899
915235
236463
687758
828627
475425
359704
273083
901267
682440
145382
705418
184961
984134
14651
426469
714537
164806
41464
823886
522928
105966
295833
311920
135165
25858
956396
507792
906884
46438
189740
560290
356976
399296
25406
629368
400301
553404
773831
433877
636111
36585
388840
699040
2466
423808
462423
822004
151823
685125
366363
148180
392935
670726
640867
336380
937551
407297
121988
599058
627337
362211
738254
452284
293851
810730
849929
217739
32669
395115
961489
508244
48932
332784
948299
649504
655175
262969
186499
130361
126538
960739
613540
879589
65199
644135
436499
535535
338453
242233
370088
911264
807946
588176
509897
66765
243381
559301
31973
632458
423641
922069
833802
302524
652935
144321
665188
885196
184355
873877
127763
577464
480080
812741
459047
736451
571195
322354
417275
540045
933249
8588
888747
228029
445822
867410
762803
994458
971699
418038
561125
379513
936915
704988
15495
658897
76010
430976
476231
420714
423594
591926
374683
318644
686420
382093
535737
976884
745216
215053
556336
193241
780169
297888
682402
160813
180823
547213
803358
630055
678858
905375
568862
483549
574143
244836
836634
886294
452803
118353
393990
500030
714898
362755
257967
148403
373002
147552
755309
856124
554033
460060
676486
968729
883487
637080
554272
691253
101514
82916
756128
537336
572140
341605
192035
645753
675859
891154
354775
116497
692677
630360
53944
736970
47181
141982
489379
54455
411174
332195
374168
887709
117443
811650
380817
184079
685177
199832
9849
632663
131850
819964
248843
562192
330767
942829
116488
592849
216897
368458
724180
425348
274212
182074
733422
751444
417488
625899
504778
710724
226781
858616
355597
232093
488554
42404
266724
850560
110602
534659
633986
425497
675020
625016
688884
369972
210726
687321
222498
809961
503549
390895
693540
264691
431956
443993
682366
624991
902030
283856
982138
559904
680289
241796
926689
241919
641306
336934
622997
188143
237126
633471
872718
786559
321668
206013
454831
247080
73701
186702
459396
46342
824957
368613
901723
979556
222537
417626
115260
630064
178876
172526
916613
769549
552616
677804
849831
265543
185030
648234
312183
227490
967714
631407
157873
306635
847974
437871
359376
810544
925312
813169
625795
655915
793651
849553
203916
446745
761015
395042
678394
229577
211406
502827
386945
130577
731301
455698
536115
639930
802594
594967
972509
658971
811088
298039
148992
901891
212709
573361
282027
465488
508268
864228
928050
710684
189395
307671
992013
635159
558611
835411
94671
735728
736247
152235
558784
509165
486028
467164
709786
229211
931940
772303
281181
219615
764998
29051
187215
50154
360501
910567
589523
901387
372123
16205
640549
14366
524883
379162
381872
705762
161488
554450
636556
788137
75501
700817
601367
724712
895441
719212
627183
316142
654846
152758
759241
908850
109815
276447
382833
495429
605836
312822
504030
107302
899843
619022
282609
274420
532965
347007
492938
745854
439970
314500
972807
523958
269793
608898
586394
399429
363304
911912
134150
104632
280037
769777
572406
644055
534167
544646
882106
351766
241500
799681
448351
622117
974487
574093
511657
756066
55613
557161
463919
363118
498941
14923
196180
116381
855754
303969
169437
233991
867718
404722
826996
411644
747980
654820
167800
777620
72794
596182
382207
413731
178713
245101
953385
238348
471883
857261
565730
578349
76432
181181
240691
495736
983957
512077
806661
906977
95130
507347
704500
320243
136157
862320
215436
35582
599208
991794
710435
86507
761972
903154
276371
546096
942521
506398
608018
875550
393427
690257
389551
8535
351122
812382
2154
49566
295966
39596
810289
841031
848325
339259
820979
363597
233443
707269
243811
863106
862445
943231
773835
74273
336090
759230
883658
796479
182510
849719
924076
38112
504740
291807
826276
398566
279607
473841
292904
300452
267149
578382
806185
242001
415937
761790
335662
393433
526475
833940
10508
521613
989902
857328
608388
778297
412862
88351
86905
972758
891628
355357
923596
828182
352816
826298
394710
472669
532722
329113
957377
574544
843477
375957
254595
176389
926592
800255
45369
964954
447433
96579
263900
482721
679680
532265
885858
373113
399574
561143
375411
41528
754793
364851
993990
641092
468909
30213
746648
551361
698552
517371
649993
661028
97577
677159
118675
706791
241846
37027
436391
816341
764562
509557
547430
998853
228983
861389
185144
344355
338901
728171
779469
925929
270999
64541
498222
252398
884494
323558
742399
381333
232380
560443
663123
633702
797375
728103
687276
317113
989145
465550
856334
886542
102360
287182
186622
556218
323494
84737
888796
811644
828591
493599
405850
91822
907114
856193
234648
816343
865671
278912
591966
450781
615604
894268
396469
274136
305035
638648
418658
546113
497371
518691
922880
17289
2065
562994
990649
291718
390274
872360
820768
36552
109656
736503
87150
213194
959768
733248
521048
92420
411596
993719
549001
8733
563537
939554
595201
969086
515327
132608
350730
54722
893168
39046
558482
433993
649775
981316
181354
697324
255999
595751
843994
112203
613957
207191
828318
462401
579731
25921
742786
583353
4049
303855
997461
922650
442186
427666
196813
176798
706064
91042
499511
156416
616205
423580
647512
747348
242984
870186
487781
517296
499536
816609
133788
707144
680296
440356
850686
363288
988047
635557
8809
515642
702795
514892
247637
919895
635793
683952
44843
367546
813491
336130
889533
879488
95206
677513
352038
446380
475695
482759
180735
703959
560810
61819
509179
88964
180855
139456
786016
399954
338306
23379
173667
84362
263148
811121
823006
987608
672411
584543
629552
598487
168795
855299
605169
74117
359279
60784
631824
395862
112888
591167
625676
762532
994945
783064
792907
685827
446949
479824
729690
541235
672541
884717
32770
253103
795562
796740
554563
738210
751195
150467
695472
497337
692284
364043
859430
371475
293659
356341
292138
145301
814392
763318
193887
638171
580808
537245
811104
927753
7014
850297
665920
167999
170455
479511
465435
7467
480120
682088
100569
482360
93126
651714
457663
364004
934218
498301
214513
867503
248991
83838
301192
405807
433633
606608
920908
246784
509428
965997
487054
109465
656622
128029
882917
334395
459554
550198
136707
425346
143178
602049
241075
169438
726160
963069
70385
713755
769529
639869
721701
527899
942191
786092
668094
305830
598505
400241
843367
391448
459513
930605
509225
500281
824369
261025
341853
399210
571443
92077
114252
684410
503380
579507
114213
100888
446637
880858
286234
454691
775678
273263
213015
866846
129086
326373
492319
331135
283459
439741
115781
159078
171082
478721
511621
540971
753444
514666
388605
540240
187966
580257
723915
141077
247115
620963
776324
962027
313232
626045
818637
55808
748043
361143
126682
379641
568641
872909
704513
429182
147363
221016
903866
637294
37020
384716
442869
320372
560826
862426
451992
671473
886326
983670
156820
222809
355105
457203
671139
692122
866221
439049
960224
185846
578326
480121
353538
732722
758955
247047
880694
928550
346237
336614
377945
176949
127331
587250
996687
8151
497702
171415
150211
177874
223120
529999
380539
32136
643980
899784
906454
156585
781178
360931
871845
924488
106962
778905
682660
642187
997554
925944
198740
655485
693509
80715
679094
40254
649554
298584
34853
149082
701982
597507
834704
569334
268287
414288
736404
960230
526271
907974
890802
592028
280681
361007
29362
58812
371251
245883
202515
26059
213447
23364
213549
120197
197040
962540
854565
45517
38110
782178
202381
913471
53909
513668
574934
984929
10680
905630
971698
561273
697966
657041
490186
886136
529519
461519
20953
788564
343853
380803
464868
524915
25377
441357
963798
678275
910960
830379
765947
499366
283578
449203
600601
725451
72832
393149
31527
67288
762607
430237
827179
756483
364621
931469
250483
212160
206143
626986
404079
98453
99700
561429
375273
1929
702642
352890
60899
180090
360507
322285
97420
256398
439963
172400
37982
298370
433425
611409
770327
236318
886936
52592
124881
913417
395025
454111
336128
367417
57614
970722
396616
22914
407869
396053
526201
607504
286703
953453
691304
464496
118148
189014
173227
66312
19061
304380
789808
48039
424958
268326
530234
300343
490470
867580
960314
222223
111532
540265
534470
48165
277968
438619
594936
545185
333627
770983
191334
339660
680779
125386
823033
504039
919999
100235
940652
466712
399292
429628
99107
494847
709882
896415
931941
950248
956238