322174
487813
424040
90525
746851
219350
497332
445278
730452
528661
413985
971030
560049
374899
243950
931363
287587
975821
445778
167156
712389
659873
296049
788118
198815
676525
500906
340191
512653
421030
926029
535025
651198
600722
110890
181163
150552
340034
750980
22322
578233
65904
826917
760727
368601
964017
510923
445670
933835
983510
647488
499850
813730
528741
35143
297312
415216
939695
323314
894550
267306
525262
808913
23039
120103
360893
364869
255927
963079
373012
839666
622318
806960
272030
286738
903314
62452
185624
771111
773597
514127
786505
910344
10616
745100
551097
527837
986763
567366
740815
22118
796578
166604
312714
828789
995005
921310
809756
182460
309748
876052
171806
518273
519237
46110
48308
311790
935996
784998
628991
289540
562621
126034
661432
552560
198513
276261
292527
734198
653515
718725
861537
405770
814582
943063
425135
474045
29533
414918
28481
976084
23894
494307
619446
885237
905132
667367
730374
648123
930567
157971
757623
638697
919034
471864
770681
798714
946729
396179
209950
539158
936085
361104
539064
78113
41862
704367
791249
691438
195220
201732
821697
973009
907217
348376
260528
113170
802070
950061
310313
542782
813417
680863
769238
258967
336200
452582
369054
618027
952916
340792
25624
222402
670813
256780
652650
270641
590982
20216
29890
632459
90261
869755
493552
281271
931226
791255
594463
191581
974776
453655
412015
152250
127701
358895
490416
728276
539162
855168
842876
420679
615463
670330
411249
556541
54423
998812
83337
648124
666538
396055
595225
365337
283797
345296
490659
782666
73763
659013
844055
587033
4038
332167
663533
631669
175742
105125
243992
319203
379877
384681
617703
230097
993620
654332
273021
432011
256502
711268
21483
862151
725543
202542
863719
647322
646088
721319
137388
339917
774754
913796
934317
529867
262708
175777
437174
588145
472795
887462
136674
520008
99740
273414
931187
196943
452497
738913
314065
757424
419950
918602
734946
528981
728880
926498
610370
728020
982305
919331
172639
732806
431370
854457
750388
702005
19765
539658
150112
600371
130077
747927
417506
490311
159092
816506
761972
490947
636625
903503
583361
337585
209461
103983
513987
988012
186040
779480
714109
827466
522453
730408
862610
843063
190798
440392
801921
969565
61437
803750
252862
487871
163641
370586
871022
513381
499425
419242
401726
214322
808264
969001
916511
896145
486333
887738
978722
451854
389045
824050
415981
998081
296664
591643
980440
764452
880549
699349
68455
549254
760514
785176
778275
908185
568996
168916
986903
703205
241751
152569
503332
594911
514282
377171
428418
886612
694843
476492
465171
871616
86811
359573
290149
694076
817565
487008
845509
481747
138240
150341
767610
284981
375286
747012
94757
474756
419664
405482
425971
420748
981193
173132
255868
651856
486956
405104
250619
153663
989410
667020
35498
390022
636124
792998
669562
855551
131673
871066
745964
540294
227988
892282
787919
358252
182222
545231
867158
817221
698803
798334
197269
879580
386924
815046
748312
239111
971456
334566
287840
513621
328039
571740
272507
346211
756589
252807
366207
52878
694208
749806
355491
800834
154390
158681
593529
945265
772861
721053
25676
613344
122048
94326
33362
813531
496435
997132
198414
496073
221852
572760
480837
119834
437374
578784
378202
352028
115011
818782
878728
113069
645637
882431
49660
152203
750521
570759
728141
954952
347960
796881
491481
79705
791531
809012
58493
46285
667987
203778
468400
225114
554611
244330
310461
812626
293082
837501
572955
599862
644561
945869
763818
2657
395293
9458
798284
858341
194353
856614
856222
230067
528691
935888
41170
15795
775721
286302
204010
508532
423616
879371
576659
192573
439801
669376
422492
319554
824688
11223
635217
45746
627978
823994
109432
29037
606715
332586
924647
281427
531890
719772
370752
280184
746849
256125
182667
110644
938668
924694
785838
189782
335853
880011
783691
709496
600738
894462
42742
727661
299252
718993
905362
824023
64613
709960
139079
847382
391957
922764
309921
304731
79664
271883
989192
445018
635767
188157
947928
966366
891306
337730
927325
988662
190543
371495
804844
266637
412962
109640
382112
485911
798681
597391
331952
798888
187027
31770
950634
269663
587484
445435
627982
647935
284895
483993
530441
589662
233
840051
17229
384245
61334
550213
176841
79640
36762
235523
531914
514625
17326
987650
479086
65157
408596
502262
80256
53160
908617
915990
288117
879244
624583
748572
509058
300420
530420
816424
614616
328262
787114
373188
727549
753279
819748
710402
290888
112833
669441
340418
463289
102168
895928
39952
901363
344506
115289
10410
536023
579356
322684
749151
513405
480289
481352
316946
635665
428781
429986
318174
994760
230552
569583
65300
92414
832063
889480
288927
408174
413876
97210
32649
610253
539285
96758
411286
499395
877242
701659
414030
518663
38792
648862
802456
159957
385442
810964
556482
832783
336896
486556
388573
393134
458711
130156
737157
575011
535032
745270
375423
807438
664053
573750
296635
13721
820477
953883
592952
888243
563017
580175
531463
340645
624879
296421
119463
104722
407508
987999
977551
606671
965631
724632
524811
453085
550600
106388
899198
389119
628399
746594
847430
572604
351561
450860
233468
835251
7508
554459
574618
112150
715948
428585
76088
978181
961751
276804
532463
354759
271162
559964
273758
128871
896047
816394
797131
130089
502510
473756
229089
69671
463143
327233
702423
325325
382898
176782
756978
607533
833758
374250
78369
4736
408166
828060
874246
284346
172482
765743
647508
968393
826777
387968
70739
185193
408595
567396
179072
296486
30989
385528
867346
54768
166758
819782
811160
315796
916342
567184
379774
993757
973855
568765
518703
182854
340091
834909
445076
84570
466293
47323
736122
9322
422643
356094
799377
635307
529457
896091
670800
752682
265001
268059
462134
537324
224878
983973
186988
679078
290137
835880
478279
91989
465690
236678
626537
187003
855344
391200
109255
59832
411699
156666
562949
282433
857294
737227
657276
673791
681931
787364
375582
386630
871879
560506
64817
877232
136132
104530
807287
566038
787229
251016
582319
961002
830420
691707
413619
451636
645895
636248
492354
316007
146882
708354
891160
971743
875758
996763
211002
830714
292262
576370
689486
772496
260778
69705
258342
283152
973228
211073
950877
759928
396616
67364
496538
560304
312145
1103
572018
258500
471047
253242
844522
740925
890468
619686
218137
576410
180501
932641
86572
577456
935110
820857
476932
532059
318038
707835
620026
407648
886442
965670
473090
880161
960285
247601
642605
9723
201109
434486
926600
3520
632049
102266
401954
760140
356830
470617
25387
879686
51721
704211
653560
737461
47919
503789
588388
4476
23824
845253
966224
375476
644161
672438
760330
457252
316769
779811
102411
583327
505507
499428
257178
577531
362443
273995
179151
684201
824628
176786
742386
503350
547725
132002
91778
567645
152228
209986
69585
97030
117018
307738
415052
208863
83127
889379
942425
45910
797590
333038
914777
186416
543297
83597
559181
478793
137559
175074
24981
421928
887850
430018
355474
174974
183845
402693
288045
997564
127530
312940
778289
705870
837626
629168
198292
71479
563022
227683
882579
438218
753026
58117
654907
566850
882609
634598
804803
39359
285276
870642
273046
465053
631171
837470
567152
515251
256854
594030
468382
251813
410309
488480
888807
670567
37556
661176
291337
105614
847114
204201
523228
587924
398057
177501
587476
878632
300280
995426
659042
834160
999579
942193
753977
173468
69572
893659
247598
956392
229667
88594
921912
884910
409145
271313
91479
651493
885258
20009
890450
342778
536305
797737
264216
412809
785741
753066
782344
627000
507225
630452
598092
883824
269850
217040
107680
168313
528625
618412
854833
860465
16272
323876
845728
879273
779593
487475
679909
868061
520514
112373
544529
338317
282053
607576
409451
144636
937268
661151
254844
867652
408282
121490
15335
843988
49436
431366
268208
770952
739982
27716
630749
154339
621282
816729
248761
639340
300667
664250
13045
465442
721311
194705
781354
526620
265291
617704
580474
106242
681185
392753
486932
820194
96189
570735
278741
537392
52517
248517
117772
935325
393886
819545
347542
582802
516187
171301
558376
401609
258257
930458
250539
872968
69926
560497
355650
6012
257991
145039
165799
167022
747417
962835
521971
735716
27207
142976
710460
537878
44986
308994
215256
193483
988647
343519
731904
158160
886594
844987
187857
737045
430160
697991
364844
372772
614746
113864
828092
658687
597885
876991
286231
298516
406942
95739
538494
211295
734652
259959
583231
580829
443486
21232
857402
94504
6315
301896
505024
646260
616152
250704
355670
371300
963579
513590
106458
431178
547647
587530
544125
380218
680433
60334
697838
651785
948022
650522
350424
144167
854879
156042
908161
992790
892117
965829
632723
754694
934383
701705
133048
248975
657826
813400
414686
548234
919640
626457
664154
920204
344409
245165
780201
866112
265830
263055
374417
55008
181733
740647
902629
812688
109430
667755
468264
882135
16483
7858
340809
901179
195446
87255
62541
257719
207269
232070
851403
809371
775785
242470
794704
618177
887981
195427
257123
187815
564897
418327
896802
32878
784045
60884
823755
466158
665027
580880
930775
512435
318925
989934
855296
281497
792070
507429
829924
517887
67301
728719
860545
251243
948019
428816
98528
953274
218302
608609
402575
376706
362022
761592
103430
409734
732628
39382
327212
492373
966091
949804
237937
822399
669334
231467
417627
409973
892321
279719
492383
798908
43428
51879
524261
780430
369146
254283
764847
607949
585104
610394
980754
215780
564152
180584
933282
140157
933021
582496
267564
290264
297937
105204
272796
161230
904450
477854
292735
483875
744972
907281
579939
491585
948712
852609
599387
748375
635905
161740
626271
464398
159975
627267
405776
751907
786845
942105
111832
501285
586701
95719
479664
589453
18715
601306
992763
137845
604502
237626
437264
87287
437259
956247
787221
243747
992500
462226
974726
583900
532238
929093
970325
214671
149512
827280
938540
270481
300951
733633
643854
414485
683110
809951
822235
409478
456619
884179
67122
718215
945621
667636
13361
293701
884193
373486
637335
308725
523788
911694
572875
903599
350371
927852
693110
926311
985974
12469
214538
605124
49067
147091
371238
997918
168174
638588
438802
596761
312326
866900
916901
952921
147843
68224
816902
294688
405716
411784
598031
479307
27637
967208
601933
70886
908165
453811
889764
338023
435381
672037
393488
975182
55324
575555
50246
510102
916648
536177
304824
1240
471984
676688
225976
436477
711460
638993
747508
74462
822822
28187
875615
669114
378098
276629
153649
167507
946039
937104
107204
914661
234058
389076
319775
576516
388592
904966
977424
328145
217433
289779
443122
67224
743660
988795
952655
847818
987325
909980
964062
643218
206940
726234
857389
464981
154887
630216
667802
511819
671103
642614
550011
312117
773432
571576
788382
634682
453609
618766
36842
349666
579076
746485
425508
292845
873536
303433
165326
771601
182673
688149
278249
185551
762745
2169
748188
621105
340472
881271
226669
40482
262623
700698
497643
601514
182467
857091
272558
342212
900940
861073
394103
978461
179053
153516
608113
940203
681774
456622
960345
633384
700900
842799
102777
349418
135299
718700
691919
713505
826186
784852
199373
753260
975644
275438
674810
158040
523759
874409
273334
192886
381213
716546
62618
984791
953368
803660
5757
646822
347323
41375
753044
850211
916859
639007
186673
450168
530492
50024
218028
867065
749696
176275
912543
988541
107834
932392
898570
152467
903617
358752
163480
781859
369120
63253
83961
982115
428042
309640
63534
320498
845098
30095
69219
644117
253401
295513
454326
782411
710761
838047
689302
224654
543390
551337
311110
794665
826109
209274
482369
543792
564988
362330
620600
322913
348056
609534
645879
294806
772678
667477
969317
902755
81153
340017
709738
972946
111682
606992
500779
912376
287758
585287
943792
808947
526697
339146
939751
648323
529448
902490
14914
543747
90596
531019
38331
762371
97226
20209
363447
376898
366992
46887
863496
481101
565762
632571
30093
803950
298938
405241
805236
12691
955694
858963
101600
289853
464036
772906
332710
203361
849472
458491
92208
844063
974461
829225
526660
191900
757626
710434
301663
687230
301996
337969
171387
655427
948018
474016
913200
857535
211910
986632
117175
628592
858127
684599
434953
530175
281171
871548
658853
968406
23689
662737
581041
152088
819980
879910
504824
112705
582252
728902
324690
566556
328735
261416
283809
384027
441173
730005
438903
693782
935977
862128
429845
682787
58931
514343
919503
618638
812602
404853
389579
433141
422855
466193
548200
456451
357332
334582
719803
743879
948836
341392
735604
87408
708972
398528
778591
436583
658543
452236
410247
334537
681703
506278
257205
682815
663071
217495
496086
132092
609246
649288
574778
672467
549117
76717
237496
248243
152858
760335
406448
51328
540453
121908
530217
938638
546135
850156
604696
6652
889219
417275
282114
293675
718853
494174
432824
265178
845335
933180
268417
401440
260802
61930
305175
948357
606512
24475
548999
923196
719520
556834
4027
304513
272308
809574
104917
249995
436453
135585
807281
734894
686230
26644
77453
914001
967941
990219
695877
589127
757790
625096
640182
490379
360170
745103
684613
175133
25893
819278
762296
492211
123116
390374
785473
484574
353685
222170
62235
451387
763865
818451
600909
538962
25324
55309
353036
824910
187374
272034
413566
223833
698041
498417
224536
177875
498906
247339
439656
898800
594909
320313
631151
636396
571330
272333
206566
540395
808652
804612
437729
72176
217015
823541
663569
854138
612681
245081
891172
157622
367169
57111
378055
212261
156204
955242
307467
267916
290263
736817
686309
786962
91487
730515
722192
70457
596644
540236
684173
143228
321244
332185
508234
607873
400963
62396
66273
484410
926768
615596
120823
299422
136516
733789
485125
497600
769851
608423
501811
674057
455972
609237
784992
436566
391533
466829
706751
668848
91288
934167
930907
772900
219274
732363
603194
228735
252738
684380
70624
707688
827367
234683
715627
536282
377913
689321
872859
428284
994154
703132
987828
994782
38726
755597
672764
339410
276365
458908
347680
449317
1441
772001
882355
688121
331674
28688
333846
202944
2551
603848
594674
148055
833328
91832
888610
554620
371495
731566
327598
854510
712700
694910
9842
896352
580287
395211
578142
583705
1793
454517
955670
737451
873475
991071
664378
810125
304592
952283
538048
96280
4263
783605
317820
32987
614672
78233
445569
544027
727695
254945
346146
139818
112566
137343
730514
339298
7061
52292
533289
197054
665037
622539
475143
319446
994051
968516
22163
555830
438192
60960
512157
104601
562452
663638
781026
864775
604362
37201
404333
28296
235639
49078
883482
731460
49116
275285
733622
226873
317771
581419
203394
872663
366007
842577
137751
743163
964004
626310
920163
453510
465853
754900
925841
744602
596036
378849
864455
797040
693604
757652
19849
297433
532578
753569
240378
293007
511538
980403
975683
831735
658470
820213
807756
624374
650049
677693
712744
509293
349738
249558
538381
773394
755964
570985
671104
226412
814842
638407
358543
876395
210336
234198
760696
117025
656340
955477
603816
297633
192572
294157
98653
742707
166953
389014
481964
439409
745072
484675
259551
508929
252057
334763
21302
6190
586929
406421
198030
86373
347194
459519
912479
701770
432195
321227
273184
456821
549650
514695
374469
183629
191677
411223
289576
491646
73688
470593
993414
474394
432968
854613
91680
285834
919798
791607
8705
160303
779360
217226
13664
18009
749641
948347
559771
785378
899025
71847
747811
660200
349343
532010
499831
3302
658874
270341
174281
151343
284727
802283
348861
471110
977037
511144
112015
643228
829956
952687
468179
135910
303372
900734
955032
544923
434986
418992
719334
396743
678093
568927
240615
469327
562047
381555
561698
117762
800951
3852
552354
260695
24907
229896
108149
911753
552898
251569
490256
944460
812616
420422
374928
303274
471994
751076
207067
277439
129633
239505
61093
592013
461564
859238
11343
523901
155574
33110
581865
417779
664823
511007
100760
753612
512087
310539
367955
426615
120940
698467
646343
372653
609668
492977
562459
608846
978862
164081
709134
560218
167475
336084
977915
177288
263843
477808
234750
297350
955017
504199
353265
525134
283264
504433
369680
920865
789791
157097
157371
294116
514831
545138
543321
851539
27390
721700
551384
16422
907564
300695
561171
801727
329443
489706
536525
471692
173187
977265
179674
408511
503611
922169
136477
69095
695892
504
165228
637291
41831
168086
216080
291363
389807
807762
318888
310803
941049
884051
934636
377989
814200
614284
47375
965762
421493
323658
838526
939053
997539
112797
375686
952507
228304
297824
332626
910674
750776
962727
969681
171005
967220
548229
537206
120714
256208
858807
291801
841537
442426
506289
355259
123265
134421
721986
561383
490104
561773
469030
893107
70270
252038
483048
731174
625359
488333
941746
972595
991075
330352
258227
3300
512684
735177
845227
423570
154156
85365
147030
208848
967280
937475
546930
458856
542444
663688
656303
148989
236404
657168
617331
997968
650645
557103
342983
508190
416846
477557
559457
280741
611566
357951
832654
454471
417675
33130
597372
243208
270044
386275
84257
866674
452340
190682
950092
405912
142363
976469
624262
952375
285451
974561
554852
566520
474116
574435
970796
412241
646156
591564
989282
956812
788487
614187
616430
835104
878
596700
62763
600187
40367
305566
167822
588641
709346
901315
908657
5934
243043
755136
434235
239159
574352
32292
182254
45071
115424
608294
977869
408037
434974
34070
102696
114123
588737
981110
812934
922577
560810
414434
608429
949968
43066
878122
688016
913027
129613
840832
931926
280655
745750
188621
495747
463779
470295
586334
515909
531002
312702
875515
434397
813693
621463
953496
380072
935942
507698
528933
270857
990464
309266
832768
82933
917482
328655
72074
318363
299770
143561
358679
753902
649054
879817
764415
68688
750173
480565
838545
92701
258908
55152
957160
741840
957373
177100
237077
648918
340962
893037
317947
205805
945936
944635
852090
430649
576110
240835
180675
192803
950444
687595
63691
464302
155904
800848
32219
471064
537611
833726
739651
520105
787738
986827
304431
902811
79689
802768
933265
981157
563203
378245
173822
234982
854052
712568
2901
322219
560191
325994
845018
832989
614075
270214
775777
963850
674968
684031
859045
666958
549712
98948
677816
266205
761560
711715
24341
603184
576517
322039
331665
203850
675596
231247
276208
15846
401442
81373
118740
379519
556674
14936
587152
693307
604301
189871
653211
674997
253835
54377
655968
165862
475663
290974
647474
660399
149305
898571
719645
528133
709589
155606
573144
216121
478945
458015
40854
779619
648749
551935
852731
514922
48538
942560
359596
876147
802372
90425
786431
93284
949756
710180
514578
367636
974638
464157
738359
166737
476386
221657
608525
104845
206558
978433
982890
756005
818216
657737
364084
17807
271528
664114
156303
414112
117228
72472
605232
144760
224326
282808
771216
561419
192656
334338
413181
767884
359696
792151
686539
286199
535286
617568
600423
479163
976002
72522
933643
522563
395010
665697
291597
30880
155321
941448
305299
67797
849692
492243
399009
40958
737525
535105
199315
883997
769963
215257
750950
543554
670297
620319
778352
829719
571674
894323
717040
402566
515686
411463
431872
813319
360213
915003
853415
146313
766595
130455
117195
381564
386189
850084
67331
169593
308663
818151
808331
197647
207791
139259
17233
548011
358892
101898
234604
205667
400433
721960
51244
771295
82926
309772
266828
967908
984581
135083
937604
217022
204906
443635
454075
932746
507299
109345
405594
267741
786671
813887
483644
616405
937475
876222
239745
588218
882479
643371
496706
208911
677088
844561
522078
239355
525502
320364
751731
359759
142197
350789
362857
854580
252946
449903
694696
354482
378051
460764
275306
473375
413313
281116
403242
230626
727625
934836
84284
242211
973637
64407
25782
758929
386570
739203
487820
901903
260219
860347
642298
63164
257418
989340
342682
491869
173214
615903
328789
219625
962065
389034
479222
633457
123408
118611
485530
815723
385190
845682
766020
409626
169362
501601
905613
41371
585492
529043
933112
921677
108231
339662
229155
231902
613736
484102
795610
147823
149748
880279
938694
133603
847536
576991
852547
7753
834370
834679
529103
861731
369213
99468
63262
337107
633850
92189
474890
311265
910817
794259
899687
454763
663559
181560
895029
636906
191537
953493
530670
407132
247543
911533
81216
327124
939460
898703
246613
463002
361850
714076
720909
894464
510066
292950
142797
442178
304481
819808
410481
452505
727574
153496
393053
937628
936607
894989
427569
268307