513401
859142
731713
246880
112377
339781
88039
503752
69197
822697
182588
736811
744592
905334
831845
787527
433014
627152
765502
610899
295310
861396
88810
281129
230118
957265
776523
41038
23053
645287
653773
893407
903027
571834
848029
735705
447789
838738
794360
802564
256853
516498
856158
922301
879695
533906
608805
247839
631462
458076
681385
773261
107540
535168
496481
34399
326944
577300
978957
890407
96994
519308
471691
370591
156898
237681
892809
757552
330847
261761
868053
689953
414187
185060
699345
407002
234611
304262
649858
663956
989213
222037
845703
769696
180362
571417
999526
488976
502651
57770
183042
559942
286159
120211
580457
450263
918826
632002
727818
97755
629810
146728
119876
931540
154675
835123
870361
676536
892322
354597
427457
435740
344767
618641
994587
335551
767763
178354
290814
269937
45657
718312
433326
389726
519161
685392
64618
167291
88047
562750
462370
308044
817739
934234
691782
938767
302161
459988
25402
117001
201472
698565
364646
17706
380592
521316
2217
345887
336980
868897
206189
770485
56480
906401
686613
175205
165380
573527
678804
752960
238037
403388
870743
473144
147341
551530
792162
580168
155753
15002
55993
10881
868081
848440
818164
860850
583060
99808
788790
485172
553393
405752
933495
57807
147890
232874
421116
798540
249107
141308
875176
854681
102081
80397
226157
993554
12189
961454
134235
359090
60703
475930
645657
628309
54615
286228
291377
669289
590991
850012
548676
353137
100685
902541
854175
205621
485493
212182
706918
989770
901706
215123
800813
908729
252949
257287
391270
159055
850590
156536
747124
78337
256023
885543
67614
253625
6233
851563
331423
66369
707333
272937
73306
617803
5773
84402
471850
344282
394187
408953
904728
312401
113743
474351
915622
924182
300278
169469
227144
607587
235829
601757
875634
420329
773365
64854
252748
823649
782489
559314
754307
673712
217691
813853
747065
55605
446164
541116
620636
588531
305050
374824
218388
697046
849027
913254
292758
354468
863816
943044
258710
607553
960005
187890
416217
46878
867357
763514
488
17600
901755
752221
390688
17961
2803
515980
285095
155045
127494
41600
113273
264562
784452
706038
515936
264908
720268
345290
827010
347413
129775
178927
305876
192798
853299
633481
859885
967317
464500
507559
623477
573195
705572
683232
290428
752351
827058
967049
209511
58380
430921
135248
832517
982029
838191
793208
102527
666601
477582
855217
740142
730078
535888
53587
207623
121006
629539
233911
353073
622464
372444
755506
120695
825461
635703
498287
931481
33033
502717
927720
773181
714017
294206
3969
745987
489015
330558
240897
376374
292574
378732
359021
477854
175860
72269
554307
60786
782884
852728
222608
552874
622485
344314
431662
268019
667955
649369
165150
756732
366808
213814
252862
432622
170710
379020
215526
135352
822883
743829
12069
240327
868066
699275
595283
903701
720842
809099
878227
617241
287605
511638
577448
861852
618823
419762
669680
917100
187641
30830
606464
944105
744449
199426
527390
121276
213280
873812
407445
559656
374919
987287
627897
109048
501415
379150
289783
950040
11476
458351
384152
130368
597141
231714
112274
842763
542602
186472
933323
466406
591354
955609
7787
792036
343545
596614
445916
522861
656498
99261
28833
869463
185431
63018
288656
508301
182306
743770
588013
337003
221638
678683
191781
327212
836855
29632
242532
914747
878995
220289
929235
671397
2155
451070
297137
436336
804338
126372
874253
857669
366017