587742
406663
919271
883991
578704
516343
989362
300817
590410
179219
140100
800510
604021
380548
160314
903067
964215
2942
33075
514343
410011
673746
374889
52837
146390
311618
275064
50729
796817
287889
496951
160838
140265
283287
831877
56846
381061
116907
506899
801018
325855
51872
939155
871853
249230
340873
802412
193476
417965
64861
325508
189274
213666
639430
977771
94173
544480
715954
213054
503135
768814
588383
741912
407846
667481
631572
880529
779260
95381
743363
885368
90538
819860
240155
824103
43132
710060
164474
456258
158139
880079
503133
801076
825728
608490
385815
555477
867365
857726
936486
291602
658722
999082
83810
411243
385549
912543
301802
163602
60487
975399
948217
643158
515686
579559
595734
576011
704272
724716
509760
875945
293109
922997
216763
405536
709983
120436
928254
113000
520222
591615
438177
732055
250967
796017
995157
529940
555683
998127
566169
167839
917200
48051
854442
598282
924454
95362
411957
65735
526295
166171
195699
699416
565114
471825
956843
891473
323726
37428
923368
639039
780849
739309
339102
295252
763685
122804
556020
722188
210525
435218
541627
667769
311968
153505
859581
299041
386242
912253
409212
215829
962304
144707
468412
941634
693785
938123
874401
842712
407528
574394
498148
661666
802374
977931
520797
368443
57009
824958
404202
829520
880118
381897
862742
875120
341733
235209
589851
704691
161585
951071
970272
212463
998455
360455
517786
737745
683883
603694
318254
948737
274321
288306
329060
53986
257671
114859
988611
302197
243363
107859
223319
778983
989498
152135
604543
838231
676285
879922
104241
116107
921881
79804
625650
967336
154935
705932
244065
336239
607526
254374
882858
529098
372873
743222
971142
89806
684091
784014
482058
997319
813440
264294
634398
701302
765919
974580
455376
91469
246742
107756
348616
356442
219116
934876
788951
829589
736939
118578
274459
342117
636413
63818
706160
307830
101269
425320
437112
749297
78189
392145
335172
741766
12181
651995
337478
299046
396083
1344
139754
554642
184022
412219
859817
201798
205591
992436
742222
547720
335646
683302
229740
210054
324053
727294
17451
437868
870382
907943
26461
274655
740443
315124
586851
297555
464748
921180
503217
464788
433363
566795
91207
682411
7324
50247
719765
61886
603648
889649
871303
481497
579194
985014
240849
987565
137991
845467
935216
775455
417354
266634
404561
975770
369991
344230
341215
237686
52500
492087
414487
149272
455032
696344
375138
863710
62602
582249
759557
910689
925399
995982
151180
63876
133660
711168
715491
308165
242035
558192
514986
404564
369070
744175
931764
285887
409351
382441
377956
533046
38975
282518
357981
479578
969489
865236
861670
71151
211041
662142
13576
467130
942449
234495
881339
512908
954035
504298
354745
634537
528479
428300
47190
411306
55636
665629
242507
67273
639146
390721
12688
389331
445861
685379
765809
127282
573484
7338
648499
760446
767536
77392
423585
625733
405625
153130
671110
793661
785199
64563
419657
751693
900337
575389
605005
908345
573853
603377
74406
166875
22839
584313
207299
333957
678974
796212
607107
926624
359345
773926
733747
19819
689166
39054
792833
137289
14703
246000
675028
830127
912898
502278
247847
510141
803561
59614
842211
309316
100699
792155
347366
221991
801450
879023
930305
552972
404236
890742
29629
742670
572208
42479
938813
969417
13673
721809
990154
539517
638132
524679
78177
967140
164725
940459
20109
819047
9273
515474
41037
853234
456799
794098
492677
715931
838288
587511
767198
477976
673651
152411
251357
589477
517240
675462
81223
410726
547937
54004
404071
337733
782762
339487
831546
682291
161088
367361
777012
889399
645992
35599
410019
378911
919906
413775
32119
283680
213678
365583
780800
623028
301282
649919
702099
998256
716865
529121
397483
725988
806453
757691
646894
435509
313572
450784
637377
547839
816197
739013
685502
727173
481856
304545
631847
349369
288375
863232
407060
267564
69682
408476
621614
671565
489223
564764
415091
635538
317993
712269
215930
27611
199805
638665
508826
815339
423393
350257
184521
442625
89031
331765
555506
876495
456853
982580
661217
126256
194643
177025
57562
522913
704834
897148
888175
813313
703585
668778
668598
171336
749245
95073
879584
557583
473150
126507
162062
469306
852639
832209
633785
13991
984320
344819
606527
412806
465044
339470
772687
494256
668700
877265
751477
473726
918858
694568
737402
331204
800462
51668
877515
397310
628182
67848
919000
336889
394685
64617
614889
579740
359029
814848
353288
389687
803520
752772
484253
186026
386795
138273
858520
435507
951573
888654
163555
418334
607402
292006
744949
438288
401916
98558
734971
594930
918528
549842
475117
64924
694130
750258
415793
949889
437319
411576
903809
139790
645790
408155
527155
313718
370996
769126
976546
154014
558794
703524
704539
85063
606758
5319
15557
364648
521948
717520
603929
153643
337398
248027
972114
268905
251203
224593
607552
684576
289022
252279
274139
488618
158969
393971
283088
924252
367293
633033
148004
350062
593885
796880
600273
437902
788594
421243
543409
694313
442476
817123
158788
439033
12526
165888
40257
703289
534096
812723
931348
120869
42140
54614
366436
776641
540551
626236
275894
149969
908314
775657
405401
744631
311827
291431
220799
732164
404677
93681
822472
952173
839316
33965
276983
910990
389490
362211
688752
999183
287952
913731
280859
8743
220888
445301
731570
172397
788663
706516
22003
370344
141895
771105
90358
853808
932543
872637
659459
820150
681602
489990
706861
440893
158150
710212
180588
491867
388938
959873
728601
563760
473340
40713
406368
941740
465421
31410
554483
634405
203041
24465
297034
705155
113304
855720
401464
13207
704371
953746
561998
706813
665516
187275
521179
327826
240511
121144
827919
184652
813817
404631
445445
729673
454735
110825
868858
37642
501561
721651
889534
123083
136005
110368
652398
757638
297471
311871
192130
652375
217539
90829
205666
355424
316846
318673
420879
981931
199753
952686
555133
941126
6598
973910
522424
154470
438991
985317
244119
869126
360523
297660
145851
62656
993440
237677
181898
607661
381214
101738
18435
819211
967647
647825
828317
743236
855027
269644
2605
560679
547033
28950
967829
780031
756501
535595
213021
470005
163820
259573
576847
644433
848641
235295
822686
53073
485767
275552
538332
54880
295464
751105
436983
954380
169138
711575
207515
167145
353225
624263
164554
846977
567284
289778
82653
155231
456725
556816
763922
181856
836267
303153
84746
638031
267097
775917
494766
831924
128925
791397
200095
111909
497493
483146
552751
915725
818779
256864
489629
799356
583069
361502
216819
336073
945191
18274
718898
573879
511672
362738
87860
818736
321188
549828
112629
871280
381644
247685
47642
486347
995343
403403
987775
747481
503140
602217
816941
252684
9134
561461
268942
493048
109369
301527
241747
572477
641172
318347
140103
464578
994174
645355
686469
331909
579725
37621
336521
43093
642337
636842
163040
914951
714919
383083
830765
879610
669037
127644
74834
730700
492041
871154
916746
838037
634852
801981
704285
736871
17350
842252
945659
295549
552720
222272
823137
744602
357784
198847
217758
710605
653254
409005
54218
539720
725995
507817
783854
618762
224837
677509
863638
105638
492093
314792
160447
466440
594884
704277
312335
483025
213531
768125
212407
942789
568683
45497
945859
51423
124511
900150
707093
719830
892227
580454
451313
267937
776335
163382
293834
761011
555440
602446
960344
148199
770108
69324
912667
608338
2194
529885
127106
24710
773182
27524
886241
308242
563546
460234
360082
367768
260766
732543
198791
886334
680569
39421
836691
704091
674103
696501
716103
531209
733217
369421
179573
918333
936611
774839
350345
897444
541607
926622
923464
472613
519405
782967
423710
187958
856128
713663
151564
329244
497607
551447
734739
925892
402795
117380
930304
611794
288836
17374
81261
576147
300243
195530
421430
289653
15306
199600
243836
426762
914764
364939
800283
421248
680916
155474
683618
390261
469811
713738
359220
741075
604756
266732
458538
635153
976356
410333
425039
625694
802421
452223
111717
207720
300514
931781
969354
723851
256557
155091
536017
54254
434853
84214
40799
785876
268021
202101
68629
103908
289768
37972
397978
477522
329085
882753
319613
322309
571358
850104
972067
213390
210076
845827
488287
896091
562185
196889
37973
295109
200861
661048
171383
958504
871334
289038
222958
889414
698590
143486
916863
516258
470188
192227
731626
631294
583087
788388
27309
487752
580297
25623
416198
887347
71319
914063
366799
12855
229785
761059
570952
964515
992327
360503
175157
444382
544667
595503
579771
799351
674037
841381
143502
681434
91500
119500
795670
912962
883355
297083
254997
754744
837777
754220
281231
666805
510954
846445
144690
824203
546453
179779
288845
104478
942151
184825
982380
998707
671034
727495
609664
914661
305296
526194
132392
638486
67606
958717
170177
300374
39058
436886
94170
50077
90241
902908
505308
789702
470038
158661
477611
734086
886159
677610
986949
273139
342094
268750
17025
595910
957072
462981
936830
802718
488795
774531
877639
779557
303103
53520
2634
938069
90417
990488
758550
34739
715701
459677
426261
674578
206865
795116
546028
777380
35933
281972
83153
238789
527955
115432
521089
253703
444594
830297
421581
286211
532436
736729
375218
468047
100510
211055
680796
286691
497181
785259
538186
784580
693455
854784
16967
132496
47939
481468
571823
363049
728089
206933
415791
254277
193053
11472
633697
838737
605320
554439
520696
780056
31568
614401
264570
906775
817494
210761
755538
522403
577106
233293
3558
720971
823823
532036
370699
828956
388949
327167
584896
267309
422456
487002
291492
581433
951701
691962
720209
122271
685601
753350
897778
878311
994967
387971
720203
256145
774100
563160
113707
186301
194430
121442
459677
791473
197869
770084
436476
995802
945750
677996
439765
876793
338600
860913
783033
265474
152680
255526
951313
85832
301144
884211
283603
191091
220810
794215
593296
2308
409974
518649
400973
83828
698349
651357
650186
900496
917128
753711
4418
393146
255338
218609
82170
681713
738053
905418
277191
159422
942720
329351
132133
476883
281744
939729
586471
431479
922654
553798
803301
575331
691590
326282
694682
434187
111493
729527
711464
589969
63333
895122
941094
521275
426823
325069
65674
19027
456539
419074
272594
198516
579973
484237
781327
614483
766004
894427
252557
752444
605410
848818
979541
217354
769479
742565
426706
269759
568408
507317
376725
970000
918141
405228
674874
82567
142410
667390
318262
65601
686201
56034
427570
924629
997492
899626
460191
444954
546066
400931
876265
333754
191321
50337
352814
100759
885452
790244
556295
85511
4023
171009
430121
899542
432860
114944
931282
693406
908375
62072
158947
81375
7827
209831
858003
260679
616708
278649
351760
847545
662338
736263
60579
218886
395937
695930
896997
696333
529830
767091
992928
738416
92136
981839
410844
417054
948178
546469
718350
846095
556040
574643
564366
902524
673077
147176
685182
535045
410901
13157
89906
190095
248216
998124
527413
401948
354095
717214
720642
391431
848668
504698
269166
596863
433884
566039
567225
421169
163884
234581
561961
120769
992747
872199
685388
684623
136708
391738
833652
755980
218685
598770
838445
134695
624816
551190
477961
164583
495892
917395
708581
358143
300984
877260
463504
940072
996223
454872
60839
601357
358600
297924
991211
647314
202843
825938
613710
895815
838804
357937
79068
136026
307478
299906
620237
693358
645695
723395
203056
662894
672663
698802
413528
671452
565983
560371
373218
607510
800403
874673
420604
618586
859502
260296
273754
817275
498647
363707
398462
559969
236998
234735
346045
866428
186982
64828
896283
533677
291585
752225
943511
764349
532959
40430
197679
677405
700285
39808
937222
898302
860448
786891
246884
535991
762054
121940
401155
245772
21433
572531
312807
749849
88703
119422
256009
141545
672658
690677
394835
534492
515110
981002
481
134699
148520
725475
624313
611274
545150
870319
908919
720648
371625
178122
165590
499533
899729
680834
324242
983417
492403
51163
370541
330275
983335
401406
925048
433270
199202
238516
190489
591553
335521
305179
95806
574892
890255
818876
99398
465717
383708
184420
779048
991236
148928
600152
32280
668669
63734
103975
438457
978223
213665
512614
92701
951287
124543
396001
11767
15439
384024
698367
33292
673186
183418
868623
982367
607989
554215
394852
763185
108950
848182
451173
948540
284654
315552
959999
386265
397009
472744
748674
319210
787523
319212
636697
524157
291313
362431
228220
15136
738247
840723
904248
927842
125955
495480
9910
304439
316072
737576
514446
631816
652901
77116
484985
151368
732806
241369
559943
154706
662985
492622
233841
707225
539880
275892
172564
500222
550328
475791
966559
822345
52662
242563
699215
962388
230327
559186
458607
708038
427165
464607
453055
988925
71383
122603
704390
127399
174328
731404
387575
606717
750516
606147
761278
743898
147006
634392
291247
163249
193021
704321
6788
506651
284838
635950
350400
387936
6335
607547
781569
201275
652142
62654
177978
27235
68254
607509
640843
545245
553997
464314
655828
557468
179666
632743
686962
456645
765669
30209
188195
729234
941957
530861
705743
375232
160532
3910
214052
947344
269243
163829
79223
764708
271647
288111
75950
740164
195578
632699
697505
175114
572152
680863
593024
822284
887314
198201
342340
494254
509614
434630
935814
504417
20746
713612
265109
267041
579515
79564
650570
454431
935211
636284
931857
211693
973004
702400
930684
63425
221797
934267
158036
311665
584099
122396
482905
920749
657817
454412
105616
112236
411473
655707
586007
151883
647200
568366
865215
100653
639985
409604
189551
623071
576956
162871
595910
298736
937130
297948
150406
266627
749888
290762
445379
446854
749535
219323
954676
30806
803672
49087
723038
408180
634679
89234
522710
208166
776501
500733