223663
304328
497859
487846
986546
336227
239361
593740
598805
540413
712937
180750
128043
266639
906611
647152
689828
444898
632816
890946
592912
830639
317279
780043
526785
247445
417824
710161
139597
409717
555520
158408
502834
34349
442738
731349
110869
312048
130655
640765
768739
294271
903572
484527
606104
453318
684058
130474
63006
508949
723363
221260
310989
504313
856928
310521
242961
527799
503984
409252
718313
161636
134002
597885
488268
115748
253115
437111
593062
623997
842723
4212
710528
19223
611898
937616
364093
457682
215449
291463
969024
842500
548242
364100
621995
941966
324617
582471
83523
313561
15004
132273
854895
298930
391870
747055
809439
613056
104289
297217