221618
578604
228702
468959
402719
809563
213301
308869
694185
816633
892591
802186
685063
300065
881887
515314
456954
167287
709216
665402
502422
894393
703662
519944
660897
982205
584977
275060
939732
8909
524211
542893
17598
57819
412435
239753
263048
132515
347474
924141
804947
95900
12587
7893
287677
731226
576512
699009
549251
417411
32783
171453
170177
70507
87811
257803
922004
137999
322407
874478
215200
267883
996917
233046
827309
625976
923981
58723
564332
271366
742145
171863
837656
244721
799949
415069
919224
26883
23652
791792
42497
631654
437989
1514
817879
340612
42604
176106
384500
28733
743429
611872
933346
827332
431036
113912
202658
721430
449424
967328
517167
85528
290054
858424
416668
504013
922521
149269
340058
632049
328975
27506
802198
366772
437670
19700
29503
778070
996846
785560
259429
66715
246960
363004
704317
650988
577868
792391
828097
256842
579873
895861
600436
631471
273444
460802
25923
592963
101587
698738
891143
586424
525956
685755
675687
568194
746839
630033
880731
268342
820874
421516
881995
174078
976555
462519
69397
680631
588520
712759
457902
743591
459138
934358
123168
57886
927904
142891
367601
95784
42048
974440
257188
242347
444808
958656
350041
956196
640379
684530
206735
626744
76743
507191
885002
389114
711035
231620
544080
381624
885013
68092
32077
502530
57977
473398
150038
541561
428798
828454
432970
432207
653539
351850
225109
298848
21215
149619
161422
525932
161046
164814
686272
340401
790823
515534
406342
927265
589922
776664
782095
638981
440215
202059
196354
375854
398474
571082
179515
947283
852802
876327
249266
735308
846465
83501
336253
187946
466573
520842
761196
877360
632173
346327
451218
94450
908912
665862
556003
987657
128102
741991
831161
229425
208434
439127
98929
74367
306871
673541
152946
142913
627440
426722
567693
764020
135324
889509
115712
809756
427094
152696
478741
593604
700546
801474
28776
118674
790116
548050
15237
563334
130698
817316
124143
578575
997546
856083
107646
58570
567494
561628
765344
842264
406667
931531
129344
337434
333306
788037
162691
554444
422653
451825
344815
351099
585883
434435
292774
318372
834183
252581
666320
513387
282707
683012
849368
126836
393666
481973
222157
826210
768634
167491
943592
332074
499864
643159
323181
672979
374302
587394
850666
254732
856264
638441
778908
241705
311420
773133
231281
94844
147615
428149
1641
573388
671556
226299
154454
111221
741823
504753
922882
60700
967768
35566
338927
46924
79707
967224
585465
730034
102284
748879
470360
843505
721529
431380
617026
114019
755559
325589
723309
15533
826862
557686
47026
111358
533473
129916
278349
308708
113765
840953
264001
440715
917923
267920
954136
544594
139672
224740
478664
169995
344713
780449
302642
425615
913428
32486
123587
871932
168290
709774
680893
239181
894777
965722
998992
436500
351022
411580
546
130134
364471
646659
403246
892419
760543
15902
556104
427472
648658
212750
642622
125555
502360
550188
199643
701946
818847
635796
507269
145225
312432
364205
651206
143470
690628
593238
507047
271715
272560
74287
887672
937247
626747
387713
277613
84633
312208
37899
33763
148058
840783
272554
974272
586429
652093
646948
193911
160518
346908
458065
257451
368349
396694
966630
784043
354854
462419
52895
55452
778878
301098
419977
504436
514067
410867
236777
781282
170400
752443
287052
861516
662404
898513
640044
32432
241470
420797
111740
99436
619847
853520
843153
50009
878412
888279
433452