454604
163106
707206
557002
581391
204121
257428
58475
983815
796483
402106
792919
900474
550654
299275
124186
874349
593292
137531
432128
556715
831731
201964
850749
468197
384500
263268
182525
281459
158373
372000
401545
5497
992173
797122
216274
773860
60124
924069
266270
163988
490277
83729
542668
282644
191417
759626
2629
228100
136512
341251
567617
191512
812534
688432
59763
443769
80801
478457
86163
498633
172586
845898
461574
405188
613727
316743
326507
23298
398276
430237
205252
988952
199250
188276
391295
72926
148109
159040
986144
51660
674757
236727
62670
147326
27113
382813
356343
932055
688194
768762
37472
913601
971476
98926
513228
138834
36044
126491
960520
750026
68645
472640
738385
899257
432414
372262
605795
329214
607184
387954
92640
870313
856814
318875
119449
819650
77214
353974
961595
731299
877614
124333
749657
70336
939572
971599
291409
54023
857927
188161
86046
597090
218964
858961
435258
132314
870493
193259
780526
672661
325844
357924
868407
795072
582992
800564
502358
759432
353962
91777
515829
152001
710711
991958
444785
894314
218401
667634
898568
39624
477156
166845
363552
924078
308450
37334
974386
721502
718372
894919
78609
336074
321070
511322
331483
272755
689598
366021
543611
350451
880993
138560
880088
210325
138737
76471
813277
73314
248046
1627
977766
93239
689912
934803
536836
972689
990246
134481
37613
450155
207559
947647
603139
123262
22771
595287
420863
873575
124236
213458
357754
931239
700886
773176
202584
130948
973296
572502
810577
710668
611055
232846
360605
2745
324886
588296
197819
994928
793587
368263
823967
691556
728856
152150
927414
348248
502069
474464
53143
400193
863183
63327
556039
234185
742943
169261
639017
672240
70793
960822
778112
338701
371447
128847
899170
932787
431890
235551
242236
791406
707293
772667
637372
236525
147758
916880
787679
136377
65609
979065
70551
838051
803226
226865
751512
138365
103439
187810
919551
244542
374288
333148
786975
73801
199708
229665
936362
174407
341633
944861
405177
343088
13943
558835
512056
621481
880858
582002
305
156232
670275
471590
698291
790707
944642
738379
916767
354022
290873
62237
340750
948883
718104
85323
789538
262499
541936
890889
894824
734235
279990
947460
781863
787738
476311
559601
395464
829630
991474
433599
861601
844263
958647
867115
122208
207379
417818
580529
630544
937128
498163
266784
767691
310673
973493
720711
124605
236480
993224
10955
955216
570449
984262
869722
362873
489807
487055
891834
532382
492623
693450
862523
935587
896698
729336
306827
928592
144553
546294
940648
562528
637481
192655
728368
479273
966557
440699
669140
117923
9539
813305
922859
16598
799119
808516
285539
358372
69491
792693
284050
661296
465344
743348
500906
389802
835942
577116
514059
664313
688983
8171
43699
912387
142282
863906
803536
89116
562588
614783
470774
297864
181584
31957
617260
33583
383799
765509
912481
733020
394411
311643
974652
59121
31989
306247
183185
424747
942351
804406
25583
291790
496515
99340
467222
734189
153266
991168
984390
793304
121904
197845
590002
993890
686477
311153
64596
799117
860911
90396
62746
78932
530458
141014
857214
914517
838098
775316
368435
29338
547928
731481
752571
313347
74063
709550
229141
920721
810242
717694
467732
79249
525631
485008
208715
99235
779611
298849
286821
5926
646489
871837
541649
954050
720678
912186
712730
529
904827
868785
289108
797290
793509
532762
416818
692300
30241
269476
128629
302116
980897
744750
485887
506683
594091
865988
420678
347199
902049
804921
273444
786284
698843
8669
578890
303831
839664
564059
172565
675799
114452
876914
626489
840592
911387
151694
800281
959773
134556
959682
957945
306266
511472
932452
304523
720843
699482
445702
536101
522732
202625
468748
352852
628565
893400
299375
691018
733898
810590
817933
252018
152413
549185
669994
912549
574592
677086
676295
386228
216363
927011
923293
967333
766246
565718
120310
694716
570484
11566
649641
820014
416540
616479
699888
87803
510485
204403
987943
798676
800589
46804
70051
581879
706774
366630
209197
7580
403949
582801
276954
715591
705065
423708
158792
233598
773181
670005
72823
457557
621609
725773
366529
791781
67331
823584
143095
77147
219806
598802
246298
536684
381396
274293
182003
276006
58998
561255
883856
657058
345612
147289
670299
265750
344458
569066
449240
281735
676114
330353
808314
521115
579808
989722
690211
376652
746583
508967
900087
281721
244581
736984
694876
302551
285333
960486
394448
13252
695345
262504
515110
771452
36305
398361
981790
495460
833156
300401
553376
930372
676378
643055
405653
926418
722765
812152
715170
814697
878602
372121
341058
289177
236383
451113
925183
334295
590338
672970
818573
624597
875515
886222
957059
687149
95279
40885
428727
412214
616395
97493
818676
135545
470857
255187
808666
516606
725026
55821
833171
258239
539600
19866
509422
4862
755647
415849
962393
722930
253327
397382
83583
58141
648392
273659
913340
732089
584155
764691
107641
240336
71057
955193
121705
476523
587859
155200
493983
64162
427540
92668
599881
610322
375711
59341
894285
412461
524600
662076
795326
323436
414578
334269
980155
300255
970893
363668
482020
772516
691209
270677
700218
225974
3787
742915
681362
90909
190123
813402
169270
872387
64856
895785
782489
247911
328937
492694
469108
211627
864192
283013
748353
84039
360285
302292
678163
27424
835261
623549
334160
384563
898284
887775
930765
510123
785774
339990
781188
768147
119494
217926
982068
76582
469793
859063
166613
273537
69474
24474
810679
459961
187659
983338
567862
437513
826628
391470
103900
443172
532171
660251
522579
784937
568377
489878
647877
556789
866029
288726
782802
8658
441431
711528
497389
739596
154019
537292
773140
233444
203263
507197
618
608350
325259
304334
768882
914549
478365
320880
407914
682159
954989
139280
538754
706571
434084
905501
468343
230934
470396
288743
48401
725020
649427
305635
382133
261564
849746
146635
834343
880533
414836
750562
894624
704156
676726
175701
696264
917264
532698
177213
396113
13828
974423
171394
581680
33371
990368
692825
365368
915219
97295
110893
219796
457848
434670
148060
858272
518584
58146
436504
500069
920151
672821
181422
468591
791545
260286
757859
780621
263836
786607
145210
182309
515113
854331
137811
845937
478047
853602
891117
753626
309231
715546
254348
373807
750055
17499
49718
215682
766534
444424
772759
466719
218926
468853
187524
270826
963319
752921
381980
155988
762463
174993
168011
287673
542688
770638
81320
701594
437274
894109
137534
747570
169392
275281
284904
83255
839599
723983
746774
675502
437352
272310
788524
369003
61854
602793
344713
631012
871515
230970
525797
923185
654557
183220
279251
543395
321454
404101
405094
827902
922641
982150
243952
753044
796760
920937
203877
641727
739539
960766
123679
443962
53282
168866
82811
381916
905132
452292
393312
360819
78824
967381
789024
160441
570904
921292
603446
760373
103638
87123