19868
564833
45253
857529
903604
694021
732329
376206
735262
583000
376863
790060
510793
272061
159066
257060
90559
286058
720617
818319
192047
735683
224646
635843
93701
552468
670987
158481
624117
527275
230788
482679
311832
836688
761055
854825
425837
770850
653376
477175
728064
57040
581105
887899
96359
417520
24439
27297
363689
135615
212096
596723
971514
423798
180984
426496
190818
793797
18554
565513
725179
860719
507875
988552
170777
748993
20355
870588
137860
19632
366125
492949
746848
90126
200366
845177
869614
528553
433242
782769
625643
475904
843521
964660
965782
775267
188737
164493
832975
742502
776373
5163
275227
773825
159180
991237
822404
520903
241268
60328
278301
799617
934324
990942
467236
796647
385241
414589
62144
582522
812680
823369
635625
243841
524659
246279
235942
262557
505063
163999
910898
495243
97729
214316
7672
316342
630144
914788
807998
14327
877302
820383
389854
257450
334617
499014
436974
294062
985206
963865
67649
529528
998789
682588
345479
608725
800343
775455
121679
334714
568940
741289
570157
528969
13537
7616
395575
589603
550854
377496
994473
612
458382
340950
786088
998847
373279
990655
655396
343799
340298
864386
192662
160376
861012
509598
766697
306192
759859
858801
703157
764301
442453
105183
829158
785139
891865
971931
906043
829338
880865
489557
602987
510114
902143
287168
541986
706324
283724
357950
828904
252311
974743
799595
301027
385292
559355
8835
661491
344198
832778
352113
919163
262249
999973
949557
103807
630302
219373
49648
150121
868272
8468
415631
481574
751750
582605
866450
109741
608317
393762
653752
920416
453986
738148
120585
421003
672137
568380
417279
734345
149900
984160
977618
468869
429476
156130
777183
151774
205917
635810
876532
349860
80057
807844
107643
232832
50019
218172
89280
7344
443406
218918
419744
538351
419626
332274
539728
991410
673347
686620
6535
262095
604918
214458
672905
755385
976400
645454
507409
759910
138180
323131
557467
184529
833801
363221
269771
651035
319310
353489
998013
387149
726875
76443
522090
907000
697733
383495
551347
841469
136270
878239
335182
642729
619607
524186
295114
580216
83010
520686
815168
596539
571688
229436
811224
503059
782772
552810
911925
563357
170138
791439
860222
324392
930616
158087
367306
807265
346759
802725
477863
875088
845629
165512
796999
480827
464899
634246
258696
428584
288462
555590
721119
94336
144860
362
291488
350223
278157
881513
331628
817000
487260
37242
75319
51110
579832
509100
494900
647821
918403
723731
890144
103310
653158
640988
984872
9961
708559
236418
77496
538349
841352
915481
560289
596187
223797
843400
22182
924457
100650
591636
390052
801250
90662
725399
980315
295530
746737
531407
33885
859488
864589
245266
104273
250396
23003
243039
965028
51735
425358
934097
324046
10730
128580
314029
456572
47983
626950
616026
394591
816708
702621
22384
961745
115438
450191
91432
656287
599577
944693
942068
503351
518141
44538
751592
954415
289821
376882
618389
236144
442601
978964
745911
460477
253700
564886
306948
306532
856288
157284
814052
827839
631876
447996
829120
678503
739119
515752
393779
477367
709143
386649
674142
91384
741770
557405
520472
420078
906742
627965
682626
115134
768388
110454
299576
668410
336350
77330
686435
367179
940113
912673
718379
442106
538446
264601
935050
101659
864523
404936
831420
947862
589639
160369
814610
245331
865130
289483
425894
718785
119306
357906
202281
356868
246474
16775
39576
1401
872157
50443
848973
189542
267688
632724
507378
395203
520838
196105
179152
450143
165797
918784
26118
281905
350797
349713
870228
125948
388545
656151
862871
867613
146558
404611
238415
684212
915680
317596
739548
503661
682404
833623
976456
639850
267208
274766
142141
297295
658063
144416
441815
142505
344993
333222
902292
336635
764046
392845
201256
536423
122547
189205
348718
291894
984245
256677
611768
519300
842987
44808
897671
233099
955800
225544
641622
11786
657173
11813
955729
223569
137805
217330
335907
927404
500386
502285
131501
771562
918062
582713
685010
68104
204772
737178
411823
321023
325332
825868
516840
174183
252429
938656
502174
701574
384476
37171
481532
448378
568947
106861
244209
870462
198694
364755
826488
311708
869646
302410
105362
594160
754320
739049
96341
368276
279992
543737
411614
731437
959487
928140
353763
242705
605419
184759
712547
121364
534549
115437
106046
36718
121606
594681
979937
662666
873403
783703
63129
544365
813576
257712
276873
800833
806233
408177
201591
526526
970643
939079
874944
209396
778904
338937
160044
353655
668650
719393
329116
297767
872935
445512
41632
892186
903474
872669
912165
716264
692659
833874
10059
414228
240116
637140
193685
600338
334636
365156
53114
517753
190361
778583
181912
828231
583238
877158
743752
223243
533420
295795
243724
680755
28725
230105
99493
72114
873243
713646
567874
138190
542895
918232
837970
701763
752566
732617
801658
52695
215918
160088
95394
443643
68142
337853
317162
412699
556267
96105
932923
617923
942679
20608
129720
513709
63651
530996
687826
289643
971557
475135
861947
83693
648342
357820
113650
830256
139954
445539
956733
388676
62978
352287
275509
281720
297270
78926
356155
597667
574379
584852
10056
453010
347469
429340
662115
755657
624278
371245
352171
875256
864757
861412
254740
862716
190409
100756
300335
654542
304204
766839
305185
744780
262349
854031
161397
236642
160277
487325
49614
512277
88684
876605
746485
448812
107572
286684
460689
551547
554226
915992
645428
891341
882733
398386
969937
706157
437039
39922
408716
63697
816872
950936
208682
29732
211442
994874
482728
860718
749744
943807
855527
838306
904335
287606
654532
340805
905198
23956
530566
959670
871770
695688
454897
625246
474482
461245
759799
450228
542058
197547
154894
106797
494442
66906
652189
271871
341142
146485
130511
645841
675817
503431
225930
461313
631610
559252
388602
647313
917345
483158
458439
756531
711699
528165
784415
439528
916823
828809
625991
501662
453076
105465
514390
701302
308946
647612
967250
567452
35348
226481
417342
773349
709321
570172
430564
288913
430764
233243
572996
554031
69241
589910
551321
836128
264203
521429
4612
193395
318743
592139
303448
68336
72511
394960
710337
958705
651348
685709
137553
881321
197739
938641
650217
779400
830106
407552
609856
773751
367888
354602
888083
602366
437902
544250
800937
965574
662470
148549
962114
259896
946190
821442
791771
952707
362817
12185
219361
412221
230066
101972
643440
785761
89870
562802
619974
624823
746509
712794
539017
452945
803925
557101
976113
322033
493483
30388
278803
437448
461206
434296
929803
248409
617490
978289
872070
531900
225902
462678
15913
735999
166915
490771
854882
551015
340305
801241
573961
598100
130807
450895
117106
588098
536782
868902
275666
979308
438755
163850
993290
619403
775504
551988
453589
737851
994486
967644
42891
616895
125081
163596
399567
568475
505880
131600
576924
800671
657543
627466
508390
705028
759083
723042
267376
880303
220113
148954
119530
430610
618443
535871
899396
375282
154568
248955
407315
965763
79951
660744
461790
988015
81944
698367
197255
679221
624775
365454
201617
752302
298118
158792
194770
835244
730813
781783
718262
333755
330609
875660
673517
464713
381942
718039
204210
142498
272402
438162
135289
456787
303920
674487
481397
825904
602046
705650
975683
536434
373476
16018
762550
436216
353376
951513
230272
189998
272194
977394
537209
853067
327489
153346
952591
808948
354233
198999
315083
211262
922562
665085
522363
587089
770350
600111
685314
492392
500190
726187
711416
56500
974913
793694
731903
52384
531371
656703
723043
385968
381390
122552
878637
479618
902615
318590
936645
443127
111527
527746
532033
45611
829868
518719
667982
891935
994588
357556
714745
174136
883470
683948
340315
983136
848885
162680
7519
723723
626617
876607
197681
983828
122931
886316
484741
459717
161157
182597
181825
413942
814164
470748
350153
2508
537252
721630
487781
956387
964686
64520
464144
843462
255904
227066
346399
637915
551441
739940
355083
452956
681183
734493
37534
143808
796743
442898
335030
533560
638177
971547
80569
571541
244245
22825
891798
412870
371198
229532
919155
532799
530009
482161
551225
147382
944361
768472
131960
947527
767915
255332
523959
24888
251889
612380
598108
58838
207262
829614
663156
376126
114941
902979
584480
355640
284158
751982
112285
191485
318797
493566
923566
110617
760848
40882
803176
581099
744190
484428
557914
5962
872471
331070
654614
530498
303427
282113
439072
292668
774475
428805
991667
873339
787502
427459
190378
856642
832545
481646
971858
776148
81511
248455
289033
909203
537224
893712
886418
73354
108145
816536
716345
619078
926823
469493
555933
287391
273001
393616
227359
666644
261410
609882
148518
66516
267720
73565
676620
540761
128468
503085
544680
464879
942430
528765
196664
159443
108692
549773
985259
405302
267607
997057
807881
482209
409010
860174
110592
996530
858999
650829
209804
51460
958008
207922
203393
350317
936543
88982
331512
701089
480299
961712
512340
343987
875655
14818
874800
390140
497800
84399
140455
492180
897091
241227
800319
52733
348617
846283
713842
844384
784961
279420
324187
387439
834272
31567
483898
404393
97031
972337
284836
572668
984568
257209
528970
901636
18230
319291
311523
68593
743737
863930
636665
531208
547531
733946
192077
695936
610306
759346
225896
96076
352986
985952
10624
28024
182511
109367
413443
829485
479635
513716
331459
238927
649554
748367
68989
715909
220672
505356
923975
500696
473274
363504
500758
430516
819074
897937
589609
820173
649201
798791
375958
379227
103256
19518
595951
148293
294263
612589
527121
66268
579929
144161
956168
103998
894346
889971
179170
540955
156279
512792
671567
412244
959072
48599
630769
784191
655484
972629
389638
154503
381865
894348
974191
360689
66765
946842
796701
254649
560911
65526
211159
535002
348588
663037
785194
672749
67126
609003
549805
271401
829167
913765
838575
11785
407166
316850
519360
448459
959820
743690
628185
982932
110910
195015
764648
81265
287695
209720
860476
530616
608969
519701
169418
927117
648415
536012
755290
994816
273514
825466
653713
337556
804606
27509
646171
865499
731817
921862
993460
696700
815367
328564
163348
651927
434373
246523
700597
781439
324528
330524
891330
414630
440825
146382
678878
848406
161735
407378
160461
801883
805881
950884
655299
593343
223607
299277
952071
868077
592243
653525
162884
622775
478786
851030
345004
387379
757777
573356
991625
286976
86213
834633
264482
981222
544755
374757
924998
679580
515769
117586
481656
890723
784631
662253
322039
955151
56174
136305
8552
214949
334963
336805
934178
926944
592975
818934
83670
32014
921782
400223
344217
885528
98018
17156
159632
972446
395916
252191
256887
494080
792967
98641
577741
650426
916793
268122
255072
213287
687862
458980
628208
183078
845178
54330
602627
499162
492291
907286
471685
961419
203593
614551
588569
377578
200539
681297
699968
345265
188248
30014
424228
487593
390150
176595
143106
737285
564690
604846
703987
979884
712293
774443
375381
11220
656606
400022
42202
515786
956402
248314
156397
436878
597470
548312
531580
552986
514884
368180
856934
723907
826537
840585
832131
432121
713546
784604
591946
704553
317462
172142
53539
776705
573325
801866
845194
359827
584819
727615
39068
202835
311216
453928
912834
751291
436295
968167
647031
711053
455473
591024
797175
466296
502230
148929
195974
929172
608167
132143
12954
969160
872666
798812
443621
422923
380483
332741
353795
419463
37260
561016
673981
112665
174673
367139
870264
713781
226842
786822
24637
351463
623478
913610
511590
700852
241968
393772
279585
883743
302961
72210
295972
315079
551538
31422
159277
948334
57691
28384
134453
762388
846781
450501
815537
648962
33257
644014
487299
443746
440555
531772
607236
261579
388134
196614
17382
879259
7181
690573
451658
261054
24891
186311
263645
831755
509872
504087
990447
257485
279721
354334
141074
679134
396315
990763
727723
490671
718091
580942
599128
470885
419917
182410
686846
225566
224791
524712
129645
881361
151937
403816
874546
482324
514331
534739
811514
742006
33515
162028
525278
901004
127489
197252
259471
741897
587193
382893
337375
427783
555149
739718
925866
210082
273044
535605
754271
260675
577307
948724
2159
570619
529950
232258
609424
685061
405604
395705
282030
344878
725684
753664
282351
114192
47415
422486
60641
16442
778475
445647
903363
448875
284225
367004
358701
258621
367509
5058
58524
442655
411784
326765
205022
418043
959867
98014
92182
7926
345321
382335
683501
684437
549985
372695
841877
930109
595039
179544
27195
402707
922758
399574
58249
756866
488509
578898
903381
421082
361443
47221
101545
643862
490864
980440
858927
609398
274281
679424
303673
903627
590335
515815
175659
849873
928773
236021
783110
559926
868237
148238
354513
525817
287454
453252
186278
650990
505491
758125
917846
752797
350227
471952
130170
540362
77736
548153
666007
639120
276094
616940
696237
829223
278075
127350
530972
165061
180853
831775
169779
749664
371860
500027
708695
435664
758085
195103
141133
689811
815768
363505
843684
232875
386936
314329
275970
400930
622340
973588
219337
518317
245902
428199
749157
62574
143791
748976
182709
264148
851012
630231
292691
600414
957514
865444
944770
791484
825170
369067
332723
785878
782368
435682
395252
357670
281894
656595
692342
145024
746456
822124
758073
887730
454828
579764
862166
863494
41008
865880
281448
769188
124167
354148
25752
299540
711105
500365
494276
724194
775978
121036
679514
64191
867971
144504
592755
292338
527618
626889
797128
596536
248774
332059
712065
581228
751703
877875
146576
778066
526772
469163
755672
967825
393735
308343
668200
980942
843898
531
928996
767271
271394
160779
598980
151049
504281
112550
549110
476719
654379
752688
562911
273400
228647
699491
395647
681890
906005
458609
244019
274217
913862
47281
303763
875510