995467
371397
805316
990060
934436
279856
323977
62599
802485
333356
366178
288883
435668
695377
201878
536925
404349
95461
895971
413760
358995
56431
33517
671858
302254
673116
211104
391297
275879
944078
279503
330318
764520
572880
901835
142515
713156
101706
851861
995873
430888
217715
618573
496977
811066
81259
306136
723180
236193
565170
522321
596143
255751
365595
933943
792099
626112
47392
434379
877346
583894
220894
416133
381888
287604
211899
470498
79810
207142
783005
946713
831888
866722
691986
194620
964097
753969
131650
987692
305093
396454
385701
577365
686410
576647
356390
65009
921030
407230
972279
294430
19143
520966
868256
265681
674334
942770
144943
150038
859092