448771
164837
922146
368094
239861
923745
109428
681178
913118
63234
274273
416561
625942
439645
402653
431913
754079
458755
969021
268476
783010
140699
103886
622533
284369
823130
211201
461060
298027
761633
332803
72142
794078
854066
915115
884692
84614
807696
973901
301773
914131
160115
864492
305923
877386
122341
461580
866423
740258
474108
53476
511986
128462
417396
994162
358954
975898
164585
614249
501709
486063
910829
275654
492845
87153
947788
659649
730311
418823
840346
352734
856817
901818
888180
801826
952096
393206
643932
108387
58899
589487
912939
274297
363360
569757
205234
110928
608473
234279
816625
987295
49435
572126
908979
696115
159986
956768
82308
994597
819756
910173
5585
678634
138041
978934
116826
346313
726139
349697
605590
518631
294320
239977
184419
897086
227129
188147
990375
949292
129927
378331
395593
117352
173473
59548
508742
797839
798036
519695
726640
585565
713079
786795
456329
887607
132953
700011
3384
626468
530058
219725
889638
285020
982339
957686
823864
179513
312626
760691
692137
717642
51430
405722
721987
705927
197012
175503
278521
288990
861956
759330
978148
962092
9307
199766
293912
17287
153221
815421
317027
997688
921982
666110
462241
235654
94782
40057
147391
810413
458367
200449
582346
608558
777516
309128
281331
445184
789160
867032
960801
927268
485815
793789
475507
16150
902669
561985
66321
585887
50673
758607
377389
689863
679246
108473
366556
75880
580630
469461
600459
164766
81043
294914
637855
204891
822092
719048
948653
672471
12880
727006
630227
86500
926946
95429
589041
325151
94081
252433
21448
9923
877202
167367
644077
355223
697772
861986
321129
216968
271360
265072
934576
319505
481507
262490
904508
697430
890810
222656
5830
214225
867585
944642
171233
53923
142455
148892
146611
419916
989034
878569
726352
573622
664986
664648
437236
323628
682189
916892
221341
173672
567535
784429
241411
819785
987939
672620
32629
172323
503722
558355
291730
455408
689582
218667
202592
930789
344940
609639
469580
746336
479677
740590
794367
953469
585215
640694
661848
725384
754020
838988
147980
788876
811991
239792
684248
75274
259782
922332
373022
840902
416400
420965
677923
49275
341517
145979
641636
812718
272308
351947
526096
800928
13293
468291
76327
523356
710772
327413
793901
903281
334246
663701
762506
223354
829804
680541
152257
252185
10625
854415
957067
757506
450529
724378
775312
369011
383568
89302
813505
344449
305988
533738
263636
763854
114159
343437
959645
18647
124717
874089
837574
208490
9351
107355
758507
288949
154850
92247
63060
566392
408199
350249
808400
414300
639312
409430
900906
599710
229867
553057
749131
815972
950414
485481
91564
953008
388023
663920
549749
948146
861663
617206
93367
405815
540923
608516
634435
416064
586669
608964
702565
752174
893326
449805
204096
922200
847760
741949
628359
539519
352084
489152
381077
567641
997383
812141
157418
612041
300089
87759
24771
528496
416956
64192
250069
175389
956853
300977
620645
644448
655938
162311
582279
317564
94216
93472
300145
68794
224151
672371
343931
557466
853756
176406
993525
256805
247908
57560
642405
133918
468328
724558
905307
235670
670521
842347
451187
158303
302441
751433
280551
84760
583764
472708
850254
491687
257833
809285
641013
896966
544601
103773
288088
744116
124506
964487
668222
178699
239064
229072
817902
200178
312057
272210
399313
911592
992971
459804
103461
549633
374989
112429
462299
919790
247703
248479
333967
991412
743910
538337
197026
709567
388808
352285
569845
800656
283232
140536
370115
834385
142807
982647
350107
94089
732191
580927
243833
553258
602853
129781
143488
235400
667347
654468
277399
589028
445375
857916
956957
963623
486963
954648
24202
627498
823385
868760
150371
55410
413763
111245
545305
3897
604373
373939
71359
674791
950544
549944
556455
558880
786043
145243
144536
542326
327664
66224
946221
669503
713856
758271
983629
779522
619076
857804
648130
926667
301889
250930
832056
186078
393271
707625
391381
164552
752646
531495
195823
427217
577021
33314
249006
205581
653697
643890
201599
498833
360791
232021
670450
201603
544782
201485
539698
873739
511628
543716
103006
91878
556083
549519
831304
69401
513135
936048
607369
832706
764575
379510
518206
173001
835869
562016
450980
616822
925868
694622
401932
676125
682365
712024
986874
678452
89822
860360
346336
148037
396032
797186
465778
616894
383779
250388
644198
467366
888800
139400
332426
381482
438034
53830
311553
857174
372642
173270
429787
379615
220974
257988
877584
122268
29014
281436
500953
767701
229154
182421
475244
321716
17875
411658
274386
939672
198981
550627
626726
226377
949501
251666
80492
102086
900501
178170
535115
28537
801985
859946
37096
167820
789181
729734
927073
745556
302997
656070
134435
540267
679376
729624
637545
650397
386426
265377
310290
672825
576717
506913
835164
796615
782395
462645
830979
355544
809819
604661
545072
879480
385197
807037
201056
113344
398796
998601
464338
954376
642159
597050
850860
202554
915355
631285
9963
467587
943081
826603
879557
34658
141935
765235
97374
297058
621966
361618
664482
935333
756184
563677
631685
430422
415899
182838
944597
634368
503055
865202
758840
131901
375256
979867
247944
270214
713271
506513
692935
316650
406931
444171
327425
444634
805920
228283
376957
933408
612074
621968
972767
553136
574464
441493
91997
306391
670079
684470
318812
364304
174394
909731
84710
850934
415171
660813
209610
474323
958553
212430
607889
3670
973869
870885
84120
384803
477587
787871
721167
994373
745986
615697
795533
19135
308679
156545
161677
756352
596941
187172
91337
250356
770049
524546
824561
505335
857637
595190
973960
527332
558643
832977
542812
208012
774571
154014
74976
40130
507835
576769
665191
488276
111755
503481
666047
447316
250338
425156
417000
133844
155896
115234
669936
720111
397848
788017
220716
681604
534193
14519
162772
457918
104315
558911
218748
13775
202369
274970
981931
459515
674190
252871
736538
136016
701112
869101
648970
867892
563524
625860
519618
71319
878004
982100
264740
337863
80628
594454
777323
848930
934173
306486
776004
485477
733923
422842
890117
129763
369186
639740
451086
659218
414848
155603
670523
873536
719934
796688
403395
184867
369376
807908
529584
312013
377335
4959
998267
692478
237192
370579
728131
403859
302939
306711
115114
496221
131745
245607
998669
736013
464066
220393
184349
279691
21251
239947
536542
128869
266001
361543
725500
57060
515436
527304
495749
621051
799347
568359
992456
840409
861896
982670
638791
451678
370783
940413
187739
379049
794664
52139
426661
345872
919639
227204
395372
570345
727244
719185
895576
772229
541028
276342
443466
706045
869788
794324
130774
386788
751901
180559
17950
234971
471720
230249
140236
458756
127262
275917
655659
577487
949293
633256
738275
614768
252243
333746
698639
25841
560528
485259
835773
226211
142572
336448
46721
131184
685602
266796
730806
137868
460712
180795
218514
923338
399132
46794
280229
190667
677132
764522
35182
17745
122978
707780
536602
648177
808106
850838
428250
735847
221506
852315
235487
863491
79517
471561
798261
186178
523187
103924
212473
44856
570953
651856
750521
680744
139864
221588
940582
972214
854301
121145
571640
703795
528765
583393
776159
870744
699538
198741
226337
968078
789846
430695
191829
884778
514602
694582
483194
611766
758788
65872
427252
625002
591540
436402
46629
830650
210001
926698
905252
233225
655748
227806
915357
688571
6128
901477
838149
747432
614461
1171
708343
530220
196800
971282
291120
582363
361352
624107
189412
413586
134536
822948
978683
464297
567324
809540
478187
132932
57978
150642
575858
925321
596982
743292
922673
228523
292017
76915
815968
262053
848671
222834
848882
201603
819572
725824
12166
698394
830059
871435
273542
196184
960563
347029
964128
757110
361270
418667
707231
194506
806022
649743
756325
126328
338406
702967
709383
347017
782259
592942
726981
84308
146030
412441
895396
41880
226983
777620
971434
521580
540742
99323
744566
423949
194745
192453
604921
150551
66422
781450
339093
595151
275435
479141
52240
613788
265930
341108
829237
999318
270442
670844
483591
945143
343132
309354
551459
318511
916363
18996
817393
45907
36110
265374
996230
474677
887182
310105
866458
118991
224079
83782
879073
535768
710493
786776
372040
175161
309779
968790
352013
260889
595403
663872
627067
478612
756509
784649
269633
696779
430678
451971
966766
965909
763383
184345
728204
201812
855142
201909
933974
512482
942838
470466
440662
587369
302542
219723
141023
109138
652152
910786
870436
470101
717128
858717
918772
977711
439719
498651
650451
532274
303355
201125
440886
282998
135988
307791
444954
387437
690038
124861
678273
700756
503710
152227
594314
962502
961779
331876
486380
307051
869291
177884
504783
525069
283031
648377
726855
747531
601196
860164
467309
654822
481454
849662
158428
101176
933306
175461
12549
540421
740145
635478
526192
891114
866109
136268
294799
50930
823809
865606
684096
394568
249825
583751
418080
102214
557226
334583
655879
372395
957408
382055
26403
993260
994787
487666
132020
582881
747581
182142
309537
683424
614667
281890
706550
943783
463685
158690
720187
379634
36587
453013
60530
289965
129293
629928
132780
930820
938295
497851
70024
63958
730424
691369
374601
757063
103374
534501
350163
675956
383344
950847
484802
936002
794360
440134
64359
8336
613610
175048
673056
738955
249445
609397
188563
84319
499044
351714
488839
152842
709233
29801
342879
439629
64424
484845
907763
622333
854372
338811
432204
451702
820360
152268
244092
668334
410668
461607
603352
526759
633953
183587
540500
896574
447907
760778
22073
207457
918746
932185
435973
156958
990349
536869
968095
800214
602980
73559
990517
213008
339352
618072
419572
599594
416505
316104
841635
836586
320731
964711
694876
155698
58142
24854
234601
863186
6937
498232
259575
883128
415843
728051
303801
916098
826237
602515
429340
485044
968927
971085
780258
299013
139037
897760
536286
245652
935798
506903
904203
405240
645242
241452
400648
538996
73877
128454
658996
844105
959163
833571
358754
484390
590514
96337
618745
962747
57463
871767
382059
144555
405006
587120
677072
707872
788521
84407
307742
280312
169204
253406
705543
598237
471355
102552
141743
417650
124537
72663
188617
160809
514238
845359
485837
14705
125819
181978
751640
253261
842669
347093
659935
24960
866148
768423
912465
887844
429936
38273
426761
493594
380583