251534
176883
265056
816369
322439
78087
95664
478140
712324
833148
998578
194755
152104
907255
975691
936439
753059
7048
125845
714717
133202
428644
759640
908695
113281
231227
607064
418699
359696
907190
280584
450226
91251
261519
642332
630783
384211
289676
563324
375145
990290
623257
705044
941783
390700
913217
879112
757736
314232
542473
719109
859228
318542
644713
651123
959714
412483
514727
73927
556030
677392
448850
595636
189526
726417
219225
316545
283098
185065
748678
519414
300302
73666
634778
666352
871030
674994
719301
942228
488733
196281
496130
671520
752641
530151
51853
817053
917662
173915
662914
882801
217109
76005
139091
481617
503353
575437
958566
804947
32247
226221
850697
34657
96223
706809
944467
526793
601683
300575
779224
390258
528715
297033
455688
313962
832130
755264
358116
76250
796480
531882
564702
904731
583109
176884
825805
94625
249615
870410
605514
873557
475784
711235
567402
126849
340176
188443
426840
316133
750754
988888
790925
222182
389989
663629
39215
220070
952209
290748
304643
35055
760956
696086
249489
822024
129985
161695
61715
358058
16139
850861
346585
135948
416835
870223
43516
816987
434388
465035
844796
631878
40727
405631
197881
100149
604832
207144
744907
178969
664676
82625
102718
177054
432517
41795
425837
287742
175804
847435
50745
488879
335202
885658
429735
769980
963227
750134
116628
73586
370016
620525
693525
858609
12903
325945
404975
915362
6640
150911
698671
673223
346926
696882
729960
417581
484881
434581
291527
738431
322924
409949
245268
907765
979656
330356
352263
192425
731460
219802
854469
543626
749991
471526
23158
911465
859332
286315
901699
92401
603849
281397
139505
54772
109796
565299
598549
962912
304081
629550
160563
823952
987780
785207
623479
954814
820848
927200
788239
786135
348275
539168
727587
295591
263518
722394
563762
885876
344100
785143
870986
537318
213598
867375
351780
905955
651896
346215
729753
503417
872956
970549
230725
327029
341881
170047
905079
407376
833551
358785
768337
134153
57050
816237
348547
127118
255929
62252
443550
682388
457658
871939
770776
775110
433443
348945
786267
516761
246303
625716
300489
907646
752708
549388
815249
347057
373117
684311
126951
770735
695385
828027
468387
888132
105455
355235
650296
335682
266539
952704
464143
86798
546042
415985
532031
730964
660238
243902
693483
514458
222798
570237
630777
635890
288926
795863
165995
424585
292870
616101
124443
469021
918785
406260
799383
947468
172516
794407
761879
472135
661865
873852
714327
890789
787608
763623
984213
831700
930705
242202
978473
191210
647864
115814
157692
171034
463741
495099
662630
282882
710599
926539
241832
743584
708284
244109
638914
952613
740463
971486
290611
139042
720487
97473
126411
369759
46536
976903
93422
136523
521761
713994
822631
435021
336721
526995
686694
717944
907030
202971
756824
222750
958003
723183
79201
967931
768574
164972
798649
56402
375171
356778
785248
190102
911384
82038
822015
768446
73855
558967
427997
755259
176305
595057
370362
358662
324749
426984
792972
305682
553757
88860
700691
552673
795137
58355
17563
153779
354234
88565
247694
846041
951381
985009
671027
621543
42161
845820
47623
372679
732399
695385
273270
361322
121462
947444
986550
15578
892960
811913
434753
772716
944005
660130
997549
672209
782434
212477
551465
906379
819301
869772
457558
321084
335575
569237
751231
152025
18982
412794
736055
778238
373070
982227
137294
24860
326756
864823
997103
911885
183679
470938
618521
638600
783619
528400
185976
158000
936587
720560
145119
989191
277682
934867
2981
309503
529983
564476
795097
174385
672618
785682
755810
425703
816783
284552
356664
75219
358510
922205
778297
441827
919325
423167
439721
858668
565771
926731
829833
470339
215857
916399
314258
501355
926935
718577
898830
456104
692479
962440
692244
363186
65394
508136
302686
430533
520422
918107
544264
799957
703113
519435
100264
217439
645997
662300
142660
850715
871376
301302
357940
891278
543942
801696
67989
533691
933829
192840
545703
296185
715725
519647
13572
39648
380594
205025
462910
352093
832135
994162
169811
689509
39337
350820
851983
903431
47461
565269
908735
19161
861255
686709
109709
756244
924928
851110
903421
404796
368819
418428
575107
221687
584092
651236
367614
839552
776413
260896
271381
584947
914279
767408
564077
2056
430465
768525
20420
266397
365688
543182
827373
583915
930788
123054
197736
629787
965970
625893
898653
957425
833107
286386
590773
147046
387936
856250
581589
524052
404136
894794
654008
74635
239352
401721
408744
324993
145350
75881
214681
860069
310043
807212
111650
841300
39962
922050
576345
258469
909296
872513
874889
467679
101914
831374
554835
34826
50254
710535
63454
707939
325447
471363
316092
524905
786288
804401
682651
103764
235756
943389
731748
343141
654784
991249
816755
180632
75102
844120
508852
853431
817231
913501
304086
581768
427643
604019
906607
637415
161624
521902
184876
632686
528557
142894
449395
707408
777026
558139
257175
585541
840742
172876
199927
14879
292508
242338
384884
147324
114916
771665
77260
313620
4897
555999
703960
218418
441004
811397
777182
549440
272820
422099
230740
340603
556047
793071
836210
452165
178850
725245
719090
599449
763689
551643
443751
950617
394148
749635
856503
163523
597407
678868
803255
615170
207708
678058
713121
244129
64862
836649
959898
386900
702809
369577
540941
486241
762603
419277
969420
681604
233242
6080
398803
63785
603821
632264
256917
672075
322905
195474
909745
391108
163075
664455
755907
127346
979810
751687
950551
156872
592131
530693
394873
785070
523046
674175
197224
657110
778438
268696
303208
957021
747190
171603
438007
247193
366311
943086
122839
200709
246022
829593
167818
283526
821762
705617
349660
614425
896043
878366
337434
681180
768054
279717
447392
888502
925981
777579
453712
260067
893795
269415
469151
876575
672437
995137
15241
243758
643692
379053
343717
725766
278127
886751
70099
373914
478518
659562
193937
131525
477417
102201
295789
412687
881959
417320
563285
937566
678114
448448
668618
578171
17319
532749
985587
76864
480571
270814
784398
16092
255009
969817
190081
145475
897081
32056
162831
432308
999874
64932
101862
983720
694720
439852
400404
432020
805433
411426
846874
256091
483289
318162
851865
225044
805877
848608
376361
934451
649452
876029
492553
568662
210474
871302
683696
29486
723270
615033
294018
32072
379403
491796
609374
313143
97300
107404
249748
22240
960849
671014
922676
816674
920934
658102
242305
897376
891762
279986
66949
339180
671724
551154
259646
425745
978154
719303
349558
146237
185724
803317
577072
295881
798197
100558
44798
861031
829129
679724
415216
741799
60754
985482
300583
391014
824557
145152
642311
226259
375425
543449
932107
491423
964832
393810
116402
607489
582469
880946
760535
707875
303165
157248
466398
382508
148835
988582
375562
428394
129860
515168
356012
160860
549985
314529
280694
1306
933522
226434
571694
593058
70855
884711
622398
883328
398570
195057
280680
74841
341728
992985
623382
911060
740079
92847
941455
972580
404921
804720
482694
136886
546343
245949
74189
610356
590433
637694
845287
473012
305209
54034
564538
495041
630951
158449
927779
434820
724143
842977
528548
705294
953823
816209
591992
940612
75828
269334
770055
593255
937757
20735
179765
2750
309015
337623
22741
496291
166775
219830
672188
223272
713030
953540
350768
71780
392838
50380
181694
682781
588051
731704
787434
573971
671909
540207
171073
105511
701618
930440
109067
7270
776688
248617
659613
598391
287928
328704
466442
888412
767558
870813
135290
797864
706717
331755
115218
436030
70471
470858
956947
641345
127354
74314
889407
412701
377303
240709
445173
437745
414156
653913
406366
793752
234840
469504
750912
125139
80942
623054
513968
994260
252659
72135
746596
414889
109410
928923
674150
263492
199887
574400
932901
846179
371785
770217
644646
923488
226008
336360
603800
37975
382437
120221
189252
58799
92985
857562
471715
737159
361438
27797
21001
907583
747042
712200
748928
969568
791481
248489
278320
768809
915394
885313
570809
390007
423458
790892
329763
106448
127053
812524
586221
204172
582307
93225
833986
886880
919862
129929
7305
982216
645610
164136
393563
307536
237238
623092
215568
13056
266695
913128
202674
358690
478403
114659
346003
789297
410730
440228
176187
540256
957977
248293
940601
568708
571433
67217
58266
307550
663220
877154
468664
173449
417399
270875
935274
948604
96019
209695
620697
512509
630510
714669
609778
154915
137206
697785
369975
776774
605190
747687
273392
160709
899553
741350
704704
240435
928282
674983
394834
650142
410006
485113
42546
361662
287466
429891
872824
486839
956958
396637
982175
330443
837075
557579
650803
161759
804800
794262
85673
376040
992664
736073
374089
475442
671176
570629
148102
569677
900700
664130
453422
799316
188353
422946
405820
689563
797221
20787
343627
162228
827
249346
540517
321822
285658
612694
258490
983179
485893
73808
352684
483789
909254
789405
696007
858524
852787
854933
888782
532678
718482
118067
712880
805876
553177
318705
80474
477332
322318
113856
479910
431848
461069
265761
461169
150443
229416
880867
792137
53595
423848
644473
474821
250472
615026
346359
76592
117687
525701
851241
485725
575443
246368
310672
389086
78321
311680
721146
503823
395806
268359
321149
69453
779271
639224
407568
491205
435620
493599
515909
309159
803971
774798
570599
781112
870445
900033
791916
189703
272246
98083
281687
373175
109734
72106
321965
545595
798847
483421
230993
137505
214379
686198
807870
665605
474756
655778
351137
802854
291135
81508
877585
721365
603126
838170
16684
116489
235984
307864
190927
533456
152719
383921
300209
689120
984821
582100
705692
312780
887380
720402
351050
644498
505713
695805
343640
986512
224276
678252
445289
726039
357999
57180
958362
545112
438120
199921
209949
820475
517125
711642
56372
480079
465843
964754
422476
158044
676787
537538
950644
539027
222754
707011
58616
235751
761635
493250
161246
149173
56747
884733
339708
569630
909352
250409
671028
536181
886223
112054
767182
582868
539969
507562
541296
260425
8345
157738
775356
89902
937236
474584
993862
877462
510046
438229
776625
503075
727477
486375
659045
545525
165500
355574
385582
946173
56734
787569
830196
500271
473117
784846
938387
16342
607158
808046
345303
748865
84467
331870
178837
113243
479693
735866
142056
206617
306939
379564
34375
421644
500443
529938
8960
847702
504316
831358
674195
668985
871878
993814
412909
857419
159174
817244
829184
844422
731290
88904
266747
862715
137654
895954
965739
24551
805264
227916
815982
388510
147182
119723
879823
420516
879114
452966
542723
426395
821342
268214
364095
152726
446354
604734
807476
512843
761024
507269
860136
355431
146976
999646
600306
311100
265877
569321
313746
306326
647763
326258
382891
975147
986603
421366
79581
557360
927924
972998
658179
480136
512984
808453
613510
804567
350392
251276
661532
834549
533885
980460
786593
635327
268540
980627
180240
213063
173125
291591
184414
761387
845513
637264
262899
219715
99045
150131
168582
277556
923599
66072
954771
159458
752155
97613
834044
500610
709419
286819
169274
68173
689201
34806
471806
902992
89890
43339
269032
294048
135354
29649
905314
332267
832613
744138
58011
487146
843921
667139
640284
695731
353038
625471
274632
689387
149086
435058
98676
85593
869087
567401
23328
342229
974930
836423
155154
173471
801095
4713
608078
918924
435303
609195
679284
134938
818526
842372
118582
551141
367331
165196
535603
174259
391269
92575
620021
199402
490259
303705
740228
925153
521416
828800
354853
12499
321938
946178
604466
572720
428893
302803
182935
56205
328129
443512
383974
448700
358181
941090
452568
290551
272910
788594
172385
162550
496264
441883
460015
969952
624367
216934
685886
834206
674138
114894
821914
243978
553061
517195
599923
333126
308378
684716
412246
275050
861436
417629
782158
665685
61359
404809
104918
592356
62727
409176
339001
496833
705835
556377
331784
288339
975461
526396
982200
286803
662922
351926
555285
219390
994753
405063
432871
636774
964145
606744
756896
58980
742475
538877
891518
549352
954225
995675
559619
431985
678721
538851
432271
26136
443843
989756
347479
433734
523243
416191
88836
420357
523146
908636
416042
879604
798552
30682
121763
525013
273558
892283
400008
86976
739619
259197
445067
518010
234845
354237
866612
996705
781490
480119
321142
920766
250498
119016
126509
140733
25010
956052
297399
223224
888208
818659
45164
512623
165150
541351
224763
139412
137597
232761
445282
60227
902072
145601
896585
688271
811689
980691
889468
953656
515148
547638
507524
84984
54686
716609
469920
93948
770161
857247
369957
196528
280079
472433
224943
38003
212872
724498
918531
610794
982875
848246
506307
750960
411965
124267
98444
878123
654344
40194
925104
342714
238467
11463
947467
154058
984842
331179
976516
130056
478234
123971
466146
519473
344635
585833
32392
74437
265098
350464
993807
697882
124066
442006
846910
727756
836455
654562
877288
696978
476270
315820
84515
130348
62220
758476
882080
46456
623738
669642
531884
340068
180450
120037
224578
754302
61001
442095
722698
219112
814808
555349
829746
623079
506568
510973
494248
819290
299625
411272
478321
621127
327888
403831
954345
839249
418203
61033
99863
165830
834530
238786
157420
330005
375612
432936
2008
701916
281195
992231
666314
659296
359013
365492
88834
657878
858624
753935
870228
123742
799673
864065
260283
483215
743712
991173
823255
289901
852708
482051
339588
674487
30711
504567
634137
447197
653149
604145
913978
535503
472727
392245
721754
348529
975718
680258
521361
389035
223678
901040
395670
436508
766025
77746
775385
398062
545108
87867
25600
516036
982490
83518
124603
318544
984619
827277
649990
779458
976057
722211
65915
731995
46207
104509
211089
711264
672654
298338
39541
152617
385846
706436
514691
60057
859853
148095
198049
488040
680735
112702
726008
792027
642482
156989
188624
357269
145268
430760
721991
858247
496387
882083
905838
314244
500377
181219
560065
781295
125715
82233
639552
926805
544796
715055
404398
613847
949114
923915
73189
142912
140853
999217
559636
736053
97887
675748
332951
691274
978373
500333
896561
330929
579696
539924
898345
309261
152152
981195
311998
868645
25638
486379
403911
516468
145381
388757
392236
876036
528186
380603
562875
843914
802167
647912
557910
546135
497880
424228
415027
750290
543678
551704
853379
329332
570651
869246
66235
102320
101465
289948
758339
912510
903322
704606
425416
244099
843099
156752
858220
366431
969202
886197
868765
793234
611702
764294
29763
166859
94781
274570
51859
883215
716928
781198
755457
286979
417179
24322
757906
498838
774897
328880
823183
618509
726381
904794
569493
95724
459811
668718
549066
280510
165268
521896
815594
591490
98832
679300
372607
879986
128694
694943
409519
754288
479127
946026
672111
149392
426041
704137
741718
257788
417207
25294
217484
133064
263046
6540
899361
342163
757074
333915
737530
972822
961286
823464
883941
127180
819563
41078
963790
331710
424872
430901
438347
582314
662824
226045
751122
661391
45785
878375
169738
212760
221776
991432
17470
207074
979337
502795
256558
741612
939276
908970
701184
895578
657004
429705
713044
913254
633962
213231
574709
425060
988982
722529
775402
725680
454805
469725
408237
557750
473374
794480
360243
819997
289374
290485
926314
150609
915035
887978
295873
728875
835382
651568
800544
540031
43497
770399
460793
721603
465648
1027
716982
529303
288325
328504
291218
100597
727555
946013
757060
681335
130668
333112
483477
612095
452870
310950
827731
114950
44320
274685
771806
417861
451378
727360
432223
941369
271458
717502
119897
131351
627171
785799
165975
528268
127352
592588
322501
945135
731799
943314
873755
19334
876328
165075
9076
338290
22380
272945
67709
19064
258235
734423
989448
337132
460390
753134
785920
488956
456635
425081
179191
405718
936742
645838
109148
220471
721588
490610
391112
285329
335987
721551
834615
111960
825782
596
434964
238826
258101
140970
486700
247833
390672
711758
906885
705750
274164
858319
16264
12667
986262
132518
208409
471988
433565
303725
791879
688971
914908
785278
608991
714384
397949
860393
202907
797473
226745
123729
745208
653084
279939
848483
147237
707294
251716
64372
114583
991222
52225
6647
898361
978347
46298
705495
337153
73446
982636
674615
17054
637502
693333
161476
151117
841246
781591
476915
157771
780629
975510
51804
796517
147322
188475
281779
975531
749754
155451
889119
851843
909632
325106
614136
930905
475711
947753
591202
206388
409951
314614
659200
494948
434689
613251
305879
250904
84977
54823
675905
523340
570151
254192
578123
786527
976186
106370
59307
836866
63458
167704
294113
351181
256936
489833
492648
759468
962540
608423
511321
650614
786962
20577
923165
595934
869835
722377
614221
878082
687547
250767
713000
603425
723276
710635
776176
134378
645583
980154
717473
270255
791882
717440
22223
866936
149730
501260
730011
276276
121446
833721
118289
81482
531189
79952
699297
469838
518670
780683
457337
488080
974322
342901
965307
818318
557432
341037
452512
155657
227565
302473
979305
75125
552165
829974
20605
966409
129891
370238
673700
843959
603744
236547
840286
373174
718460
212519
379873
502714
787966
104878
715118
806725
832969
848891
425551
114455
587230
398871
593839
855297
841992
496593
593109
942808
552360
403711
861631
374404
711389
373986
916503
712120
304143
505320
722196
580028
233625
796298
131696
172966
635537
98390
196289
751847
603573
952135
938295
790657
846835
457488
779121
227414
341140
286776
319420
652636
673223
559646
109865
309229
143814
622366
156809
237755
38887
860108
906247
188641
93633
576797
366819
826644
387321
339494
260679
521016
474600
464572
796167
450063
101162
48058
455098
91340
677446
345376
677231
632966
165173
903576
991374
273992
814289
754581
126285
102277
336476
144340
624971
71401
200745
72964
719564
721290
844330
551170
712850
554557
388184
790845
339796
15813
360697
934841
307614
983655
925137
213231
616516
668569
891559
90001
656260
724888
251634
573546
6647
365081
533729
849892
931956
105303
326212
709092
879234
54347
453978
580047
447287
860922
516663
53872
754225
290664
768786
514866
12720
553706
148521
78535
982735
456601
990865
102507
514589
358307
252573
228931
332060
128187
951722
163295
781398
877744
909638
28959
896406
776475
91387
544497
946698
184627
633979
836216
803635
547643
341609
207752
436422
400666
727938
959822
645987
792587
248742
901261
361775
693163
675591
370563
315216
939311
24237
363562
976260
672056
735971
217690
410334
291327
199425
253451
466463
503851
574679
664633
958765
762754
15219
133472
828658
192059
114128
100263
585684
670385
307227
336025
28300
853812
840482
399566
371622
806010
891612
986408
399828
925555
879119
836665
284526
169146
342498
728962
490442
403303
653183
12310
397236
329665
643364
263902
982282
962193
589319
184309
705271
946770
649188
328179
753482
1028
595556
657159
773234
948255
496171
111166
599512
549093
974142
702624
647065
936144
151760
868665
585502
194987
654312
11573
716698
834685
171568
698789
804512
273823
842268
543646
504351
887279
354548
449088
632635
61661
892416
162132
696520
743843
77648
414095
752165
719121
854181
947124
986291
106630
782207
408213
814833
463291
718660
749689
749814
993593
409162
611737
402441
174187
164481
472901
899104
858446
115392
120292
788276
171780
708266
318680
465277
863176
268285
507904
850831
465852
934199
867351
487697
192799
48612
343737
648086
5146
381001
791494
59353
517945
363111
771551
64666
301687
944044
501966
645391
450354
702715
791810
647433
738621
377686
754679
409893
982420
555238
498612
403818
799338
410408
408238
426182
506335
818611
719690
430304
449229
954473
736064
920665
110530
686138
119131
306021
466824
133456
556061
164863
516639
914075
807679
328526
863180
690169
483157
699346
882250
211840
181456
708042
598943
919084
854173
963046
937674
437472
7532
347684
335640
35098
483851
16970
553814
752056
501488
226687
318369
727649
647253
588229
390105
136402
53374
297878
381620
109701
259606
175195
994159
825087
134007
281859
8031
782135
766473
351174
396261
475422
653570
403063
38143
999247
603275
687423
214972
263637
75779
934395
451080
150611
362524
234228
401317
971476
519395
4983
103802
14832
844254
92881
881413
644823
866574
323113
206509
842877
515988
61306
6451
375842
734000
953643
983366
425213
891428
404364
872821
102148
674231
444527
631359
455963
654357
691297
89158
247638
483220
787396
899554
740653
878417
28554
167570
561851
353465
679504
590478
790451
192292
381908
637368
654944
975323
709397
712560
638550
485178
705222
765127
62266
871793
930734
464459
763179
911524
982111
714368
806732
123762
885200
334896
124912
567699
562394
883290
875040
170587
138507
813382
656203
526235
391083
384632
289739
202087
842761
305731
697872
199089
837248
506868
894059
694548
35211
761391
827897
561325
650946
465048
30122
434084
143345
672360
659821
175496
643795
227999
236410
497560
517040
299672
380475
123679
369360
418744
755608
633655
526299
164672
308189
930093
504078
392387
295754
318277
45852
151153
749752
624980
613791
448785
238051
272268
209081
453965
475032
806997
249420
331623
901564
209813
521617
619978
773366
908818
715353
654523
801210
222767
516254
609326
985395
288979
292421
823221
599117
473191
682099
39827
526876
66109
349513
893103
762668
939470
97149
448292
181030
225500
272150
882101
543643
318838
604484
273374
291184
166106
106073
819909
225830
326772
327592
283984
886661
233221
487993
217936
20069
969631
165926
298650
649817
961548
272021
230647
959800
798031
217361
663857
60041
802626
186567
720270
52490
116894
524827
363865
206877
922585
872677
411227
8528
838890
324108
991273
473736
508392
833212
629399
471113
184656
352455
266250
509411
47013
606998
131051
828988
449458
188169
661176
764535
919083
814515
431348
250175
957298
775147
265727
432626
928821
973712
531456
407020
168500
432733
819646
940270
574560
92389
294990
69803
833119
276523
545255
360431
470637
416928
195537
55916
985180
112633
127356
167011
786748
30701
674861
108075
451733
294472
19539
834529
333073
634735
549560
957421
295927
256561
567827
792172
792210
9605
763450
143615
281392
758886
465908
713648
52166
934472
983725
342972
117297
287541
36803
429953
950231
535689
256445
945733
205036
210246
331547
199456
182992
363413
191880
829256
545430
877466
109932
355511
125856
74098
634526
898171
883942
748492
56631
538393
200981
273057
637761
867871
709140
727761
688911
579909
693409
503515
323622
582207
450650
121785
852761
726690
973400
787606
421874
179440
981750
475693
508492
306626
139887
743743
358910
163601
58789
436977
969010
155168
725310
413119
969491
775690
858793
91041
750116
752676
961919
813049
205358
50958
772612
961461
381522
106331
988876
97863
333692
828826
492154
671742
35448
744257
446692
443329
971102
222517
934866
11112
524201
324281
496485
434743
46822
700848
29589
130616
271048
138832
870483
735732
88152
103717
662797
528269
992969
122495
823248
247483
285034
970426
590151
717921
973748
251176
996065
988235
660547
814237
509329
628423
262818
926422
389935
673117
824895
806150
315324
835692
191677
469567
628098
658018
205096
892345
811866
984663
542916
392323
595783
175239
462078
585731
839296
412202
392324
883371
300556
397362
497712
606139
572997
645216
969055
35500
630270
989572
596577
917184
556225
165135
756169
719204
564401
613014
345123
505086
6542
91174
647685
629785
893335
949182
781822
572586
351498
214573
21804
828607
985735
902537
645610
906691
47635
969673
361829
419888
314999
96256
782096
108369
236808
501750
415726
766259
122946
657509
456972
936
440462
338893
456593
463543
827427
318644
775533
483043
265160
314622
234415
861718
309112
125156
340723
878314
156766
765460
96632
115797
924095
447333
825424
449774
201783
216118
222896
500128
857563
312930
507943
396522
82302
819745
900396
361360
431759
670974
646096
841954
938079
803504
673682
534694
487617
253080
65041
893796
557386
149590
499804
651087
40888
569352
913445
591115
153839
369249
681173
657375
461022
851681
404665
249209
973825
609078
895897
624920
141951
494575
953641
886234
767347
633625
406553
196194
26440
450168
651015
974309
43581
338916
260692
119186
542472
121661
932692
153691
387735
8460
20639
201765
862193
843639
332165
512840
3451
238881
281246
393091
66647
181276
893310
590527
854823
526091
143560
549630
241967
298777
708442
854624
472664
856272
627302
288978
354257
846935
667104
377747
986128
347339
59731
433892
708343
835448
507791
87820
707857
265076
354557
813701
857211
302296
717651
277063
972575
855196
144930
818670
884188
376782
788044
580874
812290
439983
141588
466691
386617
251754
749710
545063
55489
179185
813173
611858
464979
420790
837083
578425
516391
925444
175931
642003
368783
321655
300202
962852
733633
95134
645676
804135
567666
998379
317923
349975
599389
725589
427299
106330
421218
595531
371680
238730
38220
370772
849545
399650
31659
378055
49902
875266
474464
342564
891035
105759
501687
168718
778313
774730
317422
825510
901226
450203
491284
991301
538339
234426
265357
663637
968406
8585
695794
674893
228956
861809
581205
720391
845970
597640
295458
715327
320267
363228
507872
399146
785379
615263
187031
378993
337139
650799
949580
684616
301088
563648
228200
121455
45838
730536
324023
513477
5490
333702
954956
530884
644486
927760
833409
52829
343381
995128
749467
848177
170230
340091
584333
60265
941909
707270
167123
963250
138284
11589
550911
365144
619410
780745
255505
684798
237610
224724
909502
703928
324604
137412
134035
722693
156960
609754
12467
423916
247958
825127
114364
521265
504627
773202
415944
949748
178358
997384
403728
426663
873273
913856
558954
655786
333571
850730
972339
164869
594106
701491
725895
753601
713142
851639
639789
655011
56240
257988
269520
111046
16793
341191
541352
26260
380807
168726
124280
275361
457098
202841
183024
999908
363549
428822
304242
525266
432504
585175
523121
443097
182018
918521
183350
541750
308196
157460
133309
537331
417977
397890
273980
517056
622433
29198
138307
647213
392885
746235
446398
688002
58389
690094
44632
503932
916124
117496
239034
121444
71029
672964
76529
787340
544583
823450
625838
704169
128268
802829
491558
233352
281151
278087
292762
441839
587188
39279
273521
271441
372737
242228
256321
293484
906010
739961
211116
910339
627643
828573
753447
943667
34046
677542
458646
262389
393996
437769
712595
732463
948400
8792
754766
840439
30471
611848
211470
816357
476180
56478
620886
907731
574704
535350
790946
663732
74526
657712
390608
117198
542205
462583
549724
864789
14038
768943
176452
435045
560341
949691
342218
296476
940437
42472
154328
675538
601556
57593
828029
288055
845702
6031
15382
657479
791493
449589
158728
615020
769061
633414
178025
838704
175846
509563
414590
391836
731139
317973
344543
82930
873447
757795
214071
851844
107647
509361
322792
442096
989098
605453
441099
203257
650317
295479
951893
305730
372036
313764
552789
756713
748339
94383
731289
193917
862074
749213
451632
194590
30023
94347
2187
518000
137733
854454
514109
790843
902706
910503
904482
319778
767118
604793
645531
990014
588911
597064
508791
299735
268657
149944
132333
519615
154827
677087
562502
56522
111230
77392
646359
389165
590438
876037
784556
593650
170803
61928
139905
9173
770865
271806
929961
751551
173827
665073
651538
454300
491246
10360
463904
216603
371729
265317
222965
373057
173683
658442
185874
907434
692789
946057
440343
122206
163622
695287
533350
810188
451381
510124
148198
950630
360129
554602
656547
604504
659533
393896
549267
443942
159823
536250
573620
781985
455399
825822
283408
5253
131501
104677
200738
30194
698787
674811
638035
975493
102217
946774
261597
424019
765584
130551
708945
133121
74854
687392
943731
93443
450096
295827
293315
974959
506966
29250
306007
312445
861751
964056
896803
692382
71038
897826
362139
274613
846540
114268
839023
474934
638101
99732
476085
367770
397127
424637
183781
538108
394468
411539
356285
529171
540721
573797
985477
594829
23302
395780
671661
257924
828742
221766
822738
663647
118569
610615
668255
646856
860597
246430
686608
67141
198988
853991
17490
592373
446686
502962
841799
128554
921150
133687
671461
345885
770706
574931
40958
404370
796197
819828
992218
37065
72919
657438
910336
622366
810868
95447
788244
304254
995873
751349
576410
749446
342130
383618
94617
187385
695193
627785
216090
648542
258042
690240
146575
535028
393946
753425
5649
185747
277813
783623
668482
70753
434158
739409
588434
812077
345633
19894
441500
572779
156373
896342
344816
520333
177741
475417
418092
955962
949117
510134
450435
485997
714522
634914
641632
162029
566858
630675
773219
156388
413819
435823
17033
722975
873295
387734
347627
722337
693429
567241
862621
820196
671443
973237
770295
548717
605727
755040
11824
800778
125901
397615
352165
464235
645795
274833
18682
387611
397480
854220
100439
927129
292794
500002
622804
694615
982719
350623
54127
725070
633076
632578
54266
286460
634913
927366
570898
196348
878637
422411
123913
499200
592462
727462
598693
114860
717656
909570
527042
251858
42807
221233
326098
635334
639928
301715
662021
389982
817153
598817
772
997768
197601
216663
576662
835208
483522
149052
796390
209996
461563
943951
298972
805741
472770
341391
323175
395844
387327
818727
269020
184871
622011
800821
969912
53311
478583
15734
773825
965191
302809
767119
626315
926307
527298
119098
837591
113435
523771
973195
134806
283122
381773
737758
582603
492839
626735
298400
599118
792839
629594
256246
684204
861933
374137
53581
116780
584280
538044
450111
869549
571303
483084
450335
37291
532979
584281
58209
657376
181321
796174
759593
613639
852739
195430
495470
919995
653505
467352
412875
336830
545545
526190
422178
310486
916089
631668
984557
550226
200933
312779
435939
137835
377425
728157
62722
296261
162124
823211
57535
530581
33895
338881
714056
862620
618577
542155
784498
39505
524048
129026
129028
366236
191902
67775
794015
851071
380766
293296
973320
220239
140729
965992
531924
307552
337626
846544
133615
734656
27458
788923
611848
580953
76488
239640
290269
542202
911921
283968
450462
693871
921511
441455
316865
578700
106522
753744
533602
1865
924400
472305
794068
492999
740010
753878
105736
171953
606996
742313
617496
293630
533352
506703
152497
696722
492033
766997
881499
915396
786743
264777
169191
288314
364699
156582
371764
738865
553168
470055
155485
813785
978628
898876
156226
735005
828618
424986
828274
919680
930454
359789
58482
889507
621332
864873
37548
424547
45797
60926
445879
814239
895094
686954
864319
448023
809919
46504
202897
871856
600662
164870
819910
102868
76717
563412
820617
580982
426862
525816
930246
661619
935409
690271
449136
61972
628888
953550
546927
11120
396424
66198
101413
324462
633860
912230
856220
390760
357735
319866
976206
706028
69182
802226
469007
493404
20160
81085
556251
117941
388523
746932
518840
829996
978939
66243
329223
326708
820681
617730
402349
687069
713599
959778
621848
708182
592116
624962
196656
206163
254312
229345
327964
821898
438109
15406
875054
410775
935376
395516
32428
818431
927955
757073
689404
642513
545992
132062
997035
941608
464764
162760
619290
33102
769309
271908
738757
913979
655385
321602
381937
652731
929173
193824
398322
856621
169799
201856
277206
321767
929649
138260
740786
775479
544187
299797
919239
602244
940459
938610
156880
566740
515779
725094
524010
817383
499255
664738
508000
292288
123081
613482
670034
116227
647683
562620
73794
767482
511248
219690
766780
957297
317048
712969
401695
170370
280055
588802
550731
513515
272568
779845
97385
534107
326835
246366
749777
202572
423392
241120
449692
61705
770262
888509
292552
667537
748997
730872
344065
347156
260748
493041
293714
70042
378168
813343
113192
140227
541850
834973
974846
435433
26564
218715
691498
527521
33760
694517
430852
875041
602028
543648
268910
268027
955286
367936
819717
863687
113199
576856
220579
667168
496079
817113
3341
370693
140806
404123
238976
878431
123194
39401
805843
733153
604578
691446
574473
708747
968030
822830
793909
289034
836592
632936
251786
526906
900699
391223
420223
33867
83094
799520
285787
740417
234989
506661
63522
966421
825269
750336
587996
553081
724010
983532
305406
99513
901735
13788
110840
482685
94912
208719
45338
218539
20415
372475
340451
4521
176634
194086
143272
890368
615181
349012
320542
791772
606266
276891
403844
879856
696153
942290
980271
458294
386301
354472
412467
641684
210278
818449
506667
512602
709212
797722
557862
293288
701486
727326
367022
371181
70023
849233
742646
75466
532457
920953
980383
100564
404041
402365
461543
233784
62407
305302
973487
565306
777865
329058
407975
905494
867507
894487
678104
505223
25412
825364
869389
456933
762512
236691
966431
640105
156310
667579
457564
33228
875581
510994
229843
902094
218096
673744
774079
836499
298323
566798
459470
790056
360096
580510
119948
964771
618275
556020
428721
115047
443662
48001
562947
23814
894714
147488
550185
979138
691579
507433
851918
366316
806814
549476
662126
89966
849281
665240
127489
47332
947407
679233
454144
562468
534551
678431
443352
964702
270345
298411
154218
232991
939084
580453
377085
945328
90814
590984
638849
858587
207177
700767
159361
452301
775838
96369
642212
683095
366354
734488
2335
42831
814481
949424
339131
275731
575491
689386
269438
344685
515257
549184
986745
394258
898004
911811
230061
772997
931763
420432
157339
302809
408406
534625
523239
159443
140244
518207
818984
355181
513333
267733
189903
297719
206061
470881
682353
841049
57526
425539
762610
318963
525704
255480
531984
439717
241016
462624
474505
347498
507114
255291
990826
248991
439220
480434
454966
625762
531537
839762
460783
598037
627455
304595
542467
15554
60854
149975
575702
318617
101957
959278
563112
585812
300170
435414
849635
41787
378509
581888
484100
668035
63737
957517
699683
140498
705721
749528
507360
752030
773932
126764
709036
881971
391300
891798
959217
741459
392064
165910
519007
490551
85507
916719
853589
941684
235025
115038
255592
156793
551143
242023
150610
4021
222772
928906
396922
274581
163767
792789
329947
921579
352438
314451
557204
646250
291736
620258
153420
22670
5344
991842
755648
91800
716806
808265
253355
993079
443892
876372
622225
87107
388314
435288
582119
88994
506670
873207
719266
123021
845251
962990
775706
590637
695365
296074
813211
90399
298575
218170
909961
571287
463145
366144
383405
113824
444449
268866
674656
740673
853508
562109
696594
953404
949689
653721
678904
720368
434491
346583
607888
956190
521458
252070
4242
367112
842604
391829
336244
442741
602876
33124
738586
638354
4591
275763
171673
890162
429032
400732
555687
810230
916055
656796
433120
645896
17434
619564
492279
794241
861872
191086
568311
152619
350358
609347
120053
861792
346560
946937
642581
448017
320245
635618
82933
308387
548231
471487
219321
98163
232302
862235
826676
170234
228801
988213
115247
283788
675280
550166
526490
327803
987360
436352
223629
99416
111940
334663
709113
544345
336852
604473
334831
783190
155661
991480
827148
521582
232069
929897
933377
542598
972169
190085
63419
816433
770196
392653
171443
153708
850862
157018
594643
465856
505312
920786
510403
778186
263951
215991
106768
404439
72381
347609
416569
339497
935191
592172
390997
565527
618235
814516
684836
593808
423755
867676
628592
524863
945191
831207
329247
90955
595850
793726
297560
795062
457859
897319
455312
105317
880013
898582
851376
519550
722573
478238
463077
367277
779113
88576
89859
196482
173312
481764
399767
571252
455497
946854
65927
539081
279691
855495
849192
921485
682166
756356
122077
773119
815197
522180
757990
310604
179217
841962
967372
42355
635995
783242
128423
905287
43797
562553
697675
779219
642213
953406
762125
363351
378583
644772
63925
358577
55062
171569
31362
797655
132231
667313
416980
498369
558723
66603
372858
102948
487151
377653
15832
29400
419897
604452
894197
170906
323248
752923
660319
121838
763136
884740
417275
861917
664137
396061
574317
75868
846492
4202
481696
111053
516241
658761
184626
45278
754120
724130
897151
939792
337466
805692
294601
722066
892667
645293
965249
685771
415630
272042
446516
198327
516324
548348
721813
149225
155507
880084
565475
487726
230320
879477
134583
782738
52649
541455
750188
74940
931072
624492
474283
436468
488519
624579
936721
119749
912629
648426
80064
944062
218627
5737
778111
664210
622694
829930
526798
532383
517481
987148
897867
565772
813478
502102
838970
97867
639200
773128
566709
593214
936576
279566
568815
108214
15147
832718
642086
587094
47036
842784
148005
169046
557091
823965
899763
776291
863705
592528
507292
297636
762367
276170
801753
152152
301075
887506
347934
564891
589069
961337
610368
500231
807452
366730
609602
23159
413624
363296
725627
171687
601060
228883
801189
259447
37634
507530
15428
491023
585682
281780
8944
893724
13001
920338
25985
818359
664074
39595
937175
90215
362947
165859
329796
189437
887527
976998
151702
402462
749059
74303
478596
955806
101439
666245
609715
725958
802804
149044
574950
548728
770660
801433
440897
769770
277210
497063
621752
210766
567135
46824
812505
922706
457174
670157
120178
68803
578485
102438
841056
131404
717856
257517
584757
700381
492963
700988
505861
366631
795852
991967
596621
252803
513699
531780
767489
544114
40968
11215
815665
395775
60071
560394
629911
266497
320537
36026
449535
549821
851738
137420
832531
668584
948835
964270
594946
523017
822308
391739
544589
899709
408736
423758
290798
202069
328356
716472
866405
56601
291237
17356
583200
208048
45813
788887
870021
49175
328994
823533
960736
893263
263147
102814
625188
480532
55904
621256
809376
672007
281877
228550
585599
884397
738818
505222
301243
685392
629690
24953
665504
588291
971974
73379
729721
631043
848478
875026
357849
685305
468931
397931
709319
169885
375932
433055
350919
645492
962091
528509
767361
112377
512074
984738
795345
82714
32584
843275
698474
127577
143546
385163
597031
480979
255359
842199
253616
696990
688757
174399
506117
250059
496594
885496
442474
528842
686432
388052
382191
244269
40535
680146
693851
44421
878040
341586
488821
494825
934276
228833
656238
615765
591479
573618
699694
473198
278885
492142
733369
902819
292111
596194
383742
164528
642529
347159
981116
999292
794539
93375
425873
305763
428730
950923
906209
234254
619282
864218
791327
548029
921547
650827
716475
928038
622085
75763
267048
854263
763082
163626
382281
80120
789822
231424
311671
389260
602885
552013
61361
665110
756849
303398
485217
957817
290534
638252
341319
825911
712141
266686
221764
312059
800753
395470
999045
289714
116089
56529
980234
981971
447938
349008
225234
879168
301913
526812
898341
482308
814098
452255
926270
470908
102728
531085
758866
779923
571569
690168
493889
965478
834076
413763
579544
868038
716298
201518
254657
566427
705127
830097
619720
454821
606179
789668
459466
674270
878321
811579
700604
878076
145244
290703
795221
655890
385
129654
506137
230422
865901
99445
344259
390397
459027
742764
203983
318211
957994
820911
993377
603143
762401
792693
745045
746002
211712
769898
322916
566840
507485
853535
513583
867159
841079
795297
567212
531581
183986
224551
653098
439078
259759
754725
926338
798114
989191
971133
20956
753109
929637
315285
907291
614424
927165
887299
51686
975550
250349
993445
728340
326129
515886
735374
129395
796986
366390
686043
401781
854687
932654
917411
12088
877926
639371
941452
754225
278008
632332
576891
543796
572065
431950
143395
401442
204276
748239
15039
565103
627915
234749
758746
921358
362284
649466
276619
44924
71560
50095
138111
664678
896669
392266
569263
791096
528315
590293
12400
790852
326435
282804
597544
628746
179402
943227
17118
418922
822782
861354
494827
610019
342304
730822
298573
904263
251535
898836
292123
605757
757541
48885
622802
5874
886427
400089
741261
585758
926216
375329
479059
536943
703046
566357
718219
635604
870453
861502
581066
825191
983129
638370
502413
67831
844639
186458
869314
785649
260989
490001
912576
746347
120247
208731
639256
547598
306301
103151
149251
144861
572914
242307
338042
916710
706695
986755
325413
924675
936646
711725
697259
635597
915435
501132
41320
376543
272428
320782
553725
961218
843802
298756
192513
551866
635167
631478
889428
590252
306471
726625
890324
781994
969244
457615
498217
381981
710857
752529
71996
177166
149728
379866
396805
285777
882839
739899
795072
949646
157612
168566
715201
318509
683018
848834
747615
448989
27524
819163
860172
813890
489022
521474
715909
946233
237227
735000
632164
362120
249456
509331
120403
117287
79527
566746
44187
745253
999808
381955
158490
690361
900419
717863
361747
625638
771185
86558
810335
669321
721928
294492
685058
840962
581476
829415
896985
438973
979714
710260
808239
834268
878560
46749
798958
25091
856257
79490
397490
673919
196364
597497
601209
957524
286740
399027
416183
943969
456883
353708
249414
439858
385487
413518
642235
353122
708926
941603
750292
338859
890950
40117
645069
272076
39421
714501
485457
651029
668239
179172
430286
421714
168158
737456
628513
724946
110980
421678
543217
355603
43379
300417
909592
962443
782910
752581
833915
929045
457521
41931
338426
958391
343514
801713
501379
296524
664683
813084
420225
953938
253239
733397
271474
71186
54234
261437
205207
577960
260662
512110
882756
133038
354199
218288
562391
407689
823160
40277
436485
272783
52895
845938
700112
672148
824291
679802
319061
90768
785934
275576
99265
658990
543453
39528
201124
872307
35236
912051
678686
485193
390158
145798
758325
674600
399875
411662
595337
926816
401762
663698