690901
56789
783371
403907
599294
798543
805390
996746
917021
33091
190075
451987
773098
175129
13742
221728
772106
900425
605827
796343
352537
829902
804915
702695
228047
147419
549630
931815
318130
539489
395015
762846
763221
135161
499089
630767
588959
445629
859651
897289
335304
655633
97990
127501
498448
2541
884020
749240
946926
394000
176435
777840
568053
861373
811883
625825
276812
923688
618690
885262
176517
445629
153583
369917
99072
113137
363914
635023
972361
221475
963266
654377
463294
73143
74914
327640
127244
916843
745462
15145
858097
23695
260088
353170
777869
193232
801175
189552
830797
709215
883705
597675
254077
524110
173649
576289
785849
241103
749689
223279
940800
283827
603956
883409
934713
496496
194061
13234
871507
300950
156574
280802
619811
452145
871179
723394
400825
379909
425094
623520
485213
82322
668959
131495
553972
544886
478228
562374
216737
699655
38212
725670
900668
9827
956273
608204
824082
867801
271264
223582
51175
128507
978173
466234
687692
264871
515011
363592
122125
828530
769356
206906
842964
126494
553563
659368
769798
283195
170479
89613
224499
147449
645644
59343
638487
825112
437263
105732
843011
970755
951889
702421
321635
355495
991550
557357
117590
643129
337209
211343
183370
753020
33757
238148
835938
665727
583366
215119
638121
36160
176868
32701
465266
519058
296928
41929
735949
282916
512137
832
786487
790993
47749
773907
151269
561831
766636
263201
74365
286768
523139
105201
922602
378199
462835
254673
296294
749884
732873
694727
541021
389391
240332
161814
52329
72816
550203
955021
234955
393175
749926
610945
229164
126441
124016
468589
548991
842966
780165
923144
590683
587074
947315
473169
564341
393891
526535
502619
777753
390040
617155
107307
358629
233585
163442
174837
439921
688676
571215
357654
552654
201623
129154
540840
471653
447666
336139
899389
41782
951494
783838
664134
575795
49626
72818
271180
259624
659019
350871
656564
626888
543843
453765
76081
571664
31130
301570
979586
557013
416057
157735
149775
646482
618899
593495
527339
736810
8228
516756
887573
902234
688747
422486
807916
74337
967149
100712
171568
376046
155711
398594
789254
304410
350854
274652
589355
613976
332703
306050
226041
191099
271700
13969
885726
429202
499644
857440
534042
616024
205033
512605
838734
626089
546398
102238
528258
775110
342360
369450
1549
37797
193398
399853
591329
956458
617910
388075
1501
475081
543875
117343
88569
621987
287513
274974
337717
433939
971606
461961
96057
765508
188683
771443
868763
659772
598068
108681
758181
769876
60824
4296
431696
915700
862919
532860
841047
235891
554467
90518
283926
552702
941713
208204
298149
505588
808431
281072
309303
729226
14740
80177
914726
852586
723827
178960
179831
377940
640917
975024
347182
562142
313806
816735
914417
267255
740620
854553
124012
373573
757956
628602
526055
755309
941376
76840
424602
7704
40261
602267
698861
84038
290309
73013
702348
751985
299516
145687
686360
311011
587256
100266
468462
325950
271119
453889
872427
226672
842458
981262
802902
499664
449133
411000
686303
854657
612724
990079
408816
187817
847535
312652
813067
382831
219987
294869
276912
992122
489549
943917
891002
622709
106143
617357
276152
414671
3978
797931
137231
344913
828099
19372
237195
214910
957431
470352
593054
88324
446914
976535
344973
632879
801364
514830
930372
290584
314959
149281
906815
451392
562830
294616
10617
837603
514985
511361
812540
119787
657851
615495
637596
379733
455023
745988
252895
411928
456311
175178
195639
12253
373005
69765
512772
341101
477287
114324
114478
167835
755025
894586
905597
304459
343717
204336
352249
818644
921142
987624
165297
679683
875312
457096
338028
335715
282624
39595
862256
346502
948614
191792
65306
603287
24555
801442
659664
855742
3123
843993
277815
235724
217699
199588
476663
218547
322373
52132
939099
994703
613524
89933
874706
538439
468889
806541
427250
754313
626311
560730
233515
958865
501915
696216
146206
611712
256230
944512
533069
648896
856824
538446
495019
991026
957311
949219
808010
799722
15118
926473
386507
838115
704199
568686
590884
854613
343919
480343
756680
253886
761612
682638
910611
444993
733869
836097
756361
163794
910399
506362
662608
755286
914326
658453
566407
871197
134111
300205
416954
289190
574782
212158
27926
592212
19989
999050
981012
260037
671399
277136
528903
319744
378272
671939
282918
77891
547567
442614
838647
614319
833736
971982
392330
656047
747398
65364
831453
169408
393366
986727
744856
509579
651056
427230
290895
248867
244074
149130
886562
868599
310836
877089
236150
344180
284359
119295
304969
278883
116887
992402
461765
649130
143827
797132
162936
412520
171497
45521
232265
199585
694467
876091
1850
61231
500841
309890
323024
776030
307592
598130
730521
535037
483099
991317
848778
916514
360360
620070
466179
938903
121843
819456
571223
637669
745766
151503
44005
50037
43618
584669
627065
711452
390025
774387
261570
768493
348604
155409
867961
595268
31243
604518
174618
363729
693271
761301
253740
363129
763287
704996
10579
989781
233939
577053
990308
235513
98758
911880
516224
191715
310147
892374
353658
555563
554978
482155
805871
376002
996725
403045
391378
309304
16890
224191
26554
467475
903502
408297
943066
537514
380777
20836
406536
225533
851523
949660
671066
236916
232722
905311
503612
942240
304709
176438
42917
598348
565689
100047
719565
494976
685853
472956
456937
679559
789157
678636
397223
976294
955859
132752
952338
860299
535195
761050
66484
373652
85131
614853
195275
677348
14891
402268
655748
21659
296024
667307
682254
887146
929048
584495
735140
799503
205253
853113
352279
853683
187037
973100
107944
296209
245175
263719
49167
609293
937732
346456
316646
416395
992845
455228
525426
186029
666415
859809
879995
149168
285755
892492
929098
65251
361574
553371
327487
472831
253162
436216
964987
843104
5487
764748
347684
618036
641907
658268
171671
459531
892511
355896
616767
162071
65644
20317
5696
588476
528961
914748
123731
676902
56363
200978
674373
36944
118517
341655
58631
903655
47136
106605
908576
250561
887035
480828
580284
676176
664982
350903
116949
273303
750684
706903
29832
66335
962753
238499
612925
759035
81315
626811
406570
473723
468954
537641
855972
882535
572959
307095
172455
632409
184407
577179
898457
247644
463376
686839
701691
757400
904650
452976
479557
140199
614539
86358
941801
303470
496994
378917
457595
723425
205985
971807
102593
59009
11135
467661
522236
23406
44917
385873
439426
547551
752229
476305
377924
802333
746979
704692
447178
959641
695336
302100
839988
667149
291596
631160
31332
87683
870143
263393
534803
11273
705800
584791
472575
986444
594864
450937
145428
637042
880442
898271
251322
331856
688234
684734
394125
156539
772686
480872
48573
700781
38493
861560
203148
518457
498712
858888
489505
244389
158275
728337
725241
258657
70515
753224
446205
477807
604300
366498
185214
322076
780721
604330
965959
158703
390780
922517
724037
553640
489313
704610
141488
477443
775451
369735
686828
205844
316181
848464
489552
31503
47120
336666
46169
60643
493408
660139
654321
306762
193656
286922
902134
13328
381182
9521
501917
638364
579305
585916
250450
216025
901252
176035
922541
873777
10269
239504
460188
128486
891838
670820
906584
210726
817413
339717
152397
73823
137886
877310
711131
932642
835051
502745
421081
146840
80590
920402
183268
14293
404679
834319
587934
572625
460074
424351
556588
820250
782588
207665
932225
863054
395157
69560
287314
368839
580244
889160
87254
368856
654084
108408
746442
884245
116361
796879
44780
74919
120154
250286
834300
609418
809553
927157
958825
736461
706130
575990
833943
102436
990482
734346
190257
703749
221355
391622
69788
488986
762413
498911
283571
33007
945468
182169
187886
393619
789071
969023
817260
731175
912625
74907
124246
522425
138711
810811
319193
232177
160150
472784
77611
119804
563309
652422
688396
452349
445494
767947
53108
771970
841779
757049
814655
22684
185433
295560
793146
279852
66125
610080
337334
545558
621399
938077
162008
574051
999425
955535
734825
973581
464847
40124
300512
894509
884562
66928
186025
458239
526578
544139
117159
707534
332612
287728
895266
265981
83912
506939
932182
82860
169780
126570
822075
609401
989618
407358
340888
503372
371802
442364
7197
491184
776520
905128
612703
330177
464724
504470
936275
908456
261662
961132
192337
395658
20946
963093
632593
15211
403968
479222
119461
447179
129454
15042
420290
90455
419272
879722
433309
414091
969139
300028
549455
409740
406651
264800
878615
720698
864115
312644
124501
367727
989948
85851
479277
117841
449928
365190
27230
449452
728404
473046
796179
755750
829582
386489
776001
897931
300301
637213
935546
470828
848273
91870
512388
175783
713512
4201
624268
509014
865745
309448
556757
568506
46887
991879
918575
158397
655171
497886
224155
527080
476361
589933
362490
13713
307464
740767
841917
597537
589694
152617
662450
845410
269931
752757
160405
35167
243761
64606
194506
295907
898168
682694
598279
451016
468284
190118
910517
875737
150107
748777
13705
88313
169916
265455
459733
982190
301120
991001
942914
576519
640594
645122
592174
913157
809086
675995
497514
260608
124050
61673
160219
98790
708331
139424
361952
453284
944395
309457
284808
23664
161336
101106
582550
207747
950692
12397
502658
562080
47137
738003
89511
458698
281399
885981
960904
699176
715304
50243
143296
629217
702619
153605
975573
860493
284425
305326
146795
51186
24033
27431
520294
322658
113978
595677
514676
796895
346451
413919
461651
427843
328523
794688
541342
769511
144861
254179
607580
574645
523098
446426
458882
150044
440904
159313
885233
208055
28740
374145
126431
548480
568666
250891
214692
281169
367028
42767
42355
456728
287700
366726
894962
911294
772562
960485
620641
851050
247188
42097
568626
203104
912280
654652
922930
41616
55135
926583
81590
461511
180512
7098
287571
116849
456519
546663
804315
266901
198700
984040
547126
580212
374295
574226
230934
135387
398659
45753
775712
27098
817150
11173
922676
736745
818308
771123
757602
959474
907939
950239
111993
892685
488780
482286
618481
85939
536680
822214
533798
828106
41789
904465
310768
704849
392035
289698
300224
398009
416194
146191
894407
18172
375176
197569
885299
262702
792647
535050
804542
473714
649943
240306
535967
233972
135232
94114
547469
483397
833194
256317
675828
264869
969013
694225
516279
115216
79270
309453
118034
805764
272378
167260
867603
606560
62455
967835
153729
499335
613109
915566
650847
796527
111369
440172
832446
437134
907060
802700
631352
824911
999172
479714
864
450400
428369
360634
498855
695501
143501
216002
916335
157768
950098
598589
402679
551360
220042
324572
501586
742525
144213
948645
5049
759736
443646
194759
556997
682085
619810
133288
493938
154250
20887
5780
496871
902323
228485
990049
246858
32045
527981
871216
426098
79431
515772
538393
86994
753521
217956
462093
623609
61960
447535
824009
323092
42334
511002
768681
749047
635682
790235
325667
14504
333300
171879
911186
339043
103961
773970
959788
152803
765881
928315
159491
409513
406253
917200
967887
701358
670879
534282
572095
230377
747423
142055
222047
684302
648027
532071
914408
589110
960513
559146
733583
766267
582109
217055
766567
109528
75631
550768
400040
14326
195272
559065
980916
442224
817608
31416
275698
783516
983198
84274
899316
393040
5085
14515
900726
917371
632772
971492
990434
306012
73686
864262
474148
704865
268917
866790
817181
267157
195930
861504
905780
285168
128250
170350
494430
945547
720536
962539
32284
441618
507208
799456
47200
138043
903791
879766
532509
976330
82311
681513
329440
334120
155620
863064
327265
106832
950204
481030
413577
867170
273022
810842
498684
576144
985157
314447
610994
468704
383529
589625
14340
417700
361648
456721
533566
291852
571349
691121
791265
566526
339717
293590
856453
720567
408830
605646
885031
758075
660725
23395
692257
530942
865931
540834
839044
406126
151180
862390
736746
221046
320326
364516
479221
401159
382297
757438
596267
575683
640820
900707
689185
20598
482930
859991
957018
782478
566721
957565
951156
392348
453547
265275
506340
665711
855829
716269
687678
203016
578895
770580
766176
854281
923694
359698
689348
592229
787022
656547
248854
950226
946808
69817
163695
424455
52295
745394
595356
14199
652374
772693
190380
379735
190092
239939
606227
934303
267323
260031
617850
554723
640803
97376
325280
494697
349224
566144
686628
515458
90810
941668
586243
210374
471746
729259
914372
993252
28103
768492
682531
244519
987334
316070
27880
665118
580176
946629
70266
974858
339746
338442
977178
710141
231868
269704
264728
25394
649116
441172
316865
83185
270812
62194
340378
829948
542190
489710
489856
697364
58130
593595
694613
43903
450404
936755
798690
956662
472044
304668
985412
370559
848446
596622
99553
330124
122062
599657
403032
618506
155969
706295
504177
909017
181380
208401
685895
56424
275101
402069
624766
138368
935172
372228
540842
381714
986428
990677
147113
164284
392412
357557
377897
869357
676074
643833
767049
488463
558895
51094
519703
517430
116571
395072
775404
871304
219105
640542
295786
255660
274142
567802
826612
675015
324592
634735
681794
533438
365084
13486
676133
88135
336507
727081
393888
853697
633874
788838
921840
922863
119962
256243
598420
69052
575687
150957
34529
926615
237858
267956
647060
506620
575962
999303
212710
799208
741852
431880
497541
237917
189672
143408
846835
357075
808105
317404
730157
60247
532971
25246
628115
535919
815478
782304
320191
5974
509850
775157
587089
173218
713827
478162
576415
446105
846484
730237
597097
761978
780054
726448
905819
104570
155904
794090
127811
617148
109567
269178
314739
549621
505662
266867
283987
146094
440819
648051
806521
978739
211147
24477
414589
164554
160560
215968
85893
363476
827201
175896
827444
449463
587480
34849
230190
270622