10911
172691
878563
386008
276751
555558
821205
246235
309886
251763
627284
190166
75670
564830
55201
782878
188776
648649
916773
414016
740524
578603
602617
49891
828582
805066
332514
758426
335075
645205
169434
363529
250402
432928
983369
76784
739792
317500
969939
701849
146348
464434
343498
437338
142602
242972
391108
372936
367283
572833
398216
462072
546281
292363
248802
683443
354248
431687
458902
488373
344199
889208
701041
4962
750174
263287
607867
100550
320642
517612
789448
665159
397644
300290
598765
696554
864312
487690
300240
659198
484936
667438
510809
880873
225672
958095
367237
494733
367789
391934
838681
743446
713687
889428
439027
973986
306550
869615
325051
909710
572488
258121
213945
479129
697600
652214
502465
222328
721218
263674
498505
491254
173643
233284
440859
472772
599534
915339
562405
45028
893369
431428
806062
948974
639606
196413
682019
535166
939661
209433
834000
836347
420615
648040
628394
86148
905709
85794
30792
484856
661903
893121
283506
437410
12256
453240
936722
721792
588671
91667
112008
987375
225873
943660
395097
980596
420425
766151
828423
145513
522505
134411
472955
738114
644514
929374
975455
245051
552568
542747
959176
900192
763265
885107
632465
990712
349932
648413
191107
157583
839070
948731
681072
513311
595607
6603
924447
442970
56307
148870
848289
40791
135949
199193
742786
28630
532606
289469
126683
319409
577539
626357
920388
998306
982396
562979
967144
425387
308113
137032
637361
942118
227119
567127
752993
790825
832624
290484
996994
224597
974553
993934
325814
219260
636797
649493
7784
128556
287870
493786
128995
124188
518707
505091
428289
378418
62117
238503
458427
856239
186612
143500
277664
715256
52055
357178
224993
717122
583169
520059
499529
710808
197854
423346
748873
655884
500860
978454
272241
948344
958919
302921
297147
180144
93165
463641
609026
69510
495520
347538
736272
79288
179130
728381
539668
375610
239226
457594
785906
80860
591148
873461
500917
240153
409767
688648
369184
397627
650160
891181
650722
595437
671036
95582
697831
542943
131475
523083
316107
129040
644176
1655
302825
386427
943813
383024
148690
505824
550715
727337
7450
6509
368215
935541
19532
866121
110168
696418
825853
503678
267708
190384
946814
596800
997122
890285
832619
105438
386123
708462
985632
228612
366298
984940
801867
906602
868794
481592
397533
602333
872191
974428
54298
4392
510628
587792
336337
166047
700627
431638
241445
670535
563716
521139
729353
25765
399677
442186
294282
409250
824951
418198
359046
994200
929377
297539
409658
724795
905342
946794
13625
662118
539817
163495
820217
139329
855673
936409
209928
486157
45311
471670
179548
381900
947628
716616
229703
595152
8912
836744
203721
994910
184125
957269
946047
751549
301962
595345
311034
141985
448819
936537
521899
992175
710686
507423
970426
804973
415672
660581
441013
201096
576254
241495
623909
128960
184280
839430
736509
491188
890143
125821
554860
712261
522431
590466
453138
607914
762616
45610
35278
712912
303614
31705
492406
859628
256961
955990
57184
133086
20743
947975
502365
409603
808756
646989
139206
220887
472236
889342
615278
304517
680015
976955
791095
85774
551459
275758
272448
775441
18832
758563
491708
326716
244932
26623
930846
848208
736247
568609
508912
590282
255496
334099
550915
161011
819398
449452
184193
633030
88012
173894
505310
767417
195652
881432
322413
58346
999820
499503
583375
492519
381493
85902
446790
196186
82792
253342
102887
604431