114882
54840
940689
342698
965213
356720
658866
554923
805879
351865
681015
422088
196164
241857
738704
745826
836395
718683
378226
668357
708083
143739
625097
856505
240633
638605
596041
424872
71133
696498
566882
819622
658237
670104
18258
759458
965465
781172
959124
536808
388822
925151
168438
610193
53598
544778
69704
323400
97124
26272
411376
986553
533957
721655
52251
911640
928778
703601
946702
81546
130314
565749
559643
782580
34157
444613
878894
899295
702283
44413
493255
925189
580658
227559
701890
820731
653958
501821
770194
417146
523907
578876
833804
305611
590751
299873
534431
838415
464650
32643
210786
512296
422807
910732
246598
589704
184756
171797
529514
222740
640277
36125
12110
667700
700528
167974
998943
161274
422497
736301
897392
595180
388269
567364
933066
304559
10083
133581
832282
874066
738270
804565
783304
984629
711848
934282
180585
757141
976569
518555
447050
533749
409053
82795
767085
889257
943923
633521
133840
105154
707537
203950
563496
437713
787461
11596
729453
557722
123319
615760
545423
786199
861546
461820
64646
557477
444257
805444
446087
733327
915934
560938
299474
362230
245253
698296
274344
134554
64416
872986
234010
425799
166716
804373
536189
976158
210352
52264
338618
821631
608253
199165
818178
116496
274513
389644
303838
462957
408422
530957
902628
686124
98952
911319
156549
594251
566771
756442
495620
241208
339866
747126
134465
654141
942852
238902
207539
678535
790545
188780
916853
898385
828187
578473
430903
664370
39672
783961
434133
914815
445275
493113
732868
576350
170522
342391
513897
418792
224714
925413
726468
225658
564934
907800
117449
448089
632911
242211
91343
82751
439501
368555
584929
679558
981300
103335
436979
632240
935426
64311
250287
601745
143396
585117
520876
135641
648760
969948
643264
489474
371181
171308
417452
832402
262663
7510
126326
936013
693759
27634
885076
747259
314055
538683
771076
184785
56875
418892
87289
657919
188563
410106
512751
123733
358181
110925
955231
425043
258503
899803
239758
821067
4802
392771
153729
710453
856962
386819
581067
874191
26554
171639
962182
464047
902308
983599
48864
493479
438310
402603
333069
894163
587600
776501
458970
145985
329602
798939
193122
101694
499371
433480
526105
999097
550316
92030
600261
24215
547803
46899
569869
974482
546979
581189
781802
919822
607432
674202
975994
442298
927432
230424
132595
877215
587997
164414
659828
495880
558623
63837
881975
684494
935495
738039
523043
575167
697679
340530
638143
953195
794485
845241
354944
496906
417757
31088
572227
292493
47958
435665
748118
379264
866549
837416
303536
155096
929053
755687
897665
363039
445729
865895
162212
822201
39936
656444
423922
808081
307919
584755
401136
429926
854452
943786
58216
816236
783374
235149
637461
557472
45298
544937
82487
69163
132753
958638
244551
606770
275381
367814
389445
122296
459178
785740
974701
266161
309817
433002
4615
41636
480399
877460
986974
864827
930173
767643
177544
998762
101657
3695
519268
278330
138433
245044
785827
786417
877119
531775
653500
455648
657480
806509
318915
161673
679839
794720
349332
943594
1559
997591
104937
977258
784949
498153
199692
625631
567796
961502
864614
771322
624738
385834
396789
812944
622311
107335
552028
428421
5349
294510
533140
137495
714875
923377
459200
751492
490212
658936
351135
382681
71421
714006
341595
66969
557284
253703
868606
856582
853180
340296
549700
369679
797004
963475
80011
232917
146119
277814
411367
332699
436006
63759
389650
182795
542130
636838
71680
631071
862046
620647
752785
492914
703440
334266
245472
317540
908352
946177
165624
248419
637689
124973
746343
524445
933245
97405
567850
691199
867974
734933
540359
761704
132902
889527
587834
986223
853775
690848
666375
473037
49775
549825
168430
344425
140788
188120
81405
633215
829677
873643
564607
17324
430544
852385
686546
162840
781080
776061
487511
306752
620423
300664
141378
862494
333321
825209
382800
786808
399289
311475
882009
65218
751740
569307
397563
786225
39115
192965
255798
151390
979919
530906
799062
383698
771877
570296
750347
215284
265473
30822
582100
628236
632366
146674
682906
6643
681203
23465
624665
822617
468050
215731
998649
919219
193578
51976
910075
547071
123324
582611
308622
633205
567434
859553
912834
743564
403163
641094
627796
784997
830108
339533
243047
131096
359905
602841
111444
990554
974408
481244
270552
147080
873278
322035
86380
629266
261147
58845
410546
175239
948073
521879
944203
298040
364994
567125
858181
888844
885655
896030
791666
324320
731917
243717
927252
260952
742785
42623
652980
550599
235180
110374
340689
914167
411490
460105
335606
141397
359413
698221
27365
460924
765494
309221
744495
229276
885915
289929
186853
822151
401724
750998
284329
592280
579640
208738
200797
928640
602485
907258
455293
934894
590916
6362
845321
547226
219170
331528
539738
158447
33434
442125
162838
697555
241928
530577
437503
158548
241402
530642
223141
136816
618671
352704
168188
880513
792833
959289
700104
682371
47646
323164
205365
175427
380018
10060
188419
442086
801185
273539
792222
586196
733552
912848
451787
458431
118339
899374
201023
501139
61185
537667
878986
154940
284499
170034
421104
275151
788556
927005
72472
331542
406691
87098
332894
351419
904539
369425
280579
168271
309251
469711
139716
631672
342681
914186
766664
114165
752458
302482
652338
57296
579029
541040
500119
434463
624525
419582
946313
703414
506749
108002
30290
600492
298598
466536
959997
134792
251299
857660
37517
73673
524846
316673
678545
779087
782395
96336
11023
996265
186370
826640
389598
513724
879642
799278
288848
616012
829697
165305
961931
212394
375864
261469
770169
815674
34635
949563
149589
392288
981806
893345
711654
969095
641219
368555
509193
614157
479225
963573
828710
752463
448654
278267
22917
839948
212340
584528
692473
122424
149522
670583
668474
836320
937313
772898
923985
720884
419895
424452
187372
906166
956065
633301
772817
601790
619048
339362
101359
427943
909750
770318
650448
733722
963731
232809
84203
674165
629640
527722
48215
681687
462244
842636
616089
245066
459228
472835
136478
711438
656845
661594
776964
249662
639646
616491
687442
372385
570113
166714
164233
603664
875096
439854
688850
769215
293876
159212
648726
669353