920555
78913
524431
991733
408040
706520
425217
637540
131411
702924
807458
222173
448554
166363
670273
537701
961794
732589
526463
456549
679237
961710
481827
997142
868442
712012
403851
299592
194146
48271
403453
839120
499549
239311
351964
391884
848749
959831
232246
927252
611443
865493
766458
327167
891222
819898
41479
777615
174882
672948
433503
520762
475660
27909
638586
205654
371092
259392
818423
84768
531651
466016
586349
203112
139412
872773
791072
997149
68591
337548
819152
710257
188176
269961
40107
541544
287878
290980
475746
467331
621912
482893
704792
906819
864770
509917
855223
684444
96285
893003
134877
668792
263772
15559
883124
206884
489330
936310
575712
691547
135506
903179
115345
322861
174030
583678
266616
355276
526625
627116
802325
593715
86280
652811
577583
335988
163530
848968
368669
314780
544025
148287
77698
990724
360977
270422
630614
893047
260125
663095
743838
242619
693497
844648
836734
780734
654289
685256
527525
852830
72200
3368
540646
654421
237782
480835
703655
957696
259273
291548
975026
719754
270700
254195
331753
441785
989637
734115
868182
993941
781175
784475
322336
899056
349384
331511
64858
118935
264893
430330
954550
868436
935266
429034
809495
355228
480230
668488
397956
343388
235938
309995
410360
995803
884410
877560
348822
83787
967772
871808
749945
367282
123238
996662
927658
409008
908580
94475
832107
208556
389815
290216
654896
895903
762641
124999
226797
608444
235868
933807
673866
190203
73082
936458
543092
628225
977959
996836
957965
623854
441595
76034
302147
54722
463564
159197
351038
651820
554545
174714
905779
660977
36193
383271
344022
338230
888441
411668
861932
763498
990172
743499
552190
378194
904757
301069
734250
110514
94168
137547
456147
50773
877510
366718
71288
378106
180431
90915
895906
814363
942674
108054
578231
979802
5152
895498
493100
707979
186047
143651
113240
811544
191690
62576
607715
253717
220342
377800
362141
67809
628847
769792
149867
93045
595040
476166
182812
625932
640914
548637
601753
344303
237868
762613
525051
127452
478744
795750
20407
69330
913670
40585
285236
116604
494026
157619
207742
266359
272417
803727
678418
567810
929617
453015
377049
305857
778734
315567
323250
261166
136312
934174
965480
127837
517474
931433
381891
175914
418926
5582
111866
914561
131827
950234
509254
22601
271105
966567
569937
799342
393883
422326
795853
582985
685219
724580
267362
979759
998291
113868
583871
268307
92583
635002
320274
568280
183321
840199
807570
274039
997124
314646
36473
765834
343338
687593
880144
888819
990929
489441
61218
386155
424008
383824
425746
542123
477959
801021
211721
645552
174964
101683
293191
570863
977474
60550
810075
150741
157364
795491
651373
476985
221376
816147
509113
858593
672526
93708
969110
164782
477087
810996
701492
637029
141835
936883
845157
98586
306530
892275
553874
466299
539828
867575
129230
842806
319149
344853
570631
874952
700888
617297
737432
597859
241220
55128
211772
354044
619780
899414
454494
213678
316175
529844
908428
35278
324872
457201
515657
857100
624793
295900
827649
192834
521976
128555
769687
201116
35980
293884
408027
657829
402856
408293
720599
568682
588533
147769
731336
214988
551535
227034
710442
371432
349190
917622
643308
410779
749732
840416
997315
448052
383630
365899
863451
457338
792100
787429
821863
645142
394178
868430
683801
538783
308169
9267
75758
372608
357752
195275
204833
225224
53043
733486
546239
656206
243430
484621
503578
799679
785347
975314
30551
527622
105127
483541
924067
728534
588826
404343
806850
278935
694837
944351
344712
403818
829534
824015
642272
321947
805679
185122
413961
443362
761846
136612
321761
99094
17557
210062
896346
530287
542600
385116
396873
92726
959814
517261
677021
55883
102337
857079
809004
58387
686920
320964
962857
94140
184780
846733
203762
554606
145408
23377
38022
447375
900505
768465
697236
470515
425141
178828
223982
146143
551128
949074
849372
787192
327185
800903
614477
442701
886011
513655
859561
477950
644255
196112
51266
353671
68727
928064
302888
876332
988749
701548
839771
529923
224642
511818
373595
947929
546091
13659
921756
71618
508886
439304
501974
424641
941034
986584
505912
557327
678188
593676
887420
560140
103070
20184
357142
324607
530370
956222
542406
141516
466428
659911
9677
618993
382805
698209
401724
695612
818332
66640
252839
49293
493479
392658
157625
535299
34423
128468
651169
7814
284665
460234
338666
170161
427049
463983
881513
816474
502865
629593
990415
659647
382320
540087
606622
698382
77174
585451
933241
483857
793706
857086
759124
967028
377070
59460
578890
711284
840539
961293
198989
601830
354950
649605
526775
567905
967524
503913
491007
574154
891658
144422
169992
689402
659916
363024
895380
888078
54343
633147
638294
573066
817787
46714
51173
325994
55888
40114
344652
459463
420217
958874
749566
6563
670198
864209
520743
481297
920371
751835
576157
933891
544334
539385
185717
696754
757430
514469
427699
24484
27759
808615
950425
800797
15666
915927
352096
131108
981424
998576
485701
689264
681847
70988
571642
942896
4782
637953
731197
188084
974266
451288
14406
412859
680515
438887
467290
478681
826065
90442
601917
580421
462928
370690
625604
868285
972722
861033
700680
971478
22579
96401
320887
838883
629816
789305
103620
844993
303313
546603
263359
766142
73885
620277
48831
137636
170765
936898
421115
371045
449
730068
671864
306980
65358
618528
481181
699102
466657
72453
490210
457843
47741
536362
490407
218197
517920
408052
454753
923340
529412
959714
189999
319523
941761
925829
438858
271666
275535
363166
960603
871113
334121
30422
143079
378678
360206
20180
514405
677172
829089
619391
666545
850032
870513
761232
706009
859256
35090
450194
902932
405763
764522
501113
722066
373015
715080
737820
141165
314331
331246
706321
362687
958713
769071
226724
774927
358575
425587
887923
782627
407859
776664
715497
843641
139521
399027
245781
796432
583490
75956
549990
130913
403930
560232
920134
881067
177038
922903
201999
229868
333585
830989
952046
355883
119466
430198
840083
584498
372355
619490
982418
950490
358416
904425
391001
914814
707545
730664
591118
822609
641894
445609
272133
688076
186759
540641
736795
356544
795517
29266
753906
216073
553864
837905
45449
796195
197454
339362
492470
70870
298597
558463
532803
860429
472445
714104
927587
130501
954669
384948
16015
586209
539224
51093
485378
576154
497532
127418
297741
61523
587735
734942
102935
802954
910262
538461
735797
411050
982683
3415
434530
244926
782474
89901
316443
24897
147376
304681
52570
835281
87665
449146
314092
142529
947532
739676
672753
544141
212525
678422
508016
807657
793296
524957
10132
523826
56076
448534
110856
98374
46212
938169
913578
10351
4005
934353
89198
821754
349468
434335
59346
442470
812440
411102
626233
804856
254647
9378
796263
121644
239568
134554
169816
129285
772700
327604
117885
37765
624065
759391
529940
391801
826428
935532
581474
801132
367851
386830
9936
545980
379253
924544
72672
198793
151575
388422
64394
571401
267403
300875
65463
714232
980118
178281
833561
743533
252911
902856
638757
151624
104583
983645
599406
931976
479354
430100
513759
151993
78480
688137
95445
99146
938031
919215
240215
637564
266017
110291
994035
494647
582526
325179
325942
535351
194806
318632
772295
257443
32317
22139
63520
885118
461075
61236
677674
136694
496431
92565
850421
361818
440647
938853
538769
215081
746687
355152
167051
338309
335979
648492
324551
120455
916035
841878
737207
567532
14242
422459
533813
896684
17723
181299
113859
164203
780697
798087
488092
877129
537296
875411
629686
704468
176069
166982
508887
610717
465559
451079
145617
923944
380585
64562
523740
287805
329230
989504
684942
876507
706127
433797
583417
546700
557211
203026
845089
139284
760396
477370
65112
738435
95442
932594
498168
281642
432702
3666
460989
254890
846509
277176
759421
266279
365647
675340
869188
449244
315091
131869
466320
921929
103985
761514
524390
717319
72339
823421
26255
680763
613665
25458
939122
482665
313447
442454
941071
292320
712102
381739
797269
693139
826292
892231
216801
994504
955856
816411
613013
450089
264902
707473
595216
802744
341243
469519
892751
983328
502550
749785
957664
401318
492619
415891
138238
448895
663813
788259
127118
976954
201968
522229
652789
294238
695520
626712
476692
662926
234977
707590
96097
279273
827996
78529
109411
852015
214242
651608
562441
701340
81624
637129
860136
855513
618175
307904
363344
639304
812063
707390
371657
592701
346896
780181
482799
69069
594469
835343
751591
868862
103157
267247
193917
246237
619015
932111
203356
748143
915993
92520
175721
235327
540813
986864
923708
946006
540017
661342
110907
455049
730986
667337
796245
965292
824316
843822
677016
123813
19063
279248
802544
284507
478722
643130
162813
194892
851005
164576
575503
139070
300758
597284
282113
138317
349674
127732
607919
212771
621013
815056
903637
823750
677016
341161
926533
522892
471206
891173
138884
972905
686411
141119
898754
286121
791545
979468
497717
110905
316017
285400
584849
939487
584778
90415
888102
966666
128865
406327
601557
557827
651422
410875
821744
172995
705182
309762
68398
971999
256258
871070
826375
2655
959572
473729
314482
111660
797265
711240
510457
282407
291543
336988
572981
402646
61484
965166
715372
861177
67944
656095
288707
820283
105793
264706
887329
246404
758769
700089
236835
553451
13510
454203
192373
892745
148229
863224
876115
321385
617660
316755
919517
821339
245411
333902
413584
799783
252846
620868
66023
760799
900658
777807
299405
139726
46001
181322
651261
249356
650372
246384
215928
744243
705060
494115
652002
122988
205076
140233
111930
532195
650927
662801
291188
738201
531914
669011
874613
325079
42501
250326
618346
703296
16051
49451
206854
398848
281443
134518
51414
869985
134027
189260
204290
121212
150928
739960
14946
954316
10677
560472
804858
905886
642717
455269
975828
926500
820990
169872
691577
222697
310436
364359
444043
791200
545311
711126
923714
741845
77259
972715
571521
564421
483194
114162
591572
801353
131392
961119
813896
44076
890522
229386
795111
813022
692475
118835
699279
184258
100405
958503
322670
459490
549441
566396
603165
891906
133483
50422
794005
786514
119708
908172
638674
782716
930885
627652
353155
298718
792934
905339
597994
888402
851384
898177
185814
348840
904189
814817
394683
628853
861922
26814
578539
783300
335949
998808
764275
453995
621513
991726
835028
428473
62283
15294
903197
491724
942689
424040
92258
605119
426678
636016
802266
62400
468100
651042
667674
959359
972438
986192
591338
83522
860473
197175
286721
777877
527935
621056
369635
894175
445871
87906
674899
240977
779916
127012
11893
475127
57600
353344
634821
269168
583141
670308
385838
705659
907889
251218
410184
533991
929211
877286
429489
988013
508270
635128
994246
237977
88265
610519
570879
263970
530256
885110
156453
564955
785683
674851
558000
126658
110808
167026
755457
19254
559463
78136
627896
321926
866739
927283
424691
961189
244256
195079
493796
764537
456373
394403
508686
639186
282272
595138
29852
487032
796768
984270
153118
161949
806547
345311
910049
438705
253212
363168
554281
933908
706608
832979
176077
856807
898046
47211
75759
699644
151609
261526
527447
577067
294851
965022
124524
895238
435383
492389
940878
810788
652819
214094
953042
491866
972544
843451
119323
902344
91264
807536
448466
221519
559987
90838
252609
958816
169670
905628
613457
877936
878713
209400
95774
127687
276874
304651
204340
660984
548611
794531
532649
828715
162909
82522
51415
168086
295824
891035
804339
249930
172600
708805
716559
63786
502629
721000
178280
198326
809471
627756
206765
377029
519956
767248
65101
911697
841280
422096
798139
988268
88568
263969
856961
782353
647091
405078
282110
4693
115957
750116
695678
978301
722809
147650
755636
454057
924730
444842
472406
920813
483038
572093
96021
859456
361856
55171
31096
411661
126360
993104
748308
462055
471817
722050
344490
852186
62407
113574
4701
77532
933219
595642
994318
361699
629877
280141
793110
615760
144677
964803
721567
410824
592597
366133
795551
395812
754543
387957
693170
815614
216710
364783
250964
754860
821867
313386
778232
310025
163855
823470
114439
220782
691792
962560
390328
81792
647074
578633
958536
95587
310107
283157
671511
370125
806234
571638
251807
488885
565717
670793
465809
92457
897662
788560
517390
661439
936850
601982
33982
562148
546430
548882
525841
210320
869166
845723
91280
445530
392563
459546
195615
207847
962319
658116
538769
190206
110176
754022
280616
146039
180904
933155
748519
656914
240885
459993
728342
519077
464433
822754
754834
152045
499400
627190
126414
448004
178993
521454
347498
703731
600156
687011
50542
251679
195190
586229
930979
342752
224092
795752
181966
512751
922649
611880
236490
973437
83101
172653
735617
10016
320125
95673
243654
137576
545441
340351
7762
561680
432975
21918
470682
990225
683153
294218
816905
628496
830276
454796
666783
375159
572160
228319
379174
292768
695903
783099
504332
488046
786924
7792
991074
578422
796458
951912
740528
813275
86334
811215
879410
728120
81594
233038
931123
714549
869446
764274
73285
601468
349933
736940
40922
795078
35393
128369
653827
991055
954220
594306
179586
277096
123733
441862
673869
582315
497323
600594
532642
3272
471889
916683
80129
493438
881190
292387
464651
804134
813232
277823
544693
602409
297572
438457
87017
527314
841492
548737
790649
296190
441205
932702
742144
442224
726092
555219
692311
994625
348725
958492
932785
503157
822608
704791
870100
414568
723528
447104
643701
752871
810689
122069
840366
598939
788766
374744
834590
5023
654188
193523
47069
769203
220078
555317
495194
91402
211269
273146
720404
68158
434684
289514
57585
223268
791918
148760
320574
583737
755220
826250
556228
453755
877807
748312
129859
9044
685710
444781
334862
153393
963645