602559
884165
556926
957220
898679
529481
962778
996650
830539
146938
295713
393499
877982
717944
271659
616627
646547
823320
371980
574940
834635
103101
746663
765400
588813
845263
868826
593351
669503
914907
579671
802774
195409
465479
679186
916292
353209
352112
6742
28498
565528
894242
846515
25287
299068
926771
476882
968797
932991
633852
891561
182091
612940
136309
332809
183920
75905
296684
90964
691097
384944
330018
342093
35951
342208
912898
271688
390784
290289
463999
626624
144552
372989
109385
519879
14620
354585
815083
326680
67026
651675
530180
600584
759632
121013
934367
919771
635984
687135
78002
616883
956429
364115
749680
767652
321390
357042
757771
241890
779083
123972
920010
103004
89760
570461
495362
872354
854541
185114
890548
348929
938759
191499
914819
467631
461663
556459
587536
774945
803629
45450
803700
31227
649753
615564
460313
974303
126341
858697
825653
70118
692506
338645
640804
812205
413806
215259
645473
745543
927055
613795
258849
553104
431343
726131
295245
802657
68203
705361
339098
545183
608954
93094
526982
890350
977326
708861
702256
403844
75050
985003
943508
415448
925601
335689
540515
432504
323654
370141
188411
849850
405398
177047
945928
120586
508798
347255
669366
152931
74601
271115
810002
925593
762794
850198
70012
232082
655683
312461
432331
643477
550096
462203
213437
639034
390995
934660
731289
510977
621981
561350
709860
21247
945301
990555
441660
760243
753256
636347
28308
856503
779917
950719
844236
559890
466419
203968
426731
276586
135946
176094
276860
848983
493227
918364
889092
888594
604005
721769
932060
67404
800357
46970
486766
318043
619649
283538
206800
150991
904097
638819
103864
191267
763274
621710
174619
332367
975369
444487
842343
543803
229880
266836
802521
158477
474544
182644
204155
165731
295307
249116
503230
624220
800084
408476
449072
78097
60366
604769
852313
696802
921885
309396
233272
181546
875541
276575
905557
473172
767262
347471
834563
678343
526656
931476
363188
126013
379409
246822
385272
372658
409848
434050
620180
724471
796957
756370
757883
430501
261935
474859
896428
754223
671761
7024
919591
418513
390050
518739
718093
87909
120807
519996
120467
625556
825816
925122
297314
243881
880068
147286
133391
374465
266529
292927
556338
908511
268148
357119
258277
185948
272025
932309
63259
106939
615280
748444
123866
701659
413924
871441
859222
369733
364185
195058
288876
613157
164721
622721
184952
386646
459579
607399
126035
589846
202234
554870
719532
695065
566669
841479
130305
697913
863872
722050
159163
625418
154414
609404
89380
112332
393040
99131
886214
817530
920167
354517
25505
967679
927618
776694
455304
409288
285868
116671
667864
982900
762166
831948
183446
890216
130780
448590
349220
749696
710231
828695
621472
977376
951295
949941
512154
810216
746778
374453
744239
169286
569669
915337
469190
220133
196349
71940
537575
183427
670795
704897
845811
681504
407242
930980
554116
613330
462614
720632
114977
634294
539091
37816
546846
621440
416471
140137
341646
425396
759925
843300
500902
825198
479335
982578
153584
530139
953751
965327
460456
689546
248522
120401
218039
480413
833193
623650
782473
520089
29166
716905
999757
456349
692839
972744
875657
335280
656554
691710
633367
591603
22614
780715
512191
404213
996609
394612
628978
882917
143171
486077
380449
161762
386078
350419
72888
421871
192265
911084
279227
193410
965207
809285
770427
626939
283657
159403
572340
928818
74029
988182
776966
558697
709168
915951
663567
823009
757895
720627
636897
702856
580662
836975
42469
223183
215100
865707
803403
810010
508379
73763
73901
862289
345735
382640
510783
31380
137899
50310
543541
237195
524562
675606
259890
979034
241464
413780
558823
671924
400686
132115
932112
76423
756004
374732
332807
622869
477526
305405
139268
302755
478550
921582
727154
706761
31410
665678
967790
357162
467521
913085
970462
37182
479311
848099
159340
805771
922018
57661
431262
884403
170537
628536
239188
71526
420992
391157
84509
832567
378018
951533
723253
888461
500460
861934
221855
7152
279754
983108
583131
160323
265088
456115
346309
857809
326487
926623
816970
783295
984290
605519
224647
736097
746476
686022
758336
568105
33855
404305
556857
957627
832083
480223
963317
38172
439122
396874
738248
395784
347588
621876
428635
542882
360412
155212
993340
230790
226974
136368
176479
82299
965547
765613
592694
333700
830443
809313
289448
636117
89045
54210
716337
827811
237278
117047
163797
95444
815931
725732
793410
436630
826517
504259
81729
85067
331593
801069
285016
253410
494744
808185
787584
559681
660466
377723
68350
237214
373402
375918
650721
588269
303158
155756
28183
467700
91061
36377
481323
456250
187741
227744
297503
307422
2352
187605
666402
937667
979578
813114
380462
238377
629434
827677
538304
679447
233770
796190
53493
55604
827117
547023
388414
900278
620821