373453
374578
293992
237248
88359
851926
615780
329647
654985
818791
775792
672167
85260
607717
62456
580600
558873
218084
248103
999404
71571
548095
737245
851858
67667
613116
616384
194026
837262
924862
8298
350570
102419
424801
104704
301611
992625
159862
348642
392947
299574
500187
591742
606175
680338
128437
168063
213677
379417
207948
603300
9636
60967
570372
259627
665504
395869
961140
644971
18238
907850
228005
793601
111072
666342
114217
954530
712221
268344
635477
404496
92232
228503
40284
87912
765339
219085
773385
497623
239361
714135
74520
326701
104701
134217
732402
568778
852154
701454
506372
846453
387631
235853
522811
678091
854062
28392
157278
206484
466826
259486
570375
587697
516899
39824
960319
374578
405968
762465
808437
383300
584103
115510
851931
444103
818539
848668
611614
397374
207635
537161
730815
933856
745971
424251
954451
466699
816137
897085
71891
918936
241063
682504
333985
510665
492344
169862
760792
355039
318512
595186
973966
457032
709204
71451
668457
50614
558051
279430
327451
334667
343008
489203
878715
164336
30525
533752
896513
381829
754789
137546
66590
291251
965734
953371
491766
316573
761402
229085
432187
874356
476017
935396
308583
907881
602876
536425
654037
853118
836056
411626
193277
371062
840532
912687
158026
965995
773953
719144
364378
615038
392630
178099
629329
967464
441789
662265
717146
350447
390238
88888
720700
357813
28357
580315
329428
508779
919314
903685
198325
801442
994621
132972
32921
778370
86756
772514
84162
56147
651827
417776
303217
395129
297775
310619
599362
168765
414687
806920
304418
134981
304023
493819
694575
680934
900450
393147
23402
965200
679563
298130
719323
190312
873160
725105
583554
2163
622660
76848
93365
14893
890568
504946
459739
987450
745989
567974
875331
880244
817280
788075
409954
843811
399898
620939
516391
431114
834363
209576
391165
615006
53979
277557
815260
751890
417837
504283
817932
602381
941992
317947
553080
186621
571955
517779
612203
46085
18988
527930
704553
284690
119252
934661
894380
915979
985947
452044
515962
15271
68100
167303
540447
803032
386357
821841
57869
931685
137630
91663
451084
140629
937475
891114
238175
363847
281703
846007
482293
995359
298967
46968
92169
701595
583440
856508
474839
364099
215694
642081
567290
126399
745714
840698
979303
737666
554382
246859
489024
507876
246993
505905
915414
664782
827914
684511
655102
570062
720026
893123
907150
247883
319419
698566
627957
904018
275878
555698
380084
576526
815910
265839
700733
441687
193015
314854
524070
538529
702554
889991
307850
394005
393528
212389
938492
493116
602352
614398
184745
43160
590847
433369
693257
517325
226635
330696
243714
842556
499084
522061
897433
362289
424408
60825
19221
875762
342857
679215
760114
184376
860492
334824
842943
334138
719433
863951
138325
726564
108650
782188
367540
161255
903947
710174
410363
385962
779260
974945
61251
747166
397301
234480
840794
620847
992215
966660
784279
934678
509659
362490
182686
168459
384665
662162
133298
265048
24311
965523
188594
642249
979244
609613
778354
274752
235632
344887
89271
417892
562306
5686
850830
668793
566741
809855
975945
992972
90072
226067
485975
592325
313505
305385
857855
537758
703733
18218
827065
570867
130934
295702
66793
520815
815786
13956
494585
448102
755171
986950
990482
141506
571921
356523
129270
915220
739680
796253
850557
816332
115791
749675
402793
365700
469839
170850
378024
221430
952723
529236
656295
4750
32250
670458
774222
133019
792727
241269
931995
402142
726105
643568
923870
93957
559900
215714
672270
377650
55307
695472
548743
29491
340527
75119
210849
396247
245081
843079
206702
226774
41640
533299
778575
535727
45112
110948
687923
594703
774503
92485
528494
653549
806021
496090
344882
120435
487319
229826
346284
267862
437128
727899
883069
929670
19437
73604
632083
246401
261491
251454
317860
993603
351272
805739
661959
731736
876066
189945
933551
266577
531536
291160
344708
273109
272155
232358
197983
251791
221560
571885
289186
262469
942669
261378
60147
748104
210429
701710
550035
538695
451602
744873
839006
230591
576006
454562
836769
264078
210222
815067
808403
185893
502532