191952
199898
732941
343464
81306
179353
612399
275558
84305
89500
370159
764676
156499
18111
296443
277671
494482
106635
379668
124441
544091
590221
685089
86385
734580
829777
170784
782689
486109
282176
899383
934300
44601
415955
752809
217442
737351
636467
234852
908649
99720
526703
374647
689577
581573
345177
707424
654532
959721
77054
964931
483665
953737
917887
752375
805892
267397
239120
253883
629051
158214
751117
918406
743911
700327
483636
425660
570773
54832
925571
552636
687192
792445
610927
241814
811861
774333
749886
328538
22251
849942
385281
925260
336893
667558
495602
676723
567069
77733
290598
959696
525462
335014
483758
841132
554838
371452
807120
257419
425142
996473
910749
472956
20200
947858
176495
75090
120508
973470
474561
372589
45455
369085
861483
187249
566416
960277
596664
63449
42928
553400
97958
389924
500262
250594
378681
353197
953436
517918
565820
525720
542713
505415
33749
845480
469836
72236
805508
394542
287890
33357
56184
80541
667236
703106
70350
374712
607296
670843
631526
466220
742577
94370
301860
264122
841438
767261
728448
930316
636653
321583
275467
562089
559058
38270
993919
89668
946872
87919
703745
693807
131402
794349
757685
195245
727326
13897
213118
105508
812990
876859
842065
430513
114517
639943
669684
388886
6963
10299
204825
880463
252157
988053
44817
466178
275124
267329
503279
828180
768288
676991
874618
962648
829656
384739
284365
778594
136049
739190
14351
656762
949057
125434
974603
152428
317582
617227
791979
185596
971288
510945
967318
436855
214208
643634
47779
706469
980884
439028
22072
817243
384248
819072
326084
949677
478450
705618
76309
859200
542097
234605
793174
289341
73083
772956
673513
919841
15826
52755
558877
476401
717123
279283
349452
232267
106283
961708
723860
989528
101541
901565
602160
621470
450868
781399
346674
227186
146570
494559
369567
841738
261747
754386
68327
842609
608097
299524
435327
267027
939156
974593
478429
41336
901733
450772
119311
209678
673904
580454
965113
179230
875420
288765
645481
298209
56009
48294
494360
643308
75156
506798
29568
648710
381769
643466
86036
86554
318566
666902
897889
813512
435208
592058
996927
106645
348405
346345
801459
332483
469637
21059
711269
870076
805357
454875
770360
277288
807209
539410
138187
510878
409606
758882
22476
172918
156489
580791
561588
311485
898111
330999
493794
849090
786978
733219
857368
833165
712421
491669
187596
345519
277597
528105
80428
43189
174476
483832
658290
152182
523594
800064
163679
85516
107730
53343
560662
11423
833254
870462
376408
158748
106976
101643
569688
119429
587095
27294
459899
768611
325034
697149
261422
302934
66220
475835
711715
958157
819116
416763
910441
313744
404383
513042
714662
525690
380460
755146
49652
510213
66388
849539
390742
754430
906749
271349
353494
906903
714329
861200
580540
38299
375479
580740
893996
630524
975270
16732
807005
447688
933441
119365
433714
397242
768668
498861
131575
847661
825162
143495
676473
992235
563336
827307
211841
985956
595785
107737
289391
115770
530270
662750
804464
245049
238274
20687
920604
922212
896511
394098
286510
160682
229313
834813
418273
571960
591925
972086
442531
74984
509726
466361
766776
877911
417396
657560
143150
179796
138104
516828
384249
848820
129177
278122
186730
656578
975036
730945
504464
369107
670380
78688
741547
44600
29726
458309
713801
742222
326367
802447
18176
833839
331036
308741
783367
21707
672654
809647
605361
274897
296768
619042
307334
472006
775294
323162
176639
742329
210524
184767
431006
824589
680096
889482
952104
325301
717517
882689
313600
492863
34381
97438
328354
77511
324217
23374
60792
326732
928328
105237
574940
142495
509779
45134
17835
105143
393345
694352
769538
873890
117780
530157
590872
83734
323406
552980
70776
242534
699393
65686
335513
397072
125938
658885
280795
838451
180841
828025
763104
640797
436952
470188
690757
140035
701286
595781
629308
567882
795542
726578
340488
276738
613977
598766
458899
217010
136492
279330
665839
315598
692527
299048
45287
232197
507204
473578
243394
44087
783328
769001
94036
995908
463985
737690
861824
458623
155436
588394
900045
333506
445426
419362
417956
432987
927006
775846
245475
667364
475374
162520
652706
815601
493771
68506
827712
8866
333110
848944
99432
909271
399249
227331
534118
514755
853832
146369
314207
737306
907290
149346
378610
454372
892808
597318
361386
578867
143832
381882
11165
401585
718662
211866
698980
735187
71432
697360
298294
228202
203836
131834
953699
876120
924529
62250
42795
693343
308239
275207
400697
758293
196388
160720
109887
847988
876363
557313
658671
875214
776763
627854
551826
792349
576873
593100
99657
513912
656027
515503
297311
213986
448907
268590
518727
130493
335604
231939
287478
383324
158524
157070
300575
736054
470077
54361
643464
267318
450161
329718
643846
803502
795130
435013
116185
103596
53900
82514
896998
777445
702648
812059
57101
25742
208021
235631
472038
84106
994253
698737
157725
183166
275329
345404
834983
876672
835034
456672
537120
951853
908653
910027
187523
751257
995018
246532
992005
222945
253410
279760
215822
348765
754194
411575
768085
897714
377488
278624
591639
145860
906673
360665
404467
398216
563412
290355
819557
727287
222063
33546
97245
61022
604788
457379
422011
659474
677791
416238
408362
866626
517279
870186
712662
626021
790686
452072
219915
520402
157167
800167
862507
778926
769811
38494
629772
24063
306536
471833
16300
697695
351919
669691
745169
239309
181048
12514
439169
604702
339628
7463
241115
129553
892599
260292
273041
428607
832272
753937
423107
971889
397606
245351
844984
330700
775720
168997
885307
266087
64689
907409
491920
921085
963471
495254
555026
963710
177263
378859
506602
312320
284326
70869
132590
89683
898014
295427
273555
111793
642779
521494
371217
204308
809321
283012
465106
730274
981156
37394
490517
82308
323300
998910
320678
803284
424643
599679
286706
121012
469579
294116
674825
473660
894273
914137
316341
593995
134984
736137
190193
116863
752372
439197
136328
827263
808748
50274
648588
507829
271675
617864
524911
295129
923699
688454
915713
780329
474878
658267
884678
203893
151618
732272
549939
772310
46704
399706
954245
647807
649322
914875
706047
855211
835471
780360
654142
86646
128228
980196
827706
67080
923680
149483
703579
111916
983956
404108
384757
993470
415797
213262
210274
867651
730439
274099
326459
550739
417064
136249
596914
83825
268471
118653
616207
478907
153055
426875
424133
885692
742531
954352
357233
795999
277320
542240
665198
377983
731769
413108
30679
976281
433371
449403
305242
524003
313743
862801
567413
637046
796829
763613
672785
220070
976483
86644
362871
116018
186713
123483
801203
550487
10367
842281
672452
528703
523686
198347
774076
107606
860440
932002
680186
291902
917350
42247
535938
909976
46476
111790
211894
942851
912898
615144
682292
830241
944610
397250
269515
763476
16944
937355
751450
892425
583371
882227
487047
714794
53807
761743
949145
780151
182437
62585
418995
796847
748680
951893
39854
530344
505971
775598
846225
155902
646988
375358
289903
619304
632296
257548
437982
775526
180634
468592
683087
727702
595483
612274
667663
37991
856535
988561
196313
12324
936850
648287
442581
691442
780405
453001
216305
140565
960953
445877
202587
171116
756591
343940
735704
495165
831209
894775
828292
591467
370888
971693
774183
112004
972644
446538
631983
193143
739857
291060
494800
315683
296340
276471
927861
327626
188450
495753
904993
750436
523665
574055
339495
198096
643102
498846
46722
894629
394138
670309
1362
411815
197809
907815
761076
548565
284504
932575
70652
628896
339475
369821
190609
877430
527968
332005
20454
803387
466819
303094
739537
922969
649519
719080
696905
58030
974350
231151
600513
807332
5037
410172
44443
146463
628103
571522
870795
395087
520236
555734
382025
416036
467150
323183
325746
877409
967976
680397
712060
151050
939852
847991
123476
273847
562567
572764
767766
640715
419698
329947
135656
919358
568536
941662
257588
925717
165503
337633
697791
760372
340949
773777
790507
212298
475257
622927
958213
828394
3298
787731
62348
992058
755376
17901
799487
684356
512141
275623
62433
67306
141440
704391
336525
487542
960718
232049
310255
203471
513805
178793
93862
632520
1478
180213
948789
640275
666758
469088
803296
452563
481473
666395
82025
236559
525732
175615
204583
165826
955318
928558
271295
529551
111337
904855
544834
751697
660995
962327
387875
37713
111524
254077
133203
366033
585267
701670
256379
376261
401257
847495
643605
999521
29178
545033
607592
216781
384283
923663
771358
150134
86900
944083
785667
383806
954532
217710
594524
626579
196203
990454
612322
479517
181881
735617
541594
80337
908624
152904
792850
233955
795544
162664
315129
813080
831871
978753
320923
381561
140746
814145
596985
686435
295229
77051
769729
758012
749411
173681
60847
899072
785915
798705
99520
557625
490879
288026
651662
802765
738066
596928
254797
828273
858565
24357
429344
176060
452869
298024
80665
875606
982821
582266
58252
162063
900100
360330
172494
27916
805787
146179
894415
319580
963493
928619
258257
953256
300587
655020
436740
555657
807851
742640
154688
783092
31588
609509
900254
338448
400961
687136
758196
359784
211232
554205
212587
511420
430973
105509
807166
420722
431744
265096
756880
35114
914719
818314
628010
139695
965105
578714
587153
671561
470737
147581
23424
453679
966571
628746
625735
503449
319206
379342
58368
487220
488366
931535
275945
785519
121884
841262
337827
742707
162437
551398
323334
400239
661340
561969
121503
924689
590916
695305
370759
19856
214327
712908
809377
872934
226060
900984
293935
931483
536744
965206
910225
169469
87620
733620
304924
791276
913942
898506
268115
816017
944863
719998
835397
907695
93008
784259
610050
810450
85210
730716
895675
141347
876049
343231
313845
532445
384827
565332
56554
936666
594619
105053
489660
694727
819861
296431
923031
189559
190877
416862
33442
719315
849985
817911
6561
235246
262383
658982
142570
174710
556004
770744
59137
32646
141971
120699
855699
420057
791406
802946
229067
550298
101907
969093
197589
374487
829782
684069
349293
15827
120295
318028
898979
508666
708128
47027
825389
895855
12270
787901
311144
981953
714713
831169
251373
969341
809649
258405
357964
990365
927575
359717
955944
625886
278437
794227
270063
238447
36667
820217
340211
143173
662567
445754
993898
840396
239024
709590
31103
683959
513087
125676
282962
701240
179563
986009
843731
44364
236703
600735
278070
260910
395050
964450
739283
513067
180643
808780
376606
94357
575863
532303
113918
331473
54609
58250
765836
557836
621476
665349
166889
659658
903448
117847
175036
754206
36175
148583
497223
130678
167890
739535
992741
939406
467421
998812
514210
689413
515907
953778
785078
734221
786559
733837
540512
120827
641177
454498
957148
180030
688497
682467
207488
798188
37292
728290
317305
620600
76984
188685
222620
624576
166141
422487
412075
643971
203873
128184
718503
91952
368952
553930
580172
603545
200263
35796
281902
729350
697395
567460
66798
903398
300427
300117
215449
340833
817775
869041
956637
604809
716059
989999
130152
31534
938452
897437
15583
121680
258989
798745
130999
759407
385910
105273
62900
871679
657346
528907
943100
475128
402580
978614
235927
407241
56102
715647
735174
327468
925141
817704
980028
710869
419244
359986
577917
496196
331147
581636
313618
141882
737971
499236
449510
174152
837745
626977
393025
612354
842533
544019
813278
71699
968815
193722
815274
237610
149301
601668
535772
117970
876626
586283
915179
47648
71326
527162
493553
11397
154582
150575
567258
773379
100776
954364
55752
45693
239454
97128
157767
934374
464804
968915
978024
931356
953527
110998
611004
60429
432428
915016
706159
291479
931291
244894
532030
506030
695014
327338
512854
571318
128169
566212
449931
401777
824256
664646
487089
146706
783215
485360
183451
608048
372594
575916
759726
989142
497890
815917
426848
780407
788993
250097
615314
534527
745122
680549
172616
449924
106936
526311
389761
683547
302009
426662
98295
196104
433326
796133
62581
688717
843674
287711
626256
223523
797060
971333
78211
887495
10851
117475
964523
241771
229670
53280
61275
259853
387421
310820
714589
130213
990855
380564
706950
661752
468025
673528
359605
217482
871911
867518
863016
717616
780818
240088
436730
779459
596046
555712
884797
197937
164527
312987
144368
762093
519183
930747
997853
861255
140159
748927
263058
530774
875208
334421
694265
277265
531356
882336
140886
460733
759262
434292
767133
16129
364043
533950
5294
869013
11651
458753
58734
650585
818872
792443
562243
117122
337458
431846
286571
84655
691324
456410
992442
617305
44207
824400
609390
773033
100184
99905
987312
603428
404297
988524
260074
91521
461113
145207
828671
779804
10264
648557
769516
171779
741364
838694
817593
5868
873473
664260
157147
649673
45832
281817
651241
920116
771503
899878
95545
203781
225121
461055
500759
753283
385177
339338
977889
604855
315600
665318
161090
60380
103489
950120
236169
93042
805013
718144
428709
868594
404337
162682
595071
954715
863128
954272
765876
519723
167293
820158
36014
105833
520553
868606
216478
674079
141637
176305
409815
983590
638277
376430
817226
778649
784241
754517
723482
168171
595857
65389
168219
734101
339765
458475
437740
385383
963294
175636
540142
850048
635404
16889
483808
74905
468261
321889
738201
238843
747007
244357
369313
861265
286986
214261
959916
985176
443741
120984
164147
598130
204443
943888
338608
419930
735426
837436
979447
935347
874320
889559
904684
937145
590994
98302
88165
59096
37578
341262
396765
812507
307452
119852
73809
184189
211413
909598
974202
482908
772857
536982
17832
125707
139368
782351
245944
761862
271691
929360
186802
267009
417057
796302
196673
520921
755521
571631
530767
141612
971467
139240
585405
731012
344687
467335
58620
308718
84441
148365
875211
834473
356920
201971
43597
909050
457514
503501
417414
647260
799366
969356
70194
215445
396741
44446
669378
448868
163277
672752
975156
38679
872796
305875
102221
389753
420365
257212
699574
700135
551242
426662
769648
28740
656783
256594
570870
530370
820118
881390
500718
143137
736357
760148
920395
568629
397616
168361
468418
534559
326955
12134
656678
505438
669105
757107
783778
781310
227594
555311
20755
942254
295772
826253
432896
581167
634289
248152
69302
365289
994465
803670
456324
879000
933212
953291
930128
389027
455190
653525
503317
786253
467599
746228
740346
104196
34174
713708
498703
740631
407770
985923
110950
61189
692292
452325
259852
162608
796692
443368
570019
989233
666942
598889
980637
106181
200288
998677
680791
709604
158636
747588
334800
485810
132525
918015
515460
266191
449719
812386
628649
574089
318192
832157
890629
192561
659828
471572
527594
178251
401834
828391
163728
493534
54561
366860
222029
848428
558501
798487
236147
542268
369188
30107
761158
605011
197752
133675
792728
650305
125777
58170
229379
494103
590400
580832
422211
333942
363298
649021
999085
391362
114983
54200
735760
838582
671230
308641
80615
408850
700767
258357
944567
391535
434100
999103
231051
653938
742053
695835
154506
24223
44863
581910
162866
306821
573888
817265
636275
87895
339585
968836
158826
529883
277376
520192
130808
51259
630857
575949
964415
419065
144321
281362
717433
662400
114703
96146
661044
866773
18087
40243
374830
729964
479285
369883
105737
421719
570530
531891
502954
555674
568389
982797
534836
937817
110057
919522
234461
557554
588855
603828
96553
597544
724544
339090
368907
409908
911913
264634
275797
852352
820
308888
692567
286318
436007
347565
914268
794130
536155
580555
168317
25281
66146
464765
5408
45953
562134
340867
33489
294047
933050
60858
148027
795424
197904
452826
660802
531983
105847
266714
787584
385909
261949
95726
868827
510247
221833
337392
767616
960761
958366
818269
601342
6417
777549
923638
159489
632662
610682
28166
847657
503622
965832
700868
650438
555303
120996
653710
794354
434773
225579
180565
467660
861818
905273
361560
868556
258844
485199
17865
314760
138961
299616
804875
173186
510733
637304
455005
805355
805916
688714
16912
671097
244651
786644
734068
538080
539264
420465
16529
90735
428682
782075
656337
851274
920210
566426
972475
38976
337425
698414
527706
83336
320860
518421
20668
99869
999099
249625
869526
467507
677271
499385
879365
881428
649809
747474
328623
535388
469871
755370
525320
216589
244081
751385
287025
556560
571074
866005
505530
330441
864650
665560
751240
277717
78432
286640
915538
13475
835805
385123
709061
835628
855180
572732
607944
698704
832957
706806
951769
706447
456760
21380
610710
983840
212303
582651
770712
867889
8589
181789
128954
530492
901898
183427
765175
2499
265312
670438
788209
880424
795320
546378
506830
979755
179325
175943
411325
724672
578355
111285
423127
849868
254432
647411
937312
727228
631720
243796
155052
949442
570103
390695
749598
507629
925207
433762
835788
744420
880481
990955
15359
884736
526928
350914
726
935747
659825
351693
616009
780920
292406
72065
742155
957607
938346
550443
444617
288821
766400
373785
971216
725142
319940
962535
169483
402865
175922
659369
126569
828751
443173
828530
692573
305534
653672
15551
525247
475208
206505
506243
611408
114763
959756
719824
209563
617269
643035
399135
88886
580254
931738
439868
319272
486914
647032
539857
673124
608985
370274
604236
21684
134101
464242
461360
592497
810488
280134
527350
840238
762063
79403
994781
834997
583886
623543
5397
257449
511049
554997
535620
322187
268301
376187
99506
392088
587545
650904
418648
427726
370556
189546
721152
578127
265356
945100
643928
469407
841600
101804
628505
236360
775339
612986
191119
768285
692374
255548
360836
638811
694648
451262
107981
854186
907348
700903
436464
48771
476335
25127
867952
477677
786093
645517
594295
659104
566792
489461
270816
262730
188011
86815
291614
462895
102257
661594
267212
103659
572789
699550
707985
744019
685397
656250
508079
536634
842376
944674
466985
179471
204889
663722
932111
453796
45440
291920
612967
130697
913435
409971
216762
130647
814670
79394
656056
30409
883060
318608
809864
725828
205184
455523
941936
793015
617781
897131
471006
112349
75198
886640
36497
152415
275691
215972
137319
393239
905800
762103
507459
288816
538844
865865
840090
317225
459771
492027
872987
270328
289672
324126
114553
544011
294731
504333
147542
252585
371691
191959
898125
570551
221320
497940
920988
117719
575287
11353
582701
888619
501083
669062
939839
349431
575708
257148
982517
947749
775495
50156
346043
253026
992578
844491
447249
491557
288170
587745
388918
514895
735371
538177
956209
915757
109947
931283
900670
909787
35795
932877
484756
569796
840843
831680
604047
103684
18417
937231
115967
592174
401030
494778
560524
593641
357749
874904
885252
23477
467121
979875
650243
833804
926634
117549
834750
863139
892843
306609
972908
159311
479123
915268
557265
725573
191597
830635
831848
701690
45615
600326
632940
789481
480780
402985
726531
920179
919222
915787
126024
166944
827379
164887
898611
555139
312283
464992
779367
627324
345388
67378
602840
134679
542345
685891
426328
643602
115030
955913
159036
633916
248360
765285
604015
307449
147565
450044
912467
876514
679832
984807
424079
586057
936966
6144
298169
539354
387698
441245
299745
670365
578385
551193
498808
792983
949324
483341
815452
959377
839512
934942
11969
775856
636531
737968
358781
396035
516412
789433
90608
787676
302063
222768
12237
814037
612861
436067
546314
976244
470980
882024
686368
830569
40176
131051
556287
429620
281709
18791
249426
919651
902984
503280
190826
81209
616225
186412
370377
743467
577935
841698
222094
729219
865424
416938
552824
270759
60139
22980
812120
810293
173605
822085
636375
90373
445852
152685
777569
250064
547138
513107
142701
40494
63738
435777
669419
952827
196360
259932
512521
974995
53240
266684
123169
389693
775567
667290
171330
676644
346149
607719
313177
41728
3879
108345
704571
176020
349608
795360
327250
893072
893983
296855
759395
712470
933505
707734
60920
229466
748028
255621
267310
272610
213837
828235
952605
304493
109118
806659
970975
153776
886144
719120
141823
252667
459488
973447
445312
247227
324073
343243
79815
777944
992471
682295
172262
265854
492915
730995
818373
850297
411280
861481
43887
635514
212128
893202
996727
850103
528499
578282
97029
239726
133134
288194
984512
394505
23908
932980
216025
549469
651956
929264
819378
181196
111422
234741
478826
270411
714787
720028
395463
4414
87384
496014
644094
745216
795142
339286
10209
609726
894082
599953
412837
6851
344612
944962
188687
833102
717318
904770
384187
992735
690075
75092
931529
973777
795945
963095
147301
40480
167908
551189
847728
703372
78505
609976
871696
824215
528851
646235
854481
81064
635646
52862
78454
257810
651606
64916
337249
655214
100442
808439
483354
725604
745715
187259
780031
505929
404267
327968
70600
309218
179596
431841
524854
675207
280150
666345
994264
844579
438428
363173
306362
657368
566459
58933
322730
146687
106488
627068
72424
330829
800181
132310
870761
832017
559952
947497
444808
799769
598360
103572
652042
977333
946029
833733
170700
132435
635507
598823
192011
17545
642738
726584
582544
466994
358542
430008
85302
39855
451358
141757
361817
891471
586282
431524
399389
245385
434118
142882
275608
856806
693701
253432
762653
710844
234076
334341
147110
57748
979029
334069
728477
247469
953836
203479
936199
35290
846090
523789
819342
704326
545051
939100
595625
758744
740878
695395
493482
916209
799721
841129
839652
756818
544582
914575
148406
449819
579949
853284
65464
200174
207311
439639
42754
834098
405277
217927
616596
739572
251715
471607
327717
219495
896261
76253
158731
408972
593524
776793
754883
746093
529612
5699
5086
322627
739501
559069
160009
896951
562996
84136
443895
621637
937334
221202
145325
622845
261785
671948
417193
249956
44622
94714
14640
798135
404334
474500
317619
688079
61680
76298
5533
709856
241669
521460
32892
608923
881169
780391
998025
400756
412805
870355
452117
986685
877533
592617
870034
501489
957747
231530
423228
436238
237951
512539
883298
781721
140780
322325
451349
27973
29655
902840
828076
227694
663846
627456
386352
22400
562115
675375
796907
171445
953076
489194
34760
369915
169881
133664
11431
632307
517057
988773
544000
587670
867112
668381
301809
61362
920209
159251
244517
796818
831100
474665
91683
725436
220677
178474
901808
749588
555737
851003
708002
603998
231637
36337
638659
355617
993853
698620
285534
743206
483541
241984
48425
517024
456352
416260
580558
607653
879282
643907
740632
99866
733492
662176
361527
59310
484916
444535
226032
168829
153894
994063
239715
835796
938172
980139
867706
622420
690461
81663
143276
637935
685572
200960
16107
781328
986424
943444
899632
556951
296036
650025
677600
517954
297234
920162
973339
481639
981448
157419
614882
217117
654527
778221
211106
829691
155260
234845
258017
787448
631822
167727
923716
536370
60323
424681
857082
564874
530374
434002
335049
275756
515321
915849
428915
525484
900266
831089
377156
503756
274582
676874
63995
806490
610295
588699
897235
338806
766315
337995
915245
284529
963619
336400
892635
928210
926660
955263
1803
482674
390429
68033
914958
46919
49222
54182
547076
297021
555537
903187
531686
397952
956656
756695
186288
417303
129123
133404
853353
331370
262235
761273
272208
469220
223920
671396
39141
642291
186876
864197
856017
660652
223122
293
741938
250316
750878
730309
912711
62554
410331
561356
378549
465832
403691
561304
519604
551735
66582
969781
832729
715514
754018
260139
774080
790579
416650
455793
888469
782138
977055
11200
409535
703580
861752
968835
628906
132640
228695
520682
133104
498533
571162
229342
589156
43815
399642
765839
515770
200672
557604
401769
416022
171275
220562
389604
167536
706115
765189
54587
941984
655115
344384
84532
626251
357991
479908
784926
219370
38951
915716
37593
382900
53123
28772
735567
5928
242338
625811
324993
443449
654453
636258
678012
348757
282560
642304
993386
135700
598073
567795
501252
747834
338889
274997
402981
324520
644591
583145
322170
752102
331460
601400
250966
625029
438041
490445
810210
807092
356796
404393
939825
168610
425114
129443
625586
426826
547390
239232
891903
151520
949239
151403
537042
467990
339608
330513
515671
969611
783769
759963
164892
793809
639259
363849
494372
143001
956489
377832
709723
947581
110298
372591
611557
5418
930738
573244
199440
606440
949736
143782
609063
644232
520099
443582
288872
657705
920093
53351
145293
505574
328970
260943
494086
34464
926097
964425
315336
551523
997689
986825
775999
258103
51807
345467
893343
706374
840355
566720
238424
309284
344227
308934
265192
769792
367263
675586
916298
123110
872572
13453
765644
550127
805732
853528
181694
566982
856394
28366
780934
667543
400203
9157
344977
787606
753392
756511
261732
39208
599184
435779
333265
370354
755283
524147
861572
141565
797841
736267
929789
795011
674008
721877
104344
530841
591308
21323
318664
262264
815785
687786
889314
630697
981861
765103
622613
451085
97456
123441
218808
274118
777949
498010
835708
566534
685338
993539
476416
164978
99675
558955
478084
811634
438806
956884
312565
766104
38311
471739
689702
210346
524243
559730
272992
145805
938473
634395
557456
240912
559300
608067
932254
453971
955374
539480
914207
918675
239391
407433
237984
201619
789283
642873
790499
617575
705049
702175
27238
585504
100567
340988
812638
93391
591147
768378
426307
393016
860093
714590
517061
841621
416144
281258
638812
542147
392039
23314
332541
90765
774980
478040
78312
468116
152011
771014
490206
239000
730694
883144
67568
231461
104898
354595
989875
173852
146582
171478
518992
896477
779587
808459
608184
259150
918775
253050
651060
837003
949996
830363
307674
529898
335790
99333
9371
699049
267193
215400
775034
575030
394368
133540
89431
316635
541450
168900
728233
279877
610807
598234
504971
322287
511713
122487
153645
468016
69534
605959
480427
165853
574817
346119
476090
605212
676096
454693
49023
479238
325520
236915
822074
349048
285996
589062
808671
742455
450901
569969
850757
438589
827379
971289
300919
71460
384250
65461
362025
425774
715752
258853
727045
25455
637866
112427
488418
134807
3422
683338
636694
52640
849651
941690
576162
141584
754861
417028
247692
428139
862917
500672
427850
826745
916205
309353
841818
285807
128817
52506
317551
687165
765881
986856
987717
436595
873707
178267
745237
329873
893805
527241
247908
604393
403272
497489
696759
534067
729256
634609
1889
664365
380544
330693
334972
951021
588362
613917
271670
779653
967532
278393
868483
385553
302838
502627
14384
65311
14216
178857
761176
126780
827153
569526
498543
52183
556210
353804
150331
785109
558977
81377
13027
728368
234089
405651
211424
374604
984622
185672
880400
286360
186382
430886
548265
715933
238275
660972
505162
901606
246757
15723
604781
518156
927917
871589
996985
859805
821653
593024
117749
781161
916827
33255
460566
90984
62691
100798
529337
248267
139260
308671
208620
147038
224571
20534
846118
981462
347715
659413
531415
943165
172839
781429
32090
141111
423974
816170
38856
876399
463893
350721
743398
290788
435546
683352
29118
499594
550932
310427
514699
682078
418520
880535
480333
281353
217879
519676
444989
978032
493787
911156
146459
436566
205296
317978
179619
962543
114591
767384
213149
616130
147349
981474
264724
656825
854691
166089
908318
456776
891231
154429
727642
437944
969895
828642
556345
665935
156101
699661
972466
942366
517742
495771
564889
319719
400549
987182
885642
705256
269181
453061
269183
596232
586939
130295
205506
341213
288474
448204
587068
803800
133992
669624
462059
266574
407693
537781
379122
94883
945451
293628
522826
419925
482593
602399
687062
25570
794794
74694
218069
789399
887971
647684
378609
729975
908906
680405
760244
195140
618018
730358
412890
503597
716370
456609
320833
212435
764141
161892
807549
415161
568684
726685
724744
212681
551832
132436
997974
68797
626212
922357
499783
210928
393462
93992
690934
65410
660166
90255
78766
712673
520927
297371
494717
110331
460547
605707
192160
46781
225836
751043
524893
495046
248300
786117
292720
664941
638005
974606
942109
542827
512053
694223
573284
673767
847322
306950
800467
677149
880947
959737
774645
107818
43510
879055
239976
536566
365086
414923
237965
603262
782893
327910
820312
765564
93007
842631
862534
963638
752287
628833
123631
719968
707970
387241
46449
855215
918193
936499
990412
551100
891349
181864
301132
146128
810315
845222
333217
310802
153223
870644
832458
823370
950868
393952
345456
945937
198201
560695
892175
5591
672952
600609
949839
823505
544240
861142
875697
892349
891298
659841
355684
876947
173904
225519
583608
446922
358081
976692
414442
747075
745058
18459
643613
639062
85255
286983
457194
342008
974990
996394
944910
148422
765796
856737
263490
223024
656801
825579
315816
387205
10703
632517
768289
431702
421000
3683
35899
121802
74301
135884
551816
121278
453971
580371
501258
597910
154279
419373
306506
812325
704306
831540
907015
881269
476296
338999
640396
736307
362491
650235
239899
312826
928796
821843
74245
985466
743713
421783
349467
105797
162082
448004
446783
210486
106942
364016
538899
874494
620635
949416
677011
372620
352266
511656
169407
189848
784392
990134
872112
132429
214624
713947
858636
241873
226798
579007
427413
602034
365632
897056
568347
602798
405845
865454
15314
355359
921799
532743
991358
377153
879620
366026
955211
402529
708728
323994
711225
579684
102087
1265
662964
479794
317238
609502
777025
672317
755049
511772
44181
608881
739719
205201
486016
125498
283449
759200
636166
369197
275666
85931
815182
888148
675401
408488
399412
7065
721697
157407
630969
408141
166377
55293
348634
211734
786975
789336
450430
28531
593392
46784
193160
880238
986651
748990
942477
584221
428211
442412
291615
68180
197635
232880
579336
233770
622732
932246
671187
980326
703977
973322
612291
423687
440404
693615
861799
298669
940929
165022
461701
308519
118760
906942
252916
305882
756192
88764
214342
552010
19111
622951
407905
419336
301694
525995
531503
487864
223153
142441
371179
923966
55796
573039
353692
417733
379113
678809
850143
294443
730239
114947
844828
955597
823668
696617
292123
638442
991802
927582
534063
513206
390072
886245
973712
571326
476583
822128
451015
270706
535709
257138
33666
516948
637671
592483
383815
796284
464782
95120
394245
685445
252476
413084
935302
761752
241913
852887
815873
977363
987470
874616
87693
935445
214602
590650
521839
921192
401442
3217
710100
434124
178611
538312
707226
809244
495716
629753
840648
231455
296359
895848
459615
113902
91550
115004
561352
93565
108826
900826
67116
533255
27646
761311
43683
612570
262338
662394
774468
867708
432852
492389
252571
521849
665304
203454
797944
379402
688144
345414
669028
69284
612183
606773
883183
805850
350856
332279
114725
666159
145084
878599
977887
708796
639535
23207
838197
929082
796356
64633
635281
927725
768607
209213
453790
968942
940656
286696
80480
287123
144080
48413
331102
980924
915587
90954
192058
4093
703261
964130
445985
992547
42370
99314
577565
361893
592006
732643
229831
526313
124147
871755
8666
342895
15592
91503
225124
141854
382366
380569
488022
471465
427334
189330
771578
337438
353998
404157
858627
409611
945027
801104
737472
577229
7185
180783
665387
385398
859685
827943
708958
628506
593139
697667
220517
500343
419923
187087
385198
699326
388039
229159
37405
591234
630616
19130
92156
795260
429853
678945
387920
889592
17501
200470
586311
687072
702732
862994
423629
985443
882738
797255
676477
450498
968809
245687
462324
974519
148357
279407
628482
81346
394766
234596
114874
598417
756456
24424
833577
605259
252436
779273
37539
997689
271119
519175
228600
251985
134488
479023
229638
243617
438991
591576
493544
265301
93817
81593
320524
932069
166560
50406
22307
482461
713303
462117
315249
819210
65052
593649
999556
165182
719638
205771
42817
277249
40573
20407
228378
604500
319384
926234
990299
992226
1058
672302
300708
487878
446086
142751
681969
379891
168650
908037
970389
469508
467720
329535
576326
833505
941526
427048
302801
779338
789703
484089
187118
507587
782411
799355
20334
636572
94897
643751
158993
293532
967437
26331
609908
935178
43317
921339
855463
37847
136293
154850
90333
985579
643970
409732
546556
829258
377276
79458
989397
178019
101132
771240
877357
537013
491101
51750
884602
860703
646343
573865
660521
879234
378614
511926
829404
553300
246441
867298
36721
87364
850966
435665
237501
63813
564075
532041
117145
689914
290864
541234
950674
662396
198921
330540
48324
255115
808343
296205
160833
371918
559613
293238
178410
95816
310911
623056
430752
484442
393159
981736
538453
733999
166594
591717
991932
829319
534631
251362
736479
171171
528408
141292
446158
590922
625313
904409
441397
570039
829085
422979
476103
295840
271991
415456
252055
424610
369806
453695
597765
953806
715954
244513
749397
456586
653579
597682
997275
407141
920922
263331
888978
196347
801622
553701
564941
589313
584184
243203
908293
877870
84435
958172
793872
72199
466650
777852
187187
409605
442758
858583
550222
979940
737359
3361
440246
455882
3223
101388
475360
438482
846310
670879
258168
822837
109136
871664
363537
807701
568051
760830
958391
347685
253981
343661
280545
609975
348874
965086
423363
127267
420682
519595
767807
35857
982401
811644
765819
240740
352585
948297
658190
502979
931698
294956
250387
810821
226281
908961
644064
195705
944246
150174
880145
953423
604063
46921
640253
55974
800554
453466
67595
743986
244352
339407
437853
402761
4781
358470
679529
511883
337028
308666
297449
829100
496736
575004
555561
830368
743557
314061
990654
210209
471012
707062
138773
870496
508285
784709
750889
689734
612639
706500
950414
386597
370379
838871
836011
56320
762935
134866
978693
117811
95918
338549
476981
747072
931924
742533
552252
787128
977351
395336
446189
926595
485346
228508
184520
717324
890203
896756
219303
464587
948684
407536
880786
780400
594831
685464
381677
729193
22402
290422
213073
791952
907882
410765
149943
880884
499763
68089
880592
819139
527445
177188
316467
360657
857235
841506
798830
481735
584733
964139
237757
838570
337302
480114
358041
618503
878192
872614
626343
22457
330098
225988
871441
60054
360987
814295
44338
795388
339489
734158
728683
863155
321234
716344
843603
899647
33884
635038
654859
488517
138088
544956
457647
87959
124640
990686
482664
149598
848081
481044
949406
562467
596652
827793
816907
217895
638118
646059
251659
704641
428630
319567
375742
141218
99989
843345
623875
46560
706274
932258
470075
722654
671038
550015
976070
677775
675528
422210
176938
434136