551418
618879
270880
890988
899497
37616
401391
659432
832647
881557
825470
641984
794777
611313
352447
699070
490603
329035
662485
637015
592812
949602
515654
558904
255989
169933
844495
445672
430570
210420
590482
356313
289465
45413
885675
707281
546176
732820
437280
582192
637963
162354
793398
632605
226874
55336
276576
106385
395713
411248
427859
886015
141194
538960
545717
761695
233205
198581
558195
581526
1343
144680
803826
970052
514432
671535
189917
616361
262350
81410
141661
587892
482624
876904
336039
555562
206541
265135
613870
200624
661010
596292
73082
954741
645490
588340
756113
188990
455959
937920
545361
155407
491479
345174
553951
322547
157491
112690
395130
731625
777209
435473
130857
35563
645705
811917
365075
424411
459956
660506
454253
719245
31104
960859
531405
538603
272904
214818
960350
489737
202816
158467
465260
166918
283223
53715
901919
449435
235829
788034
902469
313091
800676
611858
610632
676807
19595
114035
820542
278757
473428
874493
91743
986716
93807
279817
576530
176727
449584
72941
490464
773364
295764
128721
622986
850927
668129
224626
504437
957551
315499
452339
448387
556973
860722
697307
613886
317181
512937
849776
633198
384059
277906
374189
845002
241939
279364
354722
292299
309932
604814
855337
607707
505586
515446
994944
538989
237886
883546
544136
341478
515365
129656
753113
301112
844634
30153
225600
928592
443840
946312
545942
820326
649872
427600
474238
356401
370852
402339
271162
143997
414302
864903
618026
383188
208695
478154
12323
170137
639976
599655
484456
120373
292462
963201
496264
740328
709118
833740
926419
523201
306565
796939
739770
169385
491994
561715
739586
20249
877251
389871
621093
523884
945249
896445
770373
652558
904377
650997
754893
811540
903007
409578
748839
516454
835201
643753
936979
522263
712013
815903
231787
727701
317888
468823
25904
55100
167757
291104
552015
922245
840550
519884
137654
381979
324457
797397
602318
826190
328298
796123
144148
780704
198617
966281
300375
959357
603984
462549
131984
177032
5180
772389
321497
461201
906597
797455
243916
713571
653339
890041
392953
326329
595391
911072
909443
814736
868139
72116
829079
420567
501695
585823
423690
880579
33161
377254
330831
641407
685072
636264
382418
291393
868221
806020
573299
84344
886567
694424
515490
813345
26937
25508
93843
836281
816450
424716
360094
320717
12889
719612
254903
830701
591083
581286
501637
866943
829603
442215
264160
235183
811188
182407
803500
591044
930822
464671
904909
880014
435578
26581
487557
385403
361244
226179
286449
941194
4964
883702
905437
850647
711785
340370
454271
307412
896035
480339
755415
825496
660699
599534
667361
735057
523953
851990
435763
106454
789066
154266
135225
707927
949204
569707
876043
82806
89079
356220
49640
235694
733273
736066
408658
171633
128078
290971
892293
790096
386715
761547
106197
716820
555173
584865
745059
622378
612411
926712
450363
458362
404733
699417
590222
705752
308455
713086
797319
831955
394686
959601
396363
252972
291093
904915
149522
993057
753852
537145
905949
362598
722310
884721
621139
118453
86006
511074
774140
540156
340549
655185
961369
873973
414931
179072
891549
196820
473448
271281
883916
682713
110885
347592
251439
161861
122507
730062
271473
824873
571559
521938
346522
48217
917337
600362
385253
167552
884544
980503
540351
742350
172933
520966
866719
839180
61184
328051
440764
546255
719754
563176
540784
246347
674592
851108
171431
756607
762800
514262
677379
761102
607812
503368
82896
325934
423432
233753
450143
282425
985785
749347
264001
281569
34604
149627
361569
834305
159672
860758
471807
452622
939138
983752
698373
201516
941027
685416
38983
343389
918840
161168
337756
832212
399237
685185
878611
404008
793606
77987
470612
470180
648532
842601
978581
258811
3697
498579
414901
353048
690928
197261
995321
508116
197444
973941
640864
806337
703459
365242
15588
723299
532950
999648
113040
282686
465056
169951
966265
665739
892808
794347
869082
93124
908613
737487
12944
393374
989254
751347
467566
423191
463387
726012
115006
645221
971331
966866
200405
256462
555282
477501
436114
817365
670207
52648
570099
130066
142664
254280
995667
3419
174594
307158
851396
57758
156033
30136
828293
105745
358111
10942
93600
410496
749229
952583
850275
597189
929588
601348
190008
820310
777766
291860
27171
224504
323814
106895
600216
420242
11697
95455
712055
259036
405991
385864
401381
429814
994234
556295
893320
502421
96050
50520
817566
455192
92186
603282
396347
467001
7754
591662
653405
787615
897170
343397
550893
970575
298624
227127
711189
829635
33935
523975
40760
520467
523884
139811
479634
217168
574246
773282
110382
324656
918001
608423
993278
930019
120342
745602
145370
957316
60027
282805
804504
940395
522250
820371
707140
157663
888833
522116
88188
996329
896150
940070
869227
622531
488645
618510
331872
317167
727287
719852
149002
831845
749008
544268
289490
759780
465494
732729
439317
225258
190009
763900
816509
91967
818435
924098
977467
869867
953949
871579
230626
681735
585147
323423
719139
340017
654821
389995
66913
213593
474147
498953
297712
34360
383173
23086
204271
246113
269260
295708
887679
365487
789560
346984
333343
213790
942255
1238
407398
946614
174471
872160
4956
210274
518576
712406
632244
465439
688129
322783
213418
419792
12893
305693
354037
24558
480642
305774
186346
622940
632238
328847
482349
452696
674734
538524
314388
244814
563396
229939
3417
12487
451124
326070
691708
608766
71467
378286
495347
480659
581261
698765
513551
573337
952537
847372
418349
75466
997307
724211
915925
149850
362479
888183
760946
277800
962509
310909
52462
841489
732533
12989
329898
825503
320279
916098
383063
89247
593119
952589
448180
596880
117884
562393
891620
374967
57740
988602
693163
772240
246886
7967
545349
99679
470787
915894
283683
708964
430153
415726
74178
424748
934902
892120
655338
496388
29285
357863
505473
878665
303360
282134
377609
970267
402755
949864
979773
499184
304872
657675
898883
107524
813941
312022
615565
571438
128862
112369
675026
99150
360663
964308
180837
69539
6011
816488
749487
895481
177042
320201
176462
163071
228226
720877
429320
736887
487189
321886
335021
545350
285603
494371
982409
864299
903068
334461
997827
779212
308852
83277
913494
416620
190955
664531
437097
207674
651320
285137
746124
996035
465425
273742
555665
927750
916890
84022
540421
157864
897128
425502
409546
444094
569008
791718
474898
642504
415120
913143
962170
748158
238586
601580
768001
905601
64377
226766
202083
754996
893473
327287
205782
503268
532311
140311
160864
108066
328826
620693
669395
681970
420077
745037
401638
675292
411203
244600
240498
591391
99845
646953
336518
355653
381602
660916
416935
986258
963956
844329
722727
986454
487422
178720
158178
509912
870539
661902
341911
887768
583470
850758
183834
631131
963854
572503
719331
358096
345149
325180
818357
82735
865207
178106
295912
389474
611207
279196
554018
4689
555657