673123
382048
185682
920736
174547
309659
470177
163707
579524
609196
709150
792847
848866
101294
592186
551945
484901
406347
370187
580351
310991
538391
913249
381721
735890
70473
558071
22812
903056
308886
502597
23892
225530
65324
564147
583774
704089
768584
679975
997135
182443
982964
721087
495236
145637
335200
341211
997320
292504
867740
407313
616155
592814
456048
343172
447717
387219
327897
179727
645367
664624
944480
386714
377593
872978
420567
322703
697014
947241
637363
389543
903745
464813
985921
2526
761154
839067
576327
788037
616416
269533
402552
106102
713741
608328
259410
919649
762857
259327
867736
634757
878356
566645
594151
524347
782867
3215
887352
860204
219037
988647
59697
268451
722051
773869
331368
655677
274491
313832
765493
717053
605448
409882
884402
282492
570887
173186
444817
139901
205079
464763
774939
833375
523174
753794
10177
694443
342549
297941
614560
670478
586567
137142
547606
117472
310731
520975
255867
858082
653859
850031
879167
283655
889521
256114
261342
558761
883965
733951
684866
722396
187621
68587
996085
38432
185762
310972
640000
374320
623474
790344
5669
609719
856232
970811
105334
852258
742796
228086
653457
952528
224688
407829
977273
904999
332048
980041
16081
766912
391076
32164
958903
382722
462406
797300
444474
178252
878651
979334
703866
254796
789216
534988
787547
583917
375411
539161
412901
604973
830074
818248
649019
934604
661203
873853
520630
736864
131610
724547
209950
93958
158576
51157
65028
794547
575598
699192
768127
173288
978278
237701
994753
597892
856594
926213
304981
874867
181852
137204
876535
783812
785225
342888
450768
53913
821891
798603
216204
863991
370113
752260
950554
318461
9429
667317
255423
634098
913362
923101
784151
502071
148567
393053
913514
277019
261821
694295
724263
467981
965081
138546
673344
766828
665006
404090
994721
361979
36594
791845
164686
756400
101243
790064
926808
370731
293062
100456
998459
326084
236260
736005
674135
330045
5314
520049
873481
986775
99475
419302
142374
18688
43996
563892
760979
455529
852955
497314
286532
242998
423573
376300
437775
439183
106555
631403
302252
402516
797048
3219
315084
938541
287514
659030
198738
779583
975770
795173
358514
939002
285578
402582
507109
206159
4378
94113
332486
77247
937798
147204
280588
440335
756320
917575
539557
862872
388085
614298
257515
213050
869471
833242
660229
197360
86119
456754
255069
828287
251860
294366
866873
630345
229972
892427
893752
954558
32454
367770
719787
265522
49506
349380
325646
647625
425734
143192
362978
954574
583325
709983
923752
250019
362990
995168
960252
747859
581247
81407
551371
766723
971299
799744
541234
874056
563623
216425
239860
845394
646741
174150
291416
454661
107427
903430
565981
530216
821244
25283
285147
451446
214824
970911
318072
319698
207834
134601
129987
405208
155030
699295
879216
415247
8701
775470
102768
190714
760758
849748
305773
946445
675003
963463
766175
3261
140541
535534
523534
729456
389045
546733
19364
447636
476617
301950
251694
551884
708374
718266
262191
782724
872160
926840
699233
318501
961875
614348
85833
528612
946741
292017
642293
831797
342059
350657
586453
599198
807205
748768
151924
977190
109286
118393
540561
592748
77299
263904
854558
877779
213912
831511
362004
843611
94225
279660
291633
633611
780828
890048
762256
310346
502681
429154
816803
567502
792026
740185
511246
557100
183245
724672
6051
545933
68611
847052
87606
36481
430620
912810
843741
442541
251409