463880
589615
978095
61878
781029
228781
889091
831369
370721
312151
340801
123223
550075
302525
350344
227947
359763
174259
528883
496628
977646
484145
890800
253225
698582
280202
112367
15959
157534
382343
81399
799368
850628
651872
495698
737425
866735
173590
582185
426105
66455
623088
407082
247617
376131
811472
707173
971029
7854
333040
452214
179981
248387
889727
677533
451552
311752
664658
657642
511526
384919
151369
823379
633991
456134
868991
930536
89734
881064
520621
440285
424740
732269
585564
534022
213938
339684
40452
227362
870262
248097
468934
497102
876409
459002
907971
86619
456940
649003
574743
987769
342324
728473
859382
83538
27545
289588
188961
617459
777478
511733
171332
602917
104254
820423
874223
867226
733212
224130
111791
357507
60548
461970
609864
448062
412908
593270
889298
326125
757121
773668
218798
644642
804407
182795
979875
506422
419696
870064
66392
47865
224392
920186
800112
135171
958139
465801
461310
543081
647732
200640
32291
87884
501234
522147
879563
471435
68697
469852
274560
376984
944531
598744
201769
437096
543649
907022
89380
304196
8450
390432
881915
592637
425790
348698
906949
920892
804495
259223
763548
334903
699245
762626
448630
565952
849013
253114
298338
666232
560245
176655
473569
501088
801942
14569
527647
910672
816550
364361
831692
284544
594562
491879
46876
414467
191261
366521
829911
286548
255407
779413
677405
701897
394236
87533
448634
555876
516543
602234
492898
871497
718899
400692
868681
514505
947327
325949
73761
313116
686332
472413
733489
46446
933540
266984
364751
671120
499928
817020
786298
228431
871181
756263
120662
204770
224469
829413
19460
224252
560518
459334
828125
472002
668361
140526
70796
855063
223808
93367
180677
510034
765333
342641
867878
954833
918812
782217
594216
777255
612004
567367
135233
435953
839391
541809
946010
807814
304747
338829
708264
222796
271804
154052
702634
813287
629352
830562
849469
349645
746959
603770
713951
978037
121637
63335
434750
217710
207070
501933
367036
342732
456437
991933
87170
172989
789720
663447
230142
514937
333235
764490
685050
744408
13271
954519
11546
65981
387655
618996
831794
423024
246239
425324
274178
198986
986722
457251
738127
774857
125726
297207
595038
12868
611326
62019
151184
667896
551852
652157
712853
408512
197920
680319
557070
261731
923210
858275
125891
797575
774872
770183
359038
908292
416612
559024
846210
131732
209086
948170
145707
903462
22545
36045
9891
174481
174900
398204
480126
394278
114575
534727
284595
603934
160360
430737
840120
239090
702921
900876
620985
928074
328912
220671
530292
266125
146067
125225
694772
601303
221485
16576
798247
988169
544554
947730
479390
629305
196555
830925
953570
147850
44278
51930
369325
927127
816381
132195
312204
592329
302601
240373
488719
942152
934498
579777
18345
20110
335070
130685
503019
314647
845349
51688
268440
8053
195613
379242
5604
264000
998454
792857
289422
693930
39251
606104
257687
220336
634067
425626
122205
540268
822204
726788
729
34247
708804
996401
621617
470093
461115
352271
404667
244761
935832
439782
198544
318831
790558
613241
113992
524008
540842
997509
246167
112904
74204
836582
302787
690987
137888
721625
650113
785822
48984
182044
800748
313931
416167
339570
359393
236044
735197
235779
808121
26912
315002
983455
240356
53883
933281
176227
728158
465783
710619
687988
821073
814441
708
375465
648071
986959
931734
843717
122250
23333
537039
393825
418907
173142
931714