962080
657246
897379
709802
933134
679973
333065
952555
438557
475009
997095
391078
475346
845566
331648
211689
815946
45098
168488
329838
196631
497592
482265
609346
786538
465722
215495
126822
47009
883213
718959
526211
779367
357797
805360
689077
628969
172414
149404
658168
564382
964881
784118
994943
882720
650009
741021
526182
105691
63219
460892
740444
725600
750964
462241
932057
136553
310827
896150
558502
243314
692953
39056
176448
178767
914492
479096
752362
280636
710045
737030
105556
979110
743624
329333
734650
529247
141437
828907
302903
585488
269846
307967
613467
460365
879130
657996
992591
535451
961236
673297
616917
699811
928466
457464
470455
879732
10128
666263
297485
693179
85415
335714
129517
13462
523371
560790
707668
758764
984539
87995
396142
537719
553968
964194
988261
875897
21521
744395
143309
624073
602976
402814
60712
806358
904180
14388
397401
604768
470602
478005
364946
396504
835861
38077
404912
761221
585383
127672
834067
157784
585129
104296
375498
533465
190353
778481
547342
473292
945653
245728
467750
623219
15125
423919
752880
28011
340194
871190
834119
713229
312765
913347
201398
310410
572603
845249
791388
775529
390394
987214
982503
283042
981745
675316
433101
191296
12397
843576
304868
569814
501230
716384
250351
154941
305166
271087
911731
757566
378884
553558
577340
85099
42271
633610
73119
659632
559854
972538
928105
15167
438973
241609
346188
639028
987252
178212
540837
186060
834976
895478
545106
338930
324244
171506
696179
313827
894337
635963
611874
418094
851504
444663
625916
254787
201429
986827
329490
138882
543914
405094
78465
40852
381864
224929
68868
905531
580440
187963
857581
507674
127294
462855
10919
100352
791080
767662
900654
988291
752982
579273
535188
815485
794785
528328
713047
794913
167055
282154
716471
327882
832274
703567
224840
461520
380348
840036
120803
415174
547633
345529
386415
969909
935742
266456
342237
860077
222613
733506
69276
431865
885903
992742
971805
740982
217540
382194
88509
950099
198323
314287
940080
356409
622721
59779
413291
630620
716587
145496
424738
880957
374282
476017
881864
969183
56743
868526
764533
100420
338314
550442
987354
84485
67711
311006
71081
823723
117261
420875
550878
520756
734620
137873
479867
819331
582435
602383
348304
592399
653981
192494
231885
373792
386573
956845
7113
493348
459606
572219
27303
820061
960348
383288
739730
643783
828181
473527
342575
633281
746727
389133
729758
996873
943391
91926
652392
941648
677091
952528
237510
278193
547514
111747
747896
550044
143026
335907
741242
380480
959378
571011
592540
824079
967678
760941
680506
386373
687598
136507
407026
32199
130599
105035
618010
941810
517997
74240
924700
993527
249964
29525
886414
952717
204112
450419
8839
129072
76094
199734
36448
827666
139695
348120
73211
263991
500165
507040
652771
739140
642113
134801
997329
778535
832025
453119
353972
626080
725562
65807
477800
955346
351028
106509
43120
910351
492989
759035
7180
620764
383772
291663
725270
149796
525633
325912
921734
427795
412669
920632
458328
100533
899091
193832
209510
378394
969243
627559
253694
911147
704827
905223
20138
432731
316057
116103
993062
421433
206001
428396
67753
303081
171189
879995
677820
788351
6560
765320
368455
780004
979155
206834
577421
911850
862469
891504
3707
188473
482178
625327
93157
383206
14001
313110
851077
821594
595727
206084
403725
928543
167998
776488
473739
449589
842218
376164
209009
570192
508990
915258
610123
251690
846788
157497
138459
978530
368097
870119
955141
768598
649048
989359
640504
736979
428613
166527
174374
723174
834720
545044
419374
492800
597175
385404
342645
807007
741072
202900
735768
216346
919430
412031
248368
780518
240040
81872
137745
41437
169101
298287
255095
484261
852962
801718
438265
409500
989362
23383
661651
609075
200823
378058
5781
490141
715421
688253
752276
322739
43908
912391
684283
100803
257233
928755
978177
100790
414787
987272
909201
598158
671226
582843
961893
359163
598526
926760
835585
463907
299970
896851
265878
736305
964029
332344
544952
557619
608677
806073
116716
122415
900428
554450
647214
259295
97453
74768
526372
783480
362416
9737
844096
974283
918192
330759
501873
177750
778439
504295
270449
723227
75033
279785
284846
312314
325641
972929
679850
789686
337281
634749
812302
737431
825480
294675
790925
648092
243692
545041
840082
526276
763922
94699
360773
644698
827044
561061
420363
837754
190099
692752
801907
154170
937874
419131
674645
910037
497371
608317
409126
184485
296322
181926
53601
582489
340662
282618
512714
652791
650956
519599
525225
693617
194009
927644
124373
804876
673504
166740
382664
952728
302203
662344
892307
500914
468391
840344
613140
132929
30444
346143
431845
340139
825992
153920
19386
683133
865921
769945
348031
847100
598499
312929
534984
106734
575199
114779
516563
192161
827322
626668
425017
704593
271347
838234
439512
168897
500914
121798
313447
530004
394699
398847
742209
401038
71939
792636
228614
653290
861154
478602
127711
1631
112686
273396
108278
83686
881922
613691
355262
157063
737630
967509
455588
946168
208631
393692
59136
358603
672050
919203
87410
760878
807689
639334
474286
254131
95615
962480
166403
922809
217812
218981
385202
342691
639834
932660
958244
729404
94628
414017
864371
984542
168289
975639
5439
553716
696259
993269
616763
449356
218540
240019
659080
10804
313783
406637
996738
975214
234629
487272
160004
215001
900501
758078
13785
61064
969069
405085
710715
475724
403884
468104
893494
465300
683245
659054
229508
29480
554137
785952
10180
633102
25109
967871
728187
655714
113270
561584
257546
525216
713100
737163
504785
274174
838582
937664
173804
70808
405176
37156
592688
871432
664473
871674
387668
717069
381877
959288
157583
354220
856481
648334
201599
798205
922315
636957
783619
177255
141456
792460
378734
696494
502008
465549
840200
843179
67774
42445
449896
18040
191452
306894
370811
622297
99502
294492
107090
255900
884353
713323
195282
89758
198415
677774
499883
663231
234405
456471
166899
327831
897770
170669
501100
309116
429543
895979
775772
890940
121754
418225
258212
539722
182554
973265
539853
881117
254498
661021
596840
317452
566975
865510
875025
731512
212571
935566
92778
160740
577163
585011
385662
545640
524865
956404
878942
657155
541461
59079
767065
90004
673763
340076
503645
772459
767357
475603
761181
787752
201512
81096
406612
428283
47538
929474
857013
311036
335694
440097
829134
71074
905762
654995
677128
619716
137715
654305
224781
204974
711432
379457
241662
544069
428200
130494
487060
111278
41797
583014
551240
259165
993220
30581
560437
227135
920677
700035
180207
248560
825243
410017
251134
906146
812619
547074
821584
604962
402724
319129
304091
533519
501392
512623
975142
765530
262231
527571
62515
218425
231730
293798
220025
29464
367025
782037
276414
536228
743217
215122
763300
455530
25989
757397
876521
43230
75240
414548
205855
987197
366819
111406
780023
536604
271898
431899
717057
903018
617386
303152
44493
282149
365781
984858
59563
939935
699158
85385
936430
682544
269532
967680
155694
687144
886620
830899
730822
108749
454080
957778
136785
98188
536561
103113
308135
867204
542473
765337
66908
218935
141161
131005
865125
525493
198193
811117
782385
479089
208781
98569
305892
69122
936887
367594
538483
144894
726344
408937
129579
612063
740387
948601
404711
780695
207237
333328
881115
633740
601964
382629
600120
816997
578624
704980
481417
965084
381684
354930
210002
572692
412086
568221
3453
996339
600796
453594
975419
329104
251486
942841
710571
829262
54057
4745
96942
303505
41969
113903
423510
346372
368892
232025
244021
619770
914009
107177
532479
419920
890291
525501
211387
623813
826398
260326
220734
733209
520372
855175
913899
141468
822091
50020
716043
936950
391487
614242
661232
526474
900812
585121
636450
113286
501799
427243
903817
596212
762324
426108
746747
770160
692231
708292
891446
802855
924278
640883
692057
838663
593679
4511
935934
237591
968530
257129
524931
396038
423421
409841
219258
315566
919856
521365
92378
86983
759607
584387
338571
239209
10950
624862
599216
465913
672744
164444
29499
587601
337620
806574
914167
732843
843081
598362
759130
629528
158094
993233
435092
585531
542810
693424
130100
207890
840329
386779
579774
160567
611963
408859
287175
293118
711242
659268
218660
286029
806948
680183
767751
553248
311760
665422
615961
518389
150598
309999
487662
538319
811602
832966
695526
686319
162655
210419
803711
326741
587696
640933
697882
914038
99594
532272
844331
731301
220131
846061
544862
346883
582694
466243
549776
412449
409569
367459
478213
51732
243252
751109
113252
496534
570000
989702
788606
814963
263864
174215
764401
546640
100762
294489
701438
810578
944658
599366
86526
983668
591727
481041
735840
361170
673410
307272
308985
305350
465562
985392
103300
264377
928425
683712
266145
700810
810961
58715
962303
407487
193102
540574
964306
908369
410775
714861
595395
642839
911096
604922
948007
414216
218920
707247
825075
146690
860961
961250
907111
339631
789994
445261
234932
734197
579204
482079
216085
614387
415491
10343
12412
853165
710644
532049
346871
284014
970525
681883
479648
229235
414982
480676
346759
48566
724979
633108
628735
385140
208491
808904
822680
380544
622966
707108
227875
506718
869737
844638
123294
819650
784524
433154
314781
378312
288221
412394
660322
292004
233447
693471
143766
360229
384875
932231
560484
551501
105157
700620
902903
630898
483286
753119
89487
90952
838523
195639
767678
166412
760584
755896
539445
120668
105531
27107
107534
180072
656881
510978
521146
462146
482722
521287
911712
994623
372173
525973
852572
454510
118291
303501
750802
569821
829614
368354
485079
221369
898757
480888
840403
157984
734067
698348
158641
895733
869116
346720
23301
810205
604830
497204
727565
650668
910380
16404
736575
705848
911461
25986
348082
633323
928403
655357
280024
528022
691587
300056
969224
149997
57909
208884
952346
357662
279623
114393
818392
699898
635620
794232
871444
808880
25293
904917
823015
705259
946398
164970
545292
378250
130864
980964
159717
35452
996303
907850
509756
230672
986002
914075
372392
672767
816471
282309
599768
894484
629154
118249
750587
117517
51722
862766
670279
588463
214359
906822
909618
380103
837806
393870
833380
153382
612401
561124
763802
657726
221190
518857
528005
810779
525204
196073
334230
43379
625285
291169
988621
221590
742381
457863
82479
864783
117040
629496
929311
567303
418836
338896
711665
500921
477786
126395
509657
626291
502331
645124
626257
773837
332251
870637
898826
67980
689927
900946
492040
263338
839647
193452
4272
437507
542193
726832
587653
142269
700734
498807
181452
553525
634100
974806
889088
380013
484774
587898
990970
291811
871511
156975
78577
411874
530269
137995
319547
977335
352153
952233
919253
621994
923409
245797
431232
857444
399999
826308
687006
237465
308107
195463
765254
378816
651950
50315
600937
481292
531560
861468
546926
240845
325743
652955
443808
81864
379218
406445
527998
448108
47960
91529
813908
486583
903078
184155
422881
834576
871082
676922
699727
377318
97205
7768
857131
782218
358457
37705
318859
335324
924394
193586
894611
106662
866126
158521
412523
753308
947867
40372
459736
332562
400375
777902
437128
342265
71919
654454
221197
831334
679947
180689
344267
830771
145421
280734
753588
543911
281816
670185
890571
704372
432084
549792
43324
261179
999411
255227
668797
82726
201382
301204
655271
684744
792222
337309
301594
82161
944057
893263
126479
740696
955677
432930
489321
261303
966095
159241
403448
869008
390196
216309
853340
997428
365096
420350
389299
261256
98348
417636
766187
891190
642928
215564
917293
269280
288981
362002
610028
547395
458578
658456
717077
457474
717278
184178
154801
329467
275116
581201
190076
21341
139597
4386
997457
935256
904662
875910
60431
544981
12040
600234
253705
891866
205268
693446
217901
320156
811633
359952
943661
317133
433630
409877
319117
699605
609039
552099
762814
545427
7523
520726
963608
207251
771695
196898
179717
465432
681872
873175
511007
377960
926295
74345
51799
667555
392368
896371
855826
549513
559513
654255
200716
748618
270527
740001
726225
79438
885875
983403
638639
371501
584108
481289
323178
709376
861697
814912
386889
927381
606787
810561
366429
49609
473978
515043
78323
898228
670997
855553
863658
406434
683162
532552
784883
267216
907848
54604
169260
425025
648684
465759
761704
574699
428017
238889
149142
270442
116193
12494
49200
467414
947529
333865
517941
319437
95358
338068
124520
838565
112326
340068
665075
585735
207180
646438
43793
906448
25537
503419
536034
351409
329699
989707
766561
829260
731350
835214
385305
727049
421004
601123
603808
703773
659392
391928
467355
113342
648465
286740
980996
45500
283535
975008
982069
786749
203077
660881
957498
98033
499011
160808
841043
81911
427835
260573
193861
569194
471763
820806
71149
893464
139040
824107
308278
641666
963939
542295
921782
469895
269441
268872
813695
355753
389411
609656
992170
722122
212122
153631
76947
711926
103253
456420
945189
519425
494045
660387
991337
90817
679074
748227
624061
695406
658145
380995
304060
838305
178103
506886
638351
736631
482887
443685
789878
113373
663948
935643
735674
376597
918197
764639
712459
346360
466923
855858
525514
567700
366670
459789
264773
905294
951857
915219
371555
553840
188951
701991
929963
817949
793290
977655
518942
16337
562219
558722
954100
647276
11952
355112
772871
515804
70649
595467
372206
867877
276449
791345
294917
702634
656787
279952
278985
341178
224050
357870
333501
18759
812732
472370
285638
736940
804482
672256
954910
863343
140019
536760
354181
998783
900643
98889
91271
445050
657139
858704
450682
201378
730140
842382
471890
793561
483570
804490
708797
396946
781553
93779
254354
652982
779250
406889
45045
298741
289334
639706
421811
229811
68385
312728
417192
899163
501252
594637
262828