243975
845781
545810
786505
873613
850519
73877
171398
39239
331558
253712
331023
457335
407364
626311
283141
710594
692985
529720
937703
414447
455025
319605
751620
361358
272884
350547
352506
826997
184381
857019
12457
413414
307770
385373
194170
899596
741663
355781
56198
935652
676903
741574
331300
30713
998121
980818
492050
664903
145107
455339
874622
134145
612933
472372
998130
39534
308492
530465
982043
880686
351865
387406
619124
690779
906974
457451
97940
954571
949092
473684
781648
413169
560524
641022
829006
710115
799680
205133
997607
145014
915029
242243
226424
390533
288800
977876
407174
338961
770354
145621
47947
692994
161905
672402
654817
62348
995860
286334
167626
344749
430970
139397
290394
492050
41064
111678
26369
60697
391133
597436
150777
256946
562836
190724
219144
569822
305366
568472
190194
104026
709305
219634
256063
11413
188344
344973
197476
766236
533808
29596
214865
689942
781301
870686
256406
565547
512079
47945
290547
201473
862996
815907
514682
672158
667107
44080
464291
500721
791226
937094
264748
987756
688949
307836
25003
683530
638308
796481
10354
444462
540295
562696
756317
324332
278505
404449
140794
452256
297494
926755
903958
471484
473849
917574
655968
690784
463255
286669
569724
845986
702434
125088
423
473005
851131
456056
310850
560965
668615
629939
821245
36456
161069
269319
980321
630608
90025
683987
419577
337942
233552
312849
428062
621424
901920
792232
507422
629787
809155
411038
123017
971220
952801
766379
327767
654015
322462
785960
654585
832363
4535
732070
527547
515565
96052
861020
760722
460649
505611
122552
169288
381359
757073
377878
807937
756161
473693
824462
141800
598003
540027
856360
462075
130859
894730
453035
886641
389384
449011
383379
4740
76319
151750
222368
585310
883361
156594
131531
525092
907800
261217
859220
955353
398864
300334
724214
541233
351762
922052
918012
633267
759628
150612
817837
367305
516940
794290
218787
504871
731755
306637
943994
958998
194310
230793
955555
102108
294376
700795
125912
817290
198404
506048
840106
627362
409245
159546
124470
71586
572488
670505
42614
297329
337417
382945
407283
24677
657755
238573
300568
683631
827020
425025
140259
68452
547204
19156
319284
15784
700262
165474
760712
67257
418574
245756
342847
737237
290043
349834
565721
344521
629574
97887
783423
116504
137040
141431
488446
393988
711995
602704
763278
27580
861327
532641
680272
626209
906364
99515
781463
813494
460863
443515
858974
506085
876573
526889
489943
576872
97868
286641
274851
973338
439985
943612
125469
28123
843844
346217
27024
946137
531024
318317
271753
649026
706519
835524
284104
649475
288211
150226
602000
114619
442006
423259
636254
517249
784083
32091
943734
609742
278197
35396
466840
149257
777901
562578
175314
299758
840777
532108
17327
642073
198400
783449
791373
353333
31626
382395
672204
698812
956204
440045
228770
81385
760081
824213
183244
518658
154836
351142
270111
750907
761179
740438
655933
128841
307933
353334
634083
832197
798723
418483
956318
927928
853868
492135
501277
59977
465611
447261
53026
374528
789932
850656
54227
693366
915220
776574
170477
117339
342277
891678
483864
426532
626784
818427
689749
949327
594725
617660
724051
66388
657174
290162
377953
906410
863803
936237
407294
808626
36862
932923
139085
297412
952438
652478
660005
594965
473153
82601
327620
23874
925385
687767
197347
416379
172330
265608
150052
786639
961578
495288
317544
301583
155302
767518
483965
40738