535331
53932
266119
89934
628148
382114
158510
382653
41775
674156
236754
52457
551322
759625
76056
369258
734899
425346
70046
134298
398705
313607
959299
303811
665763
744488
968607
428714
46261
550381
976147
709746
50386
551762
580540
331631
60643
263074
425537
16136
437748
410286
317388
236232
108152
399466
353814
988609
391331
499365
361754
746461
843893
607972
748843
579586
432983
338906
703329
130401
818013
686533
723375
965468
844460
792039
752272
184594
947893
531039
822496
257992
159583
414564
153543
292597
86531
416159
389520
289834
913745
636194
475096
211484
515920
163592
323553
875535
872514
379369
375494
740001
971621
757562
382985
921073
916054
546560
574472
570922
906257
640367
936591
874288
232915
722019
100358
989413
625888
184698
841035
909208
751009
354700
100059
385546
281765
725000
932137
317471
333512
365676
989329
503006
886961
562528
415846
213221
657844
132784
685159
71468
697753
234852
889425
921331
516980
315774
764302
254539
348083
977936
66699
242174
115958
370679
148647
24925
393048
888120
969287
265636
971853
201333
212294
69451
467556
402891
495498
668460
276459
98955
623602
304139
493425
354452
464875
621959
667110
128714
205218
590236
655967
762869
388755
129619
790518
717560
18688
655175
861519
95851
65278
128084
122933
850264
34985
458589
281890
690895
467384
920570
130973
153894
704299
846781
632894
298897
46817
71263
418701
532506
38598
438348
120201
347453
765609
1800
47492
695266
676971
921212
390955
579703
921747
201441
612132
998953
300287
583624
245648
812096
718646
454595
509936
697749
744728
387956
876643
439088
435574
644400
777869
186626
212606
885262
23188
619771
98383
614226
620164
709193
917995
36209
770834
636463
413450
724929
679358
622461
680075
601599
782929
402098
824198
401148
908870
662826
839612
487716
278405
38213
474224
168428
213450
211223
750735
670488
925861
621381
946314
561318
304922
224770
958405
776794
989928
850918
854439
994471
841255
104936
553874
52279
528394
910136
250540
208343
648197
857276
694620
566274
942728
635108
37265
828937
526760
301740
652860
84059
907935
163950
392798
734839
546282
742945
690683
413547
713552
169970
464814
657351
302083
296701
916822
527843
279455
511464
884910
31306
155151
135196
170107
469954
206415
953697
378206
389753
304460
101973
245577
265678
929127
312777
352974
436216
203992
342200
272531
285911
931695
439141
649058
99669
851318
642192
607837
262393
783731
306580
458639
130120
389898
651360
966045
781400
639742
276560
741403
114738
630936
518887
756346
680099
183968
479019
933856
622943
302536
790558
859152
894163
36201
241428
344136
530694
826276
760822
116138
801323
678443
483729
926674
789125
66456
876955
255366
739767
733178
409988
398219
486311
834737
910325
722452
157774
257455
829737
366806
841568
413662
707748
736631
472274
585184
198547
760932
61900
496050
902466
609857
525101
683306
121076
224956
924533
985119
667234
236475
872468
593191
145875
12851
109708
880059
567316
172826
628101
143479
692181
894452
523693
152126
231968
467402
692297
431099
705334
130042
162781
92226
666568
157479
252916
10772
50255
918544
147981
643329
188296
437951
171490
3432
667920
301656
479382
955802
134679
710097
770746
645853
472132
262656
674236
559180
318565
83983
267884
666844
446673
389965
366060
646457
883293
655007
282484
513423
294199
227604
452991
990756
314018
73238
144790
560418
167246
87547
931127
193331
842579
816443
523106
609413
468362
683261
569855
860909
994248
229386
238383
255655
380280
428707
578605
187387
241940
364205
313505
146812
148096
107658
455489
397419
365763
565764
281444
429304
722466
164259
325541
385576
160027
59678
858672
501010
717499
852846
398700
16195
275932
313085
250181
28097
149183
136958
543636
999149
793986
254678
3502
456897
769214
962423
191814
380473
453055
640398
842816
886735
454561
522962
564371
129182
742979
425021
552345
918696
153259
991320
812214
57779
528758
195438
773347
42702
345594
563746
392278
788273
974458
891613
440016
62786
828100
574431
19842
413236
993515
101687
845469
451082
560669
905102
805493
771770
837088
743325
667600
319980
410541
936511
385553
321057
972393
305888
511740
568433
139068
949077
346405
657453
530640
127366
467194
164067
930280
700934
77609
590975
964570
662083
977647
701646
844715
684889
478079
265886
425989
630529
932491
776386
976599
709542
153585
465970
208265
289624
232069
45262
337819
342681
59895
660675
132633
887765
223073
912646
354045
175023
746928
829886
236321
38711
485484
299710
355871
627063
963685
507952
383303
39917
33724
463437
790844
201618
957387
288520
247915
186137
171954
699275
945129
1651
594815
779672
276776
278607
400441
874578
107798
900960
805321
406485
185235
871190
476422
84095
556556
490670
659291
420370
853817
260197
603351
529778
420655
266184
768209
456200
144034
554471
30454
37769
854587
955943
3313
612561
772818
656055
685685
938153
885257
740251
517546
95592
421700
235044
512498
983029
918408
409984
738966
2282
638383
624493
770706
348884
489605
448841
501817
516695
737091
646726
890438
580654
752998
385465
577153
352977
236522
148049
502987
213871
758440
324644
899078
132378
700297
230885
817059
484163
564134
670514
68553
770650
324350
697866
341535
698967
296147
253468
228534
117911
259361
495546
272470
504542
678460
99629
670243
415995
518853
590562
936492
347977
866632
276225
984593
223953
42037
685534
673230
790093
566265
392968
629672
588232
288889
12223
509682
31137
717419
268100
324604
344686
283472
115272
702297
359612
106258
312134
705164
34421
140598
431212
859727
991387
712317
256308
686655
868656
490269
92434
435815
179192
546519
834310
384167
365526
225845
861521
810432
25491
721762
572292
601023
5182
881189
133427
762692
346349
853436
34569
301743
403745
245329
531381
341094
485960
969435
3203
273860
339355
111252
500485
316705
51944
481106
858415
164218
600554
316549
291523
926525
555604
100940
455201
890036
615725
159412
856000
789707
115988
478477
928762
40575
281125
8747
902977
740261
353332
94838
296879
759317
876342
530286
707580
103857
19072
388416
893001
166421
956135
375101
404569
899357
842822
523645
800671
961933
917085
555471
508337
955169
679894
434267
999964
799538
649380
115415
474514
982530
935684
674082
716287
555748
609637
876032
435258
399051
355044
222643
88854
726253
60528
931954
440663
676499
280589
612489
430209
546688
892980
25996
295372
59003
293591
781561
846901
823355
867713
561065
79278
203951
806364
282995
388982
557287
76429
162270
677251
592994
460666
2624
932635
892725
796523
513975
337089
966292
736014
924035
14861
653184
999892
864255
55701
707789
351610
172090
465223
300751
371106
136758
185369
443617
946911
952764
598807
906129
82384
12442
709019
391915
109283
310139
611035
250720
428347
411873
319068
977811
70508
534081
461317
476929
382755
509179
414862
137738
485923
745012
764439
223712
307370
238610
233365
190347
563122
183507
353191
636822
190803
436106
656711
728666
702085
990712
828507
412708