611929
494610
820801
496802
132782
7186
799036
415996
504666
517048
804863
697674
598637
931770
665863
528083
315513
745979
356085
711262
62229
17050
577750
452765
8125
46708
932382
518390
338711
295741
990388
890222
720976
778870
208167
491316
876261
289867
363006
703560
336190
491789
157548
170246
860468
969159
197794
361683
837619
223103
616959
419619
99323
694987
764067
174180
529536
530124
476321
181066
485234
626444
655698
639992
415447
822576
291398
880264
260243
668890
215062
692727
382218
68637
309845
189424
847516
253661
733221
971571
800399
801091
542693
419874
441099
158939
216520
204328
253694
425930
865217
196038
689568
871855
851802
168828
140816
550356
759141
243280
223453
976081
734537
36029
340130
858493
623358
263995
173833
329746
362579
937895
921072
546204
524204
109968
686952
642398
793354
457437
136473
833986
847747
921950
993028
625210
329104
477741
741537
8375
386949
677185
299367
50053
324635
184527
869098
391361
722089
329948
592030
504056
590258
560868
167673
141022
132119
108384
578551
857448
149165
573880
633975
471494
112233
589381
392323
119104
603832
405697
720557
243820
464300
440398
466964
550153
445136
445663
107910
881660
295324
260167
9599
174500
572996
652444
835088
952540
727978
818888
452379
768844
607989
344556
480059
682860
654969
979568
97088
276311
967125
749099
116375
542664
574492
33516
222281
737139
924843
49571
467802
627202
172506
987567
226897
427242
589838
997381
429656
747690
299242
589753
267641
747872
866917
465581
93448
921416
997111
522067
20256
193745
269549
758048
896069
381982
338460
359759
998121
922774
426418
769422
154698
136488
993703
270921
262520
421406
452755
643730
587828
445277
710874
536362
336884
756599
526786
365103
839876
248621
613349
651297
21062
23428
360578
365650
285978
675138
576877
674410
641048
337093
27431
648340
802938
373313
504904
139529
465751
107092
83416
797303
221642
580744
598974
474637
50225
460964
322576
393126
218130
468655
176457
902159
126167
672130
401624
506679
167418
633417
534293
261298
720188
344470
502862
731306
354766
311457
932544
111394
700051
18528
645090
643688
698237
774655
779098
321623
236884
792509
697235
952646
803029
280483
366438
329937
856247
545184
605109
201985
991817
502278
259927
316507
56822
462875
625709
452674
731179
443165
48275
795913
215503
629462
873395
355993
762545
946711
263923
770427
749248
569748
591566
91908
530547
352732
240832
251034
916233
978163
108699
470630
728170
946765
279415
10072
20397
731945
365254
61393
3251
179464
796614
15346
272176
169225
282319
382975
559434
984419
795596
915951
906265
855614
93894
619730
739855
259438
973404
177183
219953
810829
563023
753049
682755
246131
874170
434782
496259
400597
521695
21964
452939
302391
63772
794448
805273
1039
216252
824780
268204
706360
20137
638628
355589
538063
240384
485734
688333
626030
219389
168596
663957
99907
469013
678287
612791
686668
69923
20385
587100
963441
545850
132966
716119
694589
140185
639960
873903
493690
326332
448822
352891
247401
496655
389905
245989
679451
838653
749043
307152
70767
881831
798828
137622
523177
745073
47930
483434
632938
298294
965716
567901
967698
187675
104979
749692
604463
160705
498942
667990
939104
180244
498928
104795
320266
675649
768424
236767
409206
696772
459053
168190
36294
955423
87644
544090
340626
880358
40207
133184
26148
251191
103532
639977
848780
551880
790663
331868
737760
787545
876149
331505
995987
459848
595566
604592
251888
450499
530654
980951
232436
522711
477512
83962
318534
738727
110999
795845
563284
30457
918211
98973
397387
989995
266908
291365
758386
531395
874231
386525
917412
34404
466738
278436
81256
775899
756388
9374
928815
678041
875878
249264
398185
810940
179961
140904
67460
287430
448211
402874
809922
117422
409225
218853
791669
534997
153754
456309
166554
197009
245781
520609
504400
522662
725992
357780
967411
554259
213511
841033
746329
17608
132917
207759
36457
752309
680242
947436
288979
39741
338945
682654
658863
290441
751701
74236
337654
938553
78424
895548
325399
983094
351383
156686
419575
656739
274508
60324
615112
539186
416521
17813
106884
444819
270271
205399
452999
582022
32489
897130
47623
748241
259160
817428
334833
488974
347931
595271
597344
773084
803210
892062
506812
960310
678960
427590
410157
133408
822162
410938
309819
819069
897632
952614
667524
214654
258935
813421
290969
179829
210897
417734
72245
165639
657802
180481
439962
333824
535311
505768
175946
971969
773285
487744
199967
871700
285331
378799
433543
788512
927534
98871
615392
51000
806207
845408
587564
597389
742290
276532
105073
461124
197790
13284
997104
971555
530700
26056
307263
669732
996006
447620
497221
765164
333405
133638
435602
543189
360951
89515
318489
908455
79891
777217
533643
142374
756378
42407
492560
383941
689476
281297
482468
922168
12996
193960
653132
871463
802385
415566
45428
305086
801554
977471
871719
353249
995238
495571
749994
868157
901197
846752
896437
330042
9078
855100
964495
680397
376741
622048
438533
680425
257728
652712
641542
205141
459063
551862
380126
100185
512399
892983
755149
533970
612233
759229
828612
774309
39283
993484
112187
519248
480778
205424
639154
456028
958218
269707
404802
302255
656789
47725
559774
701053
507388
335259
315820
686495
200236
855346
421818
515772
613303
560038
855006
855331
445950
530723
642287
378427
232825
110612
556313
168850
3875
36033
602977
124433
798788
71187
496822
296849
544476
530995
396784
72262
103849
753105
344680
52441
877398
387393
792818
516180
900224
449663
997115
343671
118245
298899
89852
76775
431531
370959
260824
567622
590091
942006
363032
909918
272024
536439
749952
663542
307824
396118
678862
233287
225022
36524
483790
995848
458664
139013
908317
258918
806812
521255
772216
314960
898994
407282
534208
747374
682622
53923
430924
33585
985206
246386
901227
631749
229306
161180
595765
402468
565892
285883
852236
413380
906669
111120
373300
318512
887576
730339
940364
958197
398144
666754
455465
709490
513178
701157
623566
251923
342502
322482
980745
413719
624088
864539
837036
6412
325917
984677
230759
196445
730956
303364
193663
123714
142314
136930
340205
154837
738010
317567
67733
648581
779103
887603
345441
122787
234447
663118
316538
838234
565143
212448
51427
808956
152997
131732
710194
375991
132022
505335
628907
4326
571004
962263
506042
807683
970090
293958
227661
731707
264800
678526
34124
477082
601582
286302
987254
102501
577479
97299
138137
441159
386692
264210
459757
869795
87697
33089
573454
548488
984440
863541
472725
333379
118024
171286
915858
391437
281441
433951
542119
86245
461087
284098
854659
978105
667041
908712
694522
707838
599477
751254
663230
434527
729890
597291
819197
273553
996369
35590
539158
877445
549976
33604
254136
488503
245668
347239
932506
541860
551363
111314
889041
385176
962316
482864
576017
844133
333547
270133
86274
622384
480333
100988
198206
379685
324836
849424
107813
452106
883735
191623
832094
257265
449674
897415
130346
180359
76357
758380
347814
922890
904963
931202
883037
653016
538714
704301
603079
162914
345217
764840
406371
209343
999363
910122
337260
159645
229439
820068
588474
305042
838361
295527
665336
939601
209089
745443
145726
815992
123166
931083
593675
512133
974742
760404
542816
265385
819965
873307
497467
764853
753559
406566
857839
87473
872459
115715
520669
495371
233511
331276
463377
163309
175498
507916
622395
396263
622322
208508
176007
795531
679395
188646
874460
464856
257712
837163
644206
687630
255529
777888
957057
357025
293921
707154
719739
67656
534874
906474
147555
978484
215375
825708
913532
967198
744990
353113
895032
774265
540177
100533
74971
40455
459272
933283
208494
620040
616068
227436
492571
462220
143634
550046
169260
963626
951954
16977
478939
675593
719011
578565
625237
584219
611052
731047
552464
949546
54858
700722
27397
979147
170193
626674
223308
527919
486337
929444
309716
906647
310407
49274
267771
55912
543084
197947
476112
22228
821662
552582
195362
35128
961497
198262
874948
439173
188786
496161
3233
565973
919680
767483
32182
481247
506471
182297
279984
860422
814722
264911
894754
522763
758252
239866
592290
955683
155628
800345
798657
753764
349691
337046
463910
821337
519730
460451
970375
716468
387093
942720
602243
93859
81270
907032
980382
103099
82055
837451
655897
37777
367296
542151
764781
982248
276073
927183
900836
493636
607492
170526
824085
351837
674971
696740
126202
25199
86881
935727
3631
334766
670728
739493
128265
347543
1310
67118
414033
46114
720292
444910
386268
329812
155758
616624
829128
319792
932144
958750
418645
535117
315946
149804
664733
798595
1778
899733
866417
951551
981787
349822
829330
170230
221247
192118
625545
29559
691694
518367
847011
898392
576051
15462
627213
24338
715711
434541
969096
327017
579125
453259
392200
863107
9745
501353
599983
81691
519094
768845
400353
832397
653650
415155
839875
203153
770007
415637
845253
586009
603344
88810
979938
143208
134998
551040
119249
760169
679204
712704
430614
415725
574712
477715
909482
579885
819128
322718
456039
287961
789167
286940
222557
47164
178356
651543
530370
189069
334251
425347
24517
30484
920677
943799
603587
264566
714275
447497
791763
113440
836920
396804
954364
146316
780364
480136
764294
486131
553468
301375
172077
773263
870111
300279
690546
478667
305444
985313
861389
430730
520919
481381
868541
783377
13122
544160
91583
428178
198704
60219
615581
928854
620557
558377
121309
316806
323881
86397
852059
944789
600859
97509
281521
859853
118274
751175
30162
725557
497447
196854
945718
469725
54270
822993
89199
650182
974348
862072
773275
451632
176226
809004
849522
186880
296327
329538
21567
601294
683252
563652
565932
254025
977656
897060
327862
382279
584956
525790
865407
77677
294625
262889
258
528632
633605
966873
559009
61861
428837
306516
869274
779779
961564
214574
794200
764499
433610
996324
156774
395801
309328
386354
19838
384066
574327
899025
598015
720625
638960
622865
390590
347240
527478
187790
904371
224719
521103
986258
17236
985124
594034
211911
160512
974208
29507
12951
252881
79298
943546
724706
48276
781018
299105
279259
209429
672244
928252
983232
905875
909950
379458
153332
889298
546392
640010
481018
525840
662999
63041
462416
637519
997750
199256
764198
27409
718042
391866
250297
609442
624961
671483
319569
938319
341190
258828
418195
840052
266579
691498
653763
322547
848547
994264
609562
839489
235890
659777
120192
814490
994692
748479
464807
551637
859471
421433
269699
535570
725063
372518
871145
396047
597828
180081
569155
973210
770257
837109
817838
530849
739603
19047
777840
824037
987092
354387
113369
895565
926955
556543
970549
477655
928202
488748
203627
169385
829668
193978
541301
146310
549689
940587
934268
641436
29311
86272
433167
61241
915886
669887
393600
685854
967080
750102
763867
696300
18500
455897
482692
489275
186934
764072
206380
456010
352668
924972
161967
101776
251687
114240
914829
990065
817636
696428
158404
610828
845862
719692
456582
630833
610770
642575
341340
322992
13447
346331
822359
112460
728552
483598
793390
144079
863559
992416
705209
464887
201455
498532
834953
684110
47502
11501
611682
379095
873789
546573
193750
228324
16558
622393
739711
128837
392753
178504
93080
922907
994723
270362
247800
951050
232755
499990
792429
88204
365842
850507
993009
885027
559031
196728
628363
749543
478988
891559
19077
366717
301688
162291
321413
668904
177290
49899
650315
484473
528574
99279
106886
850146
333680
670263
299731
498985
406682
559827
191699
32120
194379
726541
64039
522577
975079
741259
298827
35230
205077
378320
414668
447718
409289
316418
100647
371292
760814
248134
863040
84498
959151
576839
265468
310539
959778
242646
588411
715693
186193
351852
329589
48469
11943
282442
915248
561925
989300
190273
873627
159096
736349
982926
157834
370710
619043
814493
189327
736771
570702
215342
984305
910226
999413
370005
559884
233752
32173
663387
576069
898331
93836
109507
876711
943464
381720
984103
693663
642499
477905
48639
373712
359993
636440
66115
227220
91666
726139
657001
563153
26851
57374
239880
726515
218495
476039
891101
898315
855565
411269
647914
517316
457205
86078
238140
713149
567221
143956
598534
270920
62992
530932
438953
369151
841189
539131
431893
257661
806685
61060
181449
875392
587134
325458
988406
216793
704605
652439
655170
232653
676272
398623
415592
129612
608641
143068
760252
398923
1087
362126
759500
496192
887535
765710
166306
854138
230079
592120
712551
472410
224059
716531
762594
182641
433561
359583
788189
502200
823662
75289
108328
777446
20676
512813
979895
121138
145347
760985
640742
430437
912843
5626
951005
65562
466724
203862
778383
503510
804749
520261
319580
565694
784753
933500
649111
294777
713911
177719
459809
542307
561208
659267
224244
546666
105036
115429
809980
932361
91517
539754
283039
442975
141725
685644
624670
298731
344244
2686
650131
732454
738641
762645
833114
931517
703937
165971
554637
687146
15326
457680
442087
980014
427646
693319
610570
15533
189261
138426
154523
400422
951797
771459
905227
264589
967673
996729
734961
597574
225505
815483
998355
523264
112080
131036
277380
489964
379185
788523
319847
808025
416272
254685
402001
785262
836549
797721
285389
551107
137931
14432
900473
604508
426734
124120
185165
948738
126755
107763
859260
99456
782833
908160
437234
218807
490957
607566
932798
212574
750533
999032
361610
981018
966290
159378
71429
807798
674064
926575
512673
935231
164681
355596
610424
150399
140333
777116
687497
76564
59870
860528
768481
110507
908200
453826
947413
599390
723214
631071
517740
343336
478143
364080
160473
382593
73704
965155
666981
686491
801251
99067
791403
368823
469068
220912
480445
537892
801396
684675
108709
619669
842223
568611
517125
348126
933321
230837
386016
181067
400597
71748
357873
253341
941029
494149
51577
385634
26773
390405
503959
569584
329282
208881
936399
790525
991385
230210
509229
679966
507785
323715
304066
490778
346074
389312
631053
218154
264599
753549
442934
542608
341991
596336
572339
507409
216890
8684
86605
141649
553631
695594
742461
256905
180402
300742
698352
774823
125361
168500
169450
824962
804592
987982
99910
753015
600611
944955
716571
613862
952729
420989
138043
324867
454600
754326
51285
80729
366659
434712
584698
914529
130120
2440
229501
702075
905397
88622
122739
875335
65179
535100
192345
565091
81451
599257
953237
935297
417805
386376
134549
684195
709840
163642
666580
677046
518588
134572
548347
820168
602050
977086
917924
234728
195605
893458
956921
871257
48466
555549
898875
867698
77658
1357
370847
58645
76608
613911
298514
489994
699038
287580
579486
58423
861314
977335
916260
440766
800518
883174
629897
990195
855933
902162
822190
288632
83977
164540
811543
929208
441546
566150
866093
535740
310641
362204
508638
527853
752818
381117
807202
520231
909592
531626
403481
654517
196082
537001
299856
748335
204715
651510
641123
547117
653944
15111
138940
579303
960746
54138
261241
879979
725923
207966
189932
324537
206437
363611
420476
101246
861766
145471
399912
387819
397440
380517
197996
813106
816996
213892
677756
391517
671663
160273
12525
79691
454325
783378
820659
887815
926266
461953
333253
953158
803296
596441
433821
53117
451450
56575
529371
448029
749502
468560
491401
336108
814489
183491
571450
662337
406045
74555
177739
571804
114326
324460
648651
994399
805370
848103
628791
473261
674110
611523
626526
961118
932357
343274
78755
461340
752883
510653
933281
658845
948512
844005
119017
895357
316713
687543
799078
710199
809760
897731
588386
486591
215971
994362
173601
719936
356618
854649
931947
89709
282874
931254
583592
983558
820247
201030
258595
365481
478678
537672
715825
49362
494448
84274
369387
204913
899442
470006
152278
635047
333809
656656
133348
166044
569691
93999
709715
254463
302121
187453
712884
176411
948657
601357
214726
924947
326808
658528
943361
98938
477349
356756
693806
144849
480432
580842
459635
765086
93305
136882
583853
950757
128853
372117
884662
793030
293890
637183
996678
281138
128412
834663
322933
479435
563561
999100
179742
333848
745486
745197
534368
659746
244709
73301
827006
71213
368742
852482
862118
73110
762626
348897
961935
190214
318286
627143
942459
691984
571228
428446
592860
561005
343590
862762
118163
232081
169444
293623
354771
840425
17149
851617
613028
946996
819545
844544
130180
127035
89109
737966
887463
688814
584592
874933
470495
94237
315362
354330
770072
284495
983661
707008
351674
377795
896651
988283
300849
864833
61479
775538
109513
143259
200424
308080
781362
416645
26183
244615
280035
311118
796289
40417
441947
53562
441576
891428
747843
286142
816789
801153
426352
295576
901752
508314
143684
776456
708752
21134
733876
241390
94005
630434
618532
130689
293203
783117
688878
244457
896945
250784
626305
481979
996015
881488
275878
967823
265295
276449
806174
402686
469353
767921
371624
344893
604674
452255
624799
369937
829304
757846
640319
809774
374548
669177
13832
165936
343362
119917
85755
293877
474204
527293
930497
472853
781154
343662
693739
174847
310470
149729
819924
292401
696676
991006
105443
821395
970831
765314
864685
5105
704007
164680
825015
508435
741894
632941
957017
892283
361593
476355
480637
303611
857740
814036
123207
420400
919902
404145
951567
21214
592916
407382
884489
121258
846153
380475
443398
659246
964579
114938
603027
317052
67713
625111
650495
874867
214096
971377
20027
332855
72509
288452
955545
265680
951813
580120
109239
950817
152296
738634
567029
485122
397371
666101
487137
996669
299805
304893
625716
913506
111810
841336
653430
789703
465579
960825
149372
40032
89718
97401
518162
797878
435153
635556
69043
474119
653770
265918
205749
63291
822402
555056
833090
601662
276801
391347
752064
113278
454371
312280
97618
73603
706223
936113
680440
737510
431752
66143
727570
859887
633468
729593
249794
766415
1786
428950
818414
345910
160608
888120
628196
968978
489907
624213
662617
706790
506984
631235
430346
835330
861535
381887
56068
438180
233391
869274
993406
80875
198236
119744
265636
932724
284261
678502
590255
608275
627834
936783
369967
945264
135307
684220
511210
143675
171708
693230
185631
209101
385397
999833
631331
333533
426709
30375
668269
580571
812934
228453
615341
304300
159403
89678
131030
851715
578486
589746
943357
84185
340247
165123
619417
567560
703695
989180
624426
139786
530211
416047
259255
82184
763371
102633
364335
642146
964169
14211
638321
359291
891191
173832
564839
77437
768570
881086
490381
147056
79347
876307
645200
333298
269588
157094
134865
870036
565808
831406
8776
808209
946346
59147
115846
15596
259023
793191
403539
721509
810752
984585
831157
535511
566472
705270
380306
444401
837388
515588
827053
692239
890592
895036
709260
638964
126070
984619
544314
800486
68593
760901
791400
763174
317272
913655
891119
639243
605350
871944
185201
137018
697789
58666
826397
451908
66683
261475
177361
937628
620133
182291
497049
120051
790785
894113
23765
67378
157568
305414
625913
40020
458519
233206
117231
642525
575278
966310
970327
471802
424369
67134
773358
965558
747013
892445
45836
900247
408597
680451
661127
129171
849866
706016
588341
284466
533721
237430
324943
80705
880502
514477
391794
21808
899302
389043
997567
192713
480434
87501
567265
426189
489271
39679
341486
481901
241051
800724
745447
370466
111386
328459
57242
492073
108542
952542
883943
248606
24109
334512
204319
794164
63772
9874
390984
685903
865761
291633
857085
149246
199847
151136
121330
104472
347195
637438
591830
105266
485187
698820
97361
619322
189901
753773
546796
346355
599941
102018
997584
285901
371969
912769
859175
371104
100023
602089
71327
940869
688334
43365
194061
909137
513489
802387
58222
35375
593536
591663
756104
995033
378305
189536
587311
104179
234932
992607
103651
115076
256548
892096
162199
374609
789592
864479
328012
545688
662666
390504
262364
861478
990063
40002
644691
547861
904757
706329
656120
250278
925131
560966
631977
521079
271321
471838
698276
703649
191441
301716
737570
599600
216541
696523
772765
221887
752760
665021
116339
636400
652121
881537
684515
527814
306953
908028
356851
595615
826646
829990
471732
932624
844960
650168
4702
350559
338576
394799
197013
336087
158377
59520
368653
630348
281910
122520
483849
912044
586275
104206
627582
432445
944168
122984
259095
116792
633504
579527
669842
59970
721848
303408
839111
660547
596674
662199
751689
860261
720361
235146
739493
315883
115391
257431
944071
605931
34099
378203
577852
371754
862814
817801
49747
825682
9276
47315
281116
765906
504439
697367
652626
953106
800223
248681
248469
886418
881463
857593
881295
198110
956393
299937
210041
156656
958553
963470
120694
571298
577942
191496
920669
590285
677037
517663
178004
28036
268632
151284
425623
9510
648788
59809
980760
869220
602896
286150
575745
493264
641217
28785
960213
735645
863378
89321
248564
112249
979321
925143
869885
602500
459493
80850
122638
140331
151251
923973
496806
370918
353856
678847
682220
536394
147449
944471
573705
33803
160206
812346
479600
39058
787557
951187
867517
71543
350698
833493
60539
131931
816036
759080
550080
246821
564963
981229
450419
388439
947158
141360
714286
206476
554361
493225
508670
618000
97707
373615
603527
148380
165213
667642
681861
143276
382695
279891
708397
909759
261940
720538
833330
553387
717854
83700
901539
753178
808021
418127
198897
685925
976440
57235
752399
587083
168390
870502
527154
661710
912046
291484
878456
380074
610242
510266
578916
979570
798858
274085
505479
168586
892917
204140
180540
275323
764842
434863
25226
292470
830909
455082
461164
471400
19326
700386
25836
752310
139819
145898
923243
729110
960389
362834
401598
891913
406272
965549
23987
976121
845907
319934
762417
735402
862576
329215
382013
537056
400526
477389
283865
680782
912161
607475
940295
582710
189163
170833
627627
106722
500524
667112
289422
401341
428405
454597
951679
1614
563483
677768
989395
138450
812102
124560
576142
583158
464169
941190
815386
373934
84108
64962
670772
929013
822725
758749
479334
415073
723205
13588
483374
907042
131214
182101
785790
674839
551938
771434
355293
135820
740183
973695
46891
449108
669287
348753
784897
48896
336612
429557
732343
450809
575273
628611
617215
197247
601259
781277
214830
223230
586702
196383
765019
21898
811476
468517
163552
334968
67504
288883
584958
256216
32761
461445
564445
86034
864186
74292
148592
859548
779622
420482
62903
734869
338665
348162
267550
288129
663385
806823
964931
367906
17675
916839
822293
786479
104642
397579
138391
229235
940803
258646
293956
433925
937796
822799
721101
70624
568450
291757
434110
966942
709170
454623
211582
30166
711759
168629
709237
544974
182930
717998
691976
124511
754176
144414
406399
511524
531869
788668
692040
83806
376702
560518
13461
215912
620604
991761
918176
734481
351300
543089
631054
450203
420236
163072
299825
737039
61600
566863
605224
27259
585114
642151
265058
534282
267632
959098
829631
152638
613736
698347
625623
154188
172646
995639
335507
950355
904998
977534
263225
263035
925380
715442
654214
939942
891768
330395
982068
153110
835744
843012
362971
836123
148214
378822
780724
654135
711393
526766
998968
855952
619303
885645
8487
484624
706367
655325
856356
707805
569476
655499
162941
828912
733446
375334
529289
979028
349883
70242
60906
319293
438547
900616
673138
200899
651753
666110
634594
45177
809941
2094
352910
540206
215390
391638
558684
452608
881485
518636
909483
194007
848285
620844
341648
547461
542862
417599
65339
839736
569496
339017
839416
21850
648829
133264
519506
617542
813047
896964
118418
561830
12369
35439
672293
158957
405074
197178
755419
503854
740115
190937
124364
356631
591730
591956
517781
891214
77151
607475
174016
473703
237972
529414
207169
790399
830177
512462
722077
264440
704869
805195
480614
314193
553817
658211
277985
901088
235590
929516
850440
557935
353495
518358
454762
271089
860297
327416
571376
762975
491838
19253
511996
238388
573553
434699
848938
117377
35460
4088
238840
19181
379702
405193
734274
996429
748464
321280
135270
718620
377214
294241
389382
669783
26779
499865
771179
981880
145316
125452
238726
969356
952751
335353
319251
887155
169333
841932
965079
58996
165610
735105
196936
236347
507822
32176
608523
519216
804955
246457
345111
341876
955199
425292
788665
394554
298212
984021
602674
943168
343562
771587
945211
411433
542262
976564
645929
237753
928483
881471
852970
155756
310039
685085
584367
609907
803729
668852
698276
262924
775262
480066
927642
7485
769035
574754
36806
310252
670709
885374
893795
414878
489212
585106
1778
355722
751638
772568
127906
620761
774080
587158
138
218109
239438
899072
122066
313003
917348
241802
241010
249334
58685
357711
254162
575625
699368
106263
163857
309121
654164
734600
780066
72485
788800
560876
586768
553091
883092
783771
798114
555496
966542
761861
816409
849915
531157
323358
410966
705974
564522
269670
640984
515842
490236
474900
477028
170799
83994
409950
24573
112205
89219
879080
156563
539626
282713
897415
58680
143655
874420
277872
930189
722233
679315
857473
616123
570
363310
678956
194013
354473
671335
513788
489659
793732
598622
617925
287922
466561
248803
604653
947823
389156
716359
304656
552474
3583
424139
234772
472527
605836
713210
275979
787079
63776
698515
905534
723029
575053
6878
408924
925901
66775
790431
464255
78847
905296
350504
880471
641313
944723
975113
128949
346890
199321
59171
304054
733339
884411
735515
245962
943480
40452
691882
769824
532788
183346
348112
815152
21451
654410
372072
728804
908680
757525
465751
246692
148423
981370
64350
27901
224533
92857
703696
152173
548851
103490
585629
184717
903610
168688
833356
938203
344920
851813
219591
122979
16376
584386
604496
172490
532032
839555
318098
169143
284148
396086
836562
527966
741240
946774
875972
112682
56562
765576
511674
390599
101198
433393
118135
274249
891611
18930
145058
373116
788370
763841
56726
430601
202743
428709
338454
152833
401048
591053
17182
802889
43059
683214
869780
195427
358005
244408
791902
402901
637212
680339
604109
678199
748477
395387
586998
547038
967522
276565
346914
998625
757963
429421
459099
775748
508373
751022
328295
607177
881593
757629
114705
834063
440171
845042
119010
35108
121250
859955
908911
947439
388535
946223
800460
458931
115111
717428
418206
999425
741875
756910
173966
948861
804775
662205
6362
829770
234807
773553
851333
490325
859140
518885
812783
100219
909758
188085
209983
314264
722916
650653
90556
552365
64872
341679
601147
164397
280238
130225
977203
678756
533554
725137
336620
955780
248520
777989
562134
349262
358015
62595
144630
947162
819935
229338
880763
223619
354258
255212
401775
297457
995487
811144
875273
877636
938769
592552
928863
800473
673206
522500
385336
977341
563587
360464
194624
712428
922773
754777
532821
17092
160786
785143
247870
60555
265646
898672
72827
159833
31498
677226
743607
85220
201334
806922
874202
395942
53655
784621
253755
33773
926500
832321
588531
449471
422218
884994
864844
396967
542000
757133
323545
245408
926677
389218
911711
2717
668948
704123
439793
205747
684234
788931
954585
451684
331150
412149
335154
988233
637919
488978
942419
552475
918492
514430
765926
573214
329068
33592
308438
33898
915901
126388
511014
290007
91434
384279
855583
233732
908086
753550
48034
463492
333685
293644
768219
70182
898570
116958
679958
434080
651147
309356
990763
796183
420801
939854
343573
486222
830091
868296
335457
179560
47202
767844
729858
261275
37750
898155
894721
38132
144248
135359
43537
607168
799025
110424
65281
672414
998607
737241
887818
22367
942720
789454
46088
476503
255607
273413
577030
51843
738572
319302
334130
830358
847808
807599
726831
28258
700318
981233
227337
141344
661564
415329
770244
7388
946273
596795
20493
13824
378625
877562
74066
56826
124323
709517
714925
113805
737443
316214
575483
481009
963860
586820
270411
106216
320189
326251
775667
986591
977732
719869
845756
278652
313449
387591
102717
478730
114089
659850
423109
452415
420291
596565
78450
998246
22102
644796
225502
135789
526825
695223
411129
317133
2373
334937
765042
836625
938877
329514
579919
784966
758478
417188
205789
811326
317089
625351
833089
228416
138157
275545
76716
170255
35961
343741
830573
887061
711935
593135
375968
704813
768364
697690
284548
9482
577988
197270
735211
274759
300963
763009
699978
202891
433630
681209
52784
99032
588872
998323
919508
649905
846801
543547
889287
622886
25096
745864
528648
82493
395968
668219
771830
525247
189777
936308
128160
686044
199414
492881
917496
779579
754708
796676
820903
797666
409178
678480
924154
599295
42435
924512
559929
350417
926264
52164
9752
82358
697939
50313
693511
216657
633343
992755
447268
248791
903611
495705
814736
612983
899645
933854
471775
560612
2803
87943
126185
990080
203172
196926
324926
788646
911286
908834
323638
703252
224520
713417
171173
375475
671807
967123
552302
367109
961247
206380
161199
605098
784335
73181
385754
918991
637695
928655
564515
972468
330917
863582
545045
402967
411682
743382
645184
614594
484996
561357
526349
470510
170020
555357
15026
748371
352880
135228
781056
91533
517315
944569
691673
450476
417328
502676
786688
940824
940894
328123
934921
806623
458061
13021
974831
318365
390391
711981
685124
900103
419025
353333
113987
434260
916400
435476
785601
475336
427081
20118
60610
582750
823441
677550
255976
640017
721347
854738
622150
251975
634624
930739
440467
165659
652496
451288
605883
740357
739590
489110
954703
762536
392706
689326
437211
712568
85777
96899
325656
77638
330799
919350
24120
169514
250796
873056
412703
203340
208299
887019
967026
443343
100039
267021
199751
367450
763793
977059
894460
543811
923061
982054
580899
403354
438971
880652
371099
502224
434217
792829
507578
606723
83525
432176
952486
552103
31799
68130
540483
474578
654861
5363
779206
619747
586521
724957
100265
882768
938677
433041
448823
908684
468327
764080
924167
559441
40479
918562
940037
571727
435933
221079
547563
315377
936815
971608
926800
834632
84120
846537
445847
460566
123981
673533
590344
935865
248345
954550
354427
237427
220320
943224
432560
160338
941056
610504
900604
194368
930195
83334
222366
82857
887761
445092
624496
295172
228563
740610
728697
194049
734450
496296
998687
130574
947278
817183
576186
11525
941738
97068
133123
78645
896821
223530
266603
477195
213412
585795
496968
883996
109306
836746
276586
776978
850601
739512
414540
338354
308306
397890
165030
443974
770665
801747
700639
42347
861108
61995
872224
902777
105906
777044
51268
722314
602328
681916
142827
520745
539254
103412
409646
507417
184057
713988
380013
875455
160201
324136
28547
478573
667859
24300
624091
235211
106337
450335
91740
791588
234340
645943
556352
886922
77396
918977
796290
184615
330862
591874
542006
351138
276124
438575
909170
534122
338163
302726
256298
926562
823958
571464
799770
723369
273783
746131
637916
151109
446590
24863
377433
379499
449794
67605
589404
836013
102900
908551
641346
341696
104667
375504
145102
912297
512185
762825
475865
681924
42381
770661
131750
399217
339890
651690
343572
785628
556133
855245
578028
406886
795235
94120
959258
756597
762929
310490
422713
789845
948917
996795
519687
24649
71618
574458
396088
57330
758193
729622
883046
687451
112234
643765
231461
59679
646914
4132
212725
784759
533631
487980
873617
894756
414198
52493
702244
513525
26773
65050
916379
346358
948221
16048
565525
307957
289863
512212
843639
954162
224296
901865
796637
865634
306671
355018
685995
807648
186603
893258
210241
234289
111465
186437
461261
480178
591514
829027
556922
584608
148820
297769
989958
88004
806703
436987
216049
118777
876112
29746
519889
802523
481986
312214
207874
298126
922047
305464
328827
99112
308815
242095
650621
515516
162696
149357
691684
29444
894323
992637
499808
65706
61327
301595
165629
243763
748911
639343
198173
105097
390206
363496
777928
996579
678179
963441
382426
941523
247167
983187
387995
959403
305171
33895
89324
284749
586047
914422
886300
172046
132325
243119
181338
241031
939948
871428
745669
165112
71137
170849
592800
341080
583351
260233
199073
82557
363375
781711
740712
717348
693523
758127
101197
99358
106524
958471
255378
752152
180019
599349
448887
441541
486101
167502
604845
528042
321295
633911
915106
841413
869673
23652
430971
774939
382623
619755
697248
227421
643018
608004
25712
554550
270238
185759
257814
941812
320844
757602
452211
861456
140552
607102
692475
954971
247781
513005
833116
180359
115995
633098
478680
131152
242027
62476
204020
481285
239129
374496
471112
966199
106456
642467
729015
413757
21636
372153
82617
980128
771593
651597
906900
923050
727841
889893
25130
568902
177530
627232
725995
974164
873525
684879
522986
294220
245067
855790
356557
172364
130698
511422
506143
329535
915581
443264
26368
296748
103850
76815
530044
916248
409205
530330
744248
115225
589410
808126
465416
155769
505080
62140
418142
103555
491585
307420
196574
109229
129901
240477
922381
611873
59030
134615
440807
929770
801886
345647
553231
786744
144180
615287
632737
581711
853878
807200
203619
955154
317744
835548
614875
193320
96131
599956
82554
575753
791713
485763
964278
226471
46261
805870
528757
607803
685023
317312
597157
812778
739549
402821
853352
410388
304901
212099
966317
318074
147951
939441
317082
638025
49711
473813
796645
572487
812863
704509
499650
782553
892284
561497
914103
204014
892807
431411
412811
489612
295052
27341
179292
399157
879775
328790
340304
145013
48066
604424
299236
9483
139587
611361
313952
247794
398658
45947
167467
201995
261329
230986
10235
87976
931380
858482
87396
746743
185991
5315
937106
262537
617983
194834
218002
445886
291976
832181
226378
296655
670158
932570
6025
58296
755928
100292
650169
32320
395598
601124
544881
315046
92699
77456
692263
141226
783277
564450
861571
661237
74841
516976
215438
599077
907740
435107
781385
842617
933501
697334
866330
359830
635854
626445
404001
561908
227665
370863
600554
870248
763062
796450
822267
638158
11522
225634
888780
107730
895884
217853
774358
882779
308898
879438
41604
89365
713096
913812
382598
846682
426208
478382
486725
927933
452709
931701
984177
948978
268497
253878
57653
900381
681695
824650
353804
647605
788779
527188
57773
756309
252597
999639
531426
414431
450180
609265
993783
779661
174631
416312
6413
603670
963478
38704
460942
454585
57528
948198
598330
784168
689662
386219
795360
277396
405868
318768
574441
753425
80056
493755
940495
817255
971467
728388
357419
240116
972900
334574
907307
35137
394460
944869
529122
655775
252996
350544
904377
614653
63786
340851
991235
548618
518395
300773
618991
639105
372034
335464
138838
603734
183118
799786
437236
778299
897970
464151
595764
600719
188966
964249
941284
141732
718667
101805
142792
186667
910092
911075
749898
65278
716960
530098
739983
105290
486060
695605
365668
732759
156100
864390
615447
283894
764114
887222
448738
500550
965903
462822
70147
309602
414063
848837
79015
166890
739674
967782
238276
868589
305108
33084
307014
192112
547389
103797
701985
525598
536564
820465
693061
622091
439895
768990
895792
86950
712486
119474
941405
625147
519174
673795
760154
398435
57633
151686
673207
788297
727658
798754
776218
831513
155646
784816
686832
320966
247398
126994
706558
248056
253497
173357
430997
249617
277599
835140
544420
727963
709808
618994
814631
479760
336314
686276
238590
867845
18850
433776
941336
119859
683809
701686
567758
750883
311216
222674
161676
980086
925823
254875
722474
81870
758494
249020
590617
834397
403967
316620
380408
195016
960018
719563
90054
128631
230352
88059
390258
186619
326612
292184
473103
603805
306275
63542
43235
90111
348172
371191
70366
13361
841515
710885
498024
477139
561031
532082
420051
853986
875227
523017
548592
913313
921010
905936
484669
955172
253291
789309
925116
412092
765404
466962
302495
481786
225107
606198
61407
461666
487864
848690
945579
776878
612366
68036
997182
639995
264984
156579
732105
247380
686360
355409
240592
578650
812083
113494
626001
486220
475952
405982
623838
124473
130719
67057
861132
684927
986390
580170
592196
626558
128855
338327
866742
735455
452365
862668
308270
881659
422837
195684
147647
202153
753754
982582
938267
434791
671800
384432
781956
650723
503234
895666
926813
916967
986687
846409
45274
466400
919823
67910
825495
161481
767756
802939
420548
560761
367820
76817
414141
524997
148546
232265
709111
711635
390596
883277
888726
573052
675367
367602
749084
731037
368518
449293
255549
183483
184098
533679
164110
805776
206435
524030
513243
84470
664957
832689
952407
276591
832558
936679
434862
816079
296291
494245
827959
618182
565882
610730
487301
126734
355235
691249
608349
912173
327007
471747
644801
527527
102635
146742
485355
621316
313398
810629
828758
926201
735437
350989
360117
709494
454999
997922
117447
393227
12348
721740
151298
622712
336034
341473
408428
233039
310159
695744
802825
392840
930098
400103
74415
436001
431485
975282
760245
754032
694379
116721
171914
596295
700831
936868
211169
568322
575149
677910
477962
891887
852849
278867
827868
485979
380253
179142
709903
660917
137617
104628
984806
610785
31395
676175
275401
25116
59710
515448
182321
243335
726182
241940
589692
113490
48345
603722
500384
959942
467921
976662
625276
139694
176551
735693
496970
974115
708497
275245
168689
755443
403724
408480
217527
644398
171861
393166
39508
214732
472272
7195
456417
407166
107148
764356
364591
359760
767262
481937
985909
304951
861930
677432
606369
774781
685248
956494
905679
930502
636706
188586
8343
662589
967332
285208
979009
499680
118636
260151
552084
745894
321241
21808
170636
213705
361024
703379
898281
502067
728786
121423
492580
853065
97305
736014
80445
585102
788257
945579
634543
895670
771123
479889
956101
256072
112701
733169
938758
802414
110029
77151
842892
273948
437244
586698
474739
392155
737191
935958
312172
503473
7001
730712
466609
82159
664389
698733
981907
336407
434670
297527
353455
82471
907049
159542
658879
795526
134458
240702
85644
826634
123356
691546
129409
853924
114205
876734
898012
318761
896229
624225
696061
850941
810455
290687
693857
533470
799695
661993
44840
706762
900492
535815
898578
866574
740455
854188
396232
933933
829249
603092
144983
248425
652732
883325
827127
756209
703520
926494
22601
870822
377373
461832
139104
823435
740400
931928
334839
824778
913694
907670
218240
742429
108957
212462
814044
17759
173906
244681
701286
456368
890613
324998
346793
948606
418513
215322
485042
968823
128680
490817
779969
761608
334964
382687
957913
427664
823175
506808
828983
354470
755732
112776
491807
420291
258566
255809
551185
511950
853582
320991
794971
139075
47034
703017
901512
540734
259649
844998
806390
415530
29467
762744
119173
457729
187597
153786
125227
455870
836546
327090
442661
216295
312661
973331
645192
829744
49708
850387
779702
149454
784254
777667
281068
601498
815796
428304
441335
268125
990381
301204
176326
729726
506460
919642
363675
191877
856397
783277
961116
727627
246661
841563
490246
935808
346502
729547
407809
232217
669937
630328
421774
623124
338886
422473
818076
213225
901895
451087
136314
207951
603388
706138
758503
940391
946063
461304
841862
329097
981399
943435
410286
355562
151538
348358
747997
803047
312970
458052
960332
452720
25019
535685
150941
490836
502795
594757
117297
830372
729111
201723
677974
7879
306447
962283
477
648410
315032
245416
657034
540993
374224
692522
810853
744143
253422
65543
573678
59598
337286
134610
428525
632683
48748
687949
162983
597889
355825
15243
107053
332160
165193
818919
552142
635449
3661
900890
355180
16842
215387
60285
443692
268065
252635
178844
503943
161454
223197
399923
669950
165545
668958
241864
751466
667645
323946
706468
444273
305616
207323
841775
201109
339760
215679
54631
212006
405275
930327
395453
378520
382378
794364
731404
550703
826460
678685
192759
32854
462267
322595
475997
69840
953517
63029
402299
829510
587994
913047
429599
730366
817076
740205
58373
151468
669927
624414
120720
860515
953567
895892
404006
428580
197105
963807
699880
825239
580839
105785
537357
215767
965867
771300
895834
798696
829902
673008
687040
373700
722678
238233
593106
609234
145442
134860
586593
521720
748891
344586
539317
812871
326970
680550
41835
839061
911568
507304
396326
307241
114485
253268
508723
775310
387056
855492
210045
209162
412224
935666
949865
805993
675141
883730
364239
216626
310286
554972
115734
195707
401280
851047
58859
402968
796703
425457
517598
727023
868028
365947
308633
910183
916475
220689
547709
423423
470976
297640
685082
992635
664630
451167
738955
311864
565883
349544
382125
10657
176556
998720
335226
474042
377288
421274
220997
920858
623491
823770
583508
209462
553258
942652
8725
306711
647853
93141
452223
725102
262862
982194
297990
478206
920485
306013
848314
205367
734413
792766
202877
752995
357935
675421
369503
369465
640424
257605
156696
159567
966042
658116
463393
705133
345164
36048
807791
924477
924863
975620
793741
777182
434446
779015
896661
895511
50240
907661
381514
217640
577006
687607
636565
536573
991819
780246
935194
359228
844437
512717
738871
25661
969239
687956
163993
743321
298840
341977
886842
826715
648484
329089
541499
535188
859764
369868
718361
88587
418300
294678
971471
163280
392914
923961
587016
503537
415158
114512
864320
819974
217986
156375
193142
661031
348719
497838
878608
923262
66689
970108
604811
382903
301969
55728
211036
758996
633141
492771
73768
709980
985165
376793
996189
530163
300973
890087
718059
675141
228258
685806
800739
501404
474979
359877
417962
595730
89750
15669
126809
635232
668667
593565
634805
980756
990905
853174
704070
417249
983747
869297
258454
702353
198567
330365
983239
512533
844531
477476
655313
824701
906628
768149
811672
617026
328876
74620
344614
157313
838719
606349
666378
128515
396602
679073
990476
724535
189649
448759
901643
30721
534228
517019
277046
456555
578941
694820
526563
836729
470552
69846
981711
560603
604559
262120
558003
39100
738321
226465
71999
649592
761759
802716
526837
857386
823347
768362
684325
207394
910157
586390
686977
474422
939547
581379
762140
126384
512132
271666
293892
128293
697041
454304
383032
34149
539448
96780
994120
77966
83783
522454
845064
853307
95978
579139
298864
494106
142232
356445
406931
590171
995424
278968
336058
267717
968012
748943
575069
103459
834543
691788
128253
620763
383568
167590
907296
693918
247731
964261
77482
783803
395648
4161
938837
910671
265939
909608
610701
416151
578655
272095
256363
15846
900735
362496
403339
872241
348059
147361
764940
295944
592819
752597
272803
209631
977547
895308
472284
763083
741683
547094
458671
996296
447922
598916
902459
851958
627343
123183
860450
278693
615611
818706
70272
585157
566814
479250
844360
347008
638972
212255
209533
469283
948804
488882
591626
495159
347253
659062
552320
730542
54189
594563
311978
302265
132304
384965
676109
669495
710545
191099
586305
995911
291360
221148
710054
766014
649968
68308
215237
560372
318308
622571
483653
292665
553365
915399
462919
235749
237762
572936
982366
81357
717077
975441
532014
224850
468942
985319
551584
979
803855
425713
609023
938370
794690
414751
13106
880404
171178
464999
76374
340946
475013
268267
442039
127373
320219
666679
668140
143023
215527
67750
490444
524652
725534
128804
103568
418774
544736
126477
522119
713040
742330
365812
328688
441114
648662
689345
246199
574156
195136
105842
505743
119966
72085
606594
193256
4515
217674
596006
18958
571094
784918
423028
380062
977165
723518
909471
837477
548106
990203
809501
443158
257649
748937
171881
277352
560531
741006
126372
514378
233384
26341
64407
783684
963548
429383
730579
559211
632064
42134
435129
332992
260129
993413
479318
940967
76982
838758
896934
279743
621043
965649
547834
131426
379706
997550
305844
407738
625585
844896
407406
448958
383790
565966
888890
670920
710863
825039
728004
507413
852903
176818
831380
729112
228819
561575
11056
460859
838442
771468
615262
52083
588946
136856
897351
307646
662896
64798
138999
408892
586871
986367
833985
236583
265570
505903
803328
439857
887740
88098
268920
232377
34076
783186
994586
820585
851951
763312
345190
481774
935341
271012
118379
718549
337006
192771
20458
379455
230485
201869
262681
19521
160042
498335
849667
312922
645894
265339
79692
433681
275239
604082
32723
464491
325284
944876
237744
162374
603258
151060
189404
173782
125316
709666
133488
698041
971849
803654
895238
67960
480624
978798
857916
335580
119886
175988
675287
528235
839712
829927
257283
862398
351764
631925
782008
493440
946689
440562
447609
596293
852536
514887
607991
469700
269810
848121
406354
670195
533480
637589
173119
521661
943874
814134
316868
370275
101351
184178
28192
493932
66227
653607
729225
126666
644871
1117
341389
33547
862329
756760
743386
883000
524268
817341
305433
768078
44283
181726
186484
59862
906063
366500
230649
77795
528081
295320
145302
837224
904056
197006
405636
819251
530051
626542
12737
509386
734595
767392
641333
254625
868368
794964
901814
231860
647004
780459
410471
913543
113188
92933
979579
14968
251138
181480
222615
707261
114400
351753
411158
735104
369159
609531
903078
45268
641813
105713
837455
747922
2957
183217
314132
40277
648712
884120
839538
535886
796938
383108
698693
810820
126000
970017
858122
815787
606981
846675
492799
910752
377139
316669
859687
893823
243350
112492
178410
567138
192364
364452
179160
425014
2281
528708
707726
26171
343591
422040
639857
86296
497659
174011
381016
218008
178019
197415
457478
973829
977691
164379
338900
912927
503822
841703
58350
583801
131562
273751
467444
541105
51980
719098
784512
469258
733211
871822
711
865768
823856
305801
956888
573927
481395
396998
69058
689879
26817
628683
759059
696728
653833
527731
716858
889551
590006
85821
240974
955970
887750
515439
614503
525014
823162
74600
288362
278050
443430
754369
316963
726959
674472
56479
513163
890383
324661
382873
51688
282198
289807
382016
846419
526394
957395
982735
782997
231043
32430
338672
83563
28526
94384
548777
317801
456420
18425
663585
501947
982802
721615
127443
777926
565220
916434
700174
458285
248739
592582
851622
715759
340649
881104
118395
30189
310461
701948
279779
408265
616975
596923
951031
924651
86161
627178
720951
291805
364207
257101
106267
450262
434733
373722
278071
652628
562268
790706
827017
304674
718457
808555
932194
565433
534434
11272
707695
494979
379702
724298
820004
497594
996168
321119
150596
622959
76990
79609
466831
578983
32268
921722
696520
260192
202121
365579
70689
510769
406635
345996
406469
338831
47140
285413
92610
196396
490840
360955
762962
700665
607801
484159
369156
150541
312321
706400
648524
506782
938315
919841
378403
523819
716815
317061
623260
928636
902584
162278
663493
375425
223396
121252
813302
413464
831095
494523
336697
672426
223516
301038
693461
920116
128026
218976
986425
470436
331470
875457
131330
26073
371019
507429
91625
150925
495626
903216
770828
647055
448719
617518
441495
846120
764059
631999
126223
411360
907336
198255
729403
340505
612676
286692
44143
949528
899564
330289
171702
502404
757447
608923
332743
124561
777034
856404
238129
540116
802434
36428
685884
628771
677992
38924
319627
409125
853280
55429
442955
356009
120391
705084
211803
195363
912417
321170
987912
996165
645365
358639
648497
49718
885941
615307
210826
181554
814613
146008
408123
601086
223356
193872
417128
280518
317592
29270
632076
816341
120908
659147
297406
978991
863557
835184
101334
942222
461098
783731
205545
679032
975793
109784
143471
616185
773519
232709
320390
452930
100615
694890
915087
384606
315620
790731
667895
603981
57730
188331
347856
316223
512966
303575
627357
937966
429997
149964
464301
475160
761218
943941
481566
257432
165801
75749
10499
490592
251993
484734
824032
372693
678375
477820
253650
625223
138109
108146
859275
518284
397353
6654
855355
665848
518802
346394
321803
966778
923973
83138
860291
689750
956333
778302
699724
249915
724961
689163
757391
999360
487384
36586
941563
552320
375031
182852
659046
565646
541195
55928
25227
935319
829074
611459
240306
386387
900852
383819
678061
645159
341135
519624
277694
302171
582704
32783
991254
686067
114141
655357
190200
65388
993231
362428
240124
236628
111165
11125
945968
166470
31827
810194
936921
848641
568769
617838
900567
426213
713136
548252
278182
763081
670352
269969
504193
317243
722701
723119
274273
872405
583136
661486
264483
218104
220546
89001
852487
401064
681211
35907
526036
656964
297880
222772
237913
822816
551162
807668
905807
571265
479883
140546
533659
811892
435340
229649
226671
453707
106634
310480
322064
749749
530736
398740
839794
901561
146101
871781
528895
617743
524469
986594
992887
364955
486430
38545
750192
977863
687937
737799
196735
17467
145288
378288
65391
984316
581447
612220
438830
974238
166443
6951
676936
682023
645391
253923
791818
782786
600877
447395
617096
595613
163121
846662
755067
887775
141289
400926
562114
726985
679257
143261
947465
304872
601644
995035
817351
784884
867652
154759
447393
472713
906994
789095
576620
836543
921153
346829
27728
194664
884269
669528
228744
489381
500017
138212
269253
993253
156094
67151
516146
74812
734983
335145
767443
413851
472249
890167
743878
829106
87369
527972
55212
517151
49381
959557
177185
28433
454220
720647
342822
258942
732921
335544
530208
235389
816186
856942
353978
410816
92320
107928
864037
636210
332943
909855
648255
59497
570805
760504
943249
991432
179992
653193
55539
798964
286151
612981
788490
156529
147442
943558
311218
12952
91670
865782
56246
401527
628112
159130
554620
868997
643667
153388
321790
699264
403253
289523
619187
860645
33827
586321
332172
905483
818421
740393
354138
719645
161373
904682
536972
619762
711800
216189
854294
249163
657351
838983
213486
416936
728375
215387
588912
441287
465372
574335
357474
74234
637
319065
762129
576292
129544
328055
282906
878480
887334
331192
788101
771181
997225
387161
844747
710570
510434
602847
392248
907498
322832
380382
872171
283044
86067
685605
425467
720154
633534
406023
780724
437620
853738
14534
967935
249337
321575
797533
670495
379945
724845
317610
703320
517433
59889
116662
950506
635947
314100
572387
222459
180490
779445
373233
49618
795199
28679
40556
828351
783059
953021
141814
695897
494914
565953
949868
306847
515832
845572
805304
13440
788011
65615
227443
97847
918292
771961
762164
763085
999179
252017
760954
448258
524030
634107
588402
198278
114829
120248
471973
83746
404870
928093
73152
77044
573048
78790
664129
434711
625334
220515
31548
508129
964714
2064
419975
720134
58578
582403
615240
207769
712988
804959
11673
650867
93530
103077
55637
101868
433954
935434
936706
774406
193093
97955
277403
902762
613290
754044
936056
31498
175814
240265
493212
91301
637946
228788
384795
569641
317832
366677
471526
905266
667699
961024
668917
529969
954867
736759
385615
925160
473874
464448
83705
23633
420454
420562
53881
331102
528427
300265
948293
79388
304956
736249
29069
10737
292270
403199
147170
803268
42954
164274
445761
376123
150948
766488
149504
901919
204380
819254
399060
806429
43505
479328
733309
48678
198525
184878
876942
303541
25809
350735
188125
467504
268973
500279
152067
776808
55708
109492
743824
273083
47274
766558
207502
61465
538755
817325
637680
666595
510826
602725
124888
87215
980946
14700
977730
20136
930461
840572
960784
934291
729262
238579
499506
272684
124973
429447
403249
204014
807958
36952
641753
757298
612478
191070
150401
320111
254500
433217
867704
452000
370160
863688
556366
117443
121995
744489
226300
714429
170202
454270
341297
648795
283224
488793
740794
268787
317198
347502
785548
898793
284594
794287
456369
920653
833306
522485
884045
340130
999259
772250
154124
456442
429442
843171
939819
279612
619182
538522
741087
86728
597257
985147
438821
656625
337505
121860
561063
922729
850471
433839
470216
190138
304578
872892
998220
484400
981457
607335
790183
994069
282748
275257
705889
903060
458165
279867
206882
457535
902225
882373
339296
55212
430653
252468
719714
238970
318046
59834
298479
357426
334793
459791
197592
604616
542812
278853
586335
994880
761335
729849
803395
26861
192922
469093
286249
528404
388701
88787
422952
207792
374534
575212
11185
238479
187402
206127
387865
723354
339939
278589
579013
252401
617162
632528
499569
300533
975058
281164
722845
481567
3233
945326
288852
769165
949835
1441
927578
395933
553228
969391
477297
571954
267490
578324
475848
355220
69445
438191
76929
436468
193860
226066
422749
38348
382653
148152
485575
915685
253433
345046
615994
615602
666594
558154
144527
732442
730849
714416
122791
227219
891672
659220
691249
395306
328889
886913
70744
675167
793217
899320
121548
697068
56533
404924
115948
702310
146487
934154
482957
86845
852389
279591
933610
241438
542350
708305
33192
49591
280114
851607
588035
861850
3285
796868
184411
319035
989279
356343
389781
1492
211219
856206
312943
917800
790954
155777
107044
984931
477003
2955
855352
702944
112554
857922
437665
441669
69114
37064
806162
960841
691280
754842
436581
431254
38422
136133
773411
893385
75048
166137
862707
318935
179982
733750
782558
714377
937943
801059
152059
351847
897038
191037
544636
797299
55068
847916
463763
974988
848441
108402
56834
177908
203408
792508
956670
628523
983023
631131
465151
717114
835880
722060
410087
424331
736391
2035
304652
992885
846511
760551
902180
546454
499859
796582
856268
951514
61070
417321
601845
280024
339360
778771
800555
580827
941190
293955
800579
561341
266933
258120
515297
796015
551666
163252
876067
222870
134865
431689
759662
724304
881096
576593
355219
727509
988782
700810
935517
527736
903446
949437
352633
270539
702914
322543
415106
472930
733766
584625
293993
897136
797627
708306
244798
444111
35548
791093
20381
490395
676544
622973
467447
631741
382068
623524
200188
475526
751476
387819
970722
543409
611014
331308
985301
245579
924084
87627
223867
619438
975972
125387
91171
944169
801429
817341
676361
240379
651000
652178
418952
334142
235817
190674
844829
983137
219464
981542
25747
449422
743480
448143
218257
439786
554164
5305
756412
107322
436553
874026
594314
327843
371956
752597
15844
606602
573784
382155
125175
208026
708700
624785
792920
152227
742367
771788
187729
943840
969177
543833
487181
493713
635343
431737
74651
813063
559154
107689
911842
144830
639317
326224
424482
893668
982857
956946
764258
210104
69720
263554
27836
565646
861082
881460
311681
193455
844214
721712
424778
452892
296825
386242
173724
232435
219916
733742
519479
751851
727509
272448
599035
674554
367085
81218
595704
440854
411577
877512
212177
717783
370663
745317
660107
504699
556551
633088
775288
681284
977219
600512
577274
561084
931389
755748
81590
760792
17860
927792
252567
973755
604209
169282
496828
279441
768868
381315
264255
676572
422423
687417
649443
398411
24155
342584
289113
153350
164343
216376
352623
989063
615578
962178
928982
554338
781113
419589
754638
758117
561545
321413
489392
117338
665435
26995
806551
741289
624015
893527
119276
204186
665142
341865
102157
786873
194504
670528
952730
148370
2430
233890
133532
993884
445134
672314
680273
309938
319041
84135
998040
214908
73394
769649
65269
414956
253221
21846
542466
735205
66433
739011
479603
38070
350187
70622
549700
580547
784449
991232
902337
328004
323504
331840
720370
383591
783091
306794
664928
921745
398248
658063
841352
32130
306256
194422
230428
906519
666147
134960
183472
184616
811662
434761
454984
225617
512010
363675
778427
958734
786010
140988
123715
869376
687649
383255
247972
626060
789725
497112
34935
787171
918468
68929
943763
783644
516601
67802
139414
34109
729643
776581
107797
345688
112267
659823
266334
736530
707240
152291
646566
739903
151400
168504
808724
841193
554725
210795
795881
407984
442849
160455
73354
283275
20520
22144
797803
416300
894081
960736
96794
359298
620432
42905
839909
552280
510411
548217
310249
942939
366295
450555
887673
380216
860414
697
232167
37476
354639
492927
745330
866741
16851
36220
7884
904621
452263
247954
989702
982360
58491
343116
562586
144971
588837
59887
145813
690316
24419
93801
800799
334096
449068
741350
907048
71519
24241
74114
899569
677524
137077
464473
724724
579200
546501
329273
821681
22959
142230
690809
611031
276866
849595
965667
299531
543483
451584
123148
424215
914456
263334
729029
57458
821910
466618
757418
149416
386262
702100
157464
518374
34077
51945
316859
721892
441718
893454
143300
162991
657714
813962
121338
243346
801680
929622
623976
796448
583927
433395
794036
397025
930655
73576
499280
115607
313744
61655
104969
812395
185411
205243
656125
985337
731492
827521
588970
497397
405177
895615
315233
801080
351964
808021
305177
741291
791076
966047
824479
964238
831138
877204
889899
193830
651847
368318
378383
754241
843363
602198
216968
294759
622344
662843
493303
1119
233741
275535
545129
550171
421359
472046
196370
952065
412049
559180
143449
876118
662116
692458
963405
879049
909217
754101
848757
670298
935859
717883
114308
428005
485491
399434
148971
925071
697163
526183
87625
668364
806203
630440
125438
867850
858810
457903
30813
961725
997940
699523
108479
875784
722802
196876
342261
27013
82328
525547
537237
87857
565639
508404
412277
132791
344867
709833
704630
843351
586862
949204
809272
462259
601875
464672
432299
876598
613695
715029
764229
178337
413738
333070
396432
439923
43380
891928
728987
498037
216362
838026
14672
92703
926183
894204
451814
175658
296215
41317
920109
842995
42263
911125
81606
955657
548408
987147
658485
528467
141091
103412
835471
600737
765270
387265
858829
422477
167181
196131
788355
66701
346939
504550
995178
23385
407415
318439
322969
878323
315060
760051
394515
751256
429993
895294
26745
400321
483471
852349
682208
653654
246665
277344
78397
945328
334173
201392
971133
152713
566368
125952
410866
451139
111921
965779
11175
66769
405659
311114
312852
603206
559454
837768
462893
155512
906631
244708
593109
808016
287164
869002
587376
868530
798804
146223
959381
873859
384483
708206
743714
456603
420883
435460
74411
844553
822957
809060
176778
160829
214583
339000
562266
876566
9848
579574
666175
446089
270615
524698
874076
658794
844514
252037
269096
912090
135722
356274
441371
509326
71243
270737
186242
571319
11465
52290
588082
42963
754389
479663
652633
778512
416624
514694
605359
670680
957991
426898
129100
41342
848188
693109
843220
658179
194341
192388
513421
923716
876653
822463
765393
857924
330681
145003
583647
87122
533989
355534
254283
943703
783757
500871
226966
7486
614824
775815
279384
299456
923150
642800
718746
798475
704282
565064
829696
670606
384298
100889
162339
51236
591555
314025
858621
871962
970514
696018
390909
37086
76941
70077
27451
705543
118840
271807
81734
929211
312324
406992
517464
702017
515474
686883
143723
417316
305685
830503
312100
152704
766996
104602
753006
261932
195023
606533
12706
869764
512889
76184
455778
112337
954788
421090
509317
599703
859963
988588
674988
908348
968744
162803
511475
12688
693974
505281
735876
800893
443728
719143
550597
344588
35016
570073
307633
803985
813173
654886
803140
341813
950035
722386
376656
574174
171790
617554
973485
169661
746937
110499
775630
501619
302328
602695
692526
649761
906239
895773
721704
441675
158321
701852
21158
862887
827818
657003
401394
838152
760280
914592
311592
237794
703492
864532
639372
128185
790767
465120
291960
532779
643159
465846
261550
956886
801689
994141
179660
886887
302640
853386
241693
830016
19611
453912
106315
535429
848605
284389
609907
817988
602846
487752
40209
483262
914287
336434
405466
658774
432299
242592
341929
441685
269752
870138
906641
233560
385197
140364
562513
67159
152398
474782
343013
822866
861938
723889
718841
317530
782022
447193
136632
40313
333418
678962
612547
846399
518457
816384
530302
376618
711590
420327
667332
69233
193217
867587
414842
129581
786329
547365
988673
77796
301436
810411
523909
616436
195546
562491
83827
221017
623688
207132
238087
911515
984672
728752
133763
419927
653509
500882
879867
826535
224004
446024
882317
553201
932310
566693
155631
544201
668418
613630
781217
434820
126431
406278
578497
581018
783159
940681
970045
972023
777864
419521
25186
285982
33124
375192
468244
165690
235768
77243
779287
693827
468265
470552
198665
682825
965594
50100
401266
36640
399946
224554
197428
13865
203611
597251
247965
216120
894317
146031
628763
648807
632361
650590
317135
265654
112282
272894
78394
427229
515829
194769
661908
183601
449145
75754
629691
861422
341873
362179
879944
396647
559255
689662
848510
521799
571859
653495
204892
582211
626464
699138
116434
499294
319823
281798
616720
359128
678950
207477
231801
86772
321248
300199
13622
584101
570648
40402
932583
858004
60480
587240
896117
798353
648843
731725
711427
934611
390443
613044
556547
721965
387444
950165
324837
836752
538016
353676
458281
618231
243692
520273
449430
75763
48415
324560
452355
337619
274090
493669
194514
606063
734315
440054
603197
933329
891916
367724
769032
937729
896712
934798
772502
74476
993806
711804
493208
984368
589182
113030
942496
748615
201616
942951
125971
660621
86932
316065
684541
393519
999379
688502
640831
438514
375573
143232
490595
439517
500156
129134
725968
136389
921934
903067
523673
977075
995920
88716
878767
945139
282189
783302
192887
583356
325430
224138
940279
565687
411427
989807
367849
68846
244023
646170
570674
886162
529634
620699
925036
47720
794817
337575
450975
235730
772512
336174
847567
29302
553503
892441
778415
506189
315378
972898
384691
694090
146242
937039
601475
224228
24113
576332
563467
641986
174267
838948
31023
265155
564343
978012
4316
187495
315389
719788
978618
703517
538530
497562
28734
126249
439839
154677
872347
552049
809616
404780
309912
103525
676504
824329
639869
579209
760993
168781
578279
2977
170433
456552
167227
507832
758392
11349
850871
277900
10518
12560
590244
690009
316730
827317
452584
837696
792628
742390
402488
975892
936524
284025
932970
848066
373532
611468
697064
848602
654488
467014
847552
455102
924398
932731
246553
651750
28744
192667
734145
510349
605807
906983
617889
77627
311753
523345
821586
972976
895427
653040
123784
185258
664201
339485
515244
576403
994226
520813
828168
422219
437690
275019
625756
154893
536679
735472
325517
153856
457164
461506
312637
669148
184683
531718
294710
173303
949941
648644
83199
942572
607598
895286
573969
591270
598124
183276
762915
514574
337534
737791
205090
723087
55978
624239
848701
670722
165646
901020
270108
313787
553895
362142
992176
640367
593328
791937
295653
563328
871394
866208
269237
821799
504730
402652
181590
437629
488601
278970
994643
466982
616485
381655
544505
585883
124044
552072
320168
212498
643656
282450
158153
38667
771390
921986
371166
376633
829729
632811
259252
709004
771060
569210
243190
760279
118508
212535
110748
416867
669875
678554
299840
53071
946889
689928
707985
345186
553797
989929
422688
430895
128954
542054
230808
717028
591668
71556
96395
452143
322210
805848
195879
573964
281613
606118
646407
577135
272582
161818
9509
757195
878367
917154
363950
757950
818447
92966
641262
662809
709433
855525
283627
371343
757190
956397
709837
368825
125358
93111
478778
753475
806550
912604
680896
541367
672660
15544
850348
603876
99662
200666
44087
482154
904448
709220
55392
957029
715228
985862
518357
195764
20811
254737
367307
644709
845074
801659
549549
584446
153552
290734
715888
662506
478115
565708
966981
362751
75371
774276
558632
360168
252710
353738
156822
206260
623354
188022
424795
336378
849362
390459
94025
585062
222111
338626
136901
974757
60928
682466
668987
609001
132285
74622
325361
826073
709868
827260
44857
945817
458038
587742
480576
862833
84788
266878
289796
685212
277875
561066
851427
868847
815190
798362
424590
154340
146907
786378
593308
772995
81974
891960
504315
601132
770649
750460
86977
999491
659861
699135
910625
592120
774234
628249
621817
316786
702874
917579
734151
640471
303692
825173
438396
604154
487437
551222
215337
412962
501344
492478
302038
443123
414742
682641
204978
782396
440713
304762
940900
993180
928258
341609
912319
106385
247418
930123
548309
53662
924926
878212
510434
665433
857451
733964
947497
498382
937945
722147
987229
883411
193749
298034
329781
98410
538694
731968
51938
663052
742832
411661
100253
627736
489367
23759
237657
839384
311803
667206
496344
41708
561858
743038
809242
144341
273012
439457
590384
639200
851168
50742
386542
249516
805851
508090
348862
721242
180264
740761
454289
543953
902771
370249
799729
308459
320376
671364
481011
667840
304129
538208
743368
937677
733580
107980
979250
416320
351243
553
71955
412386
638084
510082
444640
600033
456921
453098
455157
153849
73634
938929
749699
258367
258806
197954
742180
91978
690633
597532
966031
842494
713583
99819
373863
611894
830079
295938
124590
403085
545298
336696
490070
129482
81579
345564
366200
771045
809521
705557
121182
498490
237463
691291
132282
608137
162396
785292
632186
437736
663982
27052
983987
256838
215338
789436
953210
698972
186430
20405
216914
900018
397680
113825
291263
629450
484023
163927
234873
620205
631687
922577
509820
316113
705642
978027
286204
72484
936138
723003
956662
451576
876107
123591
885858
714827
262229
183079
818629
654385
304751
827320
784098
494432
487239
755386
409808
727000
542542
657671
829159
432493
853568
507121
374164
848946
421185
942518
695756
145732
663523
510690
270686
683376
877764
810626
90144
423042
976404
73728
539723
287659
724661
507936
629987
983694
627963
640342
684814
700327
79315
830593
773959
323224
696831
117192
801642
8850
969663
346512
595759
13084
199500
150423
344820
514883
851133
742384
846322
96287
17357
882971
898002
834109
669620
257216
196184
485934
963249
40712
558781
690923
179433
695192
965851
190819
298537
124523
27906
258787
443080
674443
761960
920737
398376
474668
268604
683366
826651
970405
561179
836693
880737
631436
970588
986843
563792
868652
889478
665077
861005
278822
54177
44697
503926
700129
137834
634114
989538
502959
611360
456283
757760
530622
745531
171463
46172
342839
801084
231947
272960
243766
331743
11801
624503
471463
831022
532730
521004
543801
18607
935894
286002
42306
64190
48803
493981
564143
730485
33896
485581
953766
677447
459181
520906
169210
12972
494401
141131
833802
906422
177511
801809
4919
393923
455199
895024
745855
805195
366860
155182
385403
278425
365127
391300
533297
372439
740607
528322
709207
66114
598986
765646
173221
72636
242445
900236
931541
177280
523972
715162
881850
405744
121647
115250
84602
523018
731546
609459
478058
377081
110983
748409
407108
843400
232505
103272
611847
954161
14239
677448
747308
665812
896668
313930
291712
490051
744559
493225
267171
872890
71236
585196
268379
683244
513750
67784
576021
702776
560639
774562
2874
100538
659485
969393
259498
394046
960803
892994
355288
137168
733881
927381
566466
934895
92945
114469
840651
602911
741320
232133
80502
950814
635188
645478
926209
286510
955280
68917
826332
713617
985729
510817
512260
709971
329348
720634
440001
883521
418359
122997
709944
913463
824513
712844
823214
409495
480926
493058
54426
71510
30986
288644
341028
154032
961225
155179
17856
450300
90769
567966
189154
120218
602773
696661
192605
688008
937648
183160
317212
171732
656042
514982
427963
176044
754921
821841
714179
51409
784438
195462
151104
623402
450603
497930
790209
727541
650231
403424
39020
900056
958222
297512
410747
531094
533935
850721
891543
581085
384915
440911
57359
915963
755055
709240
129205
40945
965478
446152
88725
875168
847887
829268
850067
39840
916254
782331
108192
959600
167665
984105
401689
226055
122489
180853
679100
421065
494723
634154
245447
255701
296866
269987
267055
845371
854459
977744
615545
192587
786285
799445
226233
303240
454171
476625
966501
117308
680023
578107
628117
657637
772460
448105
304090
20941
169928
547179
855736
578551
89028
525588
336449
386229
622930
56600
316175
226583
224130
414481
924701
314366
718321
332252
634307
337102
77902
285088
308236
117058
61834
908975
346741
71705
74844
532612
531205
71534
887918
814508
501251
697509
746855
214274
973657
916097
260437
363539
631747
778579
353911
442976
54708
862669
303077
514561
446213
776565
283037
680294
453210
157045
561515
201081
293332
236239
932212
767839
894956
764973
452831
709278
821938
528790
210079
67736
307683
685117
184673
658038
221024
811380
898895
735648
846161
122366
191679
182568
224789
967553
88508
458630
960100
575514
863983
391934
416900
210315
392169
177182
186724
98191
237455
306531
573657
757902
438882
383036
716530
579244
120937
106406
230970
166844
862910
868598
731337
573011
933299
969397
78151
49079
912863
214309
8639
269685
126536
878882
929819
383377
555374
871140
900354
418072
626866
639457
468555
925842
902689
712527
410332
911892
624354
595463
704227
514097
219895
969989
993904
987473
28467
816332
18350
179609
3257
417510
825917
973386
741036
81673
718829
548646
969208
669270
271256
699532
486460
711291
310108
461861
193683
456887
856499
196855
734398
304381
404209
512471
420655
136562
411866
292219
989108
535313
148190
164525
959807
474094
673203
91548
959950
909976
663372
41997
490299
714007
184123
652399
122082
945748
310880
988235
770090
499928
505485
185498
717042
536045
222200