857510
913691
484721
398595
611884
969881
792811
768446
98446
364889
162384
346879
533242
353461
110864
590194
21031
29913
218753
486636
583575
841751
83635
170327
809916
446952
905248
275447
687031
533504
188034
51928
667003
689484
375871
866582
381264
30539
585984
65545
741300
804294
91359
608843
735900
173742
814654
993959
719896
741328
746741
50079
835284
50103
340643
975834
894330
846046
49126
205096
539125
318928
218725
133940
358417
676254
409930
3077
303806
716540
819597
446064
324596
170297
771692
919134
186992
842394
162039
994806
307612
13074
744711
66918
859852
163935
417614
912915
770852
785411
537034
563611
855640
58846
533460
446019
970188
743397
693845
499650
3098
669057
613143
114537
241905
745350
861305
243117
193626
180046
617789
761427
407446
219634
958396
454518
226148
765092
476281
891768
242719
767724
334994
408835
390851
558141
891794
927227
541648
683123
847972
926914
472327
308588
719651
539495
891089
201856
101388
342188
49535
107166
691285
797554
397420
846148
406487
385155
392959
976218
64614
940796
537677
912108
752385
738133
815131
269187
506149
925838
266945
15646
984316
554424
411946
153362
736562
776734
464311
447227
888232
125902
301635
337310
374594
927623
234433
77725
978524
458240
534850
524117
956377
590035
695059
606552
432923
801285
723588
949506
6159
591986
359427
958138
359519
634265
913766
99271
303755
704642