863767
797528
608039
528843
65150
860409
518308
677002
540751
163436
426959
697541
62149
877554
853522
712600
627739
895710
331531
25811
113443
657155
337322
31020
220732
325424
808138
674557
599201
132056
342135
142940
771892
50632
689426
191092
23799
349493
941191
800558
727463
986558
902955
662856
674283
255932
498516
320042
856175
573552
692569
662699
799387
797883
342969
884998
990806
21744
597634
927135
156787
342605
936474
897359
155530
721270
725311
958975
26230
672595
196618
692113
301745
197004
101011
995740
36205
57777
883758
182258
125002
236686
132199
35267
401802
159302
212802
250405
685709
71360
470688
859912
421429
768848
99813
953432
806270
737020
808592
250751
330028
637340
703600
856589
467298
996380
393094
833196
856458
896999
172444
63469
675576
449672
295170
245418
82693
830611
756121
758247
526416
713371
717450
570999
452503
991934
693379
326584
433063
795760
876351
227209
27255
931151
535021
371630
745817
48240
243643
750312
336510
29266
812748
191493
233515
321293
182620
169318
421063
195354
213933
534618
150042
203999
264002
909579
916078
430573
672459
699455
858511
476018
796760
417639
271987
512846
35800
294837
235784
150938
358985
948735
460792
306104
218486
227468
329979
739908
363989
208376
765447
448023
2114
732931
993634
614442
946768
789384
499956
420137
892062
516617
465157
597321
706004
595812
757855
254241
691061
320991
121256
160478
86745
695150
536736
379002
699777
485584
872965
858801
438933
290221
836458
360661
704573
316141
927955
878726
36929
752170
578710
541756
162585
329308
891773
830550
595190
905955
445586
831754
244290
689279
430655
163370
65263
9754
984817
153512
643712
402807
968591
831538
749240
119673
579318
299459
316419
88975
141282
91553
14837
781194
128723
201426
555476
390152
979649
558290
147263
238731
540538
868002
65507
340523
45555
899476
123009
604734
378587
493347
945012
258603
992392
797312
340739
679728
266406
491362
737119
980154
273185
56160
594431
364694
893229
459108
958899
497892
968882
985183
823919
857210
720239
323405
769422
324402
959473
434865
427991
72746
734718
174490
686698
144670
910602
116299
175220
982526
849788
540666
513669
574625
798324
82162
997648
809359
797350
107828
883395
92111
944668
498276
202517
272848
611930
137788
83604
456686
786658
84663
887179
325385
53043
89288
70751
184662
851448
855007
592345
70335
563762
195624
833754
895784
660233
33409
478838
803813
613134
2782
517552
597962
533586
277376
563000
371467
520102
121984
966645
226453
520877
585909
795909
281669
106587
700559
598777
3912
926435
521630
21561
266523
777396
365047
768912
437703
155113
625838
99180
232085
874598
640434
33661
20895
849892
155402
724802
789225
404034
99429
976321
953326
544208
520397
737305
806510
481616
745690
502672
449164
301640
51398
944019
676534
97067
384902
767699
447357
65616
975320
751093
237090
42764
987620
143388
791379
691803
728733
133764
538599
105334
297773
887761
194690
885830
987539
731687
899194
867669
190741
425287
558299
518997
41928
104481
938869
718998
534917
398854
456851
44640
395514
432654
534103
920698
560649
903434
859635
987792
717562
199050
884357
825477
990473
561604
402925
730805
527208
635988
131855
597599
434545
351087
780056
67586
238578
973240
226060
31798
805182
344462
65645
249114
445722
772008
974239
318550
754405
771198
40356
492872
576249
880060
469536
853342
388400
62170
832630
178874
292592
793170
337954
437613
762812
786823
443767
204925
269796
458030
495643
469005
912750
643118
972783
223787
228734
801784
357922
968594
421445
910443
607439
734887
353668
523343
691421
542757
781440
25621
697849
253244
473048
931634
550754
627312
52225
192188
479075
28259
632471
865944
991142
611618
568236
183091
259119
35020
938684
983509
498373
690266
701108
746962
138710
210801
803562
949511
327516
540030
930091
278124
579300
159377
966952
314635
191797
169725
724548
660487
385667
795843
927290
115344
993040
540642
992425
445488
919539
654573
658902
482021
535075
805203
98608
774238
610648
832989
744897
790156
411525
261497
707071
704018
81600
793778
304549
139700
509380
371356
950725
849298
452998
498240
344081
197777
819757
439625
682868
497419
645197
593394
409762
689887
497258
802280
814142
609109
743114
625520
672206
74760
359330
621052
988915
363974
740490
502785
820805
188036
267034
632215
104981
161137
230017
679604
397173
889892
78627
447196
430484
235160
855730
785408
446536
1810
117371
252654
321988
297435
594077
670455
615948
67614
344962
7693
797579
863165
180065
91357
78261
723948
681995
485863
468922
174121
244895
508970
910742
715347
166874
759606
586165
877318
981495
721307
807246
839049
894561
974799
199609
869758
404342
304129
252855
354725
926581
513058
692040
969422
519997
81867
539883
644253
613688
889447
185642
322636
974752
101546
254165
156729
22589
983264
577375
707993
995789
832340
110515
923833
408146
449547
206751
146970
692274
563441
266285
180737
922454
408965
409899
481406
32766
222886
491913
877693
2198
763742
463818
827995
65379
89998
827370
117468
125707
737280
674750
69946
197078
124097
603416
803771
881098
485125
614551
795973
598525
882146
956576
35842
536927
874950
758979
346767
50881
247973
216721
34348
556748
783190
31816
879106
800972
445740
796189
633745
748981
506002
8705
607759
241223
60306
459330
626267
993511
132197
784629
635348
480763
37144
101393
492694
736407
975807
758933
30312
124110
884468
415656
305052
694177
415936
841792
63135
823852
550227
77709
836414
458964
741555
836029
761000
423707
696614
325788
162939
946086
848901
998199
191013
758396
344764
66082
293323
875333
889127
32841
132163
426709
112277
881901
610808
727414
213869
23791
46172
104196
516239
575625
162912
866978
216380
56491
507391
211862
64383
122333
84027
773603
915888
535166
501893
7299
107059
164022
686049
572158
382836
448810
255928
414642
672662
423317
2198
303958
352663
89852
503892
159759
759173
665587
819172
630099
625774
979439
355966
27092
804474
88364
482810
908396
101362
3227
175579
304543
308093
266976
12398
835321
542735
11581
126860
732812
827031
35304
308800
94351
421813
388106
302219
525606
818330
930558
491539
702125
440428
340406
590238
277106
51037
80989
650019
993834
576119
916974
693997
823116
560227
665442
544014
439227
750041
4125
960024
372288
365725
323645
38603
730656
464674
806882
927994
473835
428206
146160
308684
834560
8967
567706
761364
638139
565304
122882
98252
947796
78586
526996
969068
676657
300414
179006
569573
550221
908922
379251
78459
77529
866812
177362
527418
994935
268504
728804
169636
983304
839781
516029
53517
327585
910487
299036
431308
587182
119373
200125
836390
276144
329859
898978
148372
14176
236482
516691
731699
602566
924038
401199
781346
3612
204868
691565
338295
257724
904499
234895
47805
959358
391806
157166
625103
31040
557097
148084
166004
184204
130000
310069
894004
636207
698743
242807
670818
364784
43429
887311
613874
424420
428081
537248
462164
623459