879322
545797
379621
471839
70153
556468
622813
560877
917837
162603
650354
595331
552225
342754
925935
275636
202479
424603
110458
273032
560815
416603
6853
168449
485415
334405
306461
859657
934928
120148
289376
853817
561625
249972
468172
334408
686533
325118
626162
544334
534895
792399
424137
226676
828014
463235
418206
680379
818515
410835
345321
462885
278927
784009
649724
828675
424562
995995
925460
53788
425806
600940
569874
678711
130362
925531
583299
660870
114162
328325
430299
236143
874012
49438
259457
399991
971557
594727
444548
792973
332682
818636
909099
921713
53235
542686
514345
773119
40121
489704
473583
539420
862216
826352
177116
830396
706464
351308
23952
629645