39147
324237
288935
388251
508799
932718
6922
19021
162821
795236
718970
582074
444389
548172
180598
507095
66907
362042
578542
629736
590135
519446
612818
197035
462973
533712
496454
573861
216620
361473
570930
610694
452572
98656
141621
421115
29952
684253
618105
393553
5772
279389
514209
40193
519856
386963
933472
902492
68993
418488
457699
947860
210745
685862
914990
243300
594325
539734
297477
920989
567069
588788
256704
150990
668096
46172
538946
154256
129821
303092
633475
985259
220894
137574
121160
937064
251071
611192
137076
461301
737581
692809
763961
821038
650825
570346
413927
602510
780619
353814
839269
745073
468803
980176
363069
605765
264891
512024
410384
459725
471161
309001
15531
438801
220513
330834
585970
388646
669302
952527
825913
304341
649473
859651
642418
424107
5898
700660
848896
810205
153027
78051
500202
329109
646917
925991
970027
895645
162673
588389
409830
85095
481657
542382
590774
713654
318071
30453
52644
53485
890491
286507
121842
318002
225570
809273
527444
87295
830049
786137
949374
957957
311777
818258
607192
317693
931781
766350
651919
648652
103751
569881
140421
79121
866944
482808
290728
11855
158662
234660
701088
215410
261999
545378
985442
574848
638708
678912
742754
513117
88945
736430
321957
956666
370953
350710
548468
421404
838055
878361
288620
623301
585631
90888
245171
493505
184370
14460
767365
488718
297200
662706
149932
123368
521912
222406
973454
165425
853659
273387
165216
878650
77215
965381
425977
257521
374688
969891
516353
85735
478096
356572
171976
544635
862110
72133
432243
775528
343221
60172
484497
841193
469851
668148
680395
781189
320250
340333
678714
503226
861244
263951
432595
892042
198607
336307
601661
517724
957384
677294
614979
644369
322659
413995
829157
800677
845865
898148
882377
887741
649322
433469
248975
613779
496746
945853
441282
674362
556504
527657
725226
204368
913785
841791
215038
603584
481572
810636
990774
756593
506150
682026
532607
214991
550725
310938
10440
937332
177634
756794
721786
216626
325176
108258
956228
480191
106881
938081
860563
914046
857079
460943
896673
924070
150903
698831
63205
40209
572098
352420
673320
874659
403742
660716
193336
366869
475546
553468
844853
693597
745966
824154
328136
77500
861888
288273
455476
628131
198083
772661
554436
219971
319994
29427
721956
186096
579483
365076
287436
372529
76430
536206
213079
244902
839124
845575
875314
47318
527109
136039
970928
286165
111922
644184
571193
590158
173673
828765
727395
668851
470102
63756
573785
935038
170566
832937
874039
332514
862215
455009
929912
610963
217516
796320
222983
52527
731245
486223
988209
894407
761770
570093
24636
619854
645968
190217
82769
150749
355221
523354
436180
231585
205341
761083
533652
780706
396926
853061
927710
753840
721953
721483
735148
546988
292287
993964
19195
255920
187723
943449
506490
161372
313839
309668
102430
361918
569838
801088
814162
725341
241640
63259
957580
17379
226492
698197
80123
774884
361927
555739
381597
435727
991115
51365
827948
190768
704300
560328
327736
426975
76755
254840
356304
674441
119605
191902
843098
491224
965294
733714
204674
288770
734791
123317
715919
890603
583575
418158
272913
759800
100549
519935
169911
204273
662443
686915
742525
224978
19222
22918
367234
500015
617578
430465
360055
336961
968866
627376
772148
547792
851382
8530
121253
85183
252309
473213
578849
691503
999634
469339
821723
92369
404379
112197
889393
640716
330083
487034
675426
380167