805546
696415
37417
814130
409469
151248
623860
274422
566744
966539
361346
487610
987927
62163
38393
615418
496491
443211
239410
691950
842449
478804
158192
469270
261812
582270
431365
875528
180500
717662
895690
350126
926037
674783
208253
10331
615231
443135
336036
444202
785461
373438
492893
295999
218128
571442
117252
420453
758680
702200
562170
411351
88798
361861
761304
494362
511673
652378
636720
125383
173915
426326
468860
393063
990735
311205
816934
587894
2577
528598
968627
284234
575690
856267
378381
826509
68006
620041
400043
999206
897428
940655
898143
3191
684953
4868
922108
949183
211281
565417
744609
525407
475844
421421
896231
372921
274017
767103
779491
494708
800986
169470
61272
98588
320923
688621
946940
320487
820840
557634
889381
70674
491922
155549
610960
863146
554453
211862
927118
11239
316241
782255
86540
684275
817955
252777
854269
481672
26400
469234
153766
568630
600557
180155
733445
728708
10814
952872
726175
368238
76649
249057
740453
508365
3814
705414
469826
412821
560678
850175
916420
401336
232140
42545
160036
314215
357004
374732
260852
987128
122015
673601
749860
694947
646752
473681
148016
334374
421958
510529
220778
757513
222399
322794
585375
19516
782757
434476
708073
782428
904607
832258
660433
52756
404631
844785
98206
832416
684115
462747
398590
458605
47858
850224
267472
71196
678469
305604
396364
515366
596232
495227
5520
476186
872124
287520
660743
880897
516194
222677
385464
854690
580502
311845
828777
408289
896005
420405
367213
749506
356684
798042
642129
481035
958702
899268
642207
949256
342130
570455
746509
513640
274647
915930
942854
725765
60341
816520
410066
288705
132082
179460
510244
689611
474717
32490
264128
479361
271850
303425
41031
678128
930570
305484
596640
592438
735719
143487
506181
112841
538041
990671
930663
819600
930440
628514
888319
491311
479614
843686
819251
162464
256104
575998
433824
6524
555145
890454
460746
663834
637723
237527
787741
416014
129379
175862
356639
775251
921455
766503
243125
864963
211951
972528
730383
669570
855790
417560
553264
122171
471403
180222
292381
497602
187224
453893
292642
14297
540270
519149
47995
96974
306027
384381
14886
976194
768746
461532
208707
720068
429597
347520
26980
201755
562536
419966
117495
783842
298717
544639
691853
501838
577424
73747
293254
622988
198807
874207
886171
978693
306016
636978
282312
342851
161967
451126
111892
397357
112050
485378
840062
545134
712834
456332
232966
979892
341240
633660
339797
446869
620906
759643
576202
777676
229825
837162
429089
170656
587000
842960
118466
941669
223155
514859
740388
782428
790522
282631
15068
632181
784912
92332
507398
870006
287284
279377
603214
368499
953587
586223
849948
991549
54760
778609
246746
548952
198098
740039
849059
885091
462928
556826
294089
694172
265211
625370
439043
629500
73568
594931
222513
699454
670168
263261
875086
246846
2438
371474
268529
196540
620141
511579
793600
462143
965036
453508
599793
163798
560343
616942
634046
13882
677682
161795
493925
64399
916108
346180
123609
676041
744246
336958
164296
430508
812575
473307
650122
593067
863885
856852
786339
101042
469754
190596
889781
746687
742409
146904
152197
605291
365859
189219
952167
185095
203698
282958
321737
877793
44538
492268
81114
763494
862415
226156
571605
479457
951159
59752
337390
399842
85212
853978
256791
636218
561646
550893
739695
986146
652563
380337
708616
257531
985612
103721
656467
382384
1765
747135
763307
68983