104632
963675
89361
356258
740688
386723
78098
113280
611429
573605
373470
237614
866675
198223
452535
938394
194861
412673
104832
965774
196314
225480
831533
329527
443546
219253
118490
206288
620679
959834
943479
712816
241463
655136
38688
366764
964445
618824
614154
24362
692239
522108
823705
598851
586850
816145
585615
807380
343985
615260
775136
90786
987197
730158
878305
223847
87406
617261
44126
725693
525688
994448
447882
344614
737945
594102
61265
814006
604158
347044
656138
735069
162885
954073
747528
191957
530910
683600
242960
439076
608138
689234
426532
383246
552582
930805
693950
424219
67777
781492
235737
516800
277064
984428
741480
180077
306562
54385
271402
732914
831639
201547
188117
304847
123181
171664
738735
538262
971594
663967
498492
669119
37789
88438
92050
283464
969496
756721
536200
170631
276726
259808
665741
979214
181786
297731
224852
572729
214104
285093
875181
269142
18572
935634
969455
417522
602088
485045
113554
904444
552140
535635
7129
653080
324686
319646
764140
425603
886617
940919
895108
433310
384881
356995
292735
120793
684180
301225
483219
355005
452284
617125
412447
743317
678338
171212
138205
843194
782044
300444
697396
214202
190791
408575
108394
653605
605248
138269
416823
295667
789483
943002
529332
574613
658071
655411
584498
409879
520665
559664
236904
237614
772885
761863
732932
916516
941019
258125
181154
928349
974189
963225
584986
691268
888543
177335
862964
39959
613847
414726
142327
249037
218868
732911
517983
589920
10251
808706
983404
680698
615949
556462
546583
775872
878276
167773
604960
715125
983292
865258
241282
346573
602686
934272
164744
400719
861816
105104
829369
300325
829688
256686
732719
152643
651415
203145
193734
865586
903730
794501
925231
95416
403988
579959
917028
866854
411056
405692
862070
156926
311625
783606
889986
975614
38068
139621
83842
841741
225525
993245
224575
102977
777351
318313
474148
288587
366136
990909
673263
999552
2032
538256
669568
904644
759570
189982
15380
35541
66362
226488
476555
671153
614823
715846
687653
420581
439666
235163
928459
471412
353916
998259
824714
148192
869991
783628
189850
267928
522235
157661
850716
106301
702760
479735
749027
231890
321963
693303
189802
415297
568713
549285
425635
685188
18936
572205
659951
728886
898013
430136
361065
410743
824496
99621
667932
905525
987964
667689
593877
467550
608323
533312
857684
217183
292287
445262
262748
460247
396482
166679
373738
968285
738815
769239
549954
572522
198945
622016
78820
751333
135385
356494
972894
401866
588789
84232
660923
560053
469292
144725
409945
215569
233782
983223
633368
714136
627608
77033
756014
355589
378941
194449
633944
981982
973952
930466
302827
383703
670791
988050
289993
178597
55369
915314
175215
45601
177135
730799
373098
556564
450008
808547
350057
179685
193399
888921
281390
760668
407320
855644
460511
242962
692608
611578
940601
674807
752945
604058
360996
422208
809356
807223
648993
223851
621649
136376
674975
741104
163010
92590
250797
738246
67303
443561
178378
438670
906858
518903
216665
249888
871650
457658
22577
821361
149933
601509
966736
110558
71029
278419
224239
635991
915990
54212
85424
980779
880150
178292
505588
971307
595986
849306
84553
534270
463482
629946
798400
240449
713267
580455
517149
913304
189723
91929
304680
646166
23017
381222
855009
385477
415665
454689
611088
304914
724551
998732
390202
878680
695932
145594
289264
290439
308676
855430
281921
807280
267192
990249
941711
410609
377014
726972
483903
815864
308582
40139
478666
700917
858968
888274
817585
346144
672265
607319
843405
543844
375237
391139
902148
976487
953574
628126
440024
559223
94202
175942
975129
782482
810050
204748
200187
578321
30423
278987
569538
495411
809576
274214
708569
604034
102110
342460
317827
808932
87200
496906
92457
683393
310578
379806
597393
673995
799352
122804
532847
398510
790361
449327
450646
603926
755135
635509
339655
987288
360442
188135
933226
70142
455428
441468
837786
486642
944735
5689
536027
212165
62619
380879
581159
400925
155572
444241
578149
294713
634327
595920
711611
86818
234309
90772
315450
390641
591697
850042
891576
476919
781187
960101
331388
474124
646559
148642
822417
472631
501055
169308
835197
737143
172061
831160
66060
180140
3629
158094
284421
733093
665575
378757
295870
898311
607586
888074
83339
18070
959964
590125
960786
826531
621590
271448
634938
46354
404572
260844
430594
280775
595235
888697
223470
25389
909770
194970
439003
651746
170307
66028
817652
228099
757387
334569
844669
48207
233429
470436
497933
915706
358533
640227
474777
524497
11479
865556
813034
411396
75680
499374
171633
461781
68845
978021
620337
103132
79048
629897
445018
164596
450969
226940
889206
430086
807912
842510
902844
562287
149952
71863
177602
524625
198191
402736
485520
31219
848171
855022
379856
197206
881423
538108
844001
790101
22530
719540
733962
130935
626872
167641
650699
237909
780818
1876
364432
463202
974817
438473
818815
204764
651976
265558
62512
287566
689279
594792
10940
16127
101748
721401
373294
364667
156620
366058
894871
741627
191559
316728
127870
327859
404993
901086
914355
309369
300756
926535
980612
797453
393691
305583
663113
879305
674130
541973
699930
782566
657241
135583
347169
826856
593303
754122
829386
86888
16379
213899
947543
642492
190174
127367
513167
40900
57156
781804
688406
233492
472770
828458
111448
214393
647353
68754
636639
55722
175296
112585
397061
421837
609952
900520
502211
743138
464696
88628
239591
593040
644929
681269
107748
1866
922540
542325
230148
185182
152936
442774
339896
337498
52095
577872
738128
902619
440480
759047
808581
702515
684471
818949
950516
875958
765944
51417
67686
364769
990460
732747
536522
692776
144322
911674
339716
254235
895190
226069
340958
280372
62159
147890
688796
900415
657969
83214
15982
810406
927027
631138
147839
696024
11484
169374
537643
350742
367111
553668
695629
653466
793797
806756
480757
650724
874145
648048
817337
980002
565246
551931
493411
374203
174045
283027
178888
385912
70331
371255
884216
30031
79447
732343
367761
317198
119121
931815
86382
203873
886894
498367
595133
723263
790264
640850
739630
774263
318403
590633
148872
372051
237322
137468
912214
398694
13559
6604
201022
98359
157825
428255
951089
988298
939632
710297
293310
94151
545660
952500
192514
545034
104723
127772
437818
833862
568250
86314
236281
900438
574219
249978
674868
180642
963484
450667
128635
609706
94912
925362
114370
527218
211623
674779
389470
701450
878945
503006
296267
830457
54207
916314
195305
979590
494170
953137
28424
518050
915373
684095
157976
14389
851357
618615
155971
67779
442842
221916
288534
491899
508765
315161
871002
147356
714321
136127
460673
221828
641870
554969
834620
560983
865152
980076
669738
368456
960998
739408
704362
944775
461559
694245
430929
865031
11807
821492
984887
178283
407846
508580
878700
1740
115762
530518
756680
842281
63715
246429
695840
214316
366044
177309
609045
464533
115426
151359
142534
313286
574812
549582
598501
998057
271802
819249
592743
65089
571122
617797
853653
734796
591974
245206
286272
955794
186338
926459
931218
430478
248001
446475
221951
306293
614831
754111
274521
867559
253704
252774
192067
141489
905311
623231
630909
460733
137372
271862
843935
417303
485117
267070
814241
45724
667773
602951
423638
306113
65105
903709
986937
683837
443151
768029
163616
436565
190058
609108
285389
721026
891352
50037
321124
551168
32020
896439
200310
528501
947519
733065
882619
463356
169378
344819
408927
210062
184526
579914
670067
881037
248804
949839
659524
481900
659825
793638
640457
461437
375537
882094
779190
521176
942133
285633
631789
788581
93215
741449
382484
847047
948937
392893
983681
455205
820485
955127
710354
915030
574399
400692
395162
627561
521535
934567
851318
7246
181643
701050
520125
956003
771433
771362
110293
383327
184962
203293
305891
518229
442914
896779
599450
912166
380060
77606
312053
934662
100875
794656
882303
479657
609139
499672
766351
868169
954501
753848
94418
462231
700161
937837
87040
109051
781430
47492
938673
461450
278949
749150
502024
709124
510596
166096
377357
25670
895006
427033
447769
317138
543639
646336
68394
762233
925262
477066
40087
928419
93851
842581
809885
441339
528631
176853
81239
747769
788859
384104
903052
4429
70657
812759
345571
664613
621799
791211
156913
65243
780594
92842
308659
567294
804622
757165
965015
640764
999795
540575
915060
328041
882212
454356
202971
857582
192338
901891
136581
201360
51037
280098
398251
758108
837306
210204
982453
101101
554159
979378
996298
842777
93819
19691
55878
715326
634452
645689
624074
62948
710856
403434
42092
924559
768325
842503
758223
811940
130420
143373
458254
549173
119039
27781
518674
102123
436660
576258
725892
501135
119745
719159
941083
178549
10655
681906
593302
308549
763276
728185
456326
832679
897840
249856
824963
489611
681185
724547
436031
729426
61698
909638
644919
838556
106502
723431
393413
950767
811090
162140
168787
704704
901057
332367
417450
276450
95297
148307
402600
892936
472730
472641
980880
900664
826575
58740
312507
852239
28765
131613
534445
921835
658208
866371
521219
203576
483861
611162
367368
388634
849274
862463
36262
69236
78738
52942
63481
618835
813445
259169
619327
979003
15203
756965
742572
940619
366665
641946
316250
409487
659356
57575
121630
769954
784627
64471
213046
822654
656209
312628
573982
553954
798287
376702
807617
769694
863897
87176
649165
646078
482383
311216
797535
233873
818443
304057
491870
913237
8386
877319
717411
171264
331139
878710
748054
914221
627165
432406
782228
907874
131998
644743
223180
289402
288053
338222
274665
601972
22137
119121
565289
217366
883330
985557
497165
961471
472053
968273
532649
301256
977310
721678
417691
786966
660726
802014
696600
162944
773891
964181
5858
984151
377246
323241
346326
622358
37008
257698
320417
57191
518550
715581
688467
78224
408708
456611
559948
841592
15686
837121
914258
561242
319297
323
544837
524613
547224
404146
479721
278157
700874
475560
747747
200082
875064
966828
870847
849130
719172
434094
921582
219438
836182
856160
527629
625630
355320
489262
175392
473458
107233
282460
595229
82942
599567
780283
269285
231744
526221
682696
423566
479049
922324
186721
990875
961350
772558
692837
955661
481323
897973
967463
763858
130619
768282
133965
132188
908790
105282
233355
184333
243551
747435
990456
98446
365352