305889
291860
211738
319006
481912
487689
76493
825239
799342
116205
410389
557169
975279
949281
246258
88403
296927
219936
635089
485410
405060
35385
998965
528852
619456
813352
101780
709267
444475
979472
887806
466569
656863
305496
806712
284942
895357
371039
470439
602988
688653
918685
221096
265931
403346
679191
229820
67966
239196
444542
300897
861416
382695
185509
19452
772044
548257
195230
15985
464881
725129
385456
419669
825006
367411
696310
534907
202647
249896
812439
442603
959044
210282
97181
307825
243514
560468
459252
408785
757497
461152
699778
694680
907234
780355
209821
243725
687170
181811
360877
946119
195007
170632
526688
438296
24733
568768
553091
392103
319278
332957
894212
781852
912212
15401
476417
613492
670004
976410
216588
543092
444793
263248
403582
833209
93250
807994
425524
510574
610666
212569
530283
97944
41393
707421
235188
369100
459787
131371
866963
173312
488773
691584
329530
104446
207184
243759
427421
725620
27436
276678
162418
156265
43890
185743
755783
63882
199358
386034
438079
145890
457015
482616
790378
583657
54588
105066
584960
734515
823788
720408
264954
194569
723986
855477
701134
851605
452332
912607
704005
360630
813462
425917
692410
185524
970328
132482
672753
773197
507272
905230
316369
697774
201117
563891
25023
496125
992722
839956
497305
537363
970931
488682
323020
874503
304584
225760
266579
524646
418267
607326
839757
110654
922662
392612
357881
984793
583390
617356
910800
858631
550358
516274
270718
139861
621266
896559
407231
829146
691561
898368
575315
384367
436885
763077
709789
597374
731611
44262
300766
644787
140881
986640
749256
260112
149905
362461
388034
36893
610105
842578
571063
836540
417499
279617
771803
990363
586696
96527
417468
723906
747636
482768
523840
411788
557638
15502
844353
886834
688767
832297
488642
466883
315972
491416
955212
28336
877705
405773
988713
175235
456348
448695
538428
33584
679884
394081
8891
121348
122100
984632
809739
528762
870759
461290
151478
114732
117433
762025
548299
730343
464808
589838
887891
901463
14694
449819
470763
881953
303876
242585
904771
194576
114172
96416
40306
28646
290075
605813
952499
229012
533065
817677
234560
283334
196791
465712
539785
913173
692771
746489
499217
377824
251851
784314
458150
805173
108844
902396
791355
77096
336821
945443
791651
3974
407181
556656
270252
694628
103998
990369
658262
347024
275772
44915
195247
401449
622614
118151
278156
458123
41848
19619
456421
225570
872090
296015
94798
381408
566025
307167
123534
467593
645584
772625
105310
521643
832131
828620
713216
876268
55079
267977
11704
53563
953025
429901
759211
909225
552314
324500
349587
485200
59243
368010
542877
658033
642059
55026
745632
916636
970994
448298
108857
26632
377545
808197
513927
275523
803985
249752
790336
315011
722380
877457
172078
754138
891019
148736
53514
234824
796373
827386
180211
179434
423217
122258
364747
974865
854609
85704
613871
208686
884187
708414
882832
536296
350996
830629
860659
131280
915435
986551
467009
595436
583584
230493
966539
109040
620431
704624
450015
200523
816669
760476
627135
87452
775550
249569
768900
824901
529248
340787
345935
814360
426423
544514
112615
506927
595238
570004
419252
242392
116231
164429
467927
855084
309143
757264
695972
52929
160257
465984
698301
468341
706245
44064
777228
704427
495877
923608
339932
143634
361964
877657
789205
439969
700795
425623
304338
395167
267442
62965
864225
709406
939671
280319
651606
613960
675877