359376
499836
272495
892094
754369
711974
253989
183179
716691
744858
93443
598364
43783
95660
805990
329263
749159
869207
662822
488789
492012
947260
703304
422138
192319
56054
602185
697300
872604
723290
879386
264932
468371
812880
120044
821996
700073
317192
836833
757934
804891
331804
656610
734364
90946
127681
316814
839201
634194
369256
567183
346570
627452
954487
14345
419283
479604
604127
866668
172362
474124
711129
156137
258338
447487
707586
566338
885975
158219
685969
110009
554872
5749
360497
691178
306582
658224
320639
953653
490759
634328
660450
727123
794903
910809
220929
180362
53772
931373
157477
865787
62549
301122
173101
787097
725135
793593
673640
645876
13171