165842
199596
622126
350852
590958
809940
347298
569724
120042
930194
582818
707200
356494
364842
810838
583383
465090
70474
993430
116737
722418
252236
192408
372540
624650
255943
332868
192690
73441
528850
993636
890754
945970
297814
652279
503657
161284
33103
103141
733517
859436
679647
695564
58662
383337
848207
337912
998601
820589
497827
671474
574610
239035
197272
470383
544558
215339
482876
395497
970435
40075
529386
220364
793276
320416
564001
956550
688116
244106
485377
909377
441470
964741
697057
497197
999951
94539
189967
903734
352137
793815
707173
853205
931428
789637
975684
160962
855227
68758
577648
659719
40753
258319
242696
186672
292606
860160
860320
572191
374489
865506
768317
892924
947396
2394
847852
525641
942703
118234
147263
157459
417738
571495
349797
606852
835050
288949
938149
23254
794007
801582
739255
469538
142960
587281
384191
814551
101755
802999
430118
65478
311885
669169
591831
476313
700242
171214
655379
874276
120506
619577
170482
260115
514816
114110
358519
293315
100120
381677
258574
997166
693557
50967
194660
705790
807028
480246
539043
814722
94312
76073
733769
892286
480515
147932
544804
775004
910621
416070
813228
518529
827044
725196
674173
206843
5665
951491
877039
196566
327203
908819
442388
333966
314698
706358
442317
796510
572721
54368
612233
476215
552441
849017
714203
53900
424175
492869
354807
543818
749721
180581
533449
987621
244450
320759
196339
617358
824351
20184
620705
287489
93181
378761
449545
499706
58569
618543
267908
583623
22684
567924
136004
213305
284769
123724
783026
986100
959493
958354
633445
505510
915513
507984
661824
639636
407462
930781
31336
893072
426287
898913
247008
412039
422044
727157
239492
44279
776744
978725
848991
729277
404008
654487
758313
768268
454101
305669
948896
547258
330809
66661
496321
64948
184179
715627
210787
536466
594278
455204
816561
580805
187716
373251
288322
776365
88562
918073
225175
112519
692185
338365
729968
240132
932937
866539
105035
269621
242313
73481
117434
886881
643711
557476
897567
85305
74104
999385
208455
601955
918613
857391
461921
364786
546003
529186
610714
372599
169653
677307
83606
306481
885456
135514
336908
916831
916979
655894
503038
44278
257776
837627
467988
347759
711500
209650
708180
402680
717119
29950
834496
765450
930215
872418
33101
716186
786064
692257
336891
119849
232408
288989
344661
418678
924482
894625
813639
954132
945690
49082
848087
23574
779967
758976
583682
248550
409234
662578
959860
533557
489466
93503
970211
421260
285777
568673
657480
523777
18542
313828
393339
429510
933328
40709
16298
451100
543203
30965
77557
368101
317106
210493
431721
583062
746602
356475
43864
830795
146375
887818
479825
55284
915421
60736
904641
906221
460997
478800
736678
578348
287778
350096
939820
583891
737871
862742
889894
825318
12839
779451
418730
770198
696368
380353
978377
557948
577956
92945
966057
824737
494174
529501
142082
630330
650782
63780
232881
776817
631161
551251
599996
456478
838816
842953
939427
990100
83914
99443
849311
205400
947585
695382
613050
804909
879175
504236
510666
979723
678306
549989
814091
408494
546123
280526
927896
350730
902511
419727
99718
71707
11104
154831
177053
159963
95963
255218
709108
181837
502006
827586
409128
217591
417382
730539
833400
901548
336490
819168
588416
21127
938072
548316
737489
720628
622466
389187
602729
530088
830149
712999
766292
857457
298286
485606
529566
318119
218632
844208
996275
343618
343046