517396
215996
739348
608018
409893
762305
13696
941307
962166
364117
952084
726048
307874
242362
985519
559995
173074
684439
102594
934236
792073
465483
730239
96491
784015
641980
896012
261497
10988
102998
454947
835496
33170
210624
24279
158772
152485
838696
411005
638331
193492
127757
740070
42241
108693
314152
195065
157812
215171
62515
268695
977709
370455
833395
686866
71251
677730
951596
718085
822577
373984
205820
408973
772996
399412
6501
397060
391796
772387
356250
343598
217902
301502
146138
702010
464219
354709
581055
491680
857160
375257
858691
982148
695745
585158
579236
709362
857865
849091
746642
43508
755673
985165
637380
607034
47757
903670
258878
201822
252669