503578
965184
321723
461846
436136
556522
702571
874575
20668
39297
123851
446957
702310
768900
501221
332250
117104
77494
648795
203165
333536
315954
30391
259515
401370
335268
512352
387466
883170
527403
349993
814739
212158
858634
70596
714211
486393
962373
276372
18094
376388
578334
972832
495265
198968
674156
640227
392963
432247
206548
985280
276358
274608
595367
667474
583088
56832
846168
865570
863009
382198
171160
935154
579136
735855
616336
46454
930758
518240
515002
534306
441895
135090
231133
330590
722584
343176
143843
184983
360513
727196
205272
973551
329793
907207
127105
27860
491480
707423
24023
461934
20854
722554
231007
213298
693725
219793
335143
78932
175093
466433
113502
664217
824940
969258
208464
254410
333383
197050
140734
912068
339210
628484
343766
393453
186432
317258
187220
509249
560936
945050
53237
672714
884924
103827
542867
673262
504159
74569
357154
685282
194722
455486
675141
712061
466738
729489
140558
449255
669154
23027
117201
855344
509393
410707
337891
838909
274168
319772
55348
810205
375122
307284
719174
408057
668840
723813
760649
652586
886648
759417
115733
827173
248641
96190
47939
191825
724142
621065
782249
989945
779933
44566
899888
547549
987402
128046
977683
27235
32925
987105
964853
526763
863756
696435
49759
354688
855534
697811
850774
816234
160350
501318
174549
182176
565576
968483
790124
424410
880019
300983
448181
960773
287403
795976
134894
524432
222377
487223
564984
337444
470498
620031
823467
447024
969801
622682
656148
936546
373953
987010
181644
801457
858436
855381
724726
508247
462121
679697
394772
321500
982485
702655
370822
623566
183297
130221
518945
94861
96867
399955
967528
18114
52988
263191
315434
834608
165053
496748
318071
191139
131031
77781
73792
770628
655646
782920
536650
457486
928024
625517
61199
702171
17896
297414
723121
52248
592338
70568
492956
791704
662378
505767
613047
558852
194910
147024
257798
639023
843356
812047
137439
16007
444513
251825
330502
875495
187232
858244
493800
162762
936779
679131
329776
87195
283328
501934
563978
263144
215763
385630
270642
990580
382516
276181
34424
345771
116605
125004
919954
80432
300571
343654
969309
814546
929174
188986
425330
433182
893566
254766
359201
77390
288756
713918
681741
222303
314834
202332
481060
426240
190328
590002
813176
856550
690932
893059
707711
767997
235917
619119
80996
579576
886508
687701
970183
446537
734824
481042
539288
529965
501420
663592
123915
234847
81543
505275
264056
333868
146000
260661
189139
474086
78836
537480
687939
844210
540510
2643
219169
386173
57985
495262
919502
741963
129157
399360
841905
94383
237708
608992
803980
983959
269279
24152
293818
245183
229178
400565
252231
178950
736752
170779
178603
209886
825212
152454
873317
140188
652902
178347
561649
872111
952142
963196
288293
72749
416409
438539
774638
48521
149109
347654
878049
506657
967434
834464
183552
613364
190334
564433
534412
925873
52581
245683
483009
74858
742980
426829
284083
560935
341056
546669
210947
494103
975976
504558
305278
778594
846300
181466
20050
761370
528280
502952
729581
485007
752929
528166
821748
859713
680010
246962
549788
763760
797667
372450
464105
87760
664511
849476
922689
425625
64801
899839
978668
438778
619203
629208
747499
234797
569346
289041
163569
369510
179881
174635
268162
249765
34008
143757
961511
994987
524752
790717
350155
793545
27358
978506
617782
221651
411106
3084
267491
917044
977660
808067
514239
227675
176466
790429
310337
153875
717631
141076
124960
549809
472091
384371
601142
480742
425635
929784
316655
732148
664901
660629
815789
746046
218315
336593
11964
338359
71009
528140
672429
352189
723076
218527
681553
355902
778313
677537
218964
870360
825992
29191
243507
680255
153699
131171
819419
810903
112758
856717
157920
118178
136861
16543
159894
399763
701660
113753
614608
429377
500143
352421
3635
6263
803631
184758
519349
639976
280030
20170
123191
745280
36175
79118
124221
596373
395637
361248
276614
789372
271942
933935
945612
837177
300491
151998
169114
342094
168263
520648
449861
741492
212545
222206
869256
264616
617904
919276
76224
624220
808643
351737
311872
850382
596874
833549
601362
358006
478660
365197
299659
206809
64262
531521
27914
417147
79236
664983
954637
979313
987967
894209
513519
398164
428107
15353
53506
458898
521276
558372
927493
376222
487916
317268
406914
608520
146732
498984
430279
324263
672773
122318
621694
779698
457641
990825
22763
820654
281851
76685
668290
373634
666360
978727
451235
971046
26368
905146
576627
416698
717893
799172
403160
275443
17743
424063
664272
328240
424041
49347
580207
689770
213740
6857
180979
615242
718565
141706
781765
63061
100390
345733
278287
296322
951974
222048
643188
227117
239381
240614
311921
695396
78465
118063
595854
609117
817054
173213
336320
145482
177653
797378
837150
165573
20396
441375
445886
67878
347694
821128
521324
508980
140726
117859
564678
558840
146429
672079
986103
146093
87102
212193
941262
594899
240162
992201
661626
841187
537486
960979
673892
826780
471877
855497
425961
448380
992698
526519
334835
925450
37686
36807
986739
712656
112994
420106
821628
174503
744882
953815
49023
629802
199022
495502
336863
370956
697758
87926
188144
943238
689618
66692
924305
594024
774347
777021
426147
56465
83273
970738
629605
954298
591282
328426
267182
191276
505500
221278
426566
798162
566839
297630
991841
998185
829274
902481
797880
129235
176872
66713
568325
627403
90911
24981
1756
196276
856125
243456
337697
19338
367951
545463
885482
224953
377943
290263
774450
938444
49369
789765
756406
898302
700930
164423
890287
791725
708918
76047
229613
919980
998453
776280
794189
59511
426216
84521
186391
3138
572878
677431
309814
483114
504254
905640
900180
862157
848856
997041
225426
321525
68556
917600
781345
723503
619910
954742
594752
713338
673461
290220
628498
676955
209015
575574
805211
892429
146339
83813
946711
443286
392882
385351
970615
686005
541706
386665
614201
91832
943337
499996
402786
202794
620586
105429
456667
66728
44215
249359
257189
843989
578508
777419
189563
709795
702115
77623
805955
877778
995522
864429
274288
431862
740701
462162
181367
751408
283624
584927
733483
581567
619006
964540
337655
26223
588071
450184
46840
340335
295881
166518
391861
743040
474286
546769
425339
40650
72878
960863
72793
314185
909689
519524
239925
495844
218499
938430
613706
949214
386252
594605
587263
274277
273355
878133
786852
448200
462839
493660
640075
285382
695345
348750
309825
528001
166417
762273
168872
810578
78219
780082
762610
8502
380093
408750
931324
633573
643033
493293
382213
225667
42090
380920
289993
900912
772740
95979
681150
130106
178957
388278
268138
187890
219681
837437
897951
518876
904743
291872
424661
661055
732014
780437
661538
8157
834882
295856
193944
708733
796753
89604
467259
685092
916917
842340
236573
855522
470878
728003
802712
976712
89309
925625
863784
147639
301839
773158
706274
345555
7460
71089
718165
989015
424203
776490
33788
75395
518780
318094
302428
578480
641761
593192
193216
921923
154658
558292
189071
592768
89484
478111
466247
954678
991069
463946
823448
821208
924014
951085
732703
489004
195069
219321
195133
726044
936470
936214
796052
220074
776222
143723
755358
886849
247868
699835
595049
657446
152292
644076
376627
93453
882754
824740
494750
618504
294719
620300
374863
250267
204850
169462
614185
514410
696102
585179
284898
121939
220228
695421
890110
490713
381661
346859
196784
396085
85398
42595
127690
906705
304497
422097
121436
368847
500468
137334
519089
954947
274680
927076
33570
680450
509711
851366
129685
25554
193491
430012
629846
921600
685639
93507
915600
20305
240621
584883
846631
146768
613860
57795
460021
352006
747258
520423
445216
778312
651286
150457
219349
483946
914427
769526
897059
465490
309498
139423
913398
376551
608119
958719
931694
546279
802005
755981
444635
519704
719681
378727
606935
90454
235352
867838
997185
697547
809590
402129
299857
91389
948316
308434
439069
325186
316861
705892
27815
863822
209701
165702
996128
719277
428679
217673
292862
733580
45665
683837
243765
320113
830862
277482
676948
551115
478440
667962
101951
845091
627735
420084
713157
494002
620283
533027
77725
357645
872690
166677
673986
116668
244358
729151
302184
611944
689398
709118
278425
665458
355487
238776
465201
215968
397767
174945
262322
191794
95814
515354
913605
952659
918418
8179
976974
404523
372261
410705
405162
442897
765133
438379
578952
222366
209424
311726
163745
94173
395961
274561
120341
489566
805059
582434
359844
824233
239649
846959
891269
261008
425128
975041
931302
863326
398234
692339
397633
586795
595664
606720
768728
159633
814403
157194
546765
57593
940919
789495
921568
839566
435780
890870
511429
975764
331522
598880
541345
842193
853584
222457
341153
860713
81857
462485
678583
482440
427492
590807
572402
752888
760495
993109
591545
183698
272968
440024
776357
325649
468975
227711
124920
127618
263498
153602
607037
886103
615694
852884
543036
272603
951048
457058
590298
494017
948038
730361
648715
845077
718436
250564
581046
233875
542390
709170
312548
146646
346127
558134
771747
106345
149356
658280
654333
605690
292864
91273
132816
578093
633309
96868
154826
547340
656124
158607
831171
699867
525737
117457
429303
811785
267918
71133
383326
303875
909913
66685
133994
590755
114317
895306
602781
912839
318051
555671
90756
674108
612890
248622
667475
837784
324834
682802
987550
618406
460001
382564
705010
836668
619103
974465
813390
356457
452565
286535
33473
637515
619597
551128
645345
533373
827893
801464
258213
833709
727110
811569
909408
275787
24844
682582
97051
880733
321937
202660
686477
980143
320746
844739
983353
567336
701277
204716
384164
966136
799341
959782
584242
675374
285700
307881
869085
964198
538237
181731
316624
83872
568971
211736
469094
276267
272713
514660
596986
164543
923358
837596
503082
77035
715596
354835
856557
976931
289750
243448
504398
763771
787788
175773
389701
319089
537588
469714
84784
566372
35927
111792
226035
738851
347429
771378
309865
731937
274373
592253
432901
303876
578365
517440
97738
257180
27835
81782
349091
777265
522942
890376
197728
128437
589284
861200
581261
534424
490192
518329
75121
305082
190647
737730
835936
877884
788040
729313
729789
846767
284598
640964
223760
764334
652323
403378
471744
496904
115114
360016
374509
791253
549001
227968
565484
5802
125418
417316
295264
669543
916556
290944
699185
305389
114514
489598
668844
844973
595176
47819
670071
555612
222286
427742
572783
305986
601731
435672
744736
285490
696014
942022
139232
7892
279339
876676
931848
814174
612433
234429
786384
713953
798876
635405
404102
81216
210780
677575
829803
402427
699449
603986
493738
188457
27649
94894
62646
42244
562192
949845
192255
666590
754523
275452
447632
818866
536153
270456
655368
524437
973838
829950
743538
370764
418101
743043
482180
471799
464201
16322
720817
616810
449904
304988
876459
917852
438341
857753
200184
830136
313152
710732
383408
21521
475332
710165
839569
342131
721285
883712
701502
753812
706389
90187
779035
487850
985545
515589
848125
511062
296652
401106
844178
55613
231168
443915
721741
450808
442700
4034
241739
792289
524742
47715
225863
492878
33534
827958
949366
57946
238821
282304
168961
164318
614233
750154
479965
269631
264014
707961
980040
4449
500890
644828
927073
749050
541725
946821
188260
503873
184650
60622
386242
72196
61271
440509
110937
568281
45949
473282
893461
433772
373612
387613
838690
260600
480079
42524
789453
396817
600119
105090
994934
522333
706854
434116
200500
880803
562555
474796
643461
940923
931253
974624
914352
884709
501413
173438
416954
984310
262388
586526
232321
763502
629198
401145
996791
492452
186282
453799
179071
992162
658680
343812
273565
584525
220454
279020
352285
342013
474318
671974
860100
759531
106367
847389
146282
152648
616934
923913
178108
110698
918552
803693
91853
708129
946815
909497
861844
920232
93088
780431
569350
363383
470213
481379
252497
777718
2443
812603
314290
595980
526538
530198
557299
740052
256156
199145
927429
954993
747980
968452
980789
720120
976029
146068
793678
952652
573108
747969
737100
923336
612067
612279
492408
624788
115090
45506
798181
547674
281420
273427
560197
46355
273572
252448
668200
943291
244226
819303
350931
142947
489741
839250
705273
787301
409462
607094
514073
917233
456095
11829
832499
184134
356839
344964
166184
710525
302548
831047
748269
957055
757851
632281
851947
173911
431758
749287
50231
805474
247778
49276
491689
767587
857436
918423
331355
608307
315416
796536
746112
395285
257142
858938
746142
682280
972642
456025
549161
103030
70013
825365
551294
85289
827757
287344
464056
882460
1470
248529
307507
696271
499763
814475
991771
28213
246318
809847
203823
432808
715575
63613
594264
984188
825772
812850
615584
317297
255749
826331
568337
51202
893635
200464
393707
426778
110005
305468
823873
162406
592103
308993
88560
910598
413799
408952
591869
195805
771893
837974
845514
30983
599878
30250
806773
991978
904949
53506
26701
770469
173767
423406
196850
503782
402777
564636
719624
898456
764328
977186
146071
94265
913853
692763
627011
836041
356979
709096
416035
475422
117734
938712
66687
126229
696698
701410
836715
783843
233797
692047
945210
249737
371994
931893
704865
16102
473011
215453
558058
362022
727418
688902
999441
457240
956084
445315
979583
874206
419915
9151
882336
360061
534582
259041
465379
376980
901191
952842
993678
924714
397137
804283
52923
702816
515251
745940
276466
822981
923077
135927
661092
722824
805151
206923
384258
873992
332481
481309
285048
635784
154786
253088
268682
956158
994200
50581
347977
707978
77856
628614
205873
343428
7051
644524
459490
749806
115782
941424
316153
466761
204804
90126
227531
125187
552074
213270
192894
396941
927254
829197
138755
307787
990509
51824
904563
251493
461824
788248
753349
27131
423162
16057
807466
292981
762089
683460
949702
149432
680262
675501
637706
9716
82530
363846
692210
658970
72431
900490
213720
826987
126377
283383
340916
392620
34143
515026
501617
871094
323362
517454
929900
586153
620617
316039
485387
332353
224029
695593
540856
533824
859240
467886
760889
899723
756437
604740
617134
613521
92100
203788
1894
277542
735405
911423
407645
102958
65774
770155
175510
775540
833074
622619
236305
14234
268480
170517
767722
588075
537693
572605
542990
997068
981087
876759
639578
871250
171600
405610
844498
439085
919355
26751
777082
20033
711254
739849
4821
997653
403275
943262
90295
930916
363173
693411
142345
511825
969108
87303
24409
488312
319261
931558
510939
697568
457568
670861
79489
917836
574727
889053
522610
477616
840073
267912
769833
189185
933400
523961
13869
436965
960557
794320
695977
986570
190253
714187
137063
299219
658232
405760
271149
940204
520335
383622
215604
150654
672031
428916
423809
979774
354734
518913
491811
113632
172833
742795
13128
188010
338087
565427
36731
697059
724742
716197
235710
891818
338368
31029
671615
127138
628577
159717
256699
848907
976872
852355
343532
567724
190160
373615
542896
474348
131002
76602
608696
145409
856568
423147
98921
338112
59256
515739
598162
969234
845067
2624
780811
938695
736913
60230
558502
689284
858819
95769
418773
981784
868445
395904
830168
401965
453350
410915
124576
802906
576413
151661
266821
478101
763522
538956
379873
458630
899774
5461
787207
403958
689775
414405
953635
325414
853396
290723
889136
449725
36882
425281
705104
435929
927777
431584
19531
907910
892758
371187
72295
987916
553485
411644
535583
233442
962994
612115
652420
76033
456556
546757
14253
621396
63783
80025
792732
211275
542909
27950
407791
888591
208705
313536
648639
287312
76967
882633
294041
5690
911507
259460
949143
835909
370813
935308
397466
468780
226749
738404
768677
948085
896120
745360
789017
783087
263527
112736
338569
612410
405185
849932
985657
744384
284869
651643
824248
810562
199526
858142
14423
511949
254866
387385
915269
361227
516129
645250
570760
959861
485207
735714
762394
447590
31189
465688
581406
64715
907043
627453
230717
436151
5522
484642
355042
641875
754449
918421
206734
462130
404495
124355
642328
257219
895751
481591
129413
506720
444269
32768
496064
978499
74355
802225
387382
96792
465976
592834
637904
239085
601230
408724
58318
839877
505190
719698
107197
200268
511450
37619
197780
917734
40855
821723
944113
119009
210085
157409
840043
870536
710933
818668
424595
748441
318982
295542
588236
59662
493459
427571
77060
143831
737181
527562
754702
114025
475824
831490
499358
10608
51988
128888
135968
873184
524147
744396
475445
810537
183841
819932
228043
500937
841229
938984
604887
379771
37443
119893
30706
104973
708508
63757
711565
775695
318915
158403
327059
602151
901284
13908
296474
93442
267699
254089
606532
899493
978773
447225
696120
748706
393583
28556
618872
409765
478602
499354
87648
834350
317344
201585
466234
305241
274886
947829
763904
720473
854773
246818
983087
399875
363510
875566
585668
323846
577194
835337
488918
963257
725235
496966
751247
30541
51395
223443
864520
990433
719487
537956
661696
598709
180047
605231
672505
10230
875397
904336
341296
242231
700455
344652
592695
705345
88794
838514
207152
689537
202797
192285
33000
713887
33984
420183
464397
488880
339664
915480
964110
187265
891872
789804
924430
708116
130564
738226
744516
7271
446733
827200
706097
289967
530124
975780
226559
595748
505093
154502
928947
614454
203570
947369
25935
272605
305968
926160
964423
569102
744842
754493
214045
667465
257953
645140
868891
510799
949109
646943
445293
766833
466642
902443
370904
967300
742809
38479
866203
193713
110698
920844
401568
631785
202667
648400
987679
722869
938040
630293
40592
474411
713767
577319
204362
646332
840566
756354
252541
397803
433427
499289
456201
417048
542152
914867
956409
83130
578626
189360
158239
808812
657724
33962
340172
958942
420045
513847
653356
396908
65994
314122
647740
910155
825305
301433
57194
747808
722771
289945
417224
142187
964565
511813
588779
712288
680932
151614
455718
681686
39482
911084
536350
697880
875889
273347
388554
650906
817739
9921
706314
536646
155996
522323
590688
900467
251860
314775
478735
936503
274989
277948
276367
203859
892589
710342
928873
50829
667480
807918
130613
490011
552310
979878
707566
604219
412988
774138
857775
524704
550490
164818
445197
397894
408224
630932
875024
269350
801614
227494
20622
713989
51510
98065
15014
290920
327504
553409
73110
388450
769626
604201
912378
959309
83946
616835
55330
366551
282962
597429
15822
662260
627054
67599
734408
794353
361740
481457
269854
324905
668857
54474
220219
124944
967396
667707
277217
723116
684722
872858
617798
946404
797
839954
401864
289137
736905
940903
955917
921329
79717
852695
866363
717082
262394
620572
306833
954059
56851
740942
987872
397310
281417
857894
819498
609306
759210
250398
484501
600870
217478
808052
805580
135447
712597
109900
341427
914634
476680
916341
946244
891149
698539
656324
347723
250263
956915
476316
899002
364696
202474
507792
159146
906987
921588
755167
542703
311465
628028
779870
354262
325463
754753
344691
489917
823295
226807
38717
267856
943900
405339
242129
837724
17454
823254
322144
602705
1134
397389
842676
705817
964060
999107
545433
807759
122996
378732
870552
789085
39230
231695
574494
967479
375749
909782
527100
610158
269087
830389
678024
604466
770987
421365
899360
230567
630298
371932
937102
766754
507363
437755
857927
667712
803034
966804
794446
687587
967963
859045
717558
15242
228896
342997
889540
454604
952371
526778
209715
180657
15741
293573
889233
836077
508220
654731
189638
810618
576851
773744
940020
565329
241467
385266
284858
626436
21015
846991
512531
169979
480550
25108
8668
901705
658194
857092
892467
263466
362149
114593
482043
594267
900251
718234
323259
770326
463314
190096
849702
726505
539806
171654
798069
658546
227577
13670
422193
796921
810199
156458
660237
859754
938904
194477
830447
307245
34519
464847
25103
692516
302687
969534
116472
537984
923774
40168
516908
816448
181105
499834
140709
232968
978046
939923
137269
729626
363937
783626
785870
42355
241374
135320
12638
361220
543541
217124
278675
491083
945524
610026
756156
842574
854438
768775
722255
837428
337769
632739
37063
350400
399262
361403
111846
734635
391801
709193
905304
255196
552695
757459
425912
14406
496816
961613
385963
805214
728514
479212
40618
122808
619565
275913
171550
284861
889341
983725
438692
102795
655330
244287
708848
548393
52251
288327
256845
292197
79249
59230
988354
150220
339200
335604
78545
129350
997392
843518
139225
911691
195522
585722
855579
527494
983109
408608
53209
860100
219625
116839
720026
597977
715051
585968
375243
437584
254702
543635
828480
496332
479243
850053
507415
963967
423999
105635
470269
892998
2179
927261
372554
362400
380089
751170
889864
685834
240578
169763
246609
30392
548716
307431
306710
329393
735497
24427
322428
284360
751259
634195
676768
222258
292907
737074
921467
532361
651640
931218
457185
479772
487821
951840
786084
258160
287852
287415
539093
149336
973158
440455
426
460268
293132
244578
255675
743529
36672
88419
720231
748837
509348
903867
548948
752045
224052
128409
777427
115965
904880
898933
250849
242331
565809
784826
268233
820816
697501
283214
210343
448900
505334
56383
627657
503349
657420
63499
58862
324051
72211
80268
113840
926012
549519
91198
76669
875663
80236
71470
430465
59759
541098
308801
995744
24406
695861
286751
177247
277907
701138
413562
433506
131041
692278
810558
557072
565350
63729
901847
886162
666821
710343
468570
94139
505952
49503
51345
159554
843437
459925
934566
763946
454900
472490
457258
80450
273378
404507
409411
352136
795789
676687
6192
436137
222085
327785
252731
386020
339987
383486
955834
982028
421777
825568
353025
855788
49573
751257
311719
3269
715483
283956
566835
10546
158751
180916
725476
22445
537812
767080
753562
784170
758995
630422
623396
629281
705539
300117
92775
94633
888529
392887
810727
604736
457996
688162
775925
646503
670880
961856
373621
201130
78894
847692
220491
442173
594884
533133
780258
864578
764734
493024
778776
436008
679800
357101
966410
556781
656366
590396
662455
973955
592243
226720
140371
86609
568586
115345
40363
907856
932901
504536
462063
241302
194615
880995
951393
161072
133368
694200
47577
981671
400117
192838
472690
983013
192401
970199
778773
690162
224924
84322
719520
551959
981197
441534
262834
502307
111327
322160
456853
274571
150086
230885
727241
188332
93837
481723
912745
472301
381838
906681
880444
947840
936269
215648
770523
956935
808113
962329
39546
170643
728735
840909
924628
815239
886900
11732
32375
523483
640095
213893
514921
76029
871706
966828
672182
888401
456899
89753
381847
579417
638619
139093
64833
781232
164314
864624
270471
811761
369644
890486
802668
494837
790156
527360
758729
428600
20348
582182
71191
717981
439326
796434
999450
336520
771698
954351
901227
603625
925357
432641
392544
508697
27698
763663
823705
798556
840879
405051
830186
104518
135575
624178
613600
631227
902007
827326
367986
701263
390264
104696
468294
617164
147376
995483
564700
473937
301284
374197
160091
915351
909150
831927
2614
356559
57383
652395
322619
847015
641634
613764
491832
885676
531205
865553
121162
14922
137204
695180
110787
649070
48636
665615
40183
776844
537640
142758
285796
980860
649924
266175
115003
925696
663404
677310
683215
700129
697295
204333
673433
80630
45382
702993
59301
269894
627723
650648
528285
940485
286359
322030
868784
123451
290908
729966
836639
57282
231964
838325
569764
673262
469028
981395
939775
146311
311273
614299
892318
429105
329981
758426
276072
695725
857838
523940
781990
314488
738684
573577
812814
963857
8564
111271
543662
781656
85357
125785
626546
380434
891934
996301
560402
150537
518491
195636
256410
430672
234538
416082
639383
675365
933446
2997
887323
629039
764080
406402
76270
882022
777516
540907
565201
120593
155423
398588
514159
411179
538883
412309
981667
706271
211652
299378
800
175987
396090
291110
236481
397377
959300
699687
881198
98463
974781
287170
315111
796768
167838
630959
739056
457780
183280
699903
112601
702250
846636
985266
566249
193558
75632
471973
85735
2702
133664
287656
491588
170510
836887
913838
605096
929659
827657
195549
359895
399685
18359
445254
486976
747173
281485
53550
395298
500422
123803
544139
612700
267328
849646
128522
816271
322367
553931
2637
461617
983618
251911
339954
788593
888383
611846
317646
354690
231332
99086
312314
239431
159289
143239
875907
144025
854114
600977
977093
823096
67648
816130
513106
15691
726710
292603
214347
238037
527880
226853
717265
489207
807840
437837
838486
881756
526379
316570
883789
328708
893536
419559
451264
667888
353249
75137
781439
712871
924154
278654
495606
545444
40454
91640
834584
414237
310832
1509
985464
568431
472279
157460
960182
325035
931723
653510
226006
695223
433204
439143
557996
449698
1555
851176
1523
752712
676831
996794
178238
64670
410001
717480
183494
266907
269564
13073
442785
941444
382419
752449
870036
849682
535183
281452
579839
96257
602536
955206
729975
52343
62976
285377
783281
915407
350559
7908
986777
814594
645785
203717
903810
870386
939404
95843
773688
642322
91526
285282
943026
926004
261763
697059
832804
284720
84179
604352
570992
594478
923738
331169
462844
327249
234674
52350
480991
555648
152363
849969
588980
152402
438962
438326
558481
679638
934031
630147
664594
825020
446856
848702
913806
562659
930275
121311
6828
409087
390409
46116
620558
80422
11974
17259
189354
197816
701037
471919
429498
509993
785689
264161
709130
603117
969486
422306
308350
740029
284315
383190
830733
302438
521274
59194
388867
681176
959305
135087
379698
258068
289452
939228
719261
856784
777591
502662
248736
605207
922666
789254
680701
135565
492170
855965
965637
344528
263581
656990
368224
619643
184385
425993
328185
61508
502953
214968
309512
615749
25909
407155
129213
717208
890029
800542
643142
624859
244827
183826
610557
763155
693570
960072
22833
361772
90110
267953
899472
422814
930681
674148
555950
352620
545415
990767
565492
23174
379616
786830
911463
184847
135223
105722
768084
430457
390395
45592
448150
732427
931113
388370
867075
670340
683404
101123
544185
452634
186963
166988
138240
244379
634445
211908
698716
731381
689027
635148
272306
182353
407793
526016
809812
510553
872483
582793
139627
163034
597673
262479
547392
911237
593014
81612
227623
948624
284571
15868
175112
978938
78043
212656
79947
688875
826154
61506
912288
567865
638663
375075
279528
464775
495027
671568
767619
236744
186381
176547
818999
417633
479435
447750
893113
9965
718039
752002
673372
615514
251715
52533
380883
247664
960747
898914
724772
489778
488550
464419
711596
692253
870888
62969
82057
47693
748471
11780
814631
774271
314696
294350
167082
714353
608886
695425
973173
174758
168926
955001
113813
15686
558553
631156
513102
721249
227351
791590
153151
731860
174100
262698
972276
947012
29946
885586
504648
533895
366292
214175
786677
362467
301417
985484
279226
68206
842685
531525
725608
961428
727520
134965
902792
385527
501105
106301
34476
189489
965491
871808
671505
547957
754377
689627
73646
623763
831057
461746
441627
498842
482843
689125
249569
270551
559749
810850
119706
464508
31732
341588
276613
212317
534769
48634
299304
367379
560221
707282
548066
305091
146514
302003
498252
135481
433048
836858
376267
379117
508737
190556
183350
734504
938402
172955
327326
168192
412142
38868
936574
597247
833776
116661
14848
832098
593829
793675
33130
705853
674035
461241
954595
290108
308938
552581
764646
874116
19030
343628
168386
207799
323038
715862
300171
637399
519036
713860
431265
86914
94457
654694
443994
703451
722500
619305
554575
459081
718351
308013
488192
508313
204295
644661
577765
169535
93294
729144
376018
475834
816086
213396
143173
829333
159868
477666
80463
326025
55614
220708
475165
263232
31482
859163
219555
529716
325
286326
551460
871926
831301
827044
219680
7563
214508
185034
483034
12273
755729
613200
285956
137983
968812
401622
344841
517546
803694
510597
9783
484260
509307
22208
409544
860062
733189
668472
418123
943790
556742
420702
760052
939020
356122
40564
605244
986807
736310
558269
633590
666549
402185
354387
696304
597879
359661
981911
612866
572570
140810
878402
902198
385098
399880
152474
725651
635265
609518
585345
184328
678317
597660
283752
591090
754224
958433
593120
84682
223169
987898
250705
207086
280688
364840
974275
539274
419398
347884
148698
364259
588490
100386
741023
523712
91297
802232
294136
376693
586573
20361
436346
832525
235990
636634
894741
426835
700806
412783
800430
828029
528077
744203
684170
429430
474949
233731
70757
918087
599312
157630
700195
70177
298078
493388
24990
835145
320011
620319
218910
505248
831077
564202
215270
856206
926859
6164
214379
821771
381616
140057
160160
795914
387967
789950
25772
438530
978585
481582
137789
242106
140662
906934
972463
925753
203738
373572
759813
229614
912978
951118
784137
206382
667364
125387
541375
1649
500063
584813
43085
928405
33457
209595
810083
169147
811878
271420
148741
467023
292861
249231
558774
848870
139177
409624
978179
986816
146529
151189
537961
576172
46180
10446
981731
459147
379213
529643
991125
466284
84942
37151
914766
79255
20556
530498
81597
792165
922903
468797
276084
668044
535108
390750
862865
929401
206889
953548
408526
496790
94837
145812
671399
857515
831785
828577
526244
122592
115127
714187
819586
541473
422645
888198
99586
184218
619582
166267
36621
231970
723558
312180
167938
897012
836375
410544
770654
326487
979277
152278
729543
306912
404394
391047
389493
925070
590838
179660
941629
661267
409207
76206
126268
254450
200169
590245
201052
593539
591515
735336
247046
774996
929958
393059
440676
213930
321290
428807
687761
379749
853030
55227
849760
849729
894292
686192
738054
583288
654303
882770
282469
75845
712866
994266
205173
610372
401342
484544
623377
294198
324791
342414
240476
683808
473644
208144
487182
42258
67697
702504
206495
285317
781962
809917
752462
814622
305415
719636
673230
9679
206583
969143
342350
938717
203146
770129
83363
510332
869639
840540
963989
543510
381222
349489
284227
102314
331467
986686
14323
893201
58399
883478
583226
262365
78349
644451
211268
396954
333142
922934
811009
260534
180946
154111
410285
856893
120580
122264
147130
216316
812760
86203
33243
234695
905339
199380
532335
368535
147479
660722
744648
133515
984298
895383
272408
431823
601794
846574
454776
993498
786839
379164
665364
728081
497732
741103
349685
816649
600420
783539
761132
13738
114693
102115
472088
710446
482380
844349
662933
84297
199333
720046
533569
760675
444516
589485
742700
501952
986237
579300
234651
340673
741852
978312
927545
872644
289058
248585
127259
988198
98814
297765
975150
937256
7779
26776
415168
890223
506859
678190
558503
559781
156680
111992
519954
737918
30626
601053
735274
747861
418003
340296
39012
197172
851003
175999
979302
167859
949952
730708
729875
412087
763301
240564
994869
759580
232134
125660
366342
747437
483437
393516
247579
596752
118677
156756
470190
918399
389625
886506
771526
667056
772119
577950
545733
51159
230342
384773
800078
255489
274097
10193
564048
178337
300143
639074
936500
978152
326144
785973
570591
649421
256615
538746
889316
515820
959839
958468
926729
914763
72891
10202
266484
961655
397789
16618
802803
561165
922642
99549
493669
215188
834249
801158
112583
389192
14894
946804
959903
32114
535144
477030
532926
629042
270827
934878
248438
587807
504058
184654
99161
172293
847549
661039
277161
778381
778490
203953
99553
897658
418803
106573
921439
207375
479965
711478
753708
229071
219000
119213
391210
164316
883855
385396
615449
871937
243022
275610
951429
258187
6971
635765
174224
856658
891923
369646
307543
660757
194050
120246
146692
622083
789693
361111
405936
132950
596352
36965
641138
752730
195167
793491
838409
833740
768907
950241
748706
168093
251172
136307
945670
742934
852021
954174
237538
76053
387984
906331
428404
406261
904519
624318
881808
884812
424964
79488
377549
600717
414726
82263
426510
264270
724985
52712
976304
871077
296880
622515
770253
742571
398785
100909
59947
835682
685693
155947
581573
852531
965194
945018
290227
955792
368735
26827
583672
905848
251484
819979
353192
42456
633348
659089
977332
512463
658968
228785
546452
668362
593361
622446
263055
788942
346297
363084
382378
733461
733734
400194
821547
362319
639444
989710
483656
286217
304798
271203
128369
578219
238617
6974
112759
135708
606413
176598
773783
862464
885329
936946
189991
660833
341186
208276
151900
61739
287647
830867
256054
426577
523844
966726
234056
121550
570689
338012
342120
367942
432407
438217
70575
419531
219598
731419
822061
727035
810422
360043
628076
800198
439288
501870
495455
744717
871447
557803
734248
171622
473609
352711
412227
721532
822060
20348
419986
179347
217575
470696
542917
576490
540766
341826
317605
613497
548817
92647
484350
677466
911506
143314
886439
543940
592865
164395
265007
536306
869222
259254
403686
292386
147593
414316
982853
279033
910193
616167
771899
517955
892504
543734
215893
201817
140232
834193
210376
948699
173300
881894
978590
273821
528373
58961
855547
275999
987104
261611
675531
534259
762880
669689
4043
283267
348341
858758
970800
285035
175080
975179
102199
264002
328169
626506
752458
797174
86696
300090
99020
363669
376589
127324
818754
882344
727028
416556
875101
161466
195720
540403
978280
770358
146363
660729
647178
575918
419423
142808
181177
620536
38884
451820
821052
655859
415599
107879
220314
272871
658899
311425
874468
774731
551278
176972
787292
266336
80291
945829
647553
921658
11055
91526
675128
167262
335978
551929
808600
894919
123996
132903
995858
697091
521338
288143
595196
952954
51772
462930
896760
313231
190236
536554
543749
640991
578540
963323
773282
178791
8148
679106
566810
645570
965223
802666
782449
933775
607330
882429
886761
553649
113536
953656
772657
340144
855613
92663
523819
872253
707813
507663
956760
956690
120791
777018
630435
746680
850779
969325
99207
586338
813725
912966
853149
254135
638982
948385
473478
765229
919606
148234
876657
773008
485472
310604
473225
625507
703425
622184
475198
646557
623102
112482
279599
499092
120217
160949
298673
204280
770447
794278
503359
651829
222098
278389
268862
620732
820254
364464
390059
15964
418106
50723
768739
673610
80333
865514
948302
574335
292955
739239
776873
28224
589146
920014
926639
658233
114485
594717
622500
224067
859292
388457
94526
348229
327302
439188
509296
893558
319556
791835
718420
127872
391427
390668
800500
388928
580382
151316
484404
88682
254110
672502
615648
12810
941135
972632
639566
28901
834432
403960
193200
588094
56342
469372
896888
347508
558541
964326
821800
925193
635085
92326
614197
580093
490533
957129
145943
204760
86118
539600
426096
745543
925662
969179
372886
795550
688304
893380
107839
668348
431693
552969
773832
406924
979153
508641
47074
24488
923772
763119
136537
485784
823755
862932
260674
225591
369778
545503
843265
466806
272249
649632
125108
962298
196208
783066
538816
193057
721168
911190
256630
201186
420208
151572
488033
482706
792032
998621
934254
801091
756134
628916
556024
968967
738259
823786
727216
305490
753344
970449
160422
318333
825322
424392
481398
373479
980520
305525
627537
199734
321093
955858
238567
858491
815934
638494
343406
569460
168345
289651
25106
540139
933983
992823
840185
495867
404665
604652
173490
210034
727395
109859
715257
918546
428111
550030
261993
709746
680664
48498
671039
845890
99553
662715
544070
101740
20362
121385
321893
239701
957902
576233
148161
697794
472956
204158
635664
962776
380496
854174
592251
270140
490350
721689
549871
876569
287290
156788
462721
790079
733462
754068
713915
66664
305145
414358
651976
246359
484009
360636
451895
582874
621397
68289
463023
205422
526225
20941
864176
937857
540782
100484
610497
713810
976053
964792
508604
133428
880832
216191
643954
565234
175414
705120
887100
996557
625697
743015
994975
88353
564654
106072
767515
510118
664256
860416
339921
77393
371249
627110
724302
83290
73510
712545
214712
267609
287885
339779
923091
674122
993974
350515
563953
758063
293963
629849
482292
954645
678253
769970
367233
14190
616493
815811
864003
439901
288484
789994
22233
584785
255664
892495
434077
393737
321291
285818
501778
922997
71177
915647
731753
622269
876782
338516
982448
555099
812585
458307
89048
855395
641329
620090
65057
695523
888507
440576
856676
557285
396757
222210
133949
769489
295074
610443
70674
960239
767026
906643
582917
831371
631166
329262
873650
99441
624893
353573
114661
444056
678565
287266
699867
277467
607745
291652
600563
267170
588331
73811
772530
486751
978023
176781
453743
622324
99164
494559
85473
1394
447536
644719
186243
265853
87358
685078
84065
81547
394423
610667
320963
971787
319186
615355
492403
474466
948913
919508
213803
442768
755346
987392
25184
22322
681838
865232
566693
888992
31474
734862
497982
34422
929431
989716
575874
842608
691680
580538
997163
536239
62063
680362
545086
295320
951557
270160
481553
978268
432405
624366
179902
309906
750211
696652
806179
722175
35838
217036
782610
736248
746550
149532
732444
215391
876476
646788
300469
259849
215734
195231
134020
844800
366523
178918
791754
71588
622481
671016
365036
758764
449088
755414
627230
932106
200786
345594
396078
625965
73962
718216
899306
398752
779007
543245
649648
819343
466611
14596
513040
812714
18196
989384
714079
799394
625966
576355
967323
689297
491274
267396
271542
910774
895432
137295
699649
695709
917332
252239
588150
320285
189576
657031
297890
267899
926302
562982
221421
504045
47632
702104
251015
360441
181326
786233
351985
158811
544164
276197
806788
489797
247594
153316
897375
649023
226782
66266
914544
329501
61581
901039
126838
562858
329292
333932
994031
650729
342185
785864
550107
609831
276931
771215
651160
229497
692662
61486
827308
444056
257454
431197
650274
807189
4765
146729
287691
313722
306503
807965
695845
859903
124090
485772
606042
67814
650780
544318
350751
922292
126045
690549
466493
399180
888971
845082
98989
531305
756547
144713
280347
50359
785797
936054
814285
6543
840545
479162
632861
943566
72014
233214
645730
401232
645338
789058
216045
884366
565755
182667
857903
400913
587011
803879
121464
27346
158258
141534
787930
865457
11429
839479
794220
559373
569325
181860
208042
711558
426043
958347
287418
618061
288631
554289
672393
599140
315887
394565
836244
655479
26092
570439
519491
641303
703201
898067
657135
140495
585277
955598
640645
343205
806943
531820
151490
519471
205545
582939
405918
343374
533101
942607
885189
414476
292549
427371
210624
853134
941247
104137
799027
669493
217460
292966
287551
153495
908794
161901
994887
486805
578351
639134
650512
821593
879414
13979
126146
811951
615742
173839
823691
812924
908478
893563
727907
296927
561725
902110
674858
90530
388557
295105
465901
685596
774360
145756
288135
936999
127442
774440
542628
640890
3470
410050
278561
124194
871725
922105
272527
949538
809520
984116
749847
459683
549103
409731
861047
886105
131043
653312
620970
676661
16989
419425
664678
882624
405722
507486
675135
419675
692141
772025
9257
192336
482012
183727
44507
40084
11592
703033
289614
852763
127043
103167
104548
364184
120262
875290
29670
629456
208058
851012
685670
778010
621108
262559
220099
287477
894910
332446
180811
837510
180816
492564
551803
976684
563742
946455
151841
359234
271819
179024
924514
140400
661179
457443
635416
776110
160390
589749
354195
917399
436808
18334
365441
149029
210773
474989
410920
359567
993930
282258
457679
535484
7550
665964
382589
737826
196760
602032
372441
104384
139898
837810
98480
799668
346651
212307
873686
112378
977843
381960
467939
920129
878543
691267
958623
51755
205892
732672
971384
636642
757440
313517
986287
160274
994940
310774
225427
480006
138125
844013
965222
733922
353242
491667
957660
821435
137896
468037
945409
5390
465105
999366
145658
148452
353108
98917
314339
984640
212998
719179
953752
471233
254629
404707
323408
421211
283852
564390
297251
669484
79683
533826
305260
188414
923630
825318
277193
378712
108646
482349
175743
372225
892389
621860
41019
989906
301019
965818
875379
576886
602205
769475
167915
861186
204541
320808
432468
30507
126196
901231
622414
609448
714556
71843
63310
777317
865659
731104
757339
355680
607513
415997
97331
566692
167730
379798
45898
550688
6183
79988
946162
324708
535183
753628
161942
821751
472907
451761
321696
342551
531448
349894
774331
180942
100605
274308
193906
942061
377923
49332
509431
420008
982469
761514
637312
585037
272701
512975
947916
87331
921086
303177
221956
944027
473376
171209
969020
400821
590549
721328
797208
688818
279834
934751
629643
240689
899146
759578
826683
924713
277260
612247
695489
478402
812269
40297
322892
772752
968392
370244
487781
31597
385314
863212
575885
114161
137234
551039
624258
752080
453405
602523
458401
862801
821984
345453
902565
450343
361574
872919
515341
182190
140442
693181
677788
708163
157718
666477
632826
683136
644313
697256
584056
735955
283032
219345
688945
772538
847595
898097
349771
236829
691304
105317
873693
267847
126989
118309
175403
729922
805718
538865
971596
385935
993263
275674
903853
873855
352580
948330
334766
887921
601076
666737
441385
361320
257315
529837
806996
349448
285358
125653
575036
263598
251066
452674
482225
313129
704357
594618
421825
560920
291038
201179
542300
3616
543569
596961
719639
252682
297978
936340
968524
390584
926939
262289
407902
354562
830729
757938
373466
102898
280480