471564
1767
115385
188334
664578
598577
423189
60948
233480
565110
436023
748447
637843
951636
862817
565717
889476
903759
475471
627547
69947
540036
135269
904512
463964
98987
776945
477611
332324
548419
433240
638141
286634
889986
86800
910018
947702
463235
121700
33618
70496
655880
413420
443398
600798
560893
643984
795978
192131
285981
258054
661007
556295
817352
586148
574071
646807
567194
52725
269051
81760
993066
59744
56759
401120
967481
90410
997351
723168
897192
813171
725907
115811
944289
482608
533764
530678
84962
731761
582577
461417
156845
929474
933756
582325
492133
636752
412841
499415
211227
337676
196546
403276
760407
543310
409605
851510
817123
571116
949224