779673
785097
633658
952433
344893
788989
247674
381359
526526
776690
275763
765399
700288
680692
508585
812892
405687
922519
681832
732716
591014
371849
643354
496415
825219
437265
532920
194361
921079
425382
769181
105692
753985
321262
617718
947341
718394
910674
851478
667425
168307
226362
172774
123267
773882
967146
367418
60325
941564
601208
575486
796417
140100
412841
383887
539467
115170
719272
152102
773237
957286
203618
304367
409566
403851
518081
693624
981528
547122
670018
210117
410772
551619
737781
262016
13869
163192
804433
853581
235725
676021
13105
499260
308416
597711
532207
54296
899731
846829
985307
957148
835240
997580
203737
48773
946393
978908
500500
715459
529863
274632
392355
484873
905854
514131
723574
915715
963846
633757
442172
24807
859657
964166
372821
648613
102876
126377
277231
426744
878700
289673
959
595998
702790
169738
718750
277028
244162
131606
810942
627995
208973
701344
327559
563559
64594
355333
729298
932597
358789
146766
743681
454732
301388
368018
358905
821565
551625
296377
608701
877685
166856
910747
344744
467249
980034
491526
945350
110096
121356
345887
961424
380292
21471
684959
293059
275810
602244
817407
764252
315738
123740
309807
233522
367744
429641
587583
993135
460552
190845
943009
930028
871249
178333
686661
56617
458456
151953
856100
957158
717709
186155
609881
973920
563970
895217
73705
651883
710848
665417
549347
117928
177844
418176
946851
141028
246343
817398
277936
535566
191755
957738
160325
158802
63185
698654
802477
479510
872087
166951
334599
61200
864222
956819
943657
618050
289050
990902
359521
269459
510339
807635
25111
730955
934025
767140
503502
116203
750948
824327
821193
693095
571017
106053
49226
327873
570936
267263
708214
591683
287858
261111
406932
50521
88777
828728
301812
538889
333519
755619
825708
805455
2096
858008
141246
404505
556572
239549
87829
908891
726684
76654
598958
458256
458054
313345
183764
163471
118988
873140
78595
597510
743534
184182
993390
970837
908752
466382
683932
598473
563174
875564
734637
500723
439691
686475
105019
211364
84529
480895
797404
302088
842739
210208
186947
65309
531847
918035
504774
709198
95631
803442
712186
492720
74126
699927
832698
397784
494007
238282
201671
107414
494369
843908
9929
168467
664664
378528
616500
229123
391501
858525
845446
426758
933165
363730
435628
707361
787151
799151
226052
90579
903238
386987
268350
953495
216726
586319
791708
548342
397124
495007
902744
335621
257862
74976
122212
778626
162074
110283
210316
795143
946611
912268
195192
363497
970253
680631
120205
403504
917474
934920
553396
998450
605493
374421
878194
520142
288203
811986
972470
484610
401593
792065
937074
233258
640153
921012
822177
828246
669462
694656
473126
861638
480871
15744
222293
642052
190297
397507