864365
457129
643330
326620
989546
38018
38878
526638
703270
869561
266660
710049
681653
13172
591852
717016
723681
648778
425392
875223
263242
632065
812542
44418
168551
86561
379018
828622
406762
87156
160155
507015
305922
911965
551782
160508
863226
983507
886328
629386
939519
161016
770508
700164
530942
198682
234364
200444
244780
769605
509717
200817
56927
564994
243267
77844
46170
28337
121067
339000
17638
975806
849112
596247
296539
56643
18956
142459
672062
872890
162424
143440
100932
990557
820424
2179
101301
72988
673493
918806
271340
38586
872062
593411
375482
237509
97361
98570
776555
538672
102306
811289
529248
320591
268798
913175
146139
221166
560826
532046