143684
881213
280143
614614
74932
87244
150080
407208
179384
986546
510339
898239
142492
880821
371835
91987
805839
819990
283246
220813
635882
601708
688729
941303
9745
949596
152926
751555
741042
455671
839641
844661
397611
727664
907600
687917
982152
619576
257416
868949
452906
329464
480244
629283
545987
860267
635913
664203
882237
197781
930477
581701
188474
54691
542093
330038
153206
116192
463566
162302
48841
576530
902683
999133
544905
274095
884637
591746
132045
385535
283081
318578
608716
715215
194898
293265
776483
750991
54400
199824
657077
783177
425049
316084
152813
853118
824635
871679
48607
615199
334411
214525
570636
788197
317192
382380
44548
797645
301625
87177
614182
486004
966533
99763
245699
940298
98273
815678
556961
386038
67811
340823
683227
117126
413494
158799
774693
790481
752422
757062
477678
434860
475867
752053
264222
394949
75171
933015
422527
361439
683688
600885
670392
508522
275457
595341
34611
946686
523683
691166
152608
812340
349752
844179
924179
82913
259016
643593
833225
768624
903572
39871
541320
306267
133954
655705
400676
421574
412914
895249
141853
488888
679342
239354
32294
185334
335424
557938
568001
671550
285406
278244
402757
906653
825665
737975
916482
406765
164756
319063
572411
242927
722375
131550
565265
690049
981442
333726
117185
235900
72887
35150
911108
537068
988432
129102
882389
737580
74760
946456
855183
831838
657622
48261
811828
280069
227779
905913
78090
368703
341852
481645
61791
420770
224004
803799
750638
863153
972897
128568
350746
199994
136246
90818
395351
733008
303889
236067
500648
621665
842779
304562
883970
908787
122765
72565
695824
434943
673346
580429
904464
956010
676711
651134
695259
987804
510798
956831
533249
847551
101666
257946
345490
575510
716853
649249
947322
810935
9141
478318
600068
994471
743230
612340
376511
296208
507209
914855
2302
432417
230017
747877
506808
743298
377654
817984
700688
103859
874667
927913
302256
504448
604425
286714
57230
777827
513335
773471
773713
541366
823937
514146
798668
900883
457461
679954
709992
936138
304589
376208
734945
524926
569926
142198
488999
84380
55375
916772
107876
926649
227421
434856
311197
372295
616731
355017
582578
400692
320767
441905
539967
664928
754872
496436
845861
310968
233731
465409
900643
183668
451869
96228
888093
782953
192659
987125
584895
128843
11701
234977
956219
437827
149929
190610
784878
801129
727067
264318
67040
753183
916754
319753
442858
234377
27038
280408
854450
846764
915310
999731
818002
740898
743998
941462
698455
588663
958957
843221
699749
568676
249580
949801
346232
666021
269202
701851
512965
248953
498253
25355
637695
421878
841716
440733
656181
426758
771319
564929
901464
391426
618360
334366
462491
205609
766706
315355
177843
738237
487639
268874
679294
340410
691385
534896
116352
375732
672542
960693
443208
907148
436406
911141
200369
90638
651688
475552
891396
280106
660104
290980
150971
355277
383206
252597
342432
205404
467904
353575
159316
796621
765143
553416
64684
893793
765598
7724
657910
669570
845839
131093
728665
4277
829145
586367
843162
222075
483572
106950
749627
351242
847700
653557
182206
307875
638907
879276
692359
244688
83689
779245
75295
610044
552879
264195
960661
579502
652770
301519
93759
245667
420010
997552
454430
340808
613114
898446
202591
480273
92890
991492
574142
265401
891871
403432
552261
750614
444989
923767
594547
555352
964595
323426
569207
169054
556260
382127
954971
505268
769030
576014
627774
960877
56051
826745
171194
633050
561693
104710
690788
760484
720351
148044
323121
768715
947374
598832
916917
353467
677294
690379
843719
143944
560225
903609
649793
465799
358842
702145
151012
929288
523344
299932
421528
885619
654574
220388
559248
989886
83783
597722
881548
83976
496326
678292
295736
90773
875204
196033
967794
783207
474643
467290
976617
875253
853175
138535
966369
734538
248948
887531
735378
867325
894083
945198
478320
50057
154910
603045
644614
264136
211963
517695
790140
877841
543317
750414
813111
940842
205605
253393
345887
413996
80560
904986
397564
268722
16762
719136
626746
817213
647896
691043
658635
8168
83107
779960
119787
394498
724104
897392
433023
536717
783485
510185
566679
54546
779854
398448
14226
101599
500437
261713
436833
727583
945800
969406
119844
298580
456620
148504
717872
846835
496104
993436
301938
940891
636340
142509
437165
280308
888304
285370
63327
893665
359697
207371
312193
411041
742518
231982
828718
369095
602009
669816
658907
628564
324065
466362
733892
455854
43412
854338
885480
376063
208105
877962
453098
690477
576443
683202
367833
205041
217562
607733
58633
368662
174780
952730
824608
991120
723857
798010
130029
24823
666804
52792
83698
285726
30397
813634
893186
715988
278451
88659
518341
85239
683551
489570
490521
16175
485627
832554
295571
110798
953034
398551
547811
276546
51841
314698
754837
505717
477475
500297
745332
523202
667434
475462
967753
535635
143713
96906
608705
382811
232207
167294
540588
386541
821709
609942
40098
83640
247737
622875
145280
413151
24067
74451
970256
130553
635748
647502
823623
396322
493743
523728
449575
391036
261248
465814
362181
779590
584592
20551
930277
289046
252203
209208
841345
411382
26552
755612
356329
350745
511543
605255
550468
623289
105802
242461
267380
885134
658730
120859
30232
21740
202426
930625
332651
276986
479992
699995
437001
410122
408272
331563
567314
324122
25547
503029
763367
606502
829796
286247
594641
408936
944123
832674
646018
625326
713827
548137
269939
893333
653526
698725
274732
259047
967944
245714
216098
213007
786136
846346
334394
279925
103715
752812
863724
383930
476275
406121
228995
680593
406421
872491
873344
874744
754505
422113
221150
579538
495954
838507
310449
124323
470380
619615
37544
456807
76957
114934
475633
960399
564708
22871
965627
667609
542478
69309
130455
164235
337448
485319
506872
512459
306255
843164
128665
334942
360227
502904
661182
95227
371738
283544
645906
62795
921456
891390
956207
188032
100348
616417
847805
665935
981790
446453
657009
220491
450005
945810
979383
794272
270637
92100
485162
122280
561685
702702
922944
989037
4047
809499
184067
767868
320064
747043
654650
450274
196391
607734
524838
289990
633067
965448
577064
569890
147724
793625
223168
525023
108476
60959
400368
412109
12999
179411
650943
924540
364269
299029
398745
51066
350032
340349
800339
280233
785544
181439
712717
159227
823508
958970
559985
383629
539180
35101
194135
507805
228722
622262
536523
654250
967622
940057
872358
998439
620792
69289
641496
625819
797336
743430
251528
528600
578858
14035
764050
704277
510966
755682
458799
909098
983931
31871
370931
549032
894916
689110
85743
464147
346834
537538
425974
113982
3448
104370
152253
86721
740486
11194
920028
986008
621149
464500
331889
793755
11554
260689
550883
785237
374094
72448
673284
82436
822305
689336
794512
480493
633142
381350
597522
952409
977394
484206
555430
93039
533974
919072
261337
58799
976308
142073
506924
446409
950527
948691
266360
916952
232443
872298
876331
204478
650515
954891
611312
481052
626761
337179
221805
379374
787720
182017
575462
414402
102101
717745
696959
366931
782884
241366
567710
375366
801735
688091
835439
530048
664897
294807
191425
792674
675129
173843
790094
79266
248138
518968
917208
600519
70903
803482
587438
228481
373884
488667
826062
929634
310527
934525
885668
120061
900197
316296
902769
653529
985666
731604
310087
232786
678120
807924
604208
707853
191328
871551
326894
474006
916791
168124
378462
328344
710575
523305
448886
418680
32023
229352
80429
41998
173621
499079
616378
388672
600031
858282
68020
228285
177001
474519
342296
866515
875320
858206
195561
473326
762613
352803
586354
730158
429470
422602
6375
807651
608054
868669
413930
626216
660317
168861
877097
216665
180090
510274
791204
389618
484308
994801
663372
299461
487552
295833
539719
442200
360437
426314
316176
96025
933371
114099
114556
840318
189634
769238
727319
462909
211023
300234
141741
591333
359825
707052
883364
610520
330322
284708
741638
600677
820041
944847
887517
373254
618892
240142
503607
341491
83362
881002
6858
628704
550198
91618
453040
928410
973672
84244
498771
452794
326270
49796
757540
311107
401144
427467
200772
858334
227777
711710
583302
14127
518913
363322
143436
27603
536592
653161
328909
691704
581572
377908
145465
749722
287915
701606
636659
519318
288724
887160
101373
186988
864520
853406
324530
290198
536214
941805
109100
172479
540492
156391
998021
370786
635842
34661
99643
135680
400976
509855
967149
382205
650399
490523
92610
912792
769437
717936
891561
849221
127306
4278
675898
139305
229040
568141
696700
983794
135471
164550
761792
556496
763830
587121
963050
854739
520782
330500
105615
380514
169168
144292
4602
431317
193207
11411
937673
965168
119440
924919
667573
801853
820942
997827
99759
502725
442682
741380
43365
298474
899079
203594
287203
168676
967811
767409
391255
932054
522218
304011
964845
162316
715285
802923
786905
347476
902096
534673
890739
303094
79177
58221
936123
48976
643427
168146
559358
879123
787882
292664
42002
56340
844449
262765
972091
930320
780280
253978
169392
101119
729434
195438
709239
862355
589218
665001
311789
455373
183917
561479
176738
757308
104138
971975
789857
365844
643918
772566
961997
392679
446725
468189
455398
295042
704323
323876
687403
284007
871000
942881
172762
721570
495393
574305
149395
499530
195451
457490
180826
216342
400467
517675
493755
270553
924761
224824
922248
503707
131539
719173
478206
485142
425038
522342
278982
785802
797359
997282
10775
614781
253351
323706
579832
336595
802181
827417
811747
227141
257637
700633
606726
899265
870342
712687
620707
854174
639034
794037
696342
786362
36982
542675
21751
905843
91017
90121
723413
67198
243882
929946
74979
821351
890729
863576
810415
524773
407048
283529
880525
124249
506979
613427
643154
827491
668618
243209
556476
983905
300847
724914
257007
780101
729402
404210
311002
481682
30587
253879
898168
180595
137783
800258
564019
197368
865827
615600
116643
343406
510895
781925
395763
56153
819897
2580
888356
492624
122786
936300
710316
529462
491198
490018
748662
171344
841125
340567
900685
147272
804710
497191
199571
725117
30875
837646
918827
299205
658392
408054
379255
137856
978429
263201
423419
182298
95851
360431
927648
244316
720979
975629
205461
803184
868778
603834
478416
332143
63993
471927
729586
689640
317776
673163
563337
392240
955163
478000
305071
672865
83980
323421
73039
491441
211576
320305
579656
918831
937278
430009
249706
265179
232801
312414
266717
207907
317879
594414
151968
315382
888123
73477
220399
204039
408061
343511
159934
140064
724857
478493
274211
83744
341188
594650
823120
188499
672674
353545
945469
810220
618741
11749
418084
703457
46224
275860
204902
709539
912170
263153
734795
864889
795950
474741
830119
846072
532911
746561
248792
396257
710905
266314
957739
89175
138115
503841
293918
219899
799296
653150
884544
175654
472660
335465
167477
90818
396964
190308
289046
170501
606598
138040
738933
142668
431384
437243
119869
843984
806828
586939
762744
900679
477025
615978
765355
211929
25421
149093
538140
121853
183318
987682
251444
180848
917088
895990
820607
852498
813920
453505
575183
991517
228815
345847
135041
987394
289659
327179
987863
94690
36151
454202
149444
576677
437299
724081
1863
227579
292262
533915
227503
167853
337831
767179
437628
299103
514524
632067
629862
135268
391689
621599
877623
967102
518858
645089
820883
53553
767836
701018
127448
699842
590293
546801
943008
74769
662708
965459
824483
281744
3411
721015
376186
730399
466681
97676
905918
1542
91020
954434
308751
825870
697379
726322
147761
998460
828090
845227
486160
252907
350463
333274
811812
634693
334985
574037
10863
246877
454504
79492
413219
539436
115607
759596
880610
495847
854542
959513
530077
32825
886324
568104
717021
174690
700722
344175
707936
667244
506659
452041
811739
207429
992359
460993
936479
709822
853015
865242
694358
874719
935698
652280
285420
82532
865910
193391
584650
849049
906795
858791
775677
301581
378777
758312
23029
773430
273082
799688
762026
535905
113737
666542
836313
37267
283737
117570
773997
116610
825091
238707
879288
394153
860344
865444
790688
19212
559413
244084
161175
660168
711828
373672
980418
421717
945022
856184
85179
687068
62590
538931
793778
727151
865329
511951
755566
578409
812442
650577
568177
527204
51026
175957
705466
161104
186204
638907
913508
645302
628950
157230
486316
724938
253132
402770
763152
737638
874343
847945
376018
743593
101699
800610
660124
877163
774046
543136
954173
902683
243115
296226
324177
65656
663751
945076
591743
942376
989123
7601
190813
464760
323103
223570
960878
58033
594776
759320
532363
196563
701465
353170
609055
559793
274509
908363
186699
884265
189972
455188
274091
914621
44435
3241
405424
284499
598118
356419
867372
333573
435121
408506
806445
163942
986324
962836
644608
388946
912892
852974
188759
122993
214102
557253
810117
855624
934751
213473
941989
416891
771864
856224
228251
668899
64085
698907
842738
823176
670771
336567
300581
369211
577833
201610
29497
543123
836536
499303
853959
510978
238908
299144
476376
644051
491557
865751
705897
373826
965311
789593
964621
249719
670124
553783
803378
182881
235444
902635
32059
195819
431155
520195
684429
641694
17456
101205
633318
303699
178254
936320
801639
832723
695964
681370
364274
893069
519943
29307
942574
22707
955695
425061
152935
908145
460246
776527
306323
67850
968501
781708
497199
457105
9129
438173
287176
96130
64907
775696
240150
341691
335197
184210
921667
684570
512479
626776
207561
118772
354818
23142
785144
304046
271988
7483
673111
591868
255322
622105
766819
171700
352348
5492
590259
62862
446297
912887
490747
301306
669371
4909
744559
380574
116518
689042
850687
56619
365386
550903
520769
23643
827736
299020
516013
349705
310162
983885
545921
923180
248890
309516
769285
523953
9196
74519
387881
379829
376776
278725
646538
396508
465543
358754
884499
143121
2543
934900
127488
829978
533217
330090
203518
204118
349264
471648
248879
276054
190924
631377
121225
7062
724284
206682
69982
710487
694571
898983
361654
135450
224377
711676
152024
547194
486129
949730
218216
378919
864123
75948
999722
53947
542376
963365
254628
172794
288619
664983
703522
81707
23463
919738
894611
766925
108771
211576
996049
583288
581723
433881
244350
386002
781936
351376
359177
43818
412287
353953
536208
751028
917838
309293
981536
363745
459747
325404
258647
547866
286255
423781
683307
477530
127080
635453
48259
559462
43252
261401
597187
47081
808577
465442
833829
908400
241649
146741
540163
491262
750963
958867
744433
389005
116717
795884
452998
149794
645781
294531
262716
824587
339295
834109
480877
743608
370768
646732
13821
228660
398642
809779
644631
984766
676192
101365
796559
175752
672961
395934
782951
961547
321233
479469
149869
39429
391259
322204
592194
514704
317443
520846
687477
699488
238143
561940
633741
871321
503398
429980
112358
726347
791457
13751
899122
808779
175166
732486
539617
723887
402403
558976
944219
949733
700255
482977
831786
464560
842332
542706
349109
112641
440817
667506
399399
205550
194196
166110
91695
379537
987373
671842
281696
753664
627845
659868
226168
733028
549085
796361
598653
101624
357339
699278
466755
162272
109023
500261
251851
471203
169908
544802
137734
63815
48035
514145
398903
720264
14945
394766
603318
932276
437352
747153
880848
648934
679523
963604
882188
605341
800386
77682
930824
244728
377070
295933
319554
75856
577878
760172
498996
671346
53672
380128
700758
816759
236700
311441
218951
235586
724906
141721
128774
983318
980700
658013
90
936721
57341
591508
778770
976841
233265
581685
338151
368194
873374
135873
802429
524937
198984
412522
936648
389360
965691
885663
143436
183845
175393
932405
841340
213361
962867
935347
471684
353099
739340
914170
527970
933974
265818
491279
852399
731838
291821
755079
893948
863978
7474
995022
924247
347166
593145
824915
739437
235569
738737
634644
623689
644709
791670
660353
356155
88168
210497
669135
839188
348902
815102
358172
560461
402889
204347
75386
379591
405582
49724
567387
336173
135301
732779
111895
162037
606565
430892
531740
446726
891785
533967
530162
211380
535499
15199
904425
720678
290236
699159
217634
268249
137469
749300
480888
116093
195453
216678
532745
430205
127951
60512
907108
914780
952742
837711
221265
859131
5424
266023
609847
438327
981453
793176
77614
920175
826155
605279
937314
679715
464832
926074
392160
882039
857122
649332
34624
127831
108230
152478
624751
847926
771347
277662
67224
500335
394082
952417
478383
357004
677717
808940
353562
877988
798929
394192
332540
490334
816217
49852
207710
269012
277128
103404
781884
947156
949611
658687
783786
486208
16249
764583
60321
754453
175471
720826
316587
335944
11596
777573
8678
929676
334758
126911
663800
95409
508904
790843
461903
147878
98537
663352
27795
545503
897193
249395
836587
924433
584298
61276
553129
64858
446057
379974
387987
97214
543607
408055
626063
213965
844729
604127
184490
902752
694264
702374
932741
436033
721318
68638
78876
245482
630830
43480
900852
802534
455990
826898
965601
771541
981940
507150
799089
346379
264362
259261
401593
753495
981183
34202
95033
263328
78460
891604
756206
444203
294367
385443
577205
483962
20063
141628
543895