220167
947778
825579
295707
360126
389571
585544
833857
840000
612272
67838
363570
489884
939825
402118
117360
22842
559756
836813
437494
793181
568899
553359
277090
895945
586314
225342
527613
503358
618020
94044
57256
498274
801241
508584
996582
694908
170198
334452
251712
340700
789473
52949
154713
965849
581879
430325
974286
422003
391683
516483
200201
620439
706301
537289
31715
324800
871325
94045
105331
417018
239547
538545
875640
717953
204613
399494
322782
97545
620700
513789
294065
638935
547723
887950
315163
690700
672356
25745
683547
173378
343673
203002
47301
586767
499572
285154
133871
384487
101780
708224
252863
320478
60356
198774
388431
90378
314010
430408
475770
22406
601065
983911
604742
707604
533507
276332
552878
109594
329934
449120
220938
534989
840513
858040
191069
868139
662076
656926
533307
719074
505090
382314
435541
725006
964820
180527
958435
937760
846506
482354
316140
571162
199248
909174
64309
698166
739996
953395
972356
791526
956232
325476
803407
317815
624560
321087
871174
25039
522601
72960
452858
509909
248379
982367
837864
276975
804221
858080
50918
724262
200140
137673
894633
666983
773159
91501
334769
494051
327850
245671
511377
615061
542501
640355
593566
974179
530777
199574
305140
437662
559310
27021
27744
46052
970260
579299
631917
196837
120532
365709
412238
506498
930449
77903
548389
800657
892225
934801
25454
53693
947138
253452
22155
26827
856955
96671
398892
976631
972880
530110
42266
445565
926209
715530
691681
438899
782752
890491
597592
374355
7277
320761
172558
610839
70671
509258
75347
286653
305905
854374
574752
161130
178295
405159
836836
761771
934428
90396
231339
745494
242154
469053
848365
671951
73684
851896
829617
66214
99635
604394
163484
731102
987035
971049
170458
442889
939290
651838
121064
287311
328141
866224
851131
835405
474206
151163
813904
799705
708317
981472
600017
128548
451962
466774
477601
150521
492381
695198
922564
742114
582114
140660
897710
559337
411572
475681
521767
942012
595013
321838
963799
797930
699687
425139
986356
761994
606858
29453
32452
620090
650515
16237
474961
913029
294933
275021
40553
571550
420334
551358
730127
34697
747392
744222
903042
226265
264139
420901
377575
102612
909924
512094
159189
850930
800980
638898
280829
932100
844048
387103
483700
758514
266192
28744
271391
242589
543949
921639
677626
944995
902364
168542
128645
891392
243618
367722
531147
952785
262387
175032
155408
754932
224652
65618
517782
262668
88168
214898
406540
624097
434434
826423
697812
661412
47529
728181
570479
746448
169593
198247
443144
801067
67451
605055
470682
248428
951259
633182
164670
245046
585474
92896
697940
896258
719824
412878
876750
17564
683447
684791
747540
272708
404407
535832
113239
744373
667825
928696
442358
409986
397611
951761
847622
226075
307423
827944
469314
144239
972864
934846
834767
531308
130698
141087
35689
699873
787780
951127
917040
678533
606805
361540
521673
516817
146944
698247
766898
977608
863486
299924
342118
222935
317431
405225
257897
148310
320796
914908
767281
267950
612772
621260
128497
33365
649056
111097
77251
74421
506109
742192
996720
598252
940054
188959
941727
782188
289588
816903
726873
478785
778403
896399
189813
667123
914353
896948
922725
295681
443462
52318
932827
848270
343323
834894
324121
98008
639257
613044
870804
580898
922126
564894
742340
476852
919694
258250
706891
526457
452516
569628
296895
633030
741492
887531
605206
785594
136430
550837
660013
919744
295473
940339
107701
206385
983034
947336
521914
508311
22535
395602
309521
187469
177548
318627
558366
302210
962065
184330
115391
855516
703974
227722
610521
802040
892164
615532
228413
254800
352322
848688
496566
707830
845488
92255
729009
2109
573844
201084
133705
640502
510527
995609
924591
930968
476810
618053
443699
120313
231794
698211
474737
998393
873101
439766
898970
593086
206248
657688
162590
554521
7360
199082
256883
43335
725913
155366
805125
209428
470333
332464
851578
567962
917460
746571
56736
63400
542749
837063
144502
155518
626183
582808
485972
604468
174574
129091
83256
651705
402549
347377
600621
395577
539772
891878
104473
355992
416638
929867
749092
785308
480842
433831
360833
592551
1884
698604
664410
359841
236056
311150
195868
858996
204770
308462
572700
252017
592540
854293
203492
883472
347965
783100
508447
990548
946059
16616
130332
271245
228533
23763
733378
969783
900431
895013
310097
723072
867178
701058
608592
623911
727503
989053
332505
241664
518488
44586
733181
8020
125420
152592
558037
977445
212437
230845
525094
614990
770048
799220
344880
496777
737296
205762
249299
442827
948574
2287
215007
482954
760785
43727
345335
256542
932055
340920
173792
586245
612925
338317
206379
101185
240945
378937
679805
744220
89745
145272
403000
299084
61231
869903
168008
991793
853540
779740
606028
14394
164110
67528
266206
214120
661159
293464
225729
538667
364931
552227
794214
960168
702246
685662
177435
515420
290175
527955
571473
75802
597061
486128
730440
358832
887597
14780
904345
677224
924997
853412
503455
589482
721264
796660
619971
873599
1790
976801
334435
460848
808615
523267
666271
303821
66277
318688
329792
441801
33643
682466
261508
498050
678725
104427
514378
737567
785037
276927
232982
657619
540359
14112
322626
895294
153882
704631
978690
966578
313772
719598
157650
783186
885464
285210
939710
992599
650959
238038
534861
422060
93768
215915
586379
181433
3237
71019
208946
56190
244900
90205
35253
918549
234430
284306
261096
770841
66143
704278
686671
815590
554499
69186
502209
191222
441258
574575
60536
203242
408311
657733
675768
514090
748331
268529
391706
544355
597176
976821
153397
408303
138117
278873
367783
437587
476670
745855
218565
284065
153364
258068
213917
318974
740440
289890
146020
67646
899759
824259
242689
753963
339763
531761
255797
632613
839527
977400
312421
478307
555988
659084
710405
445847
628420
508215
257251
934320
77402
764138
141901
509497
823756
703733
24416
529119
847807
971858
288687
458127
395518
927452
763148
36286
180886
558365
689974
199298
703952
914884
520927
903966
893580
481078
591832
758683
218358
182715
124059
354065
812008
331865
989621
904517
548508
659134
348750
785388
468236
900694
249814
136590
746856
836349
691470