852950
848332
591606
84273
720903
916392
978639
767052
772426
299812
759764
32527
88749
148761
262833
657448
771829
67143
929879
160879
95938
256653
319469
272056
624976
100740
716964
113400
420570
918329
797736
652304
111897
52614
955250
18939
394985
875084
771514
133521
313613
32655
164874
957813
503433
895086
756206
618146
432109
797501
301576
463052
361330
985089
79296
964406
311805
299847
869592
301456
345472
622305
731037
256138
745792
316158
103161
884857
144433
261797
602022
319716
128957
525262
695741
444013
991267
856541
220268
328983
141308
714172
719110
327480
752922
888339
589109
645884
714057
694183
562186
982099
692471
461836
405493
291448
324336
444936
2064
781151
961
641542
161045
630587
88190
261108
343408
433129
600672
994746
334960
396348
110214
314134
840727
347110
994524
633944
837712
708031
957273
510903
266944
819253
300962
414607
181493
77457
850060
911800
863931
411169
493247
415044
726541
698440
822262
711060
97385
406110
957346
191703
246972
961605
848366
291105
64893
336713
485278
855908
405398
78579
949200
887949
850108
119915
391909
571325
641568
406087
726521
282658
589693
854644
954509
7154
34258
825919
916038
669252
426794
415937
61646
171723
534934
269925
950041
136111
353981
558487
50242
318281
308874
16587
931603
989307
265283
347367
865892
735914
231162
426127
764826
70618
310236
620235
831441
411812
114086
181654
418196
37590
235768
160133
169929
989863
59330
530705
469354
618709
804123
327876
857582
698653
264496
598460
703814
505239
977433
479327
105091
430443
720455
493660
493588
668724
518682
334745
416173
678767
833871
819327
115780
120863
740566
965342
821813
861441
857218
66109
920646
217703
931994
996162
688196
759156
915404
316538
710796
17651
637377
149062
628582
439060
65548
475875
23563
776067
365372
327188
350663
626022
278032
98478
289465
337780
566218
164160
722488
368749
19804
234844
188112
883449
707775
313286
306538
490209
862499
499385
155785
652324
676289
147792
284272
142199
156108
341272
215714
418845
380613
849519
619521
75806
931758
379672
815256
860839
215830
965791
516212
361661
680211
127715
28013
749663
690574
200133
347394
419768
404600
8172
591906
596286
281499
710066
908615
906154
413323
785006
371261
366676
7291
159518
864321
832618
249067
121393
1604
319309
177663
817071
833103
784520
722476
136518
741760
758573
40843
319282
173042
182734
853520
976775
989307
869333
455828
676766
294031
811969
757966
787802
708801
143869
979488
207638
153642
537630
346573
284013
903778
332921
470281
61093
161707
229599
346025
196600
663598
522999
86202
120641
828125
706806
623725
991488
764919
607869
614831
342986
271274
341582
43223
850256
461522
632172
576377
833161
558239
10447
793688
684543
20822
108673
727352
700659
92974
769688
835024
353710
949978
363408
796958
234598
317734
371077
27733
830793
869499
955721
45554
830697
197629
468712
112365
487747
597971
974134
656714
400813
214662
336400
365006
560348
208130
450104
949455
975695
775547
131719
986981
200732
601769
967438
749628
725589
728499
715661
100811
481239
222826
467279
321439
564526
814764
288736
582801
368040
391849
813229
601302
979381
677634
277686
987253
567287
38029
698866
566611
12780
938677
731263
975146
958837
918975
158979
516504
725891
960295
960549
360340
975005
853352
248418
513339
723280
643227
373452
189577
964211
870071
252837
36067
58901
244535
240724
582992
633990
88537
219586
233224
223231
864834
400916
739365
493934
606527
355141
641334
511586