907579
619359
778803
457035
272903
594447
415943
842338
25814
43694
205581
139454
275719
701427
96963
51565
614768
534495
432350
693571
497439
772764
853142
544963
179451
342191
63963
75303
899658
150106
174245
411597
862860
810385
52649
762366
10180
446422
546087
579675
667222
625779
732640
184806
613835
758484
407590
43946
214322
771646
626699
960649
163106
68656
219387
798432
540250
206420
584870
982552
155849
17314
509461
589388
135657
492818
268702
536402
66437
115387
517299
701608
229276
46349
87764
324221
136350
637416
766373
714713
242451
121174
522522
719849
635739
575852
508750
945067
768528
935544
609139
329778
428935
9447
304100
509014
804150
157302
196695
94140
425519
787667
663598
363262
828810
153552
562220
115894
719202
140994
643652
88492
243509
642492
80141
857178
852655
621347
676691
975064
377408
323758
835335
452328
22825
194749
360022
890208
276247
334546
241302
252784
349286
602736
765853
545743
78470
300750
579372
575751
984251
262712
388937
601753
429310
144643
451626
334158
12353
400043
464077
11739
58704
442571
943845
625135
932819
431351
921006
14493
710640
527865
341474
824929
129357
202023
117252
272785
599539
883038
674265
484705
406350
390557
595446
194835
263505
587136
538485
720953
856630
763350
38849
694184
867683
381410
452561
724027
442600
768683
733106
846401
265381
194176
654652
401604
753289
614476
274726
918455
85173
590033
406134
483195
770302
377669
357136
155982
31825
563654
499504
922960
607217
633722
514675
5555
665629
91783
121679
577919
745805
815596
933796
614080
908890
973114
225578
166989
63485
311923
165833
569781
237615
822461
462023
989127
556016
574531
160027
132158
558244
773993
237985
777287
782423
590697
55719
863665
790945
553551
806052
597104
79269
326477
348232
623822
993075
611772
890927
68399
248782
19440
561455
284223
543239
47030
275088
550266
59080
375212
600603
859159
906989
226045
388171
908114
799116
566521
211232
189909
569813
561101
78675
608770
815445
655971
228772
886816
68757
39449
619471
403487
828767
473494
453021
983817
954272
478607
219542
954631
537641
176085
451092
542158
361295
713432
379186
902884
323891
745980
483428
322259
473628
446102
79713
805096
452032
144259
401594
626984
816034
556261
284302
795409
487125
157115
566614
146056
22814
184348
836636
258980
512951
332240
421001
20949
675440
637643
834651
132914
442289
543111
706933
808479
730458
805692
973136
192919
789707
592959
242128
84700
249663
851637
707057
199672
914067
662706
10528
294958
778021
482418
88230
189762
612567
42738
265535
454818
701619
138540
147913
607408
191657
265774
432600
608813
936115
199958
47142
927043
392601
900524
606632
554415
72080
587612
134203
102729
465086
482830
961597
223473
670041
795364
288569
233240
148973
168143
41210
922920
388220
987598
425664
857425
232191
922501
770064
580785
668299
854838
749222
596063
138767
239198
207046
914389
752378
99438
567089
366711
861497
846884
1330
917956
257118
249030
998231
810648
110044
591355
839165
544283
473071
338566
541765
304202
496088
684511
718307
536992
263878
367024
70677
686176
667857
260649
843888
775874
334687
988032
491349
814968
125545
149257
458115
828443
861336
275181
498182
593463
15753
961674
182030
349807
129840
659111
494042
788239
491224
940946
405907
970540
304904
381592
349429
768570
951489
6689
467944
124394
874405
182565
911021
849277
204466
710799
464628
808298
581995
926956
324106
805608
572247
433104
120495
386457
374819
716102
583878
968275
968482
591025
433765
288075
13045
755267
134860
315744
662726
299609
361651
162242
636526
796786
363772
389629
247351
328011
472264
883302
244923
230744
380837
829280
741227
851296
320485
442635
845100
996598
218890
430091
341723
896719
480349
390320
770993
241477
405534
888583
733634
772199
469397
544956
19935
553594
208135
780266
923804
606481
931716
722817
127660
250884
149789
568787
672104
902032
202868
554811
788078
862347
505708
181546
987750
572354
107518
694799
421472
628337
201773
468707
162905
926430
331154
302670
563933
585106
342801
534649
238790
983925
77740
424049
718690
576325
796598
412340
951347
191986
73759
553564
134928
558234
211118
308389
717160
336604
763470
858909
987558
849371
225599
547111
44273
348177
779501
351659
778827
153805
746974
177502
611289
119242
265604
932969
768897
716334
600690
722936
714607
356444
856428
38050
7411
921526
702615
565360
641540
446706
51663
592332
941672
227031
888215
325384
394027
983317
174571
461831
640524
781887
1842
213196
449144
3878
411727
909149
729902
336403
154263
443539
592385
550240
682973
775425
988540
141299
453544
611711
276959
949784
680518
267922
830472
943675
292154
902137
552173
955391
918736
912534
262022
367101
18642
289336
667591
341084
567763
678209
131787
756041
915880
911225
681996
965651
283830
594094
310223
407974
560359
600261
494749
498146
646391
876642
226411
292504
595562
859439
513499
960993
927456
120653
228891
706778
296896
35733
573164
229247
984402
530057
864061
32035
49833
523997
575093
733513
138941
87451
255696
325603
595543
90743
192225
979812
130021
395439
871669
155972
892909
801758
348632
886608
59743
375263
824241
361195
454659
549528
240328
80421
374033
686506
748840
656437
522015
394547
25952
367638
844981
458622
995299
763324
734268
218568
359759
484082
77205
48240
17931
747794
477831
556538
391497
839648
824912
191743
139691
604995
190812
522997
188098
810208
728531
680087
49969
807316
645069
595057
289776
43406
891425
142986
120684
240648
85915
540717
802380
893024
558347
430806
736527
66071
524282
582006
745681
302821
630712
608931
755692
685238
584785
82911
131131
393669
205086
336835
470586
894100
298295
68809
3657
550469
587270
924531
677776
431768
750263
915034
839484
30018
779531
45078
744550
60966
797004
69319
360981
480690
856795
720190
758810
3993
311973
239884
514458
496360
83508
588516
857704
943111
47777
100143
639440
432463
331176
607981
316401
720066
758420
893122
110018
48683
388825
664677
234037
578899
133120
382752
461560
122397
789693
598468
779288
869183
98460
532909
573632
602205
471450
954222
427936
892164
457616
836760
630057
833535
646730
341356
4084
740826
25846
146651
355778
444273
434104
77173
733470
603059
83866
96118
740511
889401
161121
455274
980042
424701
836731
832953
178516
732856
852180
498579
863748
274396
948551
50232
165879
597291
593841
272292
823805
39538
288226
439958
277473
141926
1645
337404
423303
623257
778399
334525
578989
493721
253452
709986
418772
828646
679045
759970
300600
49421
412965
230408
218298
614949
102411
334403
886559
39845
167266
338442
335921
685729
147547
119722
434307
887263
218812
201325
65554
785754
365970
777769
326087
184978
804738
776738
492314
996366
889918
873437
165840
692848
928595
43394
821604
962163
710174
509292
406404
942595
398302
130001
958642
682232
421157
732681
765387
550321
323049
554556
387429
852297
745591
518125
956113
556985
480903
277981
237759
173386
774378
894557
547393
859508
196576
195316