183097
802190
236325
312239
854449
591791
619744
195055
927687
79934
775271
400381
266470
60763
821107
734588
432722
779244
433058
631963
140553
233557
537578
765219
624326
502293
267882
801376
576031
858624
227676
754537
935950
344021
615911
669837
601676
691643
9618
577499
951193
487965
546578
239182
818521
567455
860420
421971
493464
58427
645046
861113
219118
471037
701663
270836
405822
664855
278511
371534
140760
750177
910401
689707
594686
170865
740974
993975
749188
584404
964795
240878
159312
604582
933618
59655
828545
879635
79694
978366
882349
861162
876047
656445
110402
655067
585646
868262
106702
903053
961579
740415
458713
8414
691458
394235
84080
306488
431291
335073
356797
593612
248673
507739
982481
54830
311818
531741
244484
856461
345749
361264
367156
605965
684467
704410
185769
268803
10395
633388
318425
343180
232481
493224
925255
267275
13089
435980
303237
348669
631573
222847
636251
398970
923783
151383
473536
635466
933216
269381
586437
952481
982814
977694
912145
637241
351396
308742
92615
15690
534443
24315
778372
433129
978838
639100
371524
53882
463588
831764
549796
733907
673471
608326
861122
500463
285233
633302
85504
749260
34870
711602
24488
929890
282348
472828
309033
504320
846183
527733
496256
131396
136161
829127
281266
414262
573838
648750
319349
855489
318990
827717
564207
77264
380156
118953
827094
457281
596259
454924
766582
287945
676241
493976
409681
137316
930307
679357
749920
219254
668991
757145
112312
988611
52609
935363
295048
563784
120269
435124
740095
885492
742307
129555
262986
459974
951505
950364
957307
584836
596642
71148
565061
378581
825332
248491
483619
358588
93671
985814
90905
718833
665010
722600
934931
900062
294863
728420
375849
949427
814231
84354
666820
126822
127400
586227
255578
439370
273602
653011
121621
8331
944049
434539
257106
709380
370021
893791
492164
195325
293597
767546
24953
403460
748354
688660
337269
181670
450832
827998
705658
274762
457775
398922
277673
878187
67680
258073
853954
228592
976146
71810
937416
978218
264725
617660
229760
202601
181926
288425
559511
52219
486888
916511
847331
494723
244788
789971
884162
446641
33735
871716
559903
269539
607578
805569
545171
192152
404047
807545
898535
827533
495943
631582
882424
771126
784272
484308
935859
266906
170876
341755
80832
623435
515853
401014
875580
789953
46028
480984
369886
159699
634424
800299
217851
752401
970652
42716
578724
201600
512122
52422
142253
774515
208419
742809
438153
656450
920616
151463
309841
396778
522730
684107
97315
916289
86606
695350
167719
817235
350157
656791
698925
356830
135720
26406
933746
689575
756216
212622
794690
985208
988835
63605
418231
718390
696043
200361
430879
513826
587872
754856
566140
318700
698870
565644
402340
390511
762929
566417
58505
936462
697277
827140
926419
756009
279642
170443
350761
893243
987188
580363
616143
255891
741840
72569
332905
291244
666531
506305
435934
614379
429693
103372
827672
758
233506
961650
597351
602092
939513
501308
26629
710020
271134
477908
207028
935301
780306
712715
328516
781279
604306
221191
177
6501
929221
439752
840873
703400
811726
767445
379562
405681
665410
735175
6090
208986
841715
873841
780752
446345
798059
106346
281856
350346
267061
100218
354421
869256
626196
114461
442342
227624
562583
578230
625738
142019
302020
301779
698008
704445
414385
131417
334888
42246
545523
150092
806453
541613
325293
707261
317316
872860
340874
114385
683101
855348
140357
727145
727416
179846
673381
986035
699892
441322
818503
155981
261824
421824
364371
926801
894428
619393
895633
117633
286522
854337
740116
672656
271102
748419
109460
621195
658853
265080
792858
265442
474561
286102
986388
236183
955682
582162
879048
142210
543953
132409
146021
189566
894326
970224
485493
166900
482073
914374
626671
68546
736453
176755
918378
844231
931593
273264
740907
694029
761752
226354
146399
24532
836432
150660
604900
224695
312215
626432
80705
704638
7202
379433
6839
31551
451471
64360
280239
651313
349426
321122
681170
561166
729517
83250
842808
929444
663353
983624
114808
160249
555777
96029
9246
460249
57453
28242
408634
938558
376316
667492
710037
575066
185866
561806
667711
998147
869681
523068
941508
560379
358156
360167
753789
775387
301911
284689
974658
115228
501234
606943
368829
494082
9732
872014
758809
542310
783676
168723
368986
2718
539571
999764
19719
570187
898030
412028
339330
285822
208959
791359
972024
591239
943242
37290
666547
953372
734821
743525
208524
111587
706841
903049
218686
565276
281094
732568
803223
116206
307298
463325
871367
655884
187874
415905
15963
796420
530033
518279
78595
994468
657757
756677
188111
118729
656785
455039
426873
299397
231101
772161
150875
124844
796754
477977
444353
510716
946153
160783
246937
715046
349955
874243
607623
107261
111979
767457
649301
169978
263736
692162
326920
253674
972911
195362
639181
998964
495429
466682
938898
938059
44225
298554
429618
134508
855232
948325
785096
841684
699666
537480
630373
179330
435138
71960
312732
626340
888435
981863
580282
373089
844710
8835
597459
775682
939864
852779
995447
953662
433096
892399
266436
861984
899479
811939
63957
542615
775111
99839
919768
201562
363942
853142
623166
48501
755076
825841
218443
656629
227423
630536
752461
242924
764000
843100
216617
674978
235262
284468
622416
826072
508417
745202
483793
290746
351073
279568
479753
708448
266829
11004
470389
842817
171207
437326
791464
662325
692140
791714
573208
629732
872721
920599
89362
629392
948106
708707
443406
165501
211716
330960
705373
705081
601106
888278
143678
764555
45957
841686
454353
175868
762931
105457
574627
819836
937178
741699
155304
746611
769311
248959
558918
385126
501295
754024
286157
881857
542406
348330
28613
459079
732110
353619
642401
502675
541023
898289
783887
936585
341797
477512
223281
563999
254240
685744
867109
770241
540612
238665
598016
479846
189760
718237
888410
708525
625948
726800
536003
543091
941179
241222
504660
672308
860672
424273
807520
464986
644557
712917
149192
165479
766247
900411
614509
921596
857973
494030
644097
59204
130535
693749
869495
724032
419956
397901
472729
508655
112059
581027
154871
253913
525515
426955
176893
836536
54526
988447
843998
554948
616384
549784
353900
420954
542957
973122
213770
261128
801177
8863
953337
897783
868393
298843
957838
671029
329182
193638
30788
210718
952114
244211
591982
995879
811355
616013
198405
916295
277420
449681
33439
219459
976667
642316
694209
277012
795357
319473
139211
687350
815981
30519
736465
438736
783404
499341
636619
71355
339875
370555
670690
559344
432292
772439
502250
897491
978382
230944
829935
963542
97582
162042
842216
126283
820930
116166
597449
832714
784474
488861
330740
607483
786648
420650
994703
715521
130134
682145
798769
525636
716134
863904
478837
285401
909684
331680
138929
443855
554312
668951
881409
313048
191400
343726
641788
383570
556315
813402
155721
818673
889928
833561
997770
84939
324796
999691
556149
656896
375626
688363
515140
260420
699532
761320
531651
345803
981576
181092
742854
184463
414638
978696
691389
815489
347582
431554
442848
885706
454151
740892
632900
951228
206730
775290
418128
692890
694525
794800
768265
944704
754155
56062
363336
515697
979321
927337
816974
667451
298051
563638
866350
458889
454116
823942
744
726149
877141
421961
836054
985191
309740
368352
752255
21407
787142
46227
607946
609499
51264
314731
242893
816437
902495
636782
448514
384061
879120
250357
290650
144030
250313
729515
111980
522479
991949
345060
651654
16856
40207
940311
462948
225439
853038
714106
859327
878734
949279
672121
695548
663939
612265
691602
206341
456276
30089
7504
825269
261596
394357
482849
711981
816807
851389
736086
224196
140917
914126
241975
278939
408943
845969
41985
758862
137956
619376
84286
447174
888189
328889
831742
199019
107717
140827
464055
803895
520207
751500
609207
415270
717699
44301
416577
97993
464905
394437
27788
406522
846417
131210
853076
826730
443900
353087
676378
676950
976554
800023
246911
975128
510945
997880
687353
73178
402198
231354
547439
394917
27612
872014
295351
456791
140134
444028
487529
989299
575802
434244
178080
631891
852085
577062
357453
57464
464373
375934
202807
135170
770662
971015
259411
49915
292845
260608
444347
529421
666026
620715
459855
580372
772462
417266
123301
417294
570105
207333
650477
883823
823406
382814
444070
825682
726037
170182
554871
402569
410829
724016
798251
928021
864716
187362
83852
932977
394900
549621
898266
304841
622389
587858
735209
410248
2873
517916
424852
954254
443375
184044
363105
900353
115671
75319
32243
656379
887207
315980
252710
740065
463160
298170
367947
557459
874768
635407
568192
442879
629644
482811
694634
540688
820650
59602
43089
552325
365553
120112
766873
306332
103165
446518
741657
675372
411435
884723
78746
486354
115613
789919
648878
30211
948906
236289
733354
816001
451301
552432
535361
118505
941384
601782
206974
142824
743358
222928
11997
575438
307914
34642
60231
765499
924759
545127
793449
940662
623132
806774
922544
577436
47851
194273
452515
459829
129111
366759
904732
354402
106432
155369
787428
293683
588541
657162
931434
849621
736676
745327
275744
579624
555768
295525
238707
63151
22576
192802
919012
301473
59808
126372
60424
907548
105286
312118
902552
862905
734452
809553
147446
517882
330965
516639
315709
14368
24605
607835
81347
200089
277137
763284
255918
620631
336112
308239
406320
804476
19901
22348
425696
375345
152234
988897
911222
274838
472866
616707
73123
166228
346291
819620
616523
650574
710423
220150
811488
187381
95646
748877
312860
176762
643577
151778
585754
866847
675493
889139
521938
398567
139441
870920
310895
386220
652910
134673
229199
914767
477939
481836
44118
144009
658826
745218
268591
766624
847291
127953
866337
735222
452786
873540
486985
814204
409039
823550
270074
616003
188746
676277
330286
455027
683585
653627
56743
250004
118176
956633
875686
19146
470636
613012
358599
99422
455340
875729
374775
976950
347636
410708
603860
982439
313935
309220
595423
998625
756104
760331
101088
978889
583573
169786
601303
225380
221025
731593
210778
729902
348853
786523
690832
768139
718722
408543
410760
51349
465549
208180
729207
929812
548535
41636
419276
400907
342376
823953
820914
684079
193944
844910
712161
906483
917114
790820
583201
994622
483205
418196
10781
305214
694752
504316
272672
649750
673193
730739
55342
135475
67873
685006
40257
39740
793528
815909
85023
717480
841905
825136
695956
267049
33394
817610
887442
47622
986603
217240
894689
33926
326880
332611
213828
757064
735956
794400
790890
841328
346452
672433
598542
575996
160221
481349
50092
697588
63339
55546
578655
864192
297759
690403
265244
992083
878219
190212
91205
302917
439326
508922
598187
438079
46759
87736
551267
82063
762567
306732
773315
525724
28536
962559
173882
969779
104627
534651
706121
621759
23811
552328
244066
258136
488804
710863
157147
901362
227223
964160
122255
111094
631109
26158
744913
138541
983181
178263
838862
475737
343788
497474
894398
556894
599560
72705
885127
559389
225945
738262
707950
903138
945461
581746
642298
407539
43638
133784
848231
331657
739721
757153
602500
725915
524246
333912
937450
670421
447175
301253
647449
643880
466552
727431
252784
576507
729273
577178
719688
269503
868034
475449
459055
642144
138356
638621
768380
912919
633352
915747
516691
602396
448342
184971
525175
996601
948420
735644
44039
762234
744329
327782
824983
700033
959709
654432
101804
708917
574719
312175
556115
313946
971298
588488
492062
83261
709557
407276
925052
212678
411982
575250
539764
505839
798706
331555
702654
204244
450115
276639
414014
32416
875783
158045
448286
972647
356944
916207
650823
445523
463118
141284
615035
566133
338541
851686
331474
185085
737772
224452
962510
821893
355260
206731
514653
184583
21968
212685
241196
401711
439623
958659
597795
57676
43700
874702
44416
332959
496198
943705
286803
754646
621913
101851
167699
951059
389464
461241
215516
393508
417740
940296
305862
250136
650822
594032
119651
229415
366949
491436
300820
260496
312069
907757
731528
678912
382916
99806
405267
399854
303090
810179
768615
766340
148756
124987
655281
633399
956309
218340
804498
432183
72778
723037
603320
347074
503072
968935
720793
648148
730533
703588
594700
68217
62255
786114
360900
450050
562477
780785
606377
781782
532872
465423
554132
846240
773941
136422
582119
227174
731674
23435
297352
943289
555290
229031
325624
39688
153023
516306
498579
152912
467779
153051
75558
102255
357179
509860
929576
971606
195105
663658
553559
261083
859900
103907
354800
113518
346414
763712
787019
219748
208410
514706
18320
400303
646256
814601
51610
235631
83862
295383
901990
703969
894644
382642
747127
121333
422492
858105
641418
883518
371285
613550
348209
499011
343875
48865
535567
831538
916020
391598
488495
97268
238985
821469
830081
550940
260927
949735
25137
798072
605017
38488
844581
404682
159724
733136
342484
814993
33798
904291
150846
611904
681148
687840
696779
68688
858063
508655
611460
922481
251898
340052
740776
69980
635995
723408
566060
583044
169851
320742
463571
170346
556540
947643
489509
685712
488478
26710
578383
952773
838253
658888
12503
422239
426379
89317
393657
623239
279830
528944
589539
609390
858997
841429
147402
884510
359428
826639
870951
787947
493402
651114
203026
973960
391987
139682
645817
324021
731071
953131
727421
295062
199238
763338
926377
161055
574646
806560
109839
424556
126794
333511
571009
862061
430745
754773
50985
464959
196025
465726
445958
495829
842446
982422
578819
805461
963378
285491
237301
234751
864450
318705
700786
301768
854979
231823
840328
238661
100272
134326
771361
360067
53409
246426
904369
839539
348889
497465
235289
26498
221612
916865
702236
959495
69003
967758
577274
72086
521134
348689
578862
130610
699933
743244
194113
668062
231066
793337
233610
496596
34734
397515
465539
450959
760463
584588
376712
849027
5034
648613
946862
17773
10259
238908
982589
542852
146695
10743
706380
960847
546906
485728
849336
954128
94081
88993
82304
494430
985150
830638
937664
21776
870692
104193
714952
266645
281350
582593
341593
39777
365568
933308
781819
986754
691809
745683
962429
890513
439156
737205
752267
446403
285033
496387
796965
595679
365093
337555
8258
480010
623779
788688
425344
623358
159493
785855
664774
928793
583163
320668
368696
711506
162062
231459
212310
889862
436106
302378
717106
303984
803910
639467
254539
432376
557841
599200
896075
966114
114363
362311
736922
619431
998589
343493
768221
641825
527622
619559
637839
923487
642659
717635
862778
521304
874121
32893
756113
808189
556674
285925
582957
680743
633267
340734
154850
964144
344966
175514
670974
387869
482488
887201
56093
890233
841920
975024
578668
322685
337563
482589
119416
502955
771632
945177
138994
527097
17573
498799
687810
427115
622846
722281
488516
143546
828780
515729
425955
542384
613818
674965
216337
726229
614223
988164
671456
90947
18273
202421
456512
784022
251255
592774
77013
993536
64344
939842
598324
325817
414421
773212
844027
184659
740400
87704
693898
748971
712744
78601
743202
991739
815970
751221
688600
420813
557878
813652
968501
88010
560467
870455
682093
737969
470671
646726
807994
78755
414478
336354
810325
446362
480718
998953
453905
536058
807950
417751
516692
304448
291481
412617
136498
11991
830899
461022
575591
773577
988126
815094
801393
147922
356233
32860
152264
485905
946390
674560
475067
603096
170503
113117
565161
869986
12548
714425
645400
370724
392779
47563
335221
846268
422964
350774
684713
735302
477536
628084
937172
38926
330558
131022
214120
743647
423289
886919
726309
732986
616130
581849
267692
736418
491381
913751
931074
321812
859114
242289
74916
610837
131483
561750
290882
226083
532461
845364
288665
900557
891421
303002
358704
901151
95176
62911
155886
544373
514710
821276
298454
963824
160324
186036
284065
208135
758926
244340
411959
591669
126645
40756
356681
445968
266418
891933
587981
809338
3575
224934
839383
615536
600478
937079
424593
623168
775153
671982
547031
199639
894549
933247
182193
284664
402131
391029
457262
418377
174148
444824
430489
240520
883865
628519
7899
200283
674244
271045
976301
347588
764487
140208
530359
219827
400983
652140
937354
131637
340076
402302
986359
339531
247528
855572
835658
826709
126369
758146
652902
651629
410253
758119
427710
336209
751113
825134
579181
933880
546630
204464
27379
348293
484176
293623
630477
768281
481212
93470
624048
936899
359854
504724
259937
565458
308037
307391
317044
583244
961123
764284
974495
552887
515036
435013
804538
476692
605498
695852
686293
94955
13995
297924
430006
232962
480200
694302
786477
549799
247170
91313
71894
145901
690411
356307
844139
395379
237662
601828
146499
742495
874509
456458
174891
804394
288165
740566
577823
358933
587936
746501
808934
906106
519526
651299
112135
25469
301857
147595
851499
677601
461404
709257
634897
55223
757334
998816
922727
814065
74857
426855
349004
585108
603282
891661
177312
548556
5980
676158
812932
733401
709870
306462
539891
834152
554477
560115
382012
632508
828687
851807
726811
427403
665662
715658
118707
418853
15780
285278
332779
326863
514905
902892
452770
844654
663911
260524
316944
946015
974006
988577
189114
355171
441753
194395
52177
794104
627379
331990
928424
334083
822343
876672
762321
967208
753116
925592
469203
1724
877513
49394
926537
553106
794722
593559
86874
18290
459007
443465
143056
94376
557797
829347
890455
804280
155924
88415
434773
469359
241709
927154
291104
833428
281213
938322
588512
802302
889834
384087
624835
4223
879608
530175
443862
323006
809849
113292
632519
722211
253647
348744
974388
533035
525151
962729
760431
237275
165716
179023
442577
235216
394893
132137
255671
935221
764773
284920
88926
742671
167580
550700
954455
288819
836646
237674
349670
314199
852624
433391
891773
62661
926923
355982
15056
494187
284887
813269
134869
655184
684365
912014
402394
362145
216585
73889
653314
430377
684210
297047
320413
552928
958695
259961
309859
379546
169159
557591
116557
289888
229725
39652
842641
19036
527975
384958
609272
903469
535105
225548
905821
488219
765683
694017
696644
207908
710035
365181
601364
929269
882904
715090
959474
124660
198525
166819
761916
878074
280974
895081
374303
680414
271955
370191
444310
162669
574550
422717
252800
126773
226257
63475
911004
762304
229945
589899
821347
238494
854753
525025
181313
515996
764941
646798
761778
233169
591956
418895
369654
972758
47408
942980
249840
962645
386918
268373
496033
132986
639692
610543
96059
819527
482748
5420
456037
549636
55188
917393
505482
37907
557542
964976
525022
867426
197123
972910
96815
398393
525471
493599
83875
44147
483169
554637
377876
251977
471242
421592
513477
416650
328127
403703
720319
587559
355700
146204
194956
452010
721015
997110
437327
630407
481175
283152
371070
127883
442671
343639
979390
395633
772498
614905
265497
814419
357588
708456
101982
790270
816627
11389
207766
204190
860897
742010
19998
332184
985199
860328
78118
531703
115927
734367
633925
791613
8870
287652
931190
764955
417476
377004
529075
772349
355234
785919
887468
495164
505918
175160
26212
548279
440854
833065
498345
680444
598759
842203
161838
374175
593696
890290
272838
46189
233640
709231
254015
221115
766281
582416
874009
697303
494391
513426
639074
498400
846913
80982
736943
675314
316883
80546
11896
273081
847205
77566
30417
425191
853700
903038
879105
163840
437947
179808
635073
826642
112798
778251
119507
122179
697522
529656
586171
919938
433852
974060
523998
204128
634341
422755
333750
494839
105606
883529
688496
231752
757910
99233
389731
698531
795821
948553
97388
286335
592116
644692
473962
394858
983916
217111
294867
126618
247767
225664
870897
336097
156870
22559
248125
35519
882496
618825
365462
624017
760908
86161
958686
171112
275996
878519
109362
803765
426326
747549
91651
765663
558591
426996
96342
109495
561606
695094
178836
306627
583531
369548
185550
119287
480842
814223
492306
31810
165064
465067
355106
724675
474201
489760
788567
719004
472107
405154
602770
400415
613170
675041
458522
402278
422545
184931
578711
763327
740258
372236
301226
884611
370466
178047
669479
380040
115964
385055
105136
669228
509616
75823
329135
389970
997472
568535
671983
452585
465143
821704
692632
313000
512950
166262
939973
474774
187037
898756
188356
78981
820530
860990
50281
415519
654256
578815
678159
715672
820687
908083
311020
443523
43308
182711
201680
213313
48278
905693
412666
244627
378805
454859
680407
388049
800726
759811
774808
122356
168214
228797
711790
655693
139307
859632
686885
477848
299018
613296
271130
548395
719672
507825
382363
134985
20529
791081
675417
532052
792878
943252
416972
891294
791959
541713
528036
814176
122565
635241
319783
346115
120114
807664
399660
814556
714112