494110
352883
100624
113593
770544
808014
846038
557134
88633
295997
828937
151580
125455
715129
827345
436687
235592
608455
332963
270253
308957
121717
756147
67418
64042
456179
9222
942727
410514
884107
200357
933497
30592
953662
102637
108082
114248
159613
972228
394174
204011
423361
542118
868123
52665
787527
173597
452485
355601
480491
499279
444702
266692
501920
711857
567799
76376
77130
768794
535806
649193
407672
605618
756548
483753
456257
13385
206248
900743
588602
269764
148389
814766
294801
937138
875382
739556
421257
298556
436130
504019
23890
122491
530663
685861
661316
706724
319879
430920
149816
511582
298281
364689
123267
691124
486510
725500
491344
591334
676882
580050
330265
464154
531642
124003
493058
870128
272032
265203
837074
390195
103063
39153
406158
759275
822781
315682
828596
75279
470077
45661
42577
679063
699518
580847
789119
402032
268780
836830
979583
220809
156641
216651
731311
531019
922415
686961
905831
786661
463244
503946
565942
383812
938971
899920
52852
45090
930195
162720
361412
17078
900494
924283
205545
635465
201968
334375
840961
936553
426674
435763
264673
682102
652554
525591
754895
714649
321657
311993
409686
488853
610864
450764
132490
903797
764448
965011
263128
377829
507869
52612
730889
377757
748782
400775
974739
566136
466867
387293
931036
733347
838835
208862
872332
118705
310274
395291
392973
154186
163019
149666
160930
378436
928512
854367
175905
346570
684187
159519
256718
636792
657295
451312
571798
719305
267792
893989
174181
722792
144956
150710
938980
281698
735588
839107
989842
139709
206267
959033
825918
218978
915546
933774
431519
427061
890478
932518
331856
657221
907775
155863
845098
136671
803805
771338
965376
225149
119657
364920
264753
979484
870141
176212
549230
652907
721465
653704
22473
282847
840363
55063
744181
516963
246426
639393
633696
786093
638384
944133
362538
763692
569473
854880
435968
969694
563388
970228
656986
378109
362477
251237
970957
55577
34412
695068
783949
207297
85862
602830
837763
30939
201285
398871
933575
546835
74303
678400
824250
607280
301624
294560
884227
926658
870549
879454
309092
197240
602462
150356
604536
22222
969551
169935
807243
114851
634876
274099
847766
218664
405278
474683
635733
672629
16189
595039
153415
735798
248060
962958
815746
372098
31932
981275
728496
492236
187886
946420
709098
847858
617977
418252
461743
615667
590276
64539
82240
580670
902048
3003
699100
27173
982741
55923
330992
122248
246801
180170
794062
403590
637296
898186
111847
984431
605465
129860
494988
119617
603846
562469
764752
565184
294338
261330
965680
196415
604076
867969
294573
582030
732954
449651
175099
964353
848537
453073
705618
924120
35987
660322
200225
289424
30282
651303
907490
45509
789440
932628
663752
333506
591865
658667
357782
751015
800408
196598
23753
486390
59303
963296
407285
450874
10162
588592
554670
874772
830226
3875
47965
38883
417031
128742
937970
910607
472511
301869
90936
278259
996403
591475
245060
934116
307249
455438
590471
44322
195636
504814
293635
854811
397999
207922
547738
450134
478953
518566
506050
797122
320257
355421
817493
26844
634195
352615
298245
854007
556211
655280
980781
990827
403222
805685
262082
730844
989649
250147
387880
951718
292217
63438
815969
440162
406569
437771
306272
87320
881697
334634
541884
4545
274379
686483
87424
793463
26
357244
63583
464571
4939
219332
319493
195299
593806
267247
140232
861214
109693
491647
344893
424741
517642
891947
536807
286784
514360
176446
963147
973874
626368
915023
858463
203459
783316
322969
696672
109864
398911
162934
594371
457744
469739
255101
892227
820301
854525
755188
55705
864093
380635
105332
371722
820053
974861
980952
63450
552297
62529
801
982174
144410
16360
451050
571567
228476
869503
204674
536955
706339
633640
367275
944437
677162
706166
20014
781676
379551
806600
180249
10426
657230
939148
278871
443603
368937
765413
125034
58877
960145
890087
158919
880478
448067
400767
59917
287985
381730
683632
847140
651475
615260
480696
922158
329530
124988
423057
585197
804548
230604
993363
557553
786541
448357
666038
810171
32987
505493
924918
435700
154324
683115
815439
345859
248911
237473
85032
385743
787240
191143
868620
154897
919724
505224
457747
494548
559700
621179
963103
648780
2319
420361
66114
413265
307192
1557
355965
465078
547815
416717
876260
858058
984099
890220
402397
280875
115893
129833
612999
348865
555352
296767
741622
115358
619276
297306
496093
381744
406345
833499
491653
119713
411729
120776
146873
537483
360478
935315
216388
380955
935931
451269
240402
916673
156783
986183
236148
893329
109076
680077
842047
399737
10565
854176
905108
925855
606389
739846
710841
428631
900445
871055
278950
534014
438605
520511
404189
916406
664292
695955
444464
447294
746523
488498
66790
563244
512187
736305
836536
761034
862319
446275
905974
306635
548404
418748
447047
66728
693740
814400
108749
172380
81810
248588
810727
274232
347912
470304
485712
650979
359757
791688
616805
764914
488522
558598
905027
573600
118475
280158
146702
222698
187787
581566
905551
29706
213288
445127
53813
578637
810485
551164
877436
930643
679534
996038
443179
719459
487942
35233
353143
316457
329181
87591
993669
49485
315214
161399
263437
79216
169508
899842
175386
291845
107820
236594
486830
161546
287589
783926
941122
482146
908500
159214
612266
437329
178036
458992
115223
165843
48971
153525
104759
308441
942616
263076
315895
146337
652969
803576
523368
811569
622345
775184
730943
695791
521109
102931
277943
356000
409135
728189
17809
401531
905676
246091
124603
741993
461481
924287
376207
546844
654171
914832
298418
466313
563523
526514
483549
5955
25375
947069
658616
317493
767678
944444
243618
101628
859468
185237
599181
356191
671563
540752
867655
232748
87971
25157
769491
500208
647568
903783
118070
22098
452281
912359
614989
297612
613857
394246
629211
156295
788790
12410
926945
854675
376903
219260
712230
663488
764435
198060
933462
108891
318524
145826
996743
564680
32155
873938
191190
298617
146861
628827
524848
13192
329962
18220
636717
447095
751094
661331
138390
832001
259504
858660
850375
421660
945641
435906
288176
175054
303535
773133
931701
830953
224519
752424
964278
595493
856504
396581
653544
403672
395140
850064
275682
781012
567410
461589
867892
348509
317254
18446
613618
436933
105171
285549
683918
435303
513895
915523
369379
445244
722724
193195
15054
227485
616750
962133
680823
933077
639360
92018
468078
61410
262233
233465
514224
195273
221205
264661
903176
957523
89174
442283
654866
147239
578785
946827
722139
862853
451845
71346
913316
475356
738485
518073
479365
211145
583607
652127
622703
276142
132917
238830
228938
253610
133873
643468
940733
561978
532182
334240
419979
281836
46057
552222
747162
43963
664094
31089
446992
681356
920391
512324
776342
300711
720942
745534
191428
275109
564535
246529
946690
481372
353099
760033
488645
735439
989626
768685
930492
256762
689130
671331
508796
438276
805914
382767
739029
514512
575827
742418
758991
297330
810093
788446
4742
993343
151419
144797
930463
922685
252820
287186
433958
12281
346623
934423
983302
46968
378618
353125
654756
310725
81511
449971
348440
677225
726548
192437
399944
705337
647077
237637
63715
278281
344096
174431
577847
324030
74261
849927
387056
518210
799912
739589
207982
836048
643645
107792
493761
476398
58686
487305
885060
918203
884939
905758
555795
722654
419967
474767
78570
426654
184987
233549
228443
361488
744658
939454
219371
651563
600305
275934
192651
828728
827944
723903
28270
2276
194168
5937
955787
254903
407803
50940
248561
40415
409035
965130
570497
225638
123472
669218
791437
358723
264042
470415
992588
138188
479607
986527
33398
165833
947713
175751
631874
37731
214343
198052
71162
144123
380391
677276
774071
861527
812389
843107
558463
375031
317274
87513
950135
136326
528123
710865
773319
586156
888389
282413
516489
352384
457090
198373
831596
694875
906171
140006
222315
369287
746682
226647
552294
65047
172539
833974
986202
800720
720559
119585
97474
53509
151340
492977
888201
67328
165428
361537
645866
161884
685471
77132
539494
282544
288296
833012
633249
375142
435154
922591
766170
593449
967541
875196
69637
682749
374057
454308
977671
507304
873357
863899
60749
458126
925877
890357
911306
187290
567534
389973
243147
677208
912750
300049
992696
539873
664477
203825
515817
985325
497850
621271
66530
710732
761900
78968
88813
177136
567142
61064
202323
891746
324981
860916
507702
318741
698985
62153
759118
353752
426398
244722
319550
547044
970278
723934
775442
475925
779412
385920
8792
594358
578215
4208
566487
1525
879826
588079
116272
848310
49508
875656
806672
627331
608281
889681
407888
667616
311228
531665
574377
678076
140919
510651
398231
719492
487993
223257
666377
72210
349826
108868
903489
101891
851918
953167
136526
58343
554524
985348
883940
629521
85977
615558
841429
77645
754670
751509
293870
335601
133091
54192
530352
976844
813998
570773
18282
682364
951580
709988
300144
53596
812059
126690
573434
831322
138529
503577
915546
993702
121085
649564
803483
506374
85880
200167
409587
998662
910247
31781
8166
306381
497296
641420
317431
40843
506743
273700
638794
312271
608708
266981
344027
901941
567634
839613
128917
146108
474902
255984
620304
401910
730602
889626
79210
296664
611637
99984
303617
783025
740921
919013
508106
866808
459705
507976
230673
339582
687877
486283
457997
118786
208164
442750
191199
995427
790620
425786
696615
151344
855328
744121
522947
496475
966871
24098
861669
147149
378565
463396
710032
511635
499160
51960
732079
295157
408593
969416
51090
27047
744077
102830
758470
265753
986672
482197
853903
327977
898349
93948
17028
320505
305459
912729
380616
197658
205623
566234
59872
711079
438682
599366
723190
678255
494200
325890
621801
410890
2508
262384
815311
932044
750915
874098
912712
438616
325084
13068
922304
256268
100280
9576
617920
272858
475843
133746
451377
199414
778239
452515
521263
977259
486570
74204
122694
492489
962252
563368
656908
531513
891103
381604
706011
300721
886490
372731
169512
136066
717660
602953
625157
794126
28466
760225
821935
959704
20165
364970
625749
986484
394339
213156
477862
525149
832872
262344
796501
535653
569096
922190
29228
290951
280892
355400
634506
458264
942151
549548
198779
127836
25188
575791
537906
32629
27918
396236
846565
484919
238379
330723
448325
543447
950614
898687
458265
235265
885384
445808
558454
929608
730914
4311
329373
446776
349401
407232
427761
902663
57662
655209
547987
533034
459433
927841
941660
42181
397761
723212
770998
850682
177515
812291
451223
235939
402317
301336
727451
425626
461310
400375
62462
342133
985740
701928
938419
967183
340713
588464
387427
637761
102514
491095
13701
933808
269661
470469
731478
900288
972159
39046
948150
886567
226296
444013
246815
96412
700860
932500
832706
574317
508990
497729
463936
54320
895738
777252
350145
172241
672928
460668
191669
36491
216280
254490
349861
527794
291318
974270
910133
201324
37564
57309
996152
522048
167430
717252
415920
183942
859478
909462
357216
337278
693500
327025
504912
348157
254818
114031
714717
671234
727026
601993
914298
976103
511460
712981
564103
61171
615015
23664
343756
273740
589739
471414
620562
209674
560201
391918
220702
315878
274320
918339
845195
217617
359021
414189
19395
858017
990582
866287
829273
739814
467
614009
772230
856411
968073
195181
198015
636984
699428
519998
455791
232101
959809
541621
885206
855176
711541
213966
694782
4351
435230
315199
254805
13802
355076
199000
58604
438559
789866
697029
899019
591361
105719
599793
924846
504490
425340
754053
195424
271365
506402
862414
215539
867385
780081
839165
157146
251072
977407
360583
878179
117462
408307
590829
713427
952076
337653
404246
403743
865723
372
717976
196165
604502
453651
109781
132486
478745
281457
950338
656512
939486
629011
580995
515947
757646
802544
78642
656880
566260
554522
420287
462177
359789
995588
104497
251673
15996
254324
564555
535153
505082
674118
362634
391260
830378
527130
395338
434144
194027
839515
841287
310770
787654
474541
392961
395052
347751
57138
140217
878893
855465
249593
453529
258893
895818
830020
83248
388795
58302
984117
783771
799670
944095
403348
215103
462244
37825
126911
842674
135250
478820
361519
654905
810377
384195
825955
129388
261129
216777
895403
532918
35685
75619
640786
104569
335482
825392
147561
504654
631437
593558
95980
462698
805441
526318
847316
354012
726833
136415
240440
165426
814640
404424
703136
55036
709722
620119
621800
19560
732567
85559
824846
113164
855788
703846
634904
826563
685629
834788
978213
696046
307427
693255
663886
444700
433190
333164
953400
168516
805463
908488
13753
679471
674317
160668
656548
222771
330746
99527
16499
878553
63208
920693
712336
858848
85142
280629
129408
190619
918505
667113
883372
235445
927377
372374
364045
811541
918329
100315
65332
107676
903786
766207
248180
369099
457469
105507
488493
365186
281723
310614
593653
717859
829587
517063
425380
218773
15414
554581
939324
177253
485011
735619
275635
183430
299562
398535
14303
129785
771535
614401
947773
98120
443966
333961
902046
617196
127509
861153
55599
720270
345522
573834
23267
742890
523753
595058
162559
648464
559074
650506
312642
198980
568654
589046
284910
584006
688964
10846
461047
151212
221116
429858
894215
84395
15526
474026
346092
210420
82664
100442
663967
923770
570355
966885
290226
93650
440705
121593
254549
172276
155181
740952
226948
556254
866542
552583
559825
780056
180529
773919
359241
709074
788179
647808
267590
15593
609592
202981
460369
877576
262410
961491
55089
225067
664594
26860
301269
299327
53164
47712
785113
99174
640170
741059
856312
42775
616776
188153
811663
481441
119303
178061
816330
839439
89256
47841
444333
856551
303494
502336
968513
782861
207696
989071
5209
842949
692194
232994
612287
698070
615552
171884
519168
313865
760047
88654
688593
631313
450543
413968
581021
229444
369240
374637
445612
745543
967951
700040
871025
947209
163366
85309
777008
388774
463950
351443
247242
974187
974073
462797
664934
636089
771664
1631
781630
754306
353230
514942
427459
661745
523319
443408
426862
450342
969017
821123
283493
503583
755933
962618
975430
615474
48042
959713
388306
888374
68695
551201
293561
876610
257386
97967
947326
762765
875185
289919
61574
333749
305628
318679
512131
240411
470773
448574
756535
585195
671934
414163
83496
447993
830246
25209
124703
392967
212711
12400
384348
523555
283839
280767
744857
415661
770632
267213
147705
457910
313910
20816
534477
696324
660013
696348
323715
76275
676477
977757
561836
776054
948219
15968
506856
10746
430781
739659
19761
615083
781169
455213
434880
825487
928922
33520
401759
358417
932201
91691
42892
387737
612212
37204
924231
351766
883157
124883
623737
463005
880674
97585
861441
981227
773316
50479
173532
43910
643254
480115
555055
656642
566876
612638
990644
355552
508093
81593
411583
229201
846623
1933
503596
709336
471806
601425
283239
610957
97960
734974
195608
312317
904632
805439
467625
294127
427629
492868
609781
694338
773158
388726
212622
904690
566396
250821
370539
433849
807228
823772
734189
559826
134143
351734
398028
952920
525352
212426
916066
449677
629946
769634
169236
333240
461331
650186
557465
658469
147657
863395
539816
892432
721696
683351
888834
46748
579621
150183
631769
721022
481001
147232
512156
21559
933533
809196
710496
454462
191879
839492
933740
173179
133215
967939
966817
164528
16328
754006
470212
787059
592366
647312
688490
549654
334456
154650
640959
449063
371562
219399
801266
271314
946587
930438
21696
17125
852685
626481
362076
531500
695982
216258
402552
492603
645226
583076
95283
685706
636843
780903
825503
960570
873518
268174
731821
180790
850179
888707
546296
464757
379169
434731
308330
635163
332707
559891
749903
121727
928931
817545
344372
693000
541682
747528
58107
885872
573873
358283
429119
379370
989135
18882
998558
997216
852191
872738
856679
685909
707796
662679
899361
701162
90524
673557
425718
302204
768023
366028
634491
82218
118899
18362
620765
108724
346278
25434
130217
403135
711494
137082
921591
708597
775048
892458
752692
200521
803027
832784
599115
844504
388160
500569
488944
864235
420017
53130
846537
644761
110411
778612
77049
567177
863505
418630
242633
47254
481694
245821
831157
723979
83071
333302
257297
676429
865898
425315
712470
863512
704415
345948
513869
263649
261210
451085
213207
947675
755890
549070
171479
299862
179089
466704
504316
475137
568016
761522
716718
704336
173935
848435
307604
208249
435822
68098
933120
400472
842826
329522
706744
849138
569367
433353
351458
358486
951479
558328
389131
31839
971060
602724
211732
502679
747776
877987
572153
575478
255366
447618
685567
320008
959084
606403
354042
649580
981224
813924
378616
222392
652732
12186
723405
178042
16783
519901
517372
303066
578218
440092
785535
41819
204427
557330
104116
407552
720553
501040
179172
609355
585477
739578
277360
365920
819434
390446
106202
571593
745729
25630
308589
479699
866899
561503
864842
659861
497883
796890
940753
46224
161031
124416
801384
370034
958283
632090
209195
262325
937954
206846
992240
337764
982435
71005
801525
923326
519548
833338
365161
128691
337421
311221
794964
296075
440739
748357
882403
597286
83151
265413
806932
781470
318371