319598
126404
483767
325881
244498
442745
231821
549252
337644
231249
993886
859222
883884
46737
114625
428447
628525
395129
675913
760025
330335
477057
294586
127434
208070
705525
821145
730934
695003
725034
136412
490405
80208
966876
103297
219340
564209
11749
883579
200027
24038
92
753286
218979
760789
582152
573980
680801
615588
48448
311488
630571
493916
870176
583735
888501
438953
759082
589462
119360
512510
232822
535479
71841
490453
201687
531269
725162
988436
966028
219447
450039
804747
896800
347802
781462
345946
809887
912582
888468
830896
769333
501106
488608
462190
205220
35748
316767
97001
804129
696577
591691
8398
467020
782146
890184
905953
375691
756487
389317