190213
715000
892229
592541
959092
316483
158738
884959
744388
823594
792613
28459
776907
291607
156183
430616
341820
970249
727774
338697
335725
504684
952095
919579
884148
230355
204186
523432
718378
797268
973508
595638
285201
627904
158258
479296
979282
752445
588529
301342
410527
248386
380722
332947
930487
986543
74274
919155
725191
795463
963032
948975
120366
704523
136616
591039
843097
179956
421781
800874
602893
209228
616291
532277
168132
741545
815689
440294
400814
797383
304645
461235
983704
454337
653194
989452
758314
612588
170965
535682
525899
371728
173725
467986
994655
896516
816681
741522
577328
692837
796411
759863
889386
76594
568170
778561
544448
930695
310733
628355
754221
637108
23891
883027
491541
609338
426480
560970
458058
937185
234802
537592
538858
659449
357362
462823
790245
893035
260261
23178
789852
652410
249298
166595
134501
172124
350238
101390
885867
582127
604547
343309
249330
127898
178079
702640
414969
675393
782057
916672
458040
489892
594558
842441
621641
631381
219225
373666
53923
467860
216034
124506
500993
667849
192989
738817
55265
116636
234435
974736
664616
453812
80430
917622
946466
769803
955117
814912
681192
256491
920504
534883
355994
215623
835453
98921
622156
519224
176856
391158
442814
619219
577122
382390
177986
816227
889760
401830
585986
116296
349213
49851
893658
198763
368466
57138
778401
273180
20865
748021
594309
510411
655905
823975
947796
767584
344179
315341
515927
791991
440307
594392
645017
68027
727338
63507
353029
228318
615584
720741
314285
472114
66671
53892
878247
811687
247667
724663
223378
362146
925214
431045
896374
905910
4968
457727
604362
116289
359139
689319
756431
313638
237036
698876
920345
543842
926205
507875
530093
30925
207968
348915
168902
276463
700414
178909
986034
740285
981910
544055
927001
40431
319753
890787
86238
240063
194449
597792
738526
674367
333138
249709
384086
519895
661641
934293
526241
404122
794721
327324
547486
132869
288548
267140
231920
267347
386767
317500
79455
403008
798782
361638
491548
224984
343302
325379
646817
755706
116129
712382
234551
541230
768580
346898
635729
585056
121165
695768
51222
295929
421656
662321
843644
916569
451313
293708
573839
967795
407523
854228
835858
985924
573295
582841
632380
907377
171865
492698
366627
198908
552924
733004
771383
714466
397821
471690
574372
411733
921596
161401
149851
928913
537895
879254
982443
322333
125578
581438
213065
466656
48897
336409
409774
64286
883438
927780
181663
937677
383621
57306
987976
427480
146884
291071
788418
100975
319680
373513
604980
610569
966299
363179
766997
308983
794962
260671
277967
674726
822835
385615
229055
451825
549163
86207
950233
921441
205181
765851
164841
16002
455631
284921
727412
894115
7519
357963
279613
847657
964755
474499
879715
884688
144685
60643
149160
985152
78877
299488
97036
999752
705520
655346
967191
433913
549799
241147
813046
306913
962978
451025
18749
822883
559227
597290
828491
778672
414832
932259
681035
569956
115000
681005
367191
855039
669302
166036
508599
338814
993611
404397
712134
698581
892486
26652
299189
222348
504503
350399
726249
440883
170657
785211
718976
291907
3469
56353
117617
962387
940667
97724
135825
769139
137652
909241
614962
806825
332091
939507
245606
886214
445281
143835
930209
450467
668152
671681
589692
493821
206175
203265
264982
777963
993212
416908
81557
472120
879177
225170
657610
102177
468549
226569
852595
278252
757066
8349
143322
844130
996478
186740