512445
579931
95711
821547
647420
289467
850309
14907
952627
40173
276407
709231
804684
834905
186498
784608
13882
572789
527704
34704
288058
523360
899685
406098
396283
108958
606400
709273
36762
57841
174460
224987
259398
133392
304413
342753
985411
161735
860071
366830
596554
562858
581010
980169
998797
709623
30427
589801
610199
811015
797364
55485
339922
117361
40220
701781
176099
239932
862025
755696
296880
17854
477697
949027
348225
697237
535431
767906
215876
42881
291507
443374
386922
909981
562651
715803
713392
341240
525293
947261
910904
616724
411743
358319
617941
666170
351869
349375
158886
218552
844641
703225
455129
959801
505473
76110
856273
281599
546338
640609
307234
457471
72043
600303
676793
473113
483348
461912
566105
649010
287229
566030
634240
153648
682843
331097
290344
683217
685517
657284
906089
120616
688653
875176
270139
41142
491585
951250
372314
851553
228081
115924
930946
837779
481556
198053
416602
937842
719235
797621
68589
465591
209167
872594
140563
778541
554734
567088
493870
478792
621008
382616
19024
74592
254544
184240
878138
751624
205894
528099
64191
360143
319673
56300
129416
551955
614321
879172
83376
33085
679851
770790
612303
394460
989926
692539
39381
760225
905179
927656
202444
809269
335753
585136
116095
47219
918254
946886
971769
218757
205906
294067
293414
10590
215868
205664
591959
638993
926216
176065
690465
301325
615633
654238
177700
740726
863880
276287
959529
360352
392934
168500
796837
227946
913150
682430
794139
128501
570603
856798
180765
235584
832809
122999
9074
522209
322240
896034
182547
763426
223451
158158
685008
853622
146615
993554
18064
682327
462327
221393
773365
429053
690644
838537
338782
402620
898033
415416
577350
613883
725196
735275
592521
556364
53521
411684
688711
141869
503241
930407
264929
327770
769263
376673
252961
760013
384995
492086
288758
63700
522616
771622
369628
493132
165288
971226
676890
167487
422759
466001
333989
782040
189204
309858
990882
947263
727052
849581
476745
561045
561305
998178
508453
353741
413896
495981
864696
522789
73240
89405
461819
782656
630862
496240
396674
359138
460582
303261
126206
960007
129380
697661
797
208224
457096
639094
718476
119403
102431
570502
386204
774638
292598
332232
974914
4879
679018
124454
162744
923539
217947
909660
940674
963249
394175
444196
619787
594514
559634
449220
44974
606568
564331
335600
971408
485800
85482
925277
224554
671653
773646
970211
698020
649163
508387
702349
555293
361588
381784
717441
704583
181994
641135
436102
107376
492922
162829
416887
85339
236209
233201
701699
17740
845942
369217
769822
694371
868867
856320
129928
334496
210114
349789
291512
972677
530816
378340
846501
334681
452048
925911
875952
949448
874175
641752
522801
602664
90927
534781
461084
578902
632082
66310
976720
353919
365061
107626
43068
549627
774022
921229
657134
74003
281108
65871
555129
259427
46562
445118
140355
725339
404727
452523
168425
747359
744101
123674
148879
325966
708323
639059
480455
824800
255049
125205
613532
774441
441768
626410
700029
254714
915780
701462
290561
247655
964528
723305
610907
852450
428740
124404
704667
44294
307708
592600
250078
425008
693040
637690
9940
897160
197612
939858
871020
397854
388395
947939
319710
864814
648949
249221
321428
647558
555858
252638
165622
735679
509609
407535
18449
695526
581754
843530
881699
859071
902197
726370
603461
406559
662325
20795
819317
707448
640988
15744
438719
572786
496395
593523
937928
650868
165630
20862
164663
580737
33283
868777
609793
799807
304021
600741
211599
46228
606873
632837
404237
745257
302964
844300
27537
496720
340871
47585
28262
464706
817416
343199
857269
140545
433406
916617
743567
137116
698521
38619
260377
447057
892011
314619
821845
238156
147015
169806
394249
625102
101813
486439
97166
943017
618382
333275
264310
84263
20986
450032
157851
393355
262916
957172
244608
325807
174743
580649
694823
804300
912408
128734
197359
176344
191263
133721
164518
516490
725074
69488
72819
24377
434784
430455
337049
229218
564696
880723
439401
171337
958755
80173
549831
346934
51428
665026
443158
671392
131307
198360
213635
69544
470992
28107
847019
52860
93234
35782
583530
813916
457036
51661
98049
85305
244272
622262
880739
335673
561636
271224
443932
192408
399062
441179
376351
509800
136188
621135
836906
442105
273420
629017
919128
287443
750101
747624
292547
552992
437305
39622
254483
528615
508999
122474
729000
731251
462329
961002
517408
66642
724167
980941
392005
626297
974373
910398
454166
207749
993440
36637
388656
577244
452881
50224
728345
164722
481467
571511
730345
683431
206087
113629
807062
534478
629657
776650
559194
991433
79950
343573
638659
315280
851925
435607
823255
77712
833575
650907
703265
176944
663140
668081
312220
515374
501515
670050
654779
748520
134294
369149
445331
208823
527024
506448
293478
94006
286228
274035
177549
643936
305155
431870
533953
557335
412897
680794
562758
472001
660909
378549
638900
425421
739163
441231
186787
313044
593360
599282
843378
246490
743738
281278
405684
798131
402313
156898
799608
973058
489997
46119
626036
565725
659373
451046
218574
982156
844929
715738
326022
817521
908621
333840
442626
618305
207451
853755
549623
923184
252532
429412
721586
584043
928122
300414
898753
223999
556133
310487
669568
695511
504216
46699
494019
603810
819359
113491
921501
682707
80392
657690
366859
48514
952411
945840
419584
539248
651895
578488
218382
316519
141066
519804
132142
80832
418476
905536
237356
964479
141017
117044
438386
967064
692553
945091
456495
702485
913774
573832
40419
64655
225161
249696
648330
402905
395177
864410
714658
42877
504386
296523
124443
377118
237734
474239
320283
995196
260450
878410
23594
661526
816248
533052
927169
755306
249908
132658
867242
68056
179757
927881
403795
732709
879002
519022
762229
462363
809934
69969
833116
116173
499089
181816
424914
477431
953437
712176
582572
253252
946802
174174
450352
727146
365270
656051
464609
637041
655533
670013
763178
106001
943344
291675
451043
79672
388237
295369
437058
210922
696411
449753
871073
430851
621816
746435
609319
892888
768386
360211
639318
333372
836718
202496
807473
708190
136072
331037
336392
605647
910407
818601
21729
748450
959884
457153
556229
450861
576311
494197
441700
657771
778726
902519
746661
971971
492556
173807
852238
445028
453033
721900
766733
564231
989355
385014
378465
766102
955169
287039
811880
858283
496920
741879
347653
815729
176404
62527
564205
396775
824876
743477
12175
27651
647555
877038
879390
190259
79583
692482
844284
951486
98215
969664
169028
382025
120701
286850
476468
948022
995382
996636
398710
395943
769970
339950
478281
539296
337629
371993
241360
533835
763585
62990
994231
646228
579845
471746
517374
230644
781317
241662
450788
355468
859855
545874
946736
681127
236280
991721
132382
540130
51802
32952
707365
87016
325099
959441
636449
700501
399482
53780
487842
624188
245000
665028
286993
713220
768448
517239
29113
684525
519636
824423
365177
727472
931126
269671
533893
476741
740016
985711
726036
794110
673441
116888
576362
256273
994261
982115
750914
963443
400703
116595
529815
518303
542677
742235
806223
319541
892808
121810
777733
352832
619167
669059
910193
913808
261871
473089
567926
242758
186233
931800
720457
637742
350240
308991
709305
475718
269573
772393
989854
241885
141953
779002
807778
480151
638142
696983
814055
933965
321587
265238
541524
630929
148986
914581
480959
573711
54543
71846
679352
561615
540519
789544
535408
856726
555754
826161
88901
528044
354703
856423
381995
358393
708563
562606
426680
924233
378198
554107
350092
519343
270802
371975
869786
904325
115704
235168
201304
863249
491049
567321
8511
351235
665486
472674
393215
162522
681684
839474
550019
22887
95175
590880
430684
672106
997002
252754
622220
371672
721136
266124
349106
216446
241083
834474
599437
919039
118959
505129
25710
442425
105297
983199
315071
534790
733633
655627
787497
247775
24305
158471
933479
702042
19969
63322
299237
515092
823353
566698
501524
948969
206114
620046
507277
42912
665153
163074
372319
326308
792881
821043
185335
292589
517468
700603
912683
771198
348758
830567
505955
374919
499222
765747
980644
430186
490961
900503
793018
80986
780788
820090
218242
7712
223998
167493
769617
806968
997945
955219
149764
201944
259027
564420
563301
660816
395741
326001
876279
46668
143519
447929
727007
207095
571541
172602
841455
809146
603915
340956
174415
154914
64592
719175
872970
901408
864218
690996
565939
938153
984246
523937
760562
543806
397993
435998
414062
396358
67177
875845
231128
810647
52849
692999
186834
335763
750853
304864
806907
477679
942594
764588
643737
295695
13473
85908
880801
785165
595784
628193
766117
16473
303564
894705
126043
972858
616136
916102
946629
512179
970515
477628
774274
619968
128928
25875
354865
566976
883383
497194
622270
132908
568076
937485
554890
826629
749241
257829
613243
88844
524317
163022
220381
283947
490640
461574
256947
346929
332866
212992
899039
491387
758127
969432
165161
229294
450240
161250
326831
773536
74370
664731
24746
171862
763067
713729
107672
762216
369262
2622
409163
594817
548653
660352
84302
338243
167766
397220
607279
479943
28459
637264
813166
367810
239890
950496
615936
673411
604901
7799
111808
152984
760439
132280
861875
440209
76837
968781
898742
125212
851732
558372
441863
58383
446284
349370
343276
259653
69104
369423
167235
355615
659609
595065
817127
551468
459855
795669
530812
312163
719011
949272
120472
469709
993964
928259
48846
830015
641500
506229
178136
134213
481022
541338
504224
14555
989198
801346
958187
985557
860468
978764
815011
962974
406559
778433
787903
9949
131195
506429
614289
416307
706446
536135
80044
604769
393780
867010
975727
337543
723509
647037
964467
781575
436800
724709
937421
643848
504903
656154
792320
118230
332854
822878
22146
626343
304336
621610
374377
514809
654889
623899
477490
650582
900154
133385
248558
384185
307876
161272
171850
486411
62852
792168
734841
863622
517679
37703
673920
308091
820682
208583
94045
365678
744265
608970
850453
859039
467202
438136
818841
407396
594797
978419
615252
97713
486650
848098
408660
904250
60687
241258
165394
243503
545565
282171
136991
754022
963230
919302
907694
47127
300205
145292
891576
579328
182465
598546
138959
809641
870151
340273
318787
429698
638364
468426
561195
794088
838372
60310
160721
782470
26826
587547
502012
267544
500436
66618
79898
178507
312417
55845
813322
909057
648898
174255
361732
810288
494259
747580
564198
264682
887157
773783
121755
911095
530057
159522
799082
675550
485706
684584
675353
454595
658600
770575
795131
134058
492541
284969
559197
928986
556621
178921
375945
110556
426143
935666
496309
995171
202994
695243
504971
113093
451870
351407
611414
150951
555849
896514
270406
969464
797570
904093
32672
684692
536189
536650
131525
991112
610155
624587
246620
801013
198262
57813
851871
645197
777174
543706
487743
725883
639763
800900
584245
432479
746135
850749
708454
706167
935023
366443
834482
774873
556382
249849
668122
931996
142686
649617
992203
609687
281204
524774
716107
52417
604014
937773
274623
591031
290044
89643
216150
518173
382953
225897
629974
618908
772596
994501
131905
743753
828431
511075
259363
376357
176179
766912
790587
636481
792606
197287
946820
799418
681194
772412
211935
699746
329035
9333
140702
964287
203109
841193
553775
713197
42312
383744
829411
491358
324297
878731
138778
298370
123262
4845
485389
164226
142165
813174
972472
41061
801617
653520
347042
931542
23523
910930
275530
688701
186721
134130
591728
272329
188517
723351
221757
8655
802309
114957
687887
21452
805674
601746
91429
791110
514127
533197
164836
582737
799064
494174
810180
932526
227980
921424
407898
81934
572081
975467
528770
65908
805827
791079
776296
481912
420816
44539
915251
394023
760947
34066
828240
586888
483243
769951
307030
707962
197143
554631
892443
939385
491728
344957
978579
206527
953315
197612
739039
928519
889065
590413
414074
312108
449477
24344
322683
431984
803322
602327
209799
427929
642343
248469
45655
235702
620383
975350
996386
153984
958441
575712
646631
274907
440081
66199
166553
161980
687913
235815
682214
752420
452255
393146
829350
840202
256124
997193
795037
367446
28663
969071
958061
756106
690292
216729
39643
990587
74524
215450
386747
632573
392025
713563
470651
225182
129838
991024
210314
972360
995250
915205
229475
677130
474791
303799
981370
622000
324155
998591
907585
695438
600858
59017
533207
553244
33710
429667
179406
294843
680308
350225
352215
53270
381244
385789
880780
263972
372157
122443
173210
239241
593874
338891
682185
978716
930901
702984
68586
947140
702103
670141
689628
150011
371449
136935
726202
754484
167658
779958
331877
400281
95165
436061
842601
30061
873125
673416
481742
101073
264593
901485
623294
468002
776606
40892
309006
666751
111165
775664
51562
310696
124387
620359
924898
793794
520806
813902
358923
596343
389883
754518
43283
315002
528969
129475
303525
989992
301865
942082
858229
428618
49917
611354
791976
76727
590762
403164
424547
201686
573043
442869
383663
465666
332531
808354
443590
911686
439031
99074
485757
463623
418358
766343
45005
823937
903405
967814
796863
441449
854235
103535
91892
142898
614614
414166
126670
163756
4873
632047
852543
319430
686347
394137
796652
153204
11100
700369
754173
676140
666494
118471
990916
143882
997038
858189
596615
585619
313661
137964
177835
601814
351440
488209
652543
626926
565104
56421
462883
939237
549007
813946
293332
123187
770200
126049
46549
285156
243697
875608
175034
802583
668560
530016
94356
838818
453687
545709
891572
654547
534285
769207
586910
282898
38299
70702
300364
24866
460000
723402
204763
948038
810769
759360
657622
798848
79664
245008
263454
33268
812615
692347
44275
943724
219009
383571
900577
34165
56614
999722
529033
726950
729265
99628
802123
423168
956176
240905
976781
831921
940216
13258
739563
374899
888546
729925
722811
983185
998309
161644
98107
370698
338673
566847
527449
8590
617637
644514
757919
642853
159950
400649
564666
263087
271677
683023
487973
41286
608772
313574
673655
254079
727692
223529
664325
690000
314902
535566
271925
337355
145868
598519
119584
807625
297411
828903
601571
285858
902096
547857
693443
588440
82436
599372
496762
202131
767557
51108
821090
869127
924234
230730
676669
719793
391154
12075
377311
278657
322754
547358
136888
256850
11962
907702
42434
226324
875474
510327
55299
491915
541078
681318
207359
47344
970971
466617
929470
847925
123933
801774
528821
242598
379318
937080
15956
677867
431421
984915
932588
574954
614393
466041
142650
786761
603009
267053
74132
975761
736049
389940
632686
623214
605387
931619
979529
680403
168743
548756
556858
52986
919192
175346
271891
286409
870813
882868
545648
129040
362689
272935
226655
597743
506000
202467
406573
706197
746038
268127
190089
451171
140853
873377
742168
700654
805890
94350
197140
621347
764349
961183
987617
736902
686796
154996
890926
356627
461587
395971
394180
345669
368081
355625
128111
408820
542298
252065
702213
687193
144045
702930
914519
416814
366705
129410
341812
801904
107473
379753
532820
258374
63728
973664
276136
186620
664843
957048
127868
744488
63210
952487
527173
390509
532931
939102
612301
620637
486699
926518
563896
819002
284473
422152
676018
395477
642169
708251
808055
600216
209866
647480
423806
870751
243093
931354
261507
593024
360874
430978
564079
605291
254841
931046
582951
307245
783145
113865
133358
728079
814296
432294
906616
592411
550192
196038
152652
801150
764322
671089
497044
27657
22722
857409
903428
640274
826559
351442
776421
500215
484413
176341
164157
246658
522321
363716
886045
44712
139672
50480
903111
6124
31284
806389
484857
667681
118181
810256
511898
523980
202880
881479
871232
92007
138382
961990
766364
419650
573699
806410
467779
876613
440024
307766
421977
576464
371912
392643
282396
183683
939685
425941
858314
780633
595348
346088
899440
331439
642475
197097
319953
938275
531621
775265
736815
236312
684416
851148
351609
810325
60980
499272
650704
229581
508239
420521
694200
844729
674929
984937
570776
848289
693986
453373
632877
715963
466251
216066
345169
24618
208472
56406
829540
231975
249063
194244
46420
335741
173869
353175
462991
193454
58662
723535
159810
243763
136054
884018
652364
225057
788897
320569
788612
805543
492900
642411
571235
475700
969966
131272
390160
141109
71486
740763
904391
610108
926426
894579
845349
335228
866089
222763
685394
939505
797806
400676
782923
946589
849889
270484
275274
559212
778795
209592
610389
847609
564735
97509
910240
883881
194896
700796
77728
446517
84914
630396
740462
15942
712145
955442
299411
393593
478088
119627
125942
21954
483679
469642
208415
913836
892580
464404
123495
875838
61988
509416
567743
460282
251910
95981
420441
557439
152581
912932
576310
153166
43464
125181
838285
78953
778144
313349
349973
282903
439197
803196
550895
424069
601165
1029
489587
133190
999186
70646
605078
752187
185951
375183
865781
610702
401295
171272
215872
941016
183074
150403
53830
746019
650580
126369
288408
580489
89948
425649
868829
261627
78014
88962
594674
433438
531981
65177
153467
744335
151553
536062
7051
868231
317104
477489
86508
788570
845165
574074
23243
813018
765050
961246
198211
301336
400938
397037
726212
178954
438680
896185
54752
621256
803582
53601
848242
696881
62003
292235
114091
920682
798723
373552
485434
305670
91372
700368
4823
428226
41651
107847
619629
743079
381281
843512
831522
752466
21726
150629
50756
685392
58536
681057
846225
837539
120752
165276
790691
97698
971473
800606
942774
791164
376238
328527
886423
751901
77734
159474
160811
322601
740407
891250
762266
20773
272492
720213
301078
33909
508868
969165
525580
598592
858977
420077
928677
297071
319657
466489
345465
7765
711549
268310
361105
889193
258580
451616
526103
736302
54451
896730
126364
483443
225995
44032
770502
986678
952239
493497
29588
74404
74864
243881
414608
543420
307799
733858
823312
177553
384894
231162
763432
845614
163723
758263
25519
190739
624970
211879
219564
869598
545446
149901
560798
58821
168260
201717
534437
383744
486269
740009
515216
413572
658869
749308
98116
681257
314460
162947
250309
903405
546113
805092
450724
943953
805710
849990
149061
65121
176548
516264
817612
631889
973140
396749
444452
180547
566774
51861
822892
561957
820330
1832
334078
536760
28265
190731
789212
409195
895110
105300
762937
722341
211847
789818
319650
788578
640090
492550
349319
978421
832310
285926
90986
647403
751311
621280
552227
319824
818613
150052
887245
736011
356106
833082
10897
735332
729886
499546
599565
514983
805161
912154
852256
824608
315812
893506
920852
984965
947652
582139
300841
44211
211028
389734
442298
507921
379950
191050
621454
572817
683989
273829
848254
161685
706418
213155
728574
266926
279914
101996
303753
202495
339096
851416
839085
746688
791724
190654
294768
210718
319839
809962
195486
745152
608274
134636
998192
468453
512834
407501
308763
36201
87786
23645
993202
718055
84086
362792
69432
721015
719775
837703
322054
442136
875815
360274
73045
637801
264371
597875
924457
797586
581312
267478
523611
632704
792131
629564
758145
469581
92513
798191
292219
14525
368008
510800
339677
473828
968168
959500
79028
390118
214482
433325
630775
871639
715115
747085
115084
876288
901900
594981
956787
848387
795386
256515
466963
132310
261309
706202
312799
254059
327199
114739
195173
899312
582147
743362
527923
757618
273055
657683
812582
944413
245911
658723
727504
890974
921335
371787
96261
548777
164237
292951
557699
983510
904865
405813
874043
293990
870994
327753
782464
391844
349519
909150
589963
265511
456686
582710
947112
48820
376684
557186
720321
275520
266754
907437
491205
791314
490848
86290
92725
828295
934729
296271
535819
589616
841290
541489
200007
746518
823000
743886
808791
497501
168133
397618
921442
319558
459935
77937
386417
470542
717029
460188
999098
349364
367655
41422
646283
143512
748729
55270
226000
117055
227795
166863
616513
214259
687816
151354
29034
498887
638113
977069
733912
774264
235798
968117
928605
917615
289064
625591
240129
619492
665950
592869
815621
555228
503129
209164
252308
318738
363606
706121
197705
120884
796160
9436
337111
462724
957680
864788
143001
461727
910978
440618
930871
201435
506517
426410
18737
386377
225758
539980
302987
383450
356841
631777
12310
285917
730670
862633
568790
974310
493580
804609
549589
302795
183269
396793
337859
622536
828181
944708
9096
914114
47183
175561
608936
146536
429270
755030
721426
208374
258902
194100
119557
808275
51293
162261
103008
628571
975929
714922
109124
449655
419502
430737
488807
588327
257044
514668
77816
593953
72011
631565
526314
559507
913692
62605
31840
588101
914478
839612
349811
117402
977762
309490
891107
141813
812363
408900
849431
868345
229325
445778
487826
94760
505553
694782
340405
31789
737890
711927
495531
228021
395047
695667
609140
559799
726205
522107
498322
246869
949617
93728
519690
287386
559255
365771
969239
221667
618761
463410
545713
422875
948607
380519
6004
247135
614472
869898
983281
799680
109923
106783
676430
454246
406076
874234
382938
740241
627846
509271
866417
327611
925937
502022
261384
29466
264073
773571
423382
425410
14571
784548
949088
236774
311076
916843
30111
533694
621159
199483
44175
500549
559147
794600
334167
652314
574751
771495
445456
707078
275851
226276
840051
136669
228804
176307
956772
255485
26891
69022
162325
866548
487300
679133
369624
57854
606350
277859
527173
43179
224323
153813
75140
897439
262157
980885
880440
42355
403235
323389
92873
103354
734047
64232
635851
957278
702654
199146
869072
744040
653555
871647
129607
865502
577704
22369
406095
173382
478802
143827
40476
405257
176623
328730
907268
450419
865311
683180
374183
188439
873501
274368
677369
810127
406040
229349
124846
120737
536178
111215
563200
591166
595988
929228
569312
470116
5356
926580
906295
995363
474052
191871
109143
740156
165696
924432
53315
208996
601844
972591
862999
971561
271839
604341
380181
834924
627016
148000
223566
884428
767412
104390
951594
849124
850433
311591
333012
832938
656803
845467
991748
138552
820664
834538
422506
998631
473417
153722
704820
698135
664863
816931
702076
806668
772672
418655
181585
596531
8837
974237
309089
603778
241753
407668
518016
513341
335312
854900
289815
187092
654881
365145
888620
863850
901442
415385
607689
270576
24414
361181
392588
376176
349110
718220
977931
780134
785105
468098
180961
897032
698465
974303
399833
96615
477300
280700
461174
632045
974163
624057
326621
548102
578043
110578
692192
563484
705205
185168
980904
287738
729172
653563
176254
249874
703307
729773
822
482202
255016
517474
630136
773840
69553
431852
778540
817823
597594
814626
238338
698650
774560
109240
353371
661477
473412
306090
68375
898995
739239
636947
317500
91305
249087
979482
464511
643105
729267
104139
679987
792588
533657
311492
349515
104367
843721
979206
446413
324494
818846
373227
257686
264934
30345
120439
382148
61779
405393
353158
405123
693586
634795
236261
585719
279137
670577
981949
429827
508227
346306
869674
244
942815
234487
36395
857486
476232
448765
482034
535793
387864
742932
579738
323494
804277
617955
187192
774796
959221
765301
709449
770073
477278
17044
895755
280975
450566
437632
234793
21118
825689
33228
619726
603439
819129
885462
149979
817204
457280
35489
219251
4938
559265
302993
820083
262760
279340
317954
303487
884519
688688
312773
137976
318093
139258
133495
328521
658423
263548
709760
121121
119971
160777
784677
517883
314647
254717
758859
452632
713010
549370
567945
747151
356749
768397
129256
513787
886414
476142
296058
628818
996809
437222
716564
421013
217618
331147
394025
309411
49699
107623
658244
710121
713062
824951
548833
195700
544289
562511
594665
846887
491388
476571
121353
542408
25135
957376
953006
417652
1164
493536
642078
18035
533542
213820
474294
829670
314333
944757
924092
167901
627015
454635
409824
824965
724477
128902
692052
350142
667711
312019
148677
436107
686277
320646
384244
231203
334371
132638
398070
926052
337687
613542
970244
605479
654515
385111
364288
509166
829985
373467
676741
737978
767768
308908
641257
494586
380570
272923
846738
200797
411495
157421
503345
828041
188802
827423
106656
728036
289629
616139
392212
142351
496739
745315
110143
570738
703906
67801
661893
266930
994772
364449
492376
506879
219336
916942
272242
80203
332850
714521
237102
97749
21003
197121
105220
581283
468646
174924
916063
378894
195217
67243
998749
45047
877028
668219
891746
24088
308905
603368
986009
210997
904168
72748
397193
769904
126029
831285
260175
465596
182584
402277
486270
54634
16417
417267
310416
150943
374438
363311
144775
497767
653043
220258
704548
490466
522893
561107
504707
138972
486779
307750
844689
758523
54609
738912
38699
500433
78234
495557
525973
274961
214369
807074
384916
915999
893532
346599
9513
264640
385782
550252
410602
5617
68664
588884
808126
728403
51859
134479
500788
855107
920460
368697
327297
527304
38212
633888
588820
127910
736291
150947
465368
89103
727649
368629
559493
998905
151409
984577
662371
379467
156874
557160
176285
815537
341330
75621
166014
688911
854825
146962
272458
214161
242576
501764
561147
15649
883637
13008
784087
612786
345756
551281
173034
885433
930027
255746
200102
754364
362898
718821
706707
85634
668373
255430
643956
516586
643383
227962
39224
494616
539653
524673
174617
978634
357180
237610
700245
910537
72344
984406
753543
913082
860090
228500
88674
345492
977588
443756
622537
935724
153780
385015
565901
943916
899788
705323
628355
640290
383642
464949
363393
580660
131033
283135
286006
719794
384386
657
743907
857092
200992
772051
696314
747906
536495
534000
486737
451682
544304
334615
922691
950412
126668
250715
194083
47754
626466
658491
797790
709467
194735
270651
53612
72870
899289
215601
68466
770572
642712
269980
952888
568918
351937
860525
216066
752590
492017
66858
420813
304361
54802
497960
497832
973345
791629
403254
736812
273889
24524
682329
246681
33242
235242
456113
249294
708147
945466
122298
927524
647517
221617
564270
931880
399748
528113
148872
54196
381729
347251
525092
348137
457068
27983
889410
529419
374511
729003
218154
598201
774006
694718
327849
50311
669923
384960
486329
77370
692958
611568
616767
474591
690537
140801
25389
407624
543377
861410
953480
930852
301952
830313
525572
855930
341296
436827
451467
979970
940922
20570
460572
787168
834764
232619
886672
667518
136057
336739
581368
453636
973227
483566
276899
723191
982388
968892
342332
222443
538305
918153
987343
366438
467183
337607
585324
486099
627640
760809
28132
518752
314630
363854
918192
572021
364392
864905
28018
227472
283362
581449
725907
238913
376926
637802
824011
84927
158913
643351
142975
990694
622681
712665
704708
61902
650930
134721
751361
694473
872712
21806
113075
863416
806870
193148
667147
348746
133197
631945
704690
344275
503584
642341
289388
564165
847932
741781
359194
685005
629845
331524
824345
807116
910300
785223
105737
226800
759181
416011
457320
6511
971620
610718
493276
181280
813807
843414
320335
46582
836863
989346
455412
554009
3128
464171
907433
510434
938120
169446
947829
26547
788468
263993
465136
912433
162190
86215
873858
531552
51267
455258
316035
529561
928912
515820
275266
357482
320981
491986
457826
1994
397314
184710
779934
475831
405614
339151
849964
794222
907078
552591
875839
39879
501026
256233
496871
181930
601267
375628
620308
491121
75929
778529
269752
439580
369681
243725
708746
773739
813132
724899
523302
435356
890138
889833
557649
628225
522309
536709
807195
36605
47355
863109
90589
349787
617699
235272
457314
636682
387984
945099
363234
923833
97107
231892
225322
275339
49002
338293
843735
470327
756375
881021
418944
559552
873100
608129
604404
740363
352386
84546
227736
390626
231785
447739
993395
476804
730618
323850
600645
359526
302568
789880
499537
874315
751285
202151
916220
559931
388960
977687
214030
916771
231035
439060
82709
578696
406619
468288
592936
431209
283754
540921
270793
301489
522838
495526
900324
354582
567916
93091
589876
270161
375679
685126
174789
676986
678210
732430
380372
844223
661174
202088
674322
584000
842492
345885
665927
384203
795468
113307
176916
318319
72766
598109
597905
108671
167558
6842
174741
617765
53053
209160
980627
919456
340122
228458
662241
352859
252351
209021
50324
593963
98800
703195
165512
576165
429854
707850
307772
173658
571490
106565
576730
494385
926405
128036
327827
231775
556411
325930
257065
820421
418417
281131
368902
208293
30972
656024
492746
761346
934896
975785
459234
433428
719442
244389
928019
129317
118053
70609
928279
832459
812000
949619
787102
400770
945089
26369
445429
361829
51387
946091
202756
908617
664075
782722
650353
929399
57705
272003
208227
536323
308249
585220
206369
814477
626592
159034
414360
686100
487892
931109
265403
42034
117453
969881
664709
650552
118904
47849
661146
72806
843402
525553
182923
558151
489040
979008
172473
848167
457445
69856
800656
228146
953086
395332
923957
394987
309407
446734
715131
870021
703984
936186
152654
314338
375722
434474
350194
117733
684460
374670
437030
471286
678954
175983
525858
380882
469572
410649
383808
220939
103861
450659
839991
844387
753186
803164
987201
522561
715346
496788
716959
872206
342397
829700
818739
752943
185661
115739
341258
74079
616929
692454
881596
782695
550689
379930
655788
414461
357163
997569
376107
41591
613532
714943
287609
498410
461066
922240
258347
329508
59518
409601
675752
352193
947263
439095
846029
576878
263497
821279
63665
657528
900957
97379
713154
41104
257202
729958
605262
898909
107209
732845
472542
85310
557022
102569
318845
38427
593274
798565
57558
900390
86757
847176
169083
849332
934265
90376
503874
632690
795923
120940
27914
675653
420386
380091
288155
133826
90273
329414
359339
565511
412897
381583
28989
419060
971199
122453
158052
686281
782710
554173
749606
148958
488653
579678
849404
511993
837553
931689
936949
923983
292381
972916
934777
420570
175925
206177
534507
916883
678771
465839
453288
49037
2488
737309
124781
807342
954244
848566
628437
722122
846145
651006
459263
702237
707898
110135
92750
402789
609193
267088
663050
710938
482157
965035
13667
335243
121626
673418
982614
848791
476331
978709
722217
779588
638034
14154
172176
166399
882032
87553
845234
727856
276065
565979
402501
494009
642862
315335
513685
736076
490982
282544
376868
758118
645254
553286
179052
527724
329301
216552
766784
949920
634637
318059
271504
128576
615859
312906
448011
652091
674504
127082
172703
680273
996760
586376
411804
881798
896111
295681
761270
44290
389739
684029
128617
439688
20781
817401
903351
202193
222697
986928
724365
509125
775197
428262
344452
968917
550239
542993
740291
606903
428686
61476
95553
864575
544746
885625
44584
989591
701120
757594
828437
309275
792254
407723
743228
607379
165477
893560
5993
101454
205020
481559
334433
17815
728480
740922
214503
423959
724249
516435
655322
526151
258312
927012
197563
506767
578845
431970
885709
541376
811173
55813
511573
120555
183713
78767
679809
832220
775282
211574
675301
120950
807152
647056
885024
851308
687897
476570
425629
645081
691110
628549
236022
236157
212665
381789
309362
95637
134707
563063
400431
436758
935651
735543
899867
184133
71193
640251
98972
376310
104216
990952
759376
548703
745577
331087
447214
661272
331148
669947
737163
778033
442698
965337
175353
287855
434726
613509
763402
201573
339826
877101
112242
784684
883773
767204
694730
407295
379818
214405
854065
22005
748188
606850
936973
574875
533709
659656
561391
515437
356414
275152
835029
310769
279497
677509
308233
529649
816786
922637
948902
305107
971100
338935
585850
293718
994103
346431
715591
752171
68439
552256
272036
114798
575169
633143
510209
165631
486558
696495
279431
846530
404146
772367
198366
224495
280422
232124
731272
248534
797249
337260
908586
638643
662197
637321
447659
440553
16790
321277
79157
861535
183397
846304
727385
594420
569355
788092
757135
984608
664353
93689
271899
533992
557228
690922
314314
591613
539494
381810
684636
686706
334775
615892
202684
554265
796867
404311
276778
125881
85341
119250
885177
773485
870169
33561
587508
559772
109118
40772
840732
64208
889370
24408
971021
794933
612272
117589
917375
813360
420621
593372
643495
544666
539961
183866
331069
904728
855816
5909
657433
141208
755600
948721
575671
924714
52020
527008
983833
920184
904223
652804
630603
910052
701709
623234
262338
822333
863875
219333
322206
402461
513823
644908
8079
278049
222730
875921
488083
983238
449545
743927
494365
926813
585203
369359
382418
889834
33853
855655
856236
96863
785073
831792
760961
584176
643005
610474
48606
585299
372584
169518
519373
405462
387551
649624
134135
511772
875246
775887
326434
927349
386506
727218
424218
820505
747531
267744
833454
180353
256694
347492
405010
745251
118520
385467
601314
25160
224368
38532
9542
958347
65955
670340
462640
337392
715411
346258
478338
698846
439721
280805
988365
714362
427215
605048
679221
146594
898714
554839
27696
459587
362917
73866
783405
592984
75705
922139
783569
477823
156840
738628
684764
110841
323321
264250
700970
305150
780733
267152
953302
347451
544448
229450
244025
104490
459227
839039
439312
50379
203047
850409
739644
751812
542924
483917
197730
233362
10103
51841
870770
578091
266090
693343
785285
931122
40813
307013
587616
61462
584482
107525
11990
41736
41078
287984
380745
142807
456179
549818
989392
369065
389427
438346
455733
616408
225263
267745
280725
99814
269366
231908
451434
63775
636921
854791
828198
521482
16579
795160
415669
345675
585733
521445
392677
63576
428367
432716
166818
707094
923099
771421
750554
215503
515268
45421
240767
734482
466452
229754
774379
363176
117370
449718
342813
656878
892954
208754
869089
629716
947071
240616
967182
24305
529132
733477
593321
291712
675280
690001
566184
549051
896855
796764
247248
598354
983453
636231
405183
976840
618813
201420
133190
460907
475592
746092
801518
120878
386002
382547
753884
471652
645414
948777
315791
198299
101145
864439
620933
87379
414204
326068
560317
799642
661803
963564
464792
206021
495682
769932
616857
433484
312495
218956
789707
647235
291043
928697
359426
875057
357091
564254
886649
300943
870843
343758
683163
495582
58833
720017
692381
39077
919063
522921
204680
614982
922458
433215
561044
677948
742520
620335
846448
924468
231854
838509
987679
175236
370703
609746
85180
332876
556241
187719
967774
689960
511042
180749
228822
748559
122008
777126
504533
857355
133413
889699
276011
770005
207721
155403
419370
752268
382658
74149
593769
955922
656958
232611
630308
369027
260753
564523
987329
379155
833890
706882
764461
943491
244735
870935
959205
569472
17777
535018
357713
350744
418027
878359
186890
778201
215772
14979
817404
286344
373348
427170
594855
59323
217699
776994
826944
876948
428780
348791
457524
956826
740120
103172
433356
1525
40823
628131
373867
147206
59554
227665
717685
166177
184940
681977
458442
540904
906871
328091
110064
441093
622754
674969
293711
739459
511136
196638
324053
978378
301476
204331
626426
341557
481080
835071
326430
860370
752237
695267
394446
7349
591021
286415
343525
708665
512620
939260
427599
555348
987773
36935
724585
97942
928065
434239
180292
740222
545914
456907
732745
391673
409085
223355
988598
976888
981318
135209
767238
286636
480934
941643
481711
411937
866455
614873
239557
629236
33136
52501
192380
5107
274867
221052
137098
759695
719172
360519
605739
402752
755573
246622
189630
103030
803580
866458
391053
644407
303302
716917
473962
827545
488548
605457
519028
402334
730596
261217
591417
688359
218683
599160
46453
605527
318109
790892
563129
134981
120815
843751
685863
275997
35156
337034
68954
892692
328868
223101
610914
514565
591099
828311
272941
81389
41709
825319
367553
285568
382039
386397
206053
573157
38225
487704
249824
749781
420031
465229
842201
821067
820295
651152
427165
983145
379421
950979
971455
234919
1209
76568
525658
114296
469354
264900
589810
519035
606788
284354
253241
345562
354421
917184
419501
606467
13494
788842
903262
311809
464605
61650
323790
55798
802703
717113
359345
242359
446226
942525
986515
862596
758016
678750
323417
207970
901015
631598
263839
827223
528366
708693
276545
30530
581122
756734
279669
442388
612399
82082
511701
364335
657530
456431
529147
247769
244555
527572
292230
561629
237880
84908
329145
385470
316860
976580
142338
46105
500358
628683
910935
253846
737006
962197
721212
299850
128706
98251
393122
39213
558143
706611
135017
70131
978267
308440
847174
346697
438463
651414
226368
833197
191314
201668
832020
893162
951921
966526
429881
11055
853819
70797
387838
827851
679112
28278
132943
545224
628345
165340
112278
847777
443050
462098
358589
422944
608900
132289
908050
606488
810800
317298
806276
791420
33382
726201
165194
644507
380643
951679
214819
146809
779769
446250
190520
261003
923264
522539
925
507790
343274
251683
739446
597316
290804
82995
334902
161676
172857
521055
670787
286621
421345
72094
960054
566431
816054
784384
492606
872486
469719
410556
1060
667531
497989
758421
822953
142505
472283
576169
758283
933041
868826
605654
522214
231339
939746
260873
448696
534217
205181
169188
959613
549993
654038
648267
48953
166632
847559
156556
856276
511965
116688
932009
155935
252089
450659
743938
329012
233721
235419
930019
97980
156293
952141
516136
378251
702633
858231
54729
831141
783597
112534
175814
394148
913554
258899
265712
719665
311724
836125
697169
997296
624791
532626
696441
854904
800983
836822
987430
180287
284688
755335
137807
313301
393246
107975
923149
764295
205714
199288
653095
301348
516490
397446
501048
186652
411756
781277
207935
782915
390783
864252
215555
871797
231333
53281
343265
102484
77369
314724
445747
810669
721793
964384
627167
51897
993808
739724
582521
725503
268411
967207
138582
222295
146869
757842
866222
816713
763722
146039
799981
278419
221813
542887
298006
603721
323038
900354
548180
760535
712371
64783
352415
23202
922657
326508
484295
225229
466415
442079
369825
801560
378999
259914
538827
333154
771075
967165
192668
703823
253248
178150
758829
566148
420001
577891
41919
714319
863187
536632
601159
136420
192600
373276
949789
43715
976643
8430
769405
135349
302095
37829
556599
884212
21531
623268
945273
332522
281542
695181
968055
44818
96163
892652
814708
120315
51097
549108
763952
690347
321498
938568
948974
643936
113854
642063
117793
28466
352699
338346
333746
404244
216195
214530
160433
513337
50490
161018
434709
183315
199379
560324
282097
296374
134982
73871
253942
767899
958896
389150
620255
312641
327750
397300
803837
893294
966071
435371
477535
87764
150942
810277
200157
571470
673505
248153
561665
706185
55401
593167
378771
972352
843710
606375
626304
822367
857405
754835
281766
793417
312441
852772
266111
519605
859244
302530
912807
566451
733528
821814
195275
279949
810623
506721
118128
461640
732923
71888
801501
94346
711931
586343
817831
524309
252570
76089
944855
186289
356573
789690
175865
357416
860041
489740
264132
736747
867423
422133
582625
525267
379126
498738
359386
219457
820083
968869
42144
703846
789990
719337
375673
724702
926724
548934
59332
668471
277053
609152
31274
477713
98810
587978
456099
781213
886645
673688
179042
453703
667252
230034
610590
737712
307427
982884
574014
106196
850381
903346
104673
151755
57207
760041
774919
37291
34137
698225
856863
161738
172282
606270
980013
898273
567718
778374
714135
727116
845327
167181
421005
750957
183998
664411
889108
535025
130036
616080
609389
369003
505377
950990
996070
357532
491264
43988
808444
539860
819405
690411
813675
748081
198116
148408
180053
447110
297528
1586
426570
630424
855660
677358
612026
459586
381009
934167
334516
137848
926077
833465
203418
148648
881028
357564
937252
331964
425366
373037
288653
790140
77365
875448
948701
488721
749392
49458
265300
735012
233729
730835
493360
706789
647264
529537
413468
368808
159362
788423
685813
996969
739602
468772
985337
525744
355593
510272
510222
652752
197517
677562
15213
911305
513956
147484
872553
679693
463187
464048
25248
447072
999319
188780
825148
498776
435647
684232
745830
517508
889444
768880
366025
337641
735622
551061
616062
39143
156357
474334
48665
630075
934841
407421
120399
480542
85166
936476
675075
425674
404671
177845
985004
417692
971981
324737
525091
644949
439453
35656
502350
115322
381708
56023
475109
682012
429551
974992
370718
883826
993739
493467
435449
336674
333869
526267
164714
434462
776872
893499
488286
997419
779049
773126
331115
870461
815928
822934
603225
606399
68365
537285
654855
933231
71117
200063
198332
927973
607968
760665
585035
46451
217199
843258
460194
211560
596863
236535
110127
380335
887525
70077
630062
165589
74917
156711
408660
819432
759275
138352
514257
681210
817829
445378
337094
872773
26299
413037
764419
471528
420908
186995
994875
956880
940422
648448
485639
691762
429506
275063
527251
407796
71866
823911
521321
932651
380871
995868
178584
537151
358779
210770
998976
460011
481592
69445
902077
4769
303211
843748
113518
918282
34665
900195
939617
659115
106532
216623
386653
672419
645577
455741
778251
273681
952890
800380
151233
241170
68131
320361
795372
282216
42811
108288
749082
20406
907545
91600
826082
335720
58096
832104
787888
740335
70569
59309
40433
530922
137051
655949
52759
609376
800298
233742
335561
669098
658361
25984
315947
982062
581005
163281
530501
479109
559935
865407
539154
144254
653149
327464
652072
11004
972255
695357
728638
587706
22529
875093
513503
941103
488193
74718
294122
999181
946999
98542
560003
761507
147596
208375
856282
77346
756888
368025
881622
739324
238428
185170
83933
593960
118745
121360
296130
631298
501515
493735
746124
61520
976901
153246
736095
4512
241834
130340
376458
887117
971525
955808
163756
335392
626310
17510
865155
346514
606938
917701
962131
367471
249509
950333
846383
222295
645855
666702
942375
685663
823048
811627
314638
592660
860169
263694
767718
791071
669225
512997
312234
334404
533608
239978
681784
822405
333500
638800
599642
865635
658981
430681
658224
643268
517999
598596
538363
395952
544324
993380
137352
548789
319467
969100
269687
298539
374497
663271
156838
599826
796690
942244
780799
397079
520564
211918
46364
799286
703809
791033
75346
724537
859215
145880
33633
555806
251149
110636
768310
285334
666204
782231
571034
980458
564039
863439
535227
494392
108257
262702
833493
137948
944058
165
1021
580394
173373
405521
621002
891607
32745
598054
816352
244023
388970
74184
985498
411808
82195
672888
119891
17134
843067
944619
671762
836320
908593
175607
949712
84576
334429
346982
542182
928288
814132
477485
3927
223136
757783
546806
533688
727052
517385
794394
705720
525761
105675
254059
213328
830768
799382
142444
508488
693147
771956
29092
658850
699133
572540
108615
56680
190151
238696
987221
40525
425668
907733
105279
472322
939229
293334
465347
789656
712761
767220
301017
187789
43964
931590
558853
242869
130417
722409
415629
550406
755522
510045
295045
572672
786724
818236
236102
510519
140111
97048
293309
838207
976171
202351
734239
562162
538311
892813
347386
683488
378562
206847
782183
309396
955276
383087
542876
57407
582727
729761
49630
13700
218247
705353
227923
213343
616888
241926
621173
479475
182559
334015
288867
152622
517881
509209
448594
512923
807359
708690
334112
670595
576971
916093
343497
792769
163028
433242
68082
587745
125653
802641
591587
445236
761421
501579
656018
540531
694303
922094
725338
565709
526809
948659
110667
823056
444753
610277
709338
534064
483883
424567
174201
792758
765432
911042
956354
914631
870777
31323
740620
325967
363649
252494
4128
297611
142712
728057
276102
530929
307196
879622
489592
304380
719905
886598
797624
605079
473561
106407
203197
866021
24751
320914
90697
275627
14509
829795
343702
449691
21022
635462
775150
863294
540270
595946
20378
781373
537005
698405
395122
398731
764274
362660
270996
147058
223260
230733
953327
874425
445044
561779
400767
84591
919406
467573
702163
582168
261839
91828
624905
256817
190504
271406
87260
969952
348608
400764
660820
635325
160528
294308
48028
404599
970343
377884
918704
573220
356398
919772
416373
580265
193542
810398
304034
612546
27661
555957
838044
572655
226624
429383
520032
125820
788922
989993
813658
213611
164763
8149
843154
269311
306820
272458
200838
994920
762302
562817
91026
587974
571642
638279
935051
287835
30707
558908
354028
958290
847408
80038
630312
284134
504485
859762
633374
717873
975865
14217
674923
956306
119139
513483
376025
628857
183533
144043
944308
882386
100187
820903
38973
478667
350629
914402
202680
888708
487007
733215
109600
259858
323258
902300
662843
685616
486371
611401
525320
635715
521417
317732
569812
602505
656188
205170
725612
595805
193777
957275
805548
136745
633058
879395
787446
859624
144338
323713
479039
400406
314478
23326
922819
843383
36047
684843
462488
52737
777948
458143
667232
267368
613901
245772
208345
996740
833866
909085
682447
594464
469233
652462
952112
184161
21815
413768
364672
426705
902245
737207
572451
884615
361732
171978
516312
799477
482324
58279
818949
965326
475765
7304
250092
145170
611305
632918
878333
752247
660593
529504
735686
570229
364179
156600
644870
202286
538749
807530
109151
712569
481476
453402
891625
69194
95749
75961
106275
508671
251052
688484
675268
760905
623763
846873
457903
660085
641730
479638
217990
663766
270037
659152
831254
435345
717627
730381
903472
103813
751066
831390
312279
806485
874000
243773
890837
56083
930517
533119
263912
603018
773948
146549
232666
94760
297624
228261
464046
709574
212923
609312
154678
953238
871770
385728
353794
109160
43660
440256
518706
268569
154097
474168
69293
205656
666672
184179
3114
602198
267864
285678
969707
974858
456680
676592
691402
668510
483946
542785
441452
184377
121786
465800
947858
312234
801380
69444
557902
770797
489899
948327
375570
896798
404838
372938
367780
212855
802950
530449
999469
166087
443250
774685
308017
705394
900051
217703
107866
836319
70891
882752
328429
36034
471072
146210
751006
646469
281047
931505
641406
575509
305916
910932
443346
594632
348573
584235
449920
720294
740982
379948
966947
945819
736584
158045
387197
491383
952994
774704
404044
994079
117313
847222
91957
52500
855251
868545
343133
551645
665112
64539
300631
67092
981665
629660
141815
744267
253371
150700
444997
186969
749861
795542
516494
649924
869756
588740
932756
475276
470008
657501
140389
846226
266063
465080
262985
214500
686263
576443
862932
556774
526921
188564
895004
603038
379521
409172
956229
910107
935778
74211
144824
100355
151286
297316
191410
874040
20147
142182
556984
769702
769593
585603
277545
357420
403064
428185
387436
341733
335599
782562
261575
778706
648911
992435
191761
475750
183486
200142
846656
964205
774263
404579
212956
17113
183054
751274
138325
498026
320849
101846
767023
607417
895243
981366
283227
745378
493282
729261
298274
287116
736416
908812
692730
49815
435726
540937
621883
111904
694844
720095
357035
607411
966686
349185
889653
473678
873361
658492
396985
950414
491323
894056
551293
316409
28367
775562
162560
27751
80688
838793
885039
322765
318317
570891
137585
489575
165163
332780
116125
255298
977696
604635
165771
250083
126459
465488
261448
221143
20578
357613
132451
362520
758547
831985
769764
18585
671083
918035
866269
126511
612293
770305
102680
204827
500283
425076
516143
876344
80392
522351
1339
424062
899982
971157
721572
902960
220850
809061
411992
199208
569381
46035
708119
975421
104830
992452
606250
473742
595395
818917
720435
140846
262663
423016
412448
946412
999917
122844
451770
586941
97994
145191
444186
835016
491689
431203
804474
525710
364328
844371
653865
769012
255871
845249
930072
665519
675297
32757
406290
196171
980475
527635
37897
948632
229657
139922
109259
138545
119080
598805
136468
950890
579286
56295
20540
53333
198549
580696
819281
222129
372287
147566
837887
815857
34580
135818
66860
624868
28382
9497
897185
363717
767285
809779
365666
238049
432543
412435
466654
11937
845839
564595
685889
819635
750158
486596
734183
11225
452919
455175
367020
572878
686172
904715
383647
594448
323527
322051
942485
578319
127771
72003
408089
803248
783064
27159
528449
220606
648637
251392
833628
177582
63623
401484
725895
805133
380440
599697
193887
464520
140147
430214
999760
102296
91684
718397
681868
862280
514812
997121
1048
220836
46522
419400
570368
284928
599494
432085
46571
225250
215830
704621
549065
977357
27635
160819
985192
445994
882838
281250
305190
236501
865772
86823
31425
562626
873785
758809
119882
722827
852313
21526
764729
773399
92513
903355
789081
154536
95331
101311
513508
653760
526480
171693
709929
964401
752248
28604
505065
461248
351278
26700
538818
252469
667271
554751
786691
803266
52225
125106
446238
469453
476799
485655
845179
111900
449842
927152
809193
914844
785428
996778
864175
621006
603534
734420
887873
706063
927290
316154
404238
898946
888002
381794
713782
557788
977575
722658
324121
908363
766430
100316
372875
975620
387221
69336
315555
145448
823315
637628
667379
275858
337853
51562
53778
119999
566132
800886
150548
520411
745308
496643
809883
856036
837368
546873
938887
544893
582193
573349
957129
984849
708214
714604
352917
504034
634812
769133
701365
153197
664294
700851
575035
317628
890113
800851
143759
773704
562982
379688
998630
633416
447042
735017
827411
707546
86387
632036
487159
712845
279048
804121
954837
120713
56683
973174
661440
807388
851611
604394
782901
919649
366929
468775
186885
474767
971716
783417
700203
595291
562504
438782
123900
720651
653970
980161
94652
357977
428566
912567
410444
472320
15569
88533
40769
124517
624483
556044
233617
451813
495444
560227
951079
893879
947639
344111
898902
568126
873003
259184
279209
400558
356030
672523
664793
836952
190125
583136
923864
903891
158023
316999
923402
228425
793903
41516
267667
853403
440832
247876
773131
915570
11083
189099
505678
16419
244027
339932
48177
207230
489498
762700
675663
261492
672492
157091
86785
377762
207353
797784
642603
900478
759593
464487
240243
345437
537031
440370
526605
838686
513192
127090
487154
139383
642469
285848
957936
700890
244227
902916
978586
919747
96180
38113
95455
997537
22519
446811
756472
297630
479706
36350
358907
137421
247455
869420
50061
873007
690301
665466
981300
983586
123837
648553
706059
623079
193797
254012
210126
417870
223090
94842
139221
422784
277150
744642
770974
257065
784833
140614
624131
876736
223283
942054
925322
338868
632463
662633
961243
801460
816564
298714
136716
623963
206949
485565
711449
522935
474384
160045
804911
368117
106924
194323
81319
170282
105339
59909
918288
185600
440303
791288
436453
260923
346857
634915
458078
921767
554332
577971
133538
915040
894032
909028
316505
530365
776963
585539
769056
360730
528874
282621
84374
888833
645077
500194
873491
107637
961264
988348
235705
102490
564645
350278
737634
98820
548063
290891
506040
776410
493482
906397
781092
305063
124086
159086
323807
403901
19195
279310
919012
668102
296502
546049
804358
367528
326417
424316
997213
153364
830752
731004
129564
862444
452423
922563
269822
854350
356730
508721
193055
490882
729501
650043
477607
866556
474506
33674
961825
829774
817264
826162
618154
791661
375832
383373
272964
954333
553603
138868
562506
953404
463728
662297
932350
578345
532410
57092
260030
765391
703645
944680
108182
663121
781145
258273
750702
36564
667247
742157
221412
528419
491848
143300
943477
633411
283957
836405
911636
167444
78609
291038
167389
748001
208195
270055
593315
708804
348832
412700
106405
59577
723885
604230
103904
173245
691074
14629
576510
999586
967049
487819
942892
293234
557990
69143
262089
2878
821169
798029
275002
911490
728734
592335
463066
609334
90814
866042
550735
925235
399390
312416
820152
652736
150989
114141
907650
445369
210364
5784
999962
101979
349182
715096
981372
578734
497518
384
880554
871823
864687
975081
42361
872665
877518
475290
846534
726320
89029
710694
371013
729194
88217
320419
997625
202585
462050
586114
59520
186041
827755
708688
269766
766195
17071
321800
428058
357068
746244
938962
775197
920557
398676
797276
566038
679631
624389
141140
407971
125571
329658
359295
856843
45467
855731
191033
548078
128696
162704
813705
696029
824753
345843
708768
648134
163037
299074
800175
884104
592254
147212
134818
236389
790602
875203
177532
711509
186455
366375
322064
521911
406818
635652
938713
954915
434619
586962
676855
853466
53137
757626
289670
307231
653078
40376
3613
604383
703886
411483
924704
757771
917370
4266
269379
528391
694363
295137
316443
803450
390501
529497
721826
660486
914498
744581
194631
779858
379391
164056
970544
265666
109271
279172
393101
529160
214938
111774
470426
748692
487162
986205
786993
999655
609330
732482
751177
110341
345620
685393
194639
576137
857901
594109
687327
301394
374742
391649
436639
725147
92442
231851
809528
35753
638527
763155
462386
622237
591731
621641
886252
666089
499349
79149
311988
24735
570396
76216
388681
225637
469032
812472
141994
804613
12899
861688
303834
705121
517587
966334
253811
886468
397952
689389
214372
515283
402492
21131
37961
566754
742356
688797
177381
490595
737554
459631
866559
39801
189035
407664
371478
150570
473868
161529
160129
881715
836668
31918
394088
623350
779053
517181
95449
924879
265381
361796
86280
338692
633924
392527
409126
582682
287153
170302
58012
797828
119333
798725
604132
394167
756563
43982
563268
295001
928755
831609
321769
330583
848234
553923
653660
458390
243160
362948
655011
242433
737213
816338
692982
394049
439560
989508
526876
495499
895806
183761
610659
852242
797700
654998
450744
662814
181385
775734
70504
929589
847826
49243
792564
746677
43939
107931
690186
353795
827335
117303
217318
826526
188733
555069
595525
742221
787135
241805
991873
911863
537391
630968
157710
623761
747041
391876
474319
876721
324415
799436
90134
765058
810589
598212
576951
355152
733466
540955
2631
219651
707759
770809
547318
79657
850967
155432
110598
357100
262427
450639
990183
208610
883449
333912
943921
609987
819632
957811
215485
230902
17643
410484
647457
190724
115208
580248
370117
801518
203587
449253
93350
238105
406339
637423
520103
997799
182017
336502
533903
748834
246993
158957
467684
527826
671311
466454
888033
525934
556711
336456
467030
906927
383744
34770
547677
848703
223366
830266
519540
688465
311186
18590
938428
172746
215737
907324
194381
883228
534254
653069
899060
408116
62164
628876
957898
323594
958820
434836
981810
701205
822968
703015
113006
791393
191666
635147
152158
900088
846091
727950
190743
764221
903996
191147
41756
289049
704258
547909
496380
758796
186258
271952
628359
813349
50073
455567
844718
111053
600942
537527
660086
959165
424535
570739
187545
406992
578677
940225
15545
561394
451981
278329
675329
922488
621555
57518
396443
562314
591509
392877
59783
414779
186977
186851
137311
29945
457428
968219
794916
701728
519649
721060
14467
523689
935930
578192
254954
575999
808381
851801
733122
849330
514494
523295
837832
821188
203757
993613
29963
947617
703908
932313
577988
124460
950160
384617
847373
937909
805369
152979
945664
26695
130287
402621
396269
120477
961427
397476
846007
74356
297087
452600
681739
144891
501779
640355
123070
829159
950685
153450
874883
453603
784612
356268
214278
508645
210065
384648
603431
149660
192891
813916
523478
707653
724749
101224
314055
975133
736214
283216
666450
240177
356013
545472
454635
900369
285439
503146
865849
493539
337207
543339
419540
278291
448712
397451
236896
36200
858266
442275
532161
908978
955534
484889
440185
470559
233136
4807
334885
522158
514808
611706
639697
187323
71037
760214
738867
296504
128311
314711
161163
14972
229807
615474
488085
232373
411077
263898
64871
771642
978206
412702
435949
843707
257640
350511
549247
954330
818315
829568
665692
43410
881005
675270
878342
71509
447330
806303
886649
297268
189295
349711
840521
694456
741817
344805
382231
322638
343119
468860
989679
78878
793553
762589
882434
52412
105275
434370
231931
231287
554642
229685
738367
435728
394153
499479
169734
248901
593424
195133
282129
916426
123546
89525
172295
159065
207242
341670
603312
492064
649369
717973
503885
702809
396071
536516
444049
561144
776380
476213
192896
369853
488633
917516
638499
104233
542495
268434
423077
101709
882747
173590
663694
750909
134317
48046
217241
853668
342036
480411
517811
552754
709465
726346
142099
905200
772820
144055
764016
277683
638878
429228
167396
127215
463668
334184
374299
723171
614596
871002
16119
887090
925656
61708
980100
660562
636508
121181
679123
311517
491277
981991
603189
340933
72640
60223
994325
684069
227340
232538
543411
86962
386006
97228
674361
135184
32311
63340
923771
285953
812428
55124
201488
475064
133401
867077
365639
427276
371866
849063
672136
847432
932968
659757
957321
515743
732101
424919
633513
759932
518404
929489
1837
574776
725016
104505
779220
895909
877943
246270
416408
506375
897002
735780
863556
789602
641652
270627
132781
815215
201308
914543
819918
389608
13017
455699
166212
547394
737434
944631
911714
710971
909103
523584
259186
441737
417687
743958
902601
9138
291302
321921
315142
992697
461203
780204
785895
236854
662428
889164
785735
806655
250774
554394
271352
701314
689685
205244
755449
447221
337843
437570
490580
678820
417153
744203
511127
832937
257864
354120
187820
470970
509178
735576
281879
223836
702458
77587
883724
993142
875461
392931
665963
624448
766907
43276
178777
897818
360142
790667
450876
105337
692358
682972
822226
772348
73646
217878
452719
652189
466206
25394
718033
524291
206118
841641
723169
429235
18836
20603
914249
607143
633507
481675
553196
446455
908032
770279
478534
327412
743674
359526
219234
821140
881925
585323
380786
140167
252202
203206
201422
530344
505615
737081
521100
646095
913694
487639
757816
107331
941461
820488
570224
880077
723434
68586
931103
972007
565081
322834
101204
453331
948875
480752
503550
604937
4836
493968
697158
257480
588330
535357
566345
909006
830221
19840
875057
86499
494679
210566
544495
29455
857649
684895
116822
961963
973967
969891
692119
582229
797689
548719
582293
583421
564791
496589
656740
574300
737561
805490
389731
652741
452832
71072
398643
811027
407884
336364
721427
28290
512067
532698
514970
464090
717531
796580
928080
791302
935556
285978
957864
417795
783893
338019
651678
313268
66865
615969
217129
539794
880790
721458
834782
77568
433666
670291
640993
595580
372482
601952
608072
363570
332888
451511
352845
173995
433288
834746
17584
299874
857855
575602
953191
83255
156065
252369
510915
620861
665069
785488
349473
881646
821839
805303
800137
567422
568067
63803
72678
498124
416993
906945
609058
476469
930633
29057
525086
378947
843627
35590
501451
346499
706611
48657
930408
137972
210192
874141
252824
740123
401440
367230
546143
968628
982266
759971
849337
396483
386903
126714
204695
638600
185565
928114
839478
192016
971530
175452
977310
811496
691001
991723
571893
30381
59924
872154
630781
860799
723415
2924
968945
235028
787900
528783
559223
318824
829001
422938
127297
439634
291058
266869
419526
330866
537195
927448
430937
312839
697551
950060
865507
803741
327590
925389
821314
184355
560278
429361
796220
219611
226665
670050
417505
238122
726199
407399
109117
531535
288944
498369
400119
428656
707336
506513
646474
311312
710271
538007
971165
707550
511500
220309
516928
983463
15781
184210
691461
698666
115118
372026
218233
81868
467324
836898
477374
504098
870020
51754
275014
732140
79908
539323
574510
131874
158158
293360
896117
268709
973197
104466
698647
503320
358837
158331
878346
452232
179435
759771
691348
606406
300366
494937
935175
793558
647105
558417
548058
595072
752855
170556
727270
369859
641241
85357
856890
428009
45366
586680
813979
358646
626824
745325
899739
928250
327935
676994
193492
670982
413164
963343
256578
966779
930732
370866
835962
802942
595247
314066
317451
848199
456164
462529
510832
110233
464451
180987
424814
336204
315126
894795
27920
19206
878501
616973
60797
643464
498013
285518
684211
664036
507804
673487
410146
26381
800251
520425
477479
685383
971640
575050
475619
958653
43295
531229
317752
433329
925397
500488
803488
776717
902337
881935
96489
575001
231447
768598
968081
274054
619970
237315
977145
94119
201198
224450
999241
629247
720431
113378
243041
409205
19729
964124
279991
926692
919229
668660
245330
875727
549188
239097
689186
516722
507083
344742
185593
985843
229395
297067
301034
880695
979492
130117
50493
557714
232598
899146
798924
421270
597820
270273
845373
741004
931117
259245
517532
587393
54192
805483
559699
592695
292995
708657
477769
715965
765064
45558
378837
89433
618445
994544
787806
760929
511287
896441
311825
784105
384010
481163
191805
368790
874583
444586
523470
22801
596418
669665
867364
439063
133102
846372
945039
400622
326984
281428
756457
657522
70189
275106
199824
119502
864185
296075
403199
92998
775469
697281
777737
603824
341500
509482
132849
6147
492146
405185
682088
670407
549569
504923
242148
185132
438058
139268
660121
205047
153285
391176
17046
111127
340204
526669
768127
234326
733194
367069
481699
327595
988859
624386
482681
657260
249120
977738
304636
481056
668803
750250
225120
265650
331105
887359
333679
345794
918296
329775
344005
490710
452014
464174
299684
397934
114363
416029
265333
673525
615349
876301
487388
618387
532886
403873
760694
101599
377132
383376
459634
878002
847549
21514
233481
213207
946772
184562
300763
393822
215212
316746
180008
550032
585464
842093
90791
538812
914253
327349
838534
121456
877805
843388
698943
353284
65457
843008
501588
345360
835666
123232
985639
372157
810708
866307
435000
278713
392271
707352
79547
280260
489307
240183
127061
806312
378391
183846
151539
104069
387606
141304
944711
149834
541543
818961
486112
240832
494976
892804
83813
428416
984454
206301
239982
14149
448444
348986
502464
207836
626181
709460
901538
902520
816663
857756
574752
38882
105534
473792
502364
244813
846090
885388
132555
219783
473239
590253
566675
79116
591031
773906
347199
913269
306238
411051
943389
25230
890281
728403
627317
808388
92651
299914
401382
609533
158422
633499
549406
474050
238883
730909
985205
262231
102430
368340
232487
410284
899696
121271
822188
498028
940874
881804
856822
290994
41644
694512
473415
141531
577935
933811
888812
498934
470261
911839
899609
682008
96011
600665
860194
425165
336759
4193
981780
972969
668804
89588
565870
706044
339496
632849
545151
965795
673390
206296
526877
578299
738692
594957
184831
370609
282915
539516
447864
483957
610902
331127
791505
653517
8554
453115
796289
282118
758065
650801
964299
677829
91058
427152
366196
913659
20720
949983
892128
605367
365333
883096
601096
298453
80124
304616
80538
476948
98136
241748
536366
232005
868355
314229
627296
770208
597799
25316
731342
886449
34691
187824
529263
213999
356763
420684
833934
235309
166847
341894
604771
405866
198709
70386
542220
169667
690757
350437
607533
330696
308898
677661
820257
645803
198640
635006
331163
324052
338870
837367
828062
66578
970978
623043
616533
257773
406387
767564
599567
438039
121543
211114
2203
891073
529345
663176
794364
308169
91862
297703
221642
370896
786933
968572
812773
51690
486545
818805
562518
412143
762188
610394
584707
297006
15809
679438
80655
259841
169262
126708
460556
131516
54204
824366
790366
790527
477677
979776
290925
975211
250017
708883
560966
997361
780165
154390
21199
881030
225689
821951
699749
765747
628507
363311
579796
615752
263637
145844
709106
951216
153600
471912
722712
190432
373588
794358
77310
978346
512493
253372
515250
355118
207579
92620
486197
240559
676486
417677
398514
138243
973820
751295
482588
456357
516889
414556
444258
665765
342610
605017
945618
161598
143070
269260
880904
834440
787585
668775
689104
898308
56886
579362
725088
524437
373048
977143
631531
33102
581485
198919
44899
560806
63536
209050
891406
671496
724025
579652
64516
412807
349867
640674
511362
142959
963770
769476
740654
721911
5687
753829
789800
93138
538106
216853
246153
288612
794923
137336
404219
537234
615469
68711
377653
598578
637287
161332
456209
785762
158255
626570
627467
183540
124885
134515
829336
623815
743306
542580
944481
348401
87596
528659
220251
318168
623151
764153
445828
758816
644521
397169
429307
459454
828217
974800
838396
634155
454165
235759
482424
632437
479536
25044
216525
667503
668100
395055
313895
983177
403777
774656
455474
811770
565330
876054
140987
308249
185672
819249
226914
829004
296741
553097
959358
904791
865735
246056
748557
859030
922864
255346
157334
488582
234094
470021
896733
304701
413931
376443
496194
638842
999699
94348
60087
496471
597021
707793
393948
63643
40377
350755
717881
942188
907220
840098
729367
832673
771083
520337
22267
488886
586282
619679
56960
777049
784095
568257
769168
800609
34623
343546
916671
6302
838900
259580
533828
124491
345155
151592
233684
240096
990518
651954
581277
560708
169194
165856
809372
856224
988151
429297
707419
732815
701495
438746
82635
514673
199285
462572
998073
699743
163892
45265
467888
671992
513753
53877
55084
78298
451894
452801
777398
705069
28403
5314
322401
605593
730267
207720
418591
323031
179392
76267
318720
938149
238668
965000
699913
379283
943654
37481
938093
831931
749501
334115
955371
169870
100916
199513
765507
286664
869674
535806
144598
518277
914405
446455
863321
148974
494554
924958
57397
706636
533915
532707
384447
554621
73437
876173
221647
620995
7717
62494
521663
398906
64015
744981
559746
5026
336827
192845
545822
833434
10900
247491
60871
758254
876286
656821
182554
813959
813660
835685
862450
181377
471291
833405
497771
274138
598238
758220
778929
141381
417574
400430
975427
606558
89758
167306
647690
731577
994401
189173
389136
932947
481832
194997
987743
158762
719732
472160
474807
656489
13972
741794
181546
57019
835732
670108
385560
538944
945346
439018
467011
737053
542430
702461
633294
650094
45597
378343
287959
728535
653722
162614
989677
406392
586522
912695
782064
591230
993786
683228
88964
721942
231031
734904
724465
978493
453274
551206
128923
127283
145214
169354
80984
125582
426047
168175
111219
310251
124417
88080
828797
95359
255706
762674
608906
910347
767773
492654
430543
389742
149252
707021
920726
501972
161977
133963
129755
887309
342849
594430
786759
140152
994630
942096
510086
201246
400319
694248
193095
771611
986878
74152
565967
794550
951637
347727
928123
84498
530726
126077
117584
522046
752006
131991
550784
131495
543310
671169
9404
813485
61438
949128
720112
163666
245709
789474
852576
360527
559249
735308
365789
51969
949511
566803
955811
848512
833792
166127
211154
66001
205353
493769
597191
184881
591157
813662
935767
485905
742953
223995
958504
814690
219459
171688
417643
185350
53768
767585
542073
835429
162217
971647
294217
686497
478161
436406
467980
234401
961934
426807
133413
923018
675225
780150
832776
16396
874819
582598
230254
403992
299646
664736
42802
393072
391878
714178
276620
267798
262378
239156
259879
383974
995771
140070
749344
88384
244943
16565
950493
898653
140082
804940
790216
840451
945195
758311
326567
412755
967910
666291
645210
523648
740163
772497
153136
510234
937914
111418
113957
459912
365544
490684
375100
504852
403067
769699
123381
615201
654071
213427
667180
534903
603618
935185
757006
290239
675346
243905
847736
494538
21329
625289
117358
112459
892906
360821
935860
465445
765523
568692
600076
949151
921526
131488
138061
656437
402654
80923
816157
697288
800379
865044
847435
318069
489361
823657
74123
117378
168323
5607
301071
562868
175864
101356
335102
929343
799463
853294
590163
84565
553541
698836
775637
65824
611080
212674
917870
869130
122070
142130
208683
319033
896719
288829
875663
532633
117876
149370
119956
283473
159410
495357
994367
754391
337359
530817
124447
244575
835120
205600
208674
92334
951300
437950
654611
299470
649233
356934
160563
362074
510105
385804
89651
111225
781224
562706
476684
124391
607805
778726
474044
722223
125395
198696
562718
669621
748618
604522
289572
374511
714743
112048
501299
344436
137797
299798
328474
330797
455942
379345
489520
651304
625498
317006
54666
83723
762618
92470
606230
113701
269730
293395
119512
434208
396185
92300
226110
167443
877854
372876
100833
211188
387505
172993
29659
341034
423738
972353
640383
624769
196634
918982
911993
80503
589837
417690
423811
616371
512697
331086
337409
964885
397461
960164
151803
981032
785209
950540
351092
296500
456702
868555
949995
913777
686161
797688
824750
436566
729497
253025
7637
875726
418114
372234
135202
810508
149606
537749
615603
122934
944024
333245
837793
300796
289804
714172
859449
382284
120678
79373
698581
680158
383837
570508
587478
660330
995980
617081
613311
880058
975125
293339
552497
628121
234226
928129
733823
329515
386074
220260
621037
842454
520332
912808
473290
606238
153402
420609
278439
862799
550357
415602
459379
652819
327217
738481
945076
299747
31061
115687
296612
747930
575202
182291
642918
232933
541470
134286
649059
905687
485275
676969
221446
918105
68488
668210
2640
211135
268756
862358
667672
937333
976122
184288
688419
849816
995694
203296
155164
809313
728418
708007
103344
896636
616821
322798
61768
914295
235321
81238
604516
978710
819359