475857
709120
601180
248873
232559
535379
896055
864073
49809
220421
817502
43511
709092
346300
886282
650563
878486
967235
668695
717955
211290
199655
994127
212211
920007
372722
549922
172102
859552
602753
727602
176269
212782
704964
375499
359491
1418
798930
719664
640179
186231
10983
230736
413382
223787
607931
568792
726509
724718
665023
890722
62439
51100
874166
219018
102511
463749
26094
305057
908102
662643
919195
649083
891736
970571
927246
649891
397773
42572
387479
946735
725039
221813
532148
347502
165235
229123
341044
626109
191398
883800
57836
879417
756917
421047
990933
497870
975385
202988
509505
810542
365021
696649
328696
728478
304781
660874
422003
582698
627773