20256
543564
652673
455143
842681
702136
763248
322227
272469
236570
880849
590725
120131
298597
716891
676527
20171
787708
349667
68127
580230
643504
482131
599399
521386
237142
566521
385125
75876
816324
556091
921940
350174
328105
78057
493357
46432
488774
413803
429499
163410
364877
922585
930810
148319
283348
175273
450539
810486
297590
363459
167415
772138
145734
75185
678525
655418
436593
97074
277050
728554
497007
67821
950740
491536
534373
356355
646211
236907
897755
271805
593436
537260
317333
706277
409148
971929
928208
333424
756365
693703
980507
733272
988344
532101
781711
566344
6503
541656
780588
365297
438645
575392
70929
277818
970997
501657
480151
600596
74524
716349
868363
603947
326156
666759
623239
45048
238782
930963
93420
161715
270538
115745
681470
949670
675734
285113
976028
544349
571929
370728
301850
312122
220811
472936
302973
300773
910059
750302
158994
828064
208428
909308
317355
565176
91453
290183
678775
12247
948532
299763
108285
589367
528150
623018
332917
968433
84101
861291
31747
297459
246342
638415
788433
417616
61166
146407
438791
137138
794665
685186
142122
781675
816999
835659
550734
252392
610276
139662
437689
533062
656338
882779
79510
316543
328100
678915
396755
681277
22777
194175
334040
267343
256996
298993
456035
61561
534420
584770
622596
652197
448293
945642
319666
420088
409922
51406
469257
477632
292532
671363
889697
465865
73932
513584
334092
43023
867113
444690
656939
697293
925991
553946
283885
420404
983908
638513
344358
179255
586736
242651
444296
489795
591952
82617
52672
974988
484079
478952
276783
42179
478562
33672
290435
784292
729942
9623
58674
306219
500953
4859
718867
340454
820545
828446
507417
82150
110461
577139
237804
117903
343094
470808
848357
884559
475809
757652
419174
258859
422308
705151
596820
893685
676130
106433
728179
928922
506085
932082
360860
382935
456423
262625
663069
957836
980093
404529
442477
466985
320289
109661
793866
206469
615002
688027
688369
859725
397898
286558
198074
88985
15060
299638
59213
71642
541671
229139
376708
161584
842732
703399
723231
669656
850440
345257
889374
58371
360654
162613
684479
442113
576644
626000
359380
9756
497552
396042
61568
36034
851776
825596
718158
831130
470707
921073
229613
568567
53286
712737
117644
572906
322975
791513
297550
806449
627184
293942
311594
696910
977448
424399
127715
470515
13468
17075
863646
877721
666829
386823
870821
695408
463158
466
993975
706609
532405
607188
9097
77647
715411
327824
783518
641548
893362
604587
42622
148583
671506
100077
30102
525298
840959
660964
996779
533314
147291
111591
883068
564545
152196
727480
166580
357597
555489
399811
759561
571875
149006
820035
991028
107046
151457
158212
868429
413977
946777
805315
218690
916349
69347