724749
977851
173263
382083
528755
935572
640702
812809
70238
302667
314113
991414
559238
21687
104796
103592
431221
567190
412843
179041
856399
284783
739691
624111
532274
923334
795122
305596
932344
855611
227839
698548
887385
958528
360172
414350
902766
133429
590720
906618
45072
53922
201697
455909
884383
724496
565542
312620
974174
37444
137355
800347
999676
147801
825406
322720
19758
483641
877846
448272
182327
762872
993059
855765
49289
854605
840544
976244
437957
660333
989189
786807
135711
739398
45305
261755
626461
287317
511781
75736
568638
765924
832356
232680
376887
634148
62294
908470
507417
139874
851092
889861
240974
837609
505853
847354
419074
425269
328239
201767
513246
897807
629842
249268
755823
199498
158030
591852
527973
140760
987164
709665
89848
324041
297914
123069
688165
982306
659448
899367
325078
541334
58096
847502
791008
121700
150291
654677
354086
861132
293405
388891
265755
181487
192298
809766
700452
643202
664995
386475
208859
530158
403985
525948
558448
764936
581074
492174
203498
648104
124584
742694
381195
383272
325871
331296
956562
467579
909799
837980
646682
10983
505839
829125
579552
888544
552275
919615
169506
738691
968636
919789
574242
223531
987206
469340
717450
93044
213743
763855
311081
922826
179690
905831
371163
541548
211923
463855
811847
832835
543166
945794
474498
271449
624872
345177
145426
83896
450703
461749
661773
322144
565150
392549
990303
119139
372608
893749
45993
947361
106389
20915
851015
948316
749890
85663
956010
467447
473059
556142
45220
345296
778652
285627
11267
208438
28557
474763
373140
146889
910755
596027
324681
335725
633803
250120
322933
945386
159362
86715
115251
207524
748168
261551
747239
485361
825843
154496
38812
846108
145248
844946
520461
815030
307652
412219
250687
841491
173024
297102
374731
505832
144595
786821
109178
187519
10121
934922
809928
278548
485906
898722
283019
682768
95565
103991
359405
406111
235843
610112
429717
933360
296528
953935
731813
984136
861883
107894
138012
78148
642087
389207
538650
287593
691683
16327
864004
922409
833820
913247
377726
652853
691058
186463
566933
436281
800167
139006
296511
645433
553076
245970
641401
156166
38134
598104
966928
641692
893893
466017
169404
843931
759718
588378
469286
42336
948694
958134
365899
880320
162374
103802
660856
472033
900327
811876
634357
61620
608603
214265
819646
458066
298122
940010
622188
522290
757718
77218
200051
541893
988262
499247
978884
427758
409119
237322
419219
546849
996401
172996
60275
550935
259341
162383
80413
45931
795573
553255
225615
45461
487147
366555
255569
749184
792971
467388
70547
613705
316469
398176
660402
285462
457890
399955
393049
941201
800216
235484
439684
486784
850872
748519
934048
915779
299253
586516
592526
461289
793503
343195
341063
213230
147421
685849
999385
96277
728505
177084
654544
552734
246294
120968
261616
291685
958396
776387
342558
927767
156308
572995
318110
315601
946223
542802
98934
117591
845376
159867
397746
28525
276714
163892
345153
646613
67828
794535
462653
877158
448922
528927
910792
937478
812797
997068
608273
897220
869370
991922
823158
347668
185623
801652
455876
992424
558041
839289
794329
2599
580532
798392
516651
13644
364378
203878
703521
298398
563253
840249
192351
474823
80431
429079
466591
233620
78318
880480
896186
29192
373598
127253
746183
934621
955686
890403
663962
380248
7420
572880
878638
957384
941588
187201
130141
11547
735475
508581
349643
464732
834147
973058
675
399116
115263
687578
425209
299036
896174
104185
324367
390597
459756
914846
805875
542597
199748
919748
931525
555767
223898
549003
576663
298509
39716
270088
400429
186220
442617
153958
70051
20131
900354
983415
36782
641865
36173
45403
688827
684915
676032
456267
564275
350799
433770
263619
687136
864609
829813
807818
465193
165079
187128
652191
650041
276874
804457
693314
23998
472468
294767
234075
904654
993544
325014
293643
65571
595986
298140
323598
313799
167788
440232
523338
577227
348346
157402
984822
871857
174148
627005
908074
930217
887245
629337
498559
85368
667540
609766
454882
781621
226279
197851
920826
794542
907166
528867
208307
139367
306171
932337
821799
934402
541724
356907
51881
70842
835354
926337
330157
269321
340546
425953
958807
700714
780206
132867
306718
943737
556031
960351
926301
303990
451192
646015
304886
663144
972666
992750
1763
960286
570968
925520
191643
22673
59670
178507
775005
721893
414083
526435
410971
830734
965104
960164
551430
540687
250892
619320
500018
826078
644701
339864
406886
252644
244381
589023
923267
548640
50159
181306
199183
635499
507260
254396
592284
445654
265775
189838
257113
652655
998729
282308
364277
700387
758433
979402
368811
97917
489468
553917
494511
499917
755589
955862
690803
429092
982249
515713
420950
529467
882833
642316
727466
90483
482493
277179
804448
760630
960506
930680
589522
640957
5887
127463
850797
671084
940458
733720
7801
992152
495058
90518
447175
174632
369672
195676
879222
652057
209391
299111
480865
406747
192437
958055
808680
38681
992941
551183
659290
160598
942283
624139
751164
485619
766459
339729
947001
208909
143262
311249
571813
683459
500194
546310
993647
938133
878972
528110
139811
464807
750725
421142
371610
277925
566766
806863
174335
831169
295265
785597
974846
452056
914614
183373
238474
269107
868111
396358
754699
396714
9553
440761
749475
771362
601215
170003
11612
678518
842356
534289
227696
323187
461565
893586
763507
449086
626257
7560
505825
608017
631278
56776
160128
3170
333265
538498
811314
612068
202833
108874
888281
767078
39256
17172
794150
852122
689279
821439
922753
945137
470533
31496
437391
548321
782636
911455
711458
525896
498929
510550
293827
231530
205990
675062
908564
658839
222701
58220
187941
406824
43155
197729
744918
733863
517254
189927
342372
545166
620021
395663
340497
549352
598402
613591
250804
629204
449382
464256
258970
621225
90786
339070
276696
455795
628062
863177
140847
756954
965280
160849
176154
640867
692650
310222
168758
749712
656560
108917
813006
724835
683828
223814
968899
719169
435648
931586
645140
969841
391744
548859
888848
545155
729977
804163
395925
557965
685290
53446
455363
176977
190525
667188
302531
954042
746858
896470
283629
676613
502505
782338
998171
921277
831121
185770
847304
575326
255634
358094
318883
371803
435403
209426
980598
111676
959241
761002
846958
42335
131550
931185
246278
195358
473625
310105
910548
965585
444839
430525
850544
398762
856133
75731
332989
861247
747297
734205
617237
899621
829837
908286
708501
510391
579038
407882
663554
42230
800231
851510
32598
355210
194317
260430
492715
700327
199431
371525
724099
400267
533045
718471
695602
484963
540377
757547
709928
210766
486454
277572
265887
969977
898691
544726
988637
113513
105740
172390
644006
920535
747878
853739
775298
672565
191757
841376
117478
533647
817436
606907
945282
239117
383335
937207
244454
773205
685432
267662
168210
457677
183717
794627
55320