768752
411851
528398
540636
460825
504410
226480
188843
310680
940109
74016
188065
604570
359895
376616
928679
781935
591499
959585
468273
445294
909016
217446
384456
711095
454242
993386
498098
676113
212349
33574
6911
419633
463688
257003
835059
828828
147556
232725
405899
213667
389328
321824
676654
595406
944483
176532
180146
838484
832612
524060
824775
398661
355273
230325
483396
806026
843979
772610
418764
229125
13602
327676
461724
487314
569122
159366
948085
771567
950962
521246
819808
229944
661668
545584
737379
80650
433526
690948
224446
675146
260132
434776
212578
129342
759784
894729
625327
496088
95632
342378
565864
553044
204985
392759
272246
260535
380781
645220
364757
746806
627927
482702
737183
800697
693087
298771
874483
588468
446054
72701
288770
666293
409183
709465
176694
148861
972168
257190
915007
385541
923589
632425
836411
825250
868759
284318
832640
444226
382717
801480
326665
22294
400999
88873
936892
779274
979923
112334
417044
95343
439047
363906
574192
368442
443049
528355
621047
558822
75838
878481
524838
670644
625725
373698
762103
563475
640783
387442
489071
834394
774182
401400
110213
482417
207159
332916
319274
77136
619797
933285
983737
425375
373740
386519
798141
440637
59030
858233
162393
310045
546845
221388
738584
186890
718670
435000
978322
502539
886
446841
470647
468513
927676
578998
764283
807981
824091
810802
652446
769838
816634
376603
584279
778280
225577
569280
11228
460321
323130
259872
945361
287494
237434
992093
544842
623658
424459
262096
69887
372590
597919
44406
318475
124091
908371
8711
81824
254572
19109
931047
673868
601097
911764
786998
452192
873199
916115
93122
913922
638155
469737
940764
882449
119429
540584
71944
874928
556921
586887
677454
731634
196768
965790
815213
201824
972621
698622
495599
514473
156884
939307
781976
92775
979589
395512
630328
128714
253910
990461
711328
316771
297502
728246
605681
453263
910462
59131
722959
645246
943706
890200
717045
371167
686597
888648
340003
830506
548987
320339
489010
673929
162439
106113
980103
496932
726661
92025
825702
441543
726210
331131
535326
231282
801919
500215
748770
732478
796949
357768
645368
672999
172978
638288
893194
608186
993281
91632
357851
705308
425320
211492
392339
423540
125867
749178
855931
225654
447597
128365
243716
505805
473047
35682
593345
940836
829073
596158
383733
558802
746414
703266
628999
716512
61924
705412
461778
601527
720248
64427
360985
481003
69496
565895
410711
72990
150818
548458
588149
81746
170147
658599
792533
717967
171001
330758
609419
833069
380089
306528
928108
63487
793773
469341
89406
3356
55829
661896
566415
272779
160782
275788
287777
151050
989841
861710
194754
581435
554066
460902
60794
558764
541192
921211
539294
837377
980748
748025
169730
695936
364251
146802
41996
78201
456182
431630
746915
366736
406057
489584
1477
939369
280552
939112
950712
893934
129876
804174
55000
347392
715613
660993
734223
292728
225282
535164
968419
413592
408053
787473
272810
709843
821018
273222
71832
164085
715501
309065
157689
255216
806338
504976
786682
295173
88744
168977
46177
192139
385767
653275
776157
39775
432745
311184
820792
225385
992117
482111
889704
366726
38742
228130
972741
968855
684698
605361
899542
905701
499510
711713
838660
63280
236103
355772
327792
284243
41523
303198
95456
645461
988270
736713
681876
113806
709145
897126
343543
795699
38596
7129
803441
11713
725972
24255
86105
599875
702784
266503
429448
728063
345205
171498
375305
655363
745754
257800
421612
871111
997614
550432
705914
958847
72780
445932
881154
204544
982544
229271
81362
941004
770900
721948
948033
104764
69716
979772
508265
90761
995056
567323
127731
658422
11791
291960
476107
243422
252767
821704
912498
671509
206203
188845
894193
788094
434022
482840
987243
787049
852852
754552
429836
191782
533704
946845
419102
399147
930296
746542
462586
85597
635533
856451
388955
545726
824806
850080
624334
39732
992315
956495
62341
930610
167103
802905
762315
211013
534239
426080
247123
230525
183400
854556
436009
830838
799429
869488
422026
674114
103333
731688
489807
356212
358843
947026
249475
643084
2655
566198
578390
197818
946002
591795
153835
976145
686751
907703
686732
409289
826844
744218
529021
602737
735376
519192
559534
505839
108399
458793
530569
756789
675904
459583
853996
789890
485663
377435
829809
713298
452639
276941
534888
979556
827015
895174
356262
469990
355517
644123
827574
622974
170049
481304
818606
319351
659024
6847
411485
611910
632552
679388
562593
180729
445995
32198
525141
135099
809053
731700
960359
595526
458184
841657
689351
341221
76095
242781
693755
101925
24639
959642
699919
348376
588657
422064
475114
576261
550732
847333
186877
676655
71831
912029
141716
673920
572236
305745
839951
181650
150808
859439
346794
98778
573951
419150
296119
163954
479325
168716
308782
16450
318919
212807
581595
710474
223952
27572
545205
724942
366887
413087
271055
678749
912478
190975
228903
250752
319621
132981
59420
600764
558581
57377
206205
487364
863081
477921
289405
903167
280390
231208
991618
910705
698107
394166
466652
46024
500931
621625
804051
783622
354567
251392
310873
689093
214241
745432
274590
813292
355644
674629
88259
448493
558551
764895
442918
293175
87592
176710
338140
882367
816541
759427
808828
185575
455933
156412
273624
792008
581742
125587
919559
375137
838991
984861
655966
27291
243141
743482
536957
225720
371348
939990
770949
165528
983459
188411
876839
105448
12002
413136
912920
5927
263495
869938
997728
702486
849587
10029
730258
3004
454708
880406
794774
996819
125923
521993
617634
257042
51374
340091
373575
381720
671024
265851
637096
207666
52412
792650
978757
850889
241849
987923
368501
665323
838631
690824
639730
822324
68736
393563
447630
722969
374969
17110
484356
102608
130023
803288
646890
147807
484543
993005
280962
875840
21430
155400
837871
852526
378887
949663
141828
920464
208147
561124
71096
31614
178530
44763
952502
370164
916743
327644
154385
371474
457058
496231
936405
353677
699904
373791
395512
926326
554269
566373
809392
987941
502345
473682
564446
989762
263207
323920
492711
401007
203090
18262
828644
443285
593051
503294
877359
431178
815086
943620
636702
115164
4627
48541
628492
975613
185488
7537
81810
657930
336235
669559
774677
435130
714764
937644
43065
603872
847809
931504
271604
22684
947228
563069
143869
409252
526455
416388
769123
621418
519960
144998
387449
220971
639279
13644
708911
636948
87612
93027
870204
819600
651853
332727
508727
338674
794213
642603
110213
756860
204153
419027
72045
276682
240596
572974
639496
511006
960474
633347
28372
26249
645737
561750
379303
812786
35739
883655
835904
401542
629800
168712
908345
421052
824425
335865
47320
474755
10615
268834
331717
812555
249714
598412
878551
765101
308829
410108
691783
370872
860903
460621
639942
875289
867908
251881
579754
740710
70586
777444
718339
718663
699704
572341
959820
481089
702560
456337
200062
321953
526118
808229
120190
128065
400400
586928
349558
270138
4317
864252
432448
846438
795074
598391
235583
237840
30991
663154
622792
271995
962865
201717
256254
552331
876240
920188
243452
953876
241752
369875
394026
745406
641366
454729
108979
921490
314680
301204
414541
891939
833143
518593
409847
415003
880272
895830
95553
291297
386861
211270
189765
894564
442723
709967
284723
97415
342741
602036
286410
10473
836853
921042
883235
575823
75818
145634
295527
155825
242318
7434
83745
520222
869774
812831
553134
915020
484789
601468
674385
453440
156290
281720
30563
942230
362869
233798
662888
340654
173225
524270
467580
319347
310811
530788
862636
792457
311368
201282
539361
180882
432117
676519
121142
439966
817672
578155
279339
706477
358036
432254
451123
375137
868082
331740
726696
365189
207242
24687
253727
568180
249969
614017
156501
584039
72556
522523
718984
699039
649875
452095
411234
293291
275089
526207
962704
590998
121160
589689
34226
246769
349777
555951
467243
247865
439649
801479
127383
322212
336839
620956
314396
554445
939730
793406
542553
243321
898447
167053
996924
23813
432111
274669
200688
21806
375815
302758
367091
125181
772274
819739
845253
961613
591121
490341
58236
167866
453427
674316
364021
369064
420175
392481
326373
115885
368558
845691
445261
781340
464614
900748
756684
594287
839808
369951
438286
428816
940987
651504
926114
35716
456298
61351
857386
884276
879096
883059
370987
684314
887308
9920
799301
17668
535495
725076
654396
509512
553386
849611
880244
265669
437461
491501
679675
66897
826410
483177
27201
71748
998032
390449
274915
51360
555796
187249
430052
557148
973929
208237
493052
822348
877392
348470
358475
375150
170195
749896
710630
647187
34091
276675
704402
946279
929537
828868
147471
2463
245393
29408
889483
78783
61739
807356
194616
733574
427924
73420
635191
283382
969097
794726
400435
2691
418403
734786
311627
637272
793878
712529
914919
573056
944083
852918
885932
631480
833678
596581
552330
160078
107290
980951
738034
204597
598255
761767
832933
740457
605646
831052
349160
575481
221243
352883
99028
854390
743593
679033
470793
210806
746868
305346
160259
789381
548680
501817
337221
706537
169695
601956
64753
522321
903463
176738
748793
680281
806273
39428
366320
744572
206822
801222
196666
19351
352868
832937
839266
244246
478790
90158
452554
624893
349522
704944
558013
976341
672940
18975
536097
183985
243928
471317
83528
186076
156701
24406
38501
428833
359109
733673
296411
164725
234496
988749
768433
237189
749480
134746
884194
977368
606751
276726
126545
71329
196180
638256
302810
847652
146341
958780
997380
109186
304990
67723
175506
886563
38560
493511
9977
591166
431261
591784
188011
388104
248576
160694
461970
913015
613161
378075
540056
99953
591190
822372
292963
831958
800733
55636
137310
563686
718677
572965
245362
481233
143189
242012
795989
321562
246228
534151
339449
64871
71408
806550
492324
486247
699786
285908
177823
720800
59662
860736
354760
742356
409232
528652
545987
269583
812370
348977
518413
247696
312930
575597
956720
914641
440864
208026
335315
272373
815326
401196
929513
59150
990688
289159
360778
290568
831234
351803
253406
995125
353657
544541
160629
309685
710833
846979
202676
124225
582934
693147
481451
961428
331119
992681
669762
430840
844388
414683
527824
877801
773984
625930
634958
440487
697425
838223
544096
379933
660492
358656
572435
755369
474958
458054
637861
500104
337566
312540
679421
20063
435278
448806
525947
398312
427935
707371
278570
925047
107204
976817
252434
319336
314623
736692
790698
480040
399976
371906
183851
238492
12941
691126
10048
890673
470066
849167
820378
801473
550137
369196
704927
212319
636061
204902
330178
3327
108440
220618
831854
246597
921829
472049
15708
110312
676192
881662
996228
875395
419529
23476
885487
31224
119271
347186
569899
247489
167369
417995
56984
299348
33511
810822
111584
995762
651304
300783
421892
294093
924349
42008
411025
569108
535466
558064
990065
698140
544101
266045
832989
657708
305623
201849
971248
66085
846015
282631
791511
492364
63222
332304
13029
316150
192525
129982
365251
483983
590034
987989
259589
608646
10738
230633
600407
243289
374712
243328
767190
866744
807795
589508
256507
504025
461622
228132
694450
102807
6585
841929
915017
681095
669789
94321
545603
139674
159693
933993
255181
337704
897984
718827
622792
87135
155931
278737
651141
972295
453874
43637
404943
353969
672495
101800
405089
287804
440203
257291
986488
635715
625466
141133
734403
152166
452004
517121
37496
288435
609869
235611
838720
125490
304789
976519
27346
47498
728155
400101
655453
18771
857789
308453
967455
687417
710331
887548
665043
583689
814202
808512
746951
88603
413732
602534
306251
839133
258988
323477
382662
95288
868847
392870
931682
953632
923126
166715
31463
562365
233496
808377
480038
250801
8253
400355
809675
817030
265661
507604
538006
443189
717478
613401
666467
16341
812188
55849
830629
96607
377307
337921
652465
213402
116249
309088
951606
695719
699463
599644
821515
528043
501685
851104
193441
605076
37653
109699
158872
580554
218007
163909
379245
575540
863028
621928
527248
571364
500551
245865
223955
592352
78677
981146
478847
375118
143981
412829
339393
720315
533099
115390
852098
869320
248470
650030
252564
421681
299049
856984
185863
253179
779055
991970
872668
381242
361927
228098
716241
754876
88711
70138
609307
294742
207741
743154
216370
785736
561809
381680
170310
956687
583302
250742
798543
720008
167711
597112
634114
326908
114270
130424
758751
479116
934696
458624
860455
194554
888708
653371
888939
704017
855810
706801
400576
362803
813368
442397
788495
606653
525799
482477
474185
138520
924605
467414
465591
255647
818292
324113
790575
373224
142104
227573
170019
450866
535589
920114
974803
673001
262030
647911
656482
247384
24218
21473
205959
229739
401769
947313
181914
40736
44693
884265
261326
738506
259380
987251
557566
567362
720633
109645
583840
210922
984506
748516
578838
757855
98188
154636
591587
683259
371786
251482
358010
725443
212149
184415
939762
556340
102325
298305
821335
154213
645630
907831
224922
244441
109390
721504
921064
573411
51794
112641
363479
516918
314792
425818
943101
162632
541696
833187
69787
850403
841627
2984
692791
301320
806709
730302
753543
926912
520640
259425
428809
235392
363078
346091
83760
28088
515567
290739
551032
70008
197347
206784
251610
102399
374663
91561
117596
366562
348068
88778
763776
185302
266854
980709
568412
281754
580992
860946
110154
866051
955244
106980
377973
275429
760080
721050
117780
490139
536893
557055
200179
754420
836432
608671
441581
114106
509563
79270
990966
350240
592542
318294
517589
793607
638671
3812
874158
732205
264313
445360
226173
48883
399648
560416
983775
182153
501634
513496
507466
510520
68185
894103
202718
387339
916286
943409
219603
849051
392999
246565
756113
187062
331793
500954
219486
761003
147577
148155
339633
167541
225667
73451
108198
446594
358974
852007
254411
534174
993087
492791
153495
429505
777129
322257
836026
58353
578191
783818
208
506261
420016
367289
219375
784344
928033
651307
387551
21942
918408
227132
834921
667686
273860
610840
539272
632740
386538
938830
676860
969946
858091
888590
398334
981354
811153
963327
511118
845403
587368
143423
84648
643165
822329
307896
824917
326522
181682
403291
880989
953692
575457
364860
305050
356277
472735
840010
142823
959439
500425
886249
784760
764272
161450
113582
228099
791465
787061
360438
435612
806267
197933
279524
14879
314279
887207
311669
38022
482385
47143
728833
126107
921168
92072
305424
178695
435092
556728
635286
716872
410676
319999
360973
21505
490708
889760
557101
376363
662512
419703
84747
589161
265927
390979
64523
3322
914534
414365
328835
90760
314383
411878
271150
951645
612487
601152
912586
829429
516089
459634
707791
456430
456330
115119
779275
705820
806010
242352
217183
875513
522227
498814
723664
171385
886898
678540
183690
507260
959631
760256
840056
119261
82794
622098
649080
873384
259892
973773
438271
478504
90967
829235
433289
217245
387075
960830
113850
710796
418582
114624
468886
510065
258280
923116
155930
427664
198960
280685
286709
9833
479830
54964
176742
532554
621141
620815
154099
86206
684108
358709
916099
797347
749282
753246
602841
184090
231764
419215
872173
507031
597213
424371
220137
782936
51264
729765
240893
431090
715637
286731
612831
782150
991022
784476
400162
322067
90116
119937
803890
421797
191363
973721
356394
853484
17743
373015
903506
743911
770161
261318
151736
723007
478274
81453
589353
267312
111154
533902
696524
660514
124533
771336
988060
884694
693708
185820
193728
602684
498988
613644
174153
882977
326540
308703
549895
788869
948048
806658
838216
50954
448269
265289
415854
585929
749688
382227
101420
340671
42672
545290
6109
567461
31717
829321
746881
215261
863715
687449
248660
159880
925631
327700
717773
758132
995356
678699
156592
259891
809563
410883
244880
476615
454429
538233
862693
494265
715125
47303
340038
500617
999663
478718
964611
69951
812664
598067
640481
730784
307304
711543
244594
195708
922291
460990
829521
279588
377255
123360
985016
191546
210402
319550
803710
555040
214356
299837
449455
274514
349421
36910
602057
448400
468387
976078
221009
871668
17249
714984
120465
264738
622479
390745
774510
950044
430650
879340
430825
313013
272737
688995
942194
358685
29019
902679
176484
558747
596008
451319
124258
347674
988946
722156
524556
721562
454271
569373
9373
191687
299542
697166
60003
518439
393868
744931
766492
716908
104650
748739
234666
721577
725053
57048
272179
601569
937721
953138
683096
890108
951626
377227
582352
769235
242137
121317
262944
741418
101368
540944
875897
483069
967050
370568
399534
755
357330
739706
78736
121583
208022
457319
14184
146694
43631
6113
883472
966603
834800
244723
479214
102853
353265
16222
811790
407810
953207
204605
60059
246149
427841
291914
45626
496602
571122
90553
295300
436042
949078
772226
944221
309163
83090
444028
682229
947151
618221
253093
546779
579484
90613
432382
336633
837564
247247
909971
679792
931882
738847
100441
398993
204141
846992
222319
850548
718946
116800
593735
512569
375217
661003
587806
39577
975650
899955
512295
276520
587528
167465
160582
665321
763675
512954
258423
990157
870820
785753
259407
661386
320721
356101
435611
579604
694696
804310
603109
764667
737688
699370