376807
173126
864783
26640
286535
886877
595455
774147
456725
784788
211830
778721
905950
433984
952727
909986
433756
738276
327882
564294
423604
3918
696785
511038
358681
81424
625465
822778
646414
175002
638125
322128
71880
103345
487845
238342
292849
165262
473019
69308
942345
248789
246110
962809
735335
659824
762591
661200
915742
663112
305769
828270
622331
413216
484622
195971
911402
333133
423676
585995
100663
825878
403150
131064
117682
136356
501631
469438
305709
591398
964793
611962
362207
534212
689227
750848
409067
985213
872634
945279
496954
721055
244078
111123
263364
554530
941197
984296
161262
330466
528933
524613
644046
590584
568003
635900
714506
997811
12961
177645
157278
74680
369723
23794
519740
162163
548290
240746
450061
891961
964330
231077
467990
358460
258142
209897
576758
982506
252371
421215
883851
77666
151034
23517
648053
199315
612943
100369
653682
19059
120143
247494
706281
280026
124422
976598
726338
488121
433734
706541
754610
469241
578804
163381
541844
299572
192444
928548
860147
694602
75748
219870
844964
719713
227710
332231
521168
254845
884728
864745
948368
553016
718349
638655
186097
832350
178526
201116
520918
610343
214747
682555
583677
478290
655707
556004
478490
939290
173004
500279
573215
887767
482756
359576
408093
32628
208310
671799
791620
421705
370880
455034
985478
299093
234464
145098
866586
868121
873543
793463
986333
619347
399366
630025
172563
941462
43749
245284
937994
581314
254483
24342
813023
325542
726071
745025
675098
191151
851300
958560
490101
272266
29100
972535
835578
435614
105548
817627
712970
748127
714180
495579
215161
577425
817546
117322
707671
938970
535380
356522
75082
387393
354771
822647
813911
795785
548416
965133
418239
686436
810126
297974
476166
596950
799167
283604
214735
693991
186771
980903
776674
986500
388443
985852
241552
937332
447147
883
150574
577138
324077
332715
394940
524779
284307
908940
860970
466261
767652
31088
225264
873961
102072
964527
260827
854975
104575
391685
87976
756741
190395
717602
1481
340956
98446
496591
122436
560208
608301
734200
265659
66225
404020
56090
415878
188306
546516
214282
293500
141534
821479
893919
272337
704146
463588
766141
158361
442074
971246
125887
859307
466444
381255
143296
441505
315515
107297
990726
550203
303481
300693
644812
495075
453421
39533
150187
527819
108109
167579
55908
372978
319607
751949
130572
859078
246706
588632
796564
803492
131452
799505
495476
334139
38415
590715
115764
632846
948341
145754
181719
98391
142596
360166
241252
69961
498105
529755
243922
206703
611821
493549
296975
273712
502710
502425
252909
636851
717853
220759
186730
873887
527927
655020
942682
104763
469858
970779
702323
122357
888158
34939
563637
482494
280965
340004
618804
550738
718632
173891
161475
326613
656072
336910
749695
905305
987694
203409
505333
501052
333927
677286
145969
818287
499104
663938
228708
839057
985434
681132
81585
84665
75913
619786
866196
453779
989967
662484
829807
989217
65040
400873
426995
24035
798001
574144
302055
276050
361522
803511
736280
242054
216934
612743
34909
338999
70667
541465
87238
410464
646602
283633
654177
449151
682316
951241
454568
675513
240950
946041
836426
36123
181507
714065
662420
463612
750525
288969
771580
917054
378264
205648
405514
343795
126507
796160
728228
174364
76683
675571
740084
29324
62790
487983
718712
344107
781433
328252
670501
813974
649039
184471
9721
703140
974614
767679
849180
188740
295871
170348
482674
683778
737394
101215
83520
24680
694732
676692
558136
759489
463350
827797
16802
51961
299043
735657
807657
887328
116646
974057
569152
95501
823405
552690
596719
70367
640542
192822
32062
20831
848268
972525
538300
69249
47382
505706
537644
426121
3740
897672
449613
317771
994911
840131
369157
954634
656564
520546
941289
842946
282533
637650
728043
947522
767716
613583
864609
648304
481709
169723
886958
863536
891255
426065
397007
541856
755990
861491
924804
108795
182512
533599
669080
26909
678425
122496
5903
919845
427726
580577
737772
108342
384651
927676
353628
818200
432329
118705
49410
136189
247768
135122
599968
604701
416980
949275
529823
264002
396679
874751
54587
82080
895515
955421
862925
354076
459898
982801
955126
38445
876804
440487
408613
649056
598892
858923
394566
400181
185840
177372
145288
449319
266034
784895
192136
537737
887288
457807
513311
449804
540093
468625
595397
239325
203377
255238
62304
498283
671956
319354
665133
254918
227882
80314
995786
682019
757788
262051
148829
614716
438379
52308
949285
495572
96273
793605
704603
749912
262198
7345
620740
554593
290572
888751
63574
260887
446215
331999
592260
165423
818300
606783
598312
797652
394837
667613
592332
757732
385455
438631
714005
32593
831440
872734
299533
253608
393160
665769
313036
513710
772195
370950
816705
38054
938695
474075
657442
472048
15345
634731
365358
836044
527943
277028
363547
385083
620377
415380
255586
770630
177720
614012
447779
924632
350515
392253
830517
280134
874859
402159
237070
292271
503186
129361
864332
540927
28036
580058
390686
685069
500481
952302
595986
333092
911623
942892
776187
916831
569736
307492
969278
606766
865485
151846
853369
945205
135079
696886
241937
289939
982925
814171
546327
100736
143511
630550
188759
668047
225110
167152
488892
381651
856142
860716
513635
464158
55313
402204
521978
555172
71800
146064
265557
14015
719489
984681
893389
732748
276800
957899
84629
230386
164675
620529
474010
579779
576327
880474
500374
54138
119888
476257
248946
977636
427177
864106
784278
930972
366840
549944
748558
611631
994749
917276
797786
429726
340199
2440
826770
274113
667923
134786
641844
494088
297826
708404
398156
326941
117685
917536
625278
617701
633288
16624
63475
977190
444456
513387
643294
797059
190418
70980
228202
405666
285482
930061
253122
481838
507349
42505
310588
734968
903283
788446
327587
76984
803004
46057
912223
38258
985526
85548
481027
195764
551440
993570
326387
78396
896030
251316
572976
255350
659826
73476
964482
477538
947347
305958
117761
127316
412701
223214
704831
857813
748853
680996
565845
841895
800422
570580
596041
907686
94237
724994
455833
105098
666941
564987
216039
684681
417504
915079
273344
404889
884907
470203
853834
675155
377869
692779
716554
333235
952468
558844
511248
505916
180268
583894
768639
858297
536180
432825
327037
673309
563774
409959
285875
829580
367011
184831
163265
531187
976129
220010
726594
360210
245907
686062
274679
176858
95723
460256
236114
911536
337550
885302
80545
225809
406124
3515
860373
167697
885434
733787
840879
150268
390830
439838
885126
601309
992151
611890
778807
37084
123158
515296
874985
435202
733692
793377
345915
839129
245954
21386
440525
961839
345183
1890
970024
923001
526666
853396
286539
723347
27084
879807
799699
312357
932672
909419
156933
428002
125354
489175
498299
772842
72626
520814
137642
496143
783356
522455
498508
480245
174309
86699
952302
369811
306651
640130
987800
72598
693593
240166
601428
304612
228030
618537
593373
278589
683849
197267
307173
210366
37363
268467
72195
300608
799337
885014
311864
36381
604645
856534
683740
37906
518184
175050
95146
979008
834518
648667
469221
75853
323501
614390
540197
991208
315299
889949
648385
946537
603932
319897
622810
207638
225989
91018
904066
64130
897872
625822
960520
903823
71180
345376
959969
146453
562912
926504
367349
850971
187812
103345
690819
53506
394203
518727
251697
161154
806801
292703
535156
530635
450702
736961
686616
174861
980660
980704
717484
553683
624314
876234
667598
135626
73797
454202
846863
522656
663712
769867
58754
584328
376728
986183
32806
432218
761975
799134
884845
564950
599131
300146
550248
714569
566257
734799
606354
266568
622803
26040
907766
585945
84540
676444
649021
60146
530788
885992
796504
320153
187709
392310
851206
303914
36104
822243
795458
869687
594388
831614
852109
21577
412116
771547
64339
192261
701276
999368
163773
546794
706040
358295
934866
473335
121577
423514
460554
473386
698749
749805
530097
357858
201481
432813
660661
225254
391238
16199
731340
456510
209606
179307
610052
380031
855825
16734
345064
404709
259488
349295
592524
494424
441269
249281
335734
144785
382229
367559
832041
148118
787492
55311
138703
669857
711387
141237
462786
889055
57896
466936
780471
871188
162082
879593
920775
946075
25382
286783
661979
18251
96659
207368
563316
918646
48864
841722
646997
188683
984661
347240
729549
221275
293804
987920
402405
543736
67653
744849
811170
323897
934656
463609
455927
131995
218363
579772
695818
527362
947176
236354
415457
245853
805193
748503
477865
935143
884811
482950
659683
912649
77820
55423
543851
593884
573867
157301
840807
913101
339483
584261
855368
107866
896739
441488
916032
465529
546597
753705
353664
362007
971113
877482
482284
426173
455125
237089
355614
319695
461259
854696
937108
325487
256543
995090
957751
725630
912499
12033
531017
525954
50161
702101
51562
678499
647589
339391
883206
223056
214389
963251
276062
378111
465213
472316
585202
733073
304395
426345
94664
987923
142900
608101
181148
5153
966609
449061
423397
794789
954970
325754
304127
245245
235997
102982
889401
639803
306522
431371
504125
880838
514814
971743
163480
107805
587066
884604
977254
790076
612672
408692
874523
787031
999386
729409
927088
568771
830886
754426
900200
867252
864562
267682
931197
994465
414320
917147
827820
833924
670486
309048
121946
88253
698901
368
103841
579414
128691
968237
953852
546081
809991
848260
220491
930046
555601
574400
54146
414201
416371
492695
653684
881872
424464
995582
916664
737297
457088
333528
697973
213666
728237
723721
55248
865307
725581
385642
56750
315085
183548
283733
359528
310758
219893
180767
504203
356524
796076
535397
75528
547303
405964
468287
798591
644892
538376
62034
666786
233139
111904
789314
315145
323066
364978
611844
321746
749826
163386
830737
854771
339239
821544
466230
406046
665646
300893
195528
876879
474119
198081
795254
760501
295217
662083
700855
935611
706108
2478
81506
265521
859370
755685
157852
139548
735407
737659
496619
754262
675800
625969
508841
430883
743432
906317
405077
387090
18588
311635
650244
220493
55536
273571
844725
183165
39931
309486
656897
983324
662358
545302
341553
239896
627738
148578
447786
531617
295526
938842
622019
577808
317760
163141
374839
752307
745683
214845
944118
737017
582934
10732
235222
80695
483662
852389
119526
357972
256105
644513
913443
169175
826379
73556
674820
736587
202087
773355
180400
121613
319555
298533
881168
444338
551837
381963
198206
725783
887980
437709
73436
535238
483711
845691
472258
970497
570306
808924
269967
981807
667296
96239
708192
215648
486530
316668
693407
367871
757364
469397
696435
290067
468137
425518
993493
379569
448277
876182
902339
162050
211896
645201
576397
903725
641403
594772
191884
368289
239475
882845
550258
181056
288194
465004
339965
652779
819292
611873
480262
436070
774567
972275
75702
213480
740604
984778
508951
801922
446027
483835
141448
679081
23323
117726
102731
653922
11630
563340
167289
439433
398722
237626
971221
430653
872692
212845
906557
195051
490752
571673
381308
180214
676963
715226
182397
602624
528161
567246
61018
675544
477027
402253
569427
926144
602616
962181
729627
441241
471612
200439
522827
903149
511510
884232
990906
896345
862427
580357
507364
538965
943568
891830
836358
597410
369548
634333
676044
842575
755324
491852
381346
546151
239872
418656
895335
419578
118323
903325
46976
783430
611593
753511
233801
753794
423057
842587
935909
981640
290201
271816
750710
61469
340208
107150
23336
221022
201542
719249
148136
956168
792944
52761
661299
96483
37640
161673
212617
797516
453618
115833
665216
423006
591289
408755
917172
127420
985303
815367
575068
912446
118483
901323
627832
808246
191685
938739
312358
826398
734005
567624
191700
550943
714210
666184
93392
970112
216030
533851
565884
398889
621846
264045
83805
586259
966704
371500
713554
440975
255501
501472
776673
748399
532782
490849
306029
611797
609842
523642
467716
871382
512253
619673
792789
876938
387637
625903
275967
762035
100262
452522
660612
483399
258309
229580
276636
102683
131026
46696
362022
160430
624726
421817
867129
726224
153740
827423
772121
917613
794204
915831
954053
635450
127042
880085
975021
966075
109262
176609
928577
761262
564996
935179
555685
357528
603043
883116
990913
970025
627779
544955
595124
423310
3671
417512
236648
382612
785875
290456
813312
191092
109671
273342
245167
642687
666088
549011
766050
464167
228432
614193
176285
794791
233820
460497
786276
239632
527124
60383
148495
714353
110759
870455
948737
257443
356596
143999
835698
41838
535973
570913
462823
65243
431478
414883
269699
914200
715988
878756
998840
413697
574432
318325
922646
856273
82834
641169
600388
449316
246202
713147
673292
195752
208930
918067
604687
686816
907024
172180
696474
533844
886376
860621
201169
552793
597357
611642
539336
824504
943784
488606
369457
278270
327649
262911
726191
836064
386378
721438
43977
303176
299580
198994
872058
758080
521752
635968
66469
851898
142544
732665
247013
858809
268734
384368
138563
580832
28850
101398
119553
369109
941513
552532
427795
950546
109816
975204
183853
519624
386984
739277
676087
883888
380028
582585
45022
275311
937710
481140
351364
533412
393239
1603
552215
49490
592653
49311
985663
8101
8870
452301
544497
36067
584987
765147
693985
518192
67848
489145
334228
301757
470992
291249
263379
130127
429150
820996
944251
607336
246790
556707
564722
337748
921801
415175
478324
398289
627639
208237
972747
415771
226543
132593
443613
637780
139202
344070
773151
366157
242166
616528
665896
940276
453927
733086
843040
472794
583495
895111
232919
337886
978053
591200
892530
573243
423756
689175
817024
78316
438050
220015
557226
544376
331121
962712
628745
648669
427043
614314
595858
716829
797798
474046
531116
189023
855183
499305
477666
635460
837146
694294
890420
569096
433040
50623
172360
369872
490305
318216
169470
900246
802161
123896
112289
340717
367631
158868
442041
986739
646496
792602
238653
441107
638075
582871
746341
535732
478701
956645
862174
883010
522364
977925
651095
318295
722249
576085
620985
587909
742927
198253
338995
110338
357192
431132
749041
90798
808058
949872
497225
381982
902762
641380
725604
332057
740463
565399
590310
204965
860199
491863
721928
604817
57511
290692
684032
703125
37877
852935
355535
152599
343196
679971
291558
22794
226672
172771
595830
775153
516318
561075
200275
166082
113071
133515
657924
973605
726553
774086
290537
252507
245250
780625
408521
313212
588370
44543
967160
535577
529587
506680
879073
612544
143080
177362
789494
117789
871815
649464
669809
485181
422996
360390
175301
300782
982652
791863
569958
805123
937963
320950
176434
167092
19914
322064
163514
936353
983768
742667
561137
204407
396900
547280
496624
310060
298085
96899
241380
10084
369782
833459
960981
514613
355568
898925
470995
131016
515366
992811
266559
740246
537463
422314
900275
731346
26196
355481
645519
52710
487695
789165
379169
110229
624667
340177
389872
704703
228710
464059
662630
270531
430352
901594
996759
129150
415878
732524
455794
708530
671808
541227
659395
847427
80531
203495
1506
569370
56563
636399
392508
992812
484553
629609
952443
110933
454893
787009
88341
403678
96384
466494
87406
229150
262825
525232
17003
863868
190570
417158
644948
842642
590686
215932
188069
954477
8977
912369
753778
188145
247740
348438
325940
54297
238555
160835
712371
533533
199469
232548
697234
94508
496456
168912
315762
904473
904534
73914
598980
993234
811184
186816
713327
475914
333717
506273
515610
828473
236934
669132
276886
295673
553922
968787
739243
629649
66265
726846
780414
414543
316528
80828
270556
309518
114448
380341
182117
113239
441194
251066
572183
268388
252907
153822
272246
61184
888952
896094
338261
607434
21959
141243
335300
490520
244377
207721
865303
472119
906135
409952
490958
932753
263304
502543
5926
443816
54701
88560
381243
240638
697402
518070
62936
728919
999345
675300
315677
230806
599516
658935
658956
676549
477542
434435
852528
195376
611286
319964
928298
456112
190377
391659
3545
684997
514508
884320
584677
925213
615923
112326
462761
707249
204505
564850
181690
716495
782420
693013
110360
401842
465236
233329
338609
214413
919800
745384
46668
994727
923980
104560
389016
893983
244643
772323
582738
187025
906253
467379
817293
703057
451702
902523
317729
678292
351195
921648
905522
544751
302761
853814
140828
771575
706164
207439
562040
863687
757457
328558
314510
765599
822352
629418
994647
380009
990041
846094
934637
635608
112802
695373
950481
856297
399946
462995
153881
469580
229717
650038
668724
371035
90629
505355
465627
667208
846161
720277
32662
6358
183300
322841
802216
663358
858549
840589
22041
707122
107551
285550
211038
444797
997916
653489
181478
585865
762691
485713
740931
646715
17626
724167
403315
208057
732858
988760
710219
802251
509310
152136
310719
581663
121511
630700
175504
835174
477840
699997
70738
827165
504776
494217
233753
559782
582673
282147
513856
809940
418356
23866
46421
239238
767743
7592
581988
621034
691293
322913
438367
468835
736400
649835
487847
155781
263885
337004
43705
119357
696819
240607
755128
367566
310506
574433
706706
995830
855188
747368
173394
496367
220851
59154
10818
876945
184599
371291
63803
597460
167105
153001
94795
538612
497882
843074
848577
887021
394633
213085
648727
923302
704437
346262
593533
93418
138903
142970
582782
703889
713146
520322
881809
408637
231122
861725
393023
328576
645559
825510
393259
69659
523900
156085
457155
399586
726896
75473
220994
324539
418545
145987
175199
54597
62247
703686
829141
89492
365156
376474
229136
595867
264598
97207
788657
261987
399079
891487
173374
544439
921009
472652
98345
609954
527777
710921
626555
734224
97831
761309
347037
618898
95959
685666
292803
214397
507359
93619
833398
338610
670757
28547
452924
445623
712509
362891
162981
456580
849028
524763
59765
134107
41116
892242
180329
811342
375108
893993
363880
815268
292242
675177
425607
533462
448400
33725
836153
509364
707441
337762
506642
889125
116590
585466
874550
15051
244738
372864
775842
286213
779006
191510
936790
766286
377993
797883
798750
324419
86328
870616
160892
479297
977606
916409
158964
834924
903728
699161
331316
658573
167472
101206
777565
582291
485651
197315
357554
408698
311545
484636
493532
495177
447273
468692
65175
585525
809039
675339
599101
612515
425811
128604
140781
748811
757078
388178
553688
517368
661003
530234
496360
55468
604912
834323
616268
401440
153576
616930
40740
202536
457591
907426
208838
539573
125529
453401
256939
969333
710143
692614
686650
715925
383975
459831
46318
33958
511959
853239
61414
470877
278517
380643
104905
171957
960262
570141
498963
119407
745153
790362
557761
899385
188623
379287
819477
680429
433634
288361
539206
916592
513711
107505
792008
479611
218185
947885
220979
48182
486235
504364
703058
885568
867074
249946
503563
817547
908741
828473
98854
796709
253234
579057
826235
576721
712790
33598
93629
519636
764952
705543
88093
161931
933042
365391
82844
110137
408717
121860
63216
336223
861945
693173
336594
551108
669958
960161
747106
93460
876545
440938
748792
94309
459982
297065
507976
763028
814751
876635
648049
211086
420238
402040
4066
954091
496797
792612
167337
163380
689863
83518
539098
417925
625666
591895
973720
120590
666388
404733
1987
881651
754447
515445
777278
789972
984043
412678
653211
284518
539006
618034
747878
434752
701338
15808
808331
76594
520899
463732
645668
541328
126923
382369
684451
609804
795021
529877
789145
73665
12610
300978
214753
963404
534211
576284
34475
723669
368411
999694
270632
562412
71432
981511
669967
496910
98959
606627
9611
81478
135801
598980
500417
821552
235629
380463
550913
913369
99819
328435
629704
578626
637282
900419
205423
607427
544239
203429
709813
815757
925044
385795
375780
978696
979088
852127
535074
389531
185536
580324
97622
667209
5906
168279
34996
530360
500289
168876
788647
646606
376050
695989
150682
380788
543690
882485
320100
369276
706154
134867
52173
194079
718280
452458
736321
208799
935659
550973
121808
230539
405954
921992
286816
269665
686114
90866
487472
846733
548827
719198
542153
625872
512629
686944
131843
230076
364364
624333
959473
294875
423301
319083
701802
295728
592428
877255
710133
171797
968684
331942
84048
375811
122410
454227
170461
960817
350398
59735
806890
733587
242894
4935
113563
541891
78281
318967
257142
465725
557117
104972
535755
949829
941142
561392
957502
528675
501684
249694
780275
882126
257831
456860
764564
813927
106186
404361
575937
364252
830457
412620
104981
885357
424880
259820
357265
467915
952129
508734
623208
303708
402545
734585
887271
689308
790513
87718
786366
38877
302452
227570
51950
304367
324145
139877
314001
199962
767223
349549
395777
394760
804391
340372
303078
364544
30931
336849
776608
431181
248882
395002
260557
19645
577532
399895
186871
884549
317224
702225
56221
841026
913408
181321
740701
371162
253981
972101
471483
237441
281541
248837
521808
727319
680989
429300
872657
243887
828173
106106
515451
214635
633263
914734
252760
932547
79282
271209
693553
906276
647377
796981
641424
800053
388908
231717
713777
840692
862976
248190
232325
215679
972808
140499
304098
861231
568623
573614
254730
133727
132400
535082
437333
803722
478092
152094
548222
898514
758055
407284
546952
835805
902528
537239
816779
845466
811083
324619
833439
317282
25517
224150
432099
764473
173523
893660
727467
913651
619632
352648
20036
714995
51857
258726
164900
867215
444318
653071
755443
990799
651375
670907
470448
227413
752456
833338
812226
905622
291507
182718
869788
78854
198969
826128
381323
444050
176828
370467
400223
237191
295796
614662
511860
510224
260548
348338
108828
13916
290232
284035
630890
75358
861534
827844
837277
500270
668733
69987
819176
369165
529910
876100
921178
747398
244214
323121
514607
970607
864150
897262
423986
537999
74703
172586
942221
307353
813981
570194
489711
534359
815215
768512
615768
383458
881735
87313
357828
283533
712116
556757
739378
70178
96938
688031
149455
86404
506363
352571
861508
662643
292660
662655
493977
334254
560854
59194
290820
272499
461744
777610
512978
951074
771030
604362
967281
267200
400128
727720
482775
423703
759104
735956
574739
735098
437473
50516
55470
124965
544601
7988
179005
751811
409516
137179
364038
595018
586717
508665
690061
231874
420752
439901
824186
537507
554817
208227
487848
821275
970715
196618
492812
559598
974902
660772
337664
214968
336368
938598
356843
88718
187623
697695
905679
234691
954832
256326
189295
72326
653111
981228
227291
60905
292499
690320
666394
678204
967749
22161
463282
80088
325677
263230
853270
777847
111081
649033
602349
917824
137451
170907
85883
42978
819958
614657
195758
621782
229813
592451
553671
231878
843192
332437
102307
889676
473676
994535
866982
66835
493749
200343
969987
237722
874698
259655
542761
319639
115054
821704
314957
157240
686566
267061
707984
793668
863068
493789
807566
358240
733487
806424
989506
622254
206581
607290
816537
768400
416462
468902
42898
909002
840102
421498
554638
541382
976518
727464
875641
367984
498839
202532
55445
668289
249909
211321
492896
82202
970988
914935
653602
429254
50130
251655
567573
679202
969921
978975
70320
214617
741934
623056
569938
479239
481771
634236
282888
273087
430197
185702
298491
402600
52347
251490
878393
72386
189100
191339
873758
521798
682363
958739
623262
284332
638002
178005
626354
968454
315696
796102
789981
736778
490561
432170
803162
937517
402200
960803
62436
372138
509675
435077
484193
217057
381355
508421
638188
960477
775071
792207
608062
795054
910940
342774
34488
429877
999587
88070
473615
863614
373015
192821
928404
755911
258521
284472
544991
728863
837826
180915
400535
596778
479676
336392
498145
372737
659197
121425
409571
957814
595169
198312
926388
174709
154084
8675
423458
758918
491513
856861
743583
244334
907465
454575
748232
405557
536523
643966
797139
242499
317180
661422
435861
326628
40444
125173
392878
831403
752197
870986
359826
374386
197192
850491
835892
691199
23398
575070
479568
712642
261255
323999
791830
80506
706587
881337
460334
344248
836331
817344
760236
439612
89243
931482
404818
518779
253822
298638
194940
89986
656918
856820
847148
385972
777574
529228
673202
721519
264438
823275
769400
466509
725411
714704
582248
487687
566304
341077
312186
348147
634253
658113
502813
257006
911794
383418
865857
690196
881816
38872
385599
10348
696708
418836
741734
768161
106513
442207
583139
643115
458281
48783
56908
78989
76639
566004
840649
766647
522028
902473
580575
981643
971525
571142
623258
561148
196309
808403
841879
86483
239196
44822
773803
569484
513700
335277
136564
160989
497243
254264
828602
941782
434194
798349
92480
213923
528401
481743
987885
816047
197076
641496
981522
80803
969766
519827
803160
779980
512857
770407
786055
844251
458592
64014
862965
304709
434569
771332
797257
402891
561305
154394
640747
966356
396869
734505
801994
694710
973899
327396
405001
78291
977516
43591
500871
151264
36038
457580
777
183233
516945
331324
883974
954320
753270
833090
642704
810109
566343
406811
903514
362575
942559
250698
122346
522953
411927
205800
526492
664808
350114
802744
641424
374856
75398
514329
60337
840613
303096
768852
117667
324159
138258
967189
244616
87703
157811
619959
292655
731735
749619
994168
562330
905614
869889
616844
985771
115993
507868
428109
210922
194525
546858
454351
726261
274800
163704
67410
251397
547223
988175
258385
43801
482602
740399
417335
911297
738772
619307
691121
409352
944887
209120
350302
612799
744492
721363
601060
180642
126888
70887
986140
545386
330618
373751
549549
971694
287344
768854
539382
290166
234394
307104
764453
470174
432998
91581
757349
696036
362026
664562
962356
563406
811905
192483
491282
268091
586892
792617
786645
872452
90458
470604
331546
604494
173922
588573
390230
493935
103981
202227
14410
556474
28113
856000
418453
400041
730071
691854
339555
932006
662526
999580
58243
412470
327705
240975
135447
983618
3923
723863
764068
408963
810899
945951
215689
955594
916154
663408
4493
160874
311817
412771
873873
419331
725792
679105
364964
911275
221345
976697
539061
533050
428979
521532
907875
660850
123811
801273
767665
613321
694692
549360
38229
892309
288055
721973
988207
781459
904742
415940
310807
642836
960234
215099
376143
581189
219436
91640
709912
297241
528296
942543
236512
389525
585902
779368
978328
574904
327426
247156
137380
406596
954468
889162
198252
98605
770666
837730
993744
373725
117769
927596
12856
635298
115122
955022
508360
224949
960600
835961
478259
778920
401488
517863
237223
652971
239378
75827
364454
796026
599132
46036
932277
227943
990134
279671
287853
741631
718032
721465
187310
189852
150599
359550
679475
504839
946310
681392
753921
647047
176265
894616
734394
111883
560701
905234
877966
357103
941892
207408
581841
258478
738197
819054
173159
133605
537343
228237
889179
600384
954061
91342
815119
895299
743429
22860
391758
525303
639051
624566
746429
758703
93795
767528
97584
378997
180116
734374
537434
829526
401703
976565
248796
855751
302991
742229
333502
654579
743202
275742
890875
605154
566213
956277
608374
322055
689703
895532
640651
831526
355044
697524
741249
105952
629385
275263
230811
579868
571063
153462
916109
86932
542112
439956
406092
793529
380783
95901
892798
436612
285252
848639
616785
689371
643997
942339
650088
379676
801808
811952
791727
767048
566580
401725
38927
594319
373024
891824
495741
471412
444427
149655
56301
439260
358099
281762
307493
658489
954393
835099
320236
102925
984905
184388
926305
698078
180599
882764
500135
78901
290341
713709
284094
334930
440225
75749
258925
863087
69643
119886
999323
139759
370612
324252
393214
495587
220962
988467
717226
591929
672945
242787
139339
506626
977300
333761
773486
447710
846776
570019
993337
860615
266057
958327
429179
820534
560909
777600
368990
880565
109359
264751
35449
790594
884567
609626
284546
58845
496692
665051
841761
793711
481115
538632
4703
624087
859273
530890
835901
842514
895172
287836
132257
37381
524576
722082
329196
353898
672862
313571
826471
574485
670511
512357
852827
950690
559446
662820
701951
356861
932459
70894
88652
549262
521659
250526
598061
387071
459149
411251
406034
854827
518656
119756
816548
540324
453776
75202
624403
127713
891767
482530
795402
814211
617072
628037
203460
208002
19670
782670
466424
547768
134827
878848
172272
103242
347382
861753
863480
188527
617347
146447
515953
784030
240974
906822
601605
942104
936506
405867
98421
136655
286588
983119
573646
813618
48853
573795
282746
912022
308156
601709
932978
143490
103513
186725
399441
703447
86254
220910
316612
196314
523409
74100
742750
477472
277780
79902
293768
523605
598021
261872
308565
474216
448976
987329
30388
951190
926211
360787
31935
961746
578474
236180
415472
805710
922265
121136
203826
197033
752456
423697
274837
536821
612888
499252
730908
444515
511732
559401
574833
263886
695891
959335
976121
798048
144921
926025
737345
527141
27421
558697
734103
4842
272006
694488
511670
929105
505294
275511
670937
509557
26920
810293
677808
672052
438910
121701
493552
801757
372563
562298
495813
455607
387336
27298
368931
705644
626938
940861
273850
388689
915144
301945
972488
208083
652722
678348
103048
113407
17181
273164
566600
225389
765555
852846
312536
581194
168999
732953
848862
144065
782166
541990
418247
498438
508233
968439
607448
343935
192023
933681
480354
8719
170151
821975
947732
504383
696148
354948
803883
455435
348329
99141
388740
305671
427915
322064
177937
233772
638326
891941
119018
665027
619103
904640
406523
579565
860345
470136
315932
929229
47316
478519
565694
399890
281311
960022
59392
378404
917710
292885
150497
213610
198487
557108
471696
652918
266262
827568
574048
932686
282960
354013
62423
464856
182740
956445
616806
368673
428477
800826
680754
435658
94485
167590
97361
580239
188372
271372
9872
579701
522566
16274
559921
841488
862986
560430
597490
198702
820598
473826
592328
785315
891160
93141
453995
846066
660440
143760
391690
149077
171257
558609
435616
357482
250750
885263
361886
808826
481001
561035
492744
505254
43870
657232
224924
812016
430823
482887
659628
805283
337617
602425
167117
109920
169267
561057
447784
796615
627086
909677
162158
479678
611024
448529
802920
509089
721331
32392
608236
307462
799682
76329
952555
796971
786172
710178
196712
359871
267217
376275
337482
913865
68169
44531
486457
929412
892437
136723
173386
64028
425225
891731
194960
193574
52366
198543
833443
161368
645925
595900
366952
892868
32760
576191
353849
626435
466268
789528
498160
587885
247654
317819
868629
981060
954343
828863
808097
320752
59589
829295
425967
410341
518775
778879
164734
316193
306972
507224
411749
272913
952505
156820
423060
359635
862221
610438
911938
914518
935187
983600
436857
990750
138068
61272
122170
744548
116134
430068
329997
682522
842372
6978
988074
969996
283851
632436
163005
92834
458767
121353
448858
971266
366424
512951
451581
532242
794492
590980
6268
887899
577882
757556
857355
308297
424432
516189
145452
185935
417946
170518
784177
760743
231272
64014
791023
645687
466906
956217
496577
434767
177723
484964
812726
920975
921559
476842
333144
11494
161049
348543
147738
931125
428550
680809
556061
868305
243024
926479
604703
247784
831576
194730
589760
710267
260163
760664
928498
348681
180663
673935
455357
188492
245619
499246
713133
444956
565897
538671
118873
956466
966776
410105
734800
800456
543914
919058
780577
526171
685190
735666
828551
935314
391795
22003
482159
362361
657771
295268
927016
669926
201207
14268
842534
752636
789325
786091
934451
613966
537218
418060
233075
510683
282093
726327
278226
46071
874458
885300
680204
203723
696424
337994
989080
665587
365632
532853
786674
310341
994226
704245
651332
874353
623341
265155
842800
203076
88347
460319
44156
480263
888791
306116
60443
270084
902988
663229
295252
79336
913899
918418
318225
36100
682248
45594
64135
566382
730002
483892
627388
326148
64557
913617
848250
123728
681454
393896
35854
249863
90930
243597
835261
589740
841499
670364
404869
632722
151592
999951
65867
953982
868720
443759
314854
188650
817467
464488
871750
859046
59261
456501
813186
496858
447152
569402
358078
506342
412301
183664
231605
414954
824550
956218
613673
154593
606115
266263
947236
190248
206295
92657
574825
563421
991486
906578
84668
732835
513174
955830
918539
936321
73942
399355
593656
724842
70223
486836
350020
680791
417886
850270
352537
525392
31307
481386
366644
373643
64706
678905
574829
804907
892523
528166
184996
780905
917864
540284
155658
159440
234283
120456
869257
876962
566705
637450
92113
980568
116766
460229
806976
555527
502966
397366
817645
714718
861237
591009
612626
609420
20301
554950
611603
859134
35770
460083
659951
950406
847299
293107
82754
950807
860367
270564
699508
622637
636640
795110
706626
337290
904817
593520
66983
418970
929000
648124
810022
903352
561592
145890
681271
549385
723927
946499
436428
707014
824342
16412
368830
189528
596578
851194
475673
339420
397013
506444
633152
140678
202682
316308
57343
889185
975388
573240
548651
72692
575433
15349
111416
401665
936616
320947
322007
805671
871796
247091
616649
232935
734356
226148
258693
370179
915289
623894
203010
60098
230483
264006
181090
798161
858064
997079
450875
353283
384626
945826
533250
644089
586604
915364
402198
697693
156121
74006
997479
466248
108793
755994
815169
161156
882696
631825
74553
969771
837693
407241
481714
321262
314652
369236
317580
205490
905784
402676
989099
5780
589193
788274
679839
107789
56805
338573
899381
47409
850910
90576
152729
633682
871289
481788
245542
956225
491270
35493
895948
959924
231073
525977
822685
351555
352195
726970
634036
173197
414981
878573
482434
465655
405043
448555
564342
166420
200969
612853
205321
347745
138765
266532
234659
333543
670856
796254
384237
474307
844642
87269
888500
434882
864153
522953
894454
34726
293598
418494
754253
687302
327500
60680
236469
681873
304709
130323
402620
872819
465387
487135
396357
583248
388216
757976
974648
443117
364475
40131
263626
172654
228144
818005
724836
179322
704698
974238
628530
570810
59327
917090
374283
612353
585376
266824
544952
833286
173524
612780
444643
382668
189472
146191
805790
137250
363829
863342
134028
120582
218470
11888
87536
135397
973828
432760
449424
204798
671767
818907
177413
970852
932667
261483
661858
798562
439318
100018
408959
366712
757170
200379
421857
742916
207547
192777
530439
807484
756438
923627
898259
960152
155163
212135
714964
108429
937841
499347
398316
29363
198917
847236
859554
447112
110311
830877
535175
367565
581889
318537
256765
464078
378868
389443
149288
647103
485328
528274
696949
522690
865968
891347
184898
425670
80688
585518
629865
866953
569293
397675
595500
474877
735703
991005
309822
473289
87125
594236
111916
16742
76149
819665
210023
778538
602606
797322
828014
677410
180084
233389
418972
312727
381783
662889
796491
944755
428217
50952
877220
559421
410538
713217
622405
240193
511074
517483
486093
485515
682330
444811
292359
953105
625351
733646
834288
887088
747764
743058
822502
193487
800890
831006
448688
528736
766559
399731
840100
150597
494921
980282
674489
514959
287069
440348
545770
475681
235065
541872
659330
671603
219978
910799
512714
362098
121738
173444
468557
626629
866137
606944
236421
511787
759863
934634
715428
735040
57820
645747
442688
915103
281780
14342
800027
314592
765307
933566
351374
682690
193200
698163
612626
335652
481657
696524
410539
505966
987347
938104
71858
728269
988595
808888
577789
346139
925374
24276
813357
432860
600034
498798
314899
46052
610767
180275
493375
456791
914454
864813
821671
483529
566620
291957
241969
449028
460666
887174
300638
807975
826613
290157
197906
138859
481301
147421
411908
538817
729764
378976
507070
874007
932740
545703
225169
128442
875693
509762
616153
352214
885315
863275
501032
298136
792080
160764
464082
194932
561379
16769
275605
82562
903684
523112
806946
771587
24402
692117
365260
20162
180924
234898
702604
804502
125592
786084
60591
676996
586787
991224
455645
200193
564246
644924
72198
22101
213089
401803
624106
248410
312646
348736
600517
849444
349781
897324
852822
943803
282048
102050
117195
91395
944730
100079
370955
232765
432945
417703
477983
432870
836356
794010
207230
972413
305698
791846
918451
317026
476578
389030
14125
17242
526393
536072
666851
695535
293371
104317
190882
211188
678513
883209
546356
321510
880403
294714
518767
62318
780898
577973
174423
291652
787108
506411
1392
500333
609085
152107
384421
647525
580455
75922
989646
200023
937550
461405
789602
139080
171339
681247
712057
372820
865658
137358
61115
414545
32250
99063
464363
912592
57536
397906
584458
571778
16152
678384
322153
349686
841530
758608
386127
865152
437765
620178
229634
174326
740122
358531
498230
770516
962968
568279
346831
905279
747439
315252
921237
207270
721507
225002
840819
673413
751967
593985
294892
914244
750835
247276
806555
282364
68460
884825
785060
957209
640783
392298
430973
767450
604594
826429
834323
281077
23158
419879
746330
83992
293860
879552
456116
957387
898339
797080
838973
829361
978324
790728
435313
810158
189194
268258
500987
858210
217513
168586
366235
956946
774426
658910
440818
889960
238632
26641
397805
604625
551034
189845
931404
468228
879277
488438
78030
376611
371917
140868
595707
936057
234097
446569
171725
472164
32368
723993
982204
402188
448387
389094
292837
985937
929593
199027
561750
519107
749265
93249
596088
208842
977911
502949
938969
138726
762974
23514
708310
503313
39030
244339
371234
931713
608842
26793
306741
366410
134330
410066
902483
333471
437776
730227
132151
392441
216768
660460
327516
577744
646465
536913
125417
950598
990658
620442
599863
749923
355723
818288
162048
221947
88881
379367
937061
51564
210869
132619
303003
277700
945338
965075
46644
441663
772130
213427
227270
570989
995908
267405
615098
548658
615499
181639
491635
368103
121582
904760
764888
851167
465095
567419
265856
687428
820883
879910
752953
642975
495237
40853
609397
911286
7303
590943
35218
655759
222798
747690
319940
459731
204696
784539
96545
147918
897989
95589
959369
249811
744783
263619
178736
120637
810408
985601
32266
847247
693359
662067
158354
550717
973262
683337
312374
282564
210162
787067
833826
145780
678056
120222
421095
6414
690513
381337
961736
119176
605250
636401
475233
640109
417018
511551
253045
155681
65472
147204
501778
901250
665113
449875
614435
304811
594403
422508
24658
741522
649233
258345
777880
368081
571972
349457
899810
57410
386050
654795
628065
603331
378709
359724
404975
990936
428803
939761
487321
790320
203685
91912
706957
375488
767910
63113
346145
623820
640474
397570
262589
785092
341688
559
305383
992395
741238
266185
369001
568210
292415
715893
753761
661859
662484
689437
440869
848314
667324
188956
338064
132685
338217
594771
820526
584685
939113
25305
936768
910021
873989
85007
413676
955198
798714
396112
884932
387013
426001
71496
854961
720612
403997
754588
492860
924557
872081
902023
224952
168438
369467
650629
735760
318941
315489
169511
327401
225133
470774
815495
518707
838009
486265
397014
839953
41061
136683
36177
586402
371236
247723
155538
149164
975835
506223
733955
766373
743781
429985
290861
44381
70576
55828
432942
50059
667012
836449
367113
380722
872548
431458
727640
269615
255309
430475
157788
309922
916251
593056
618613
265079
911499
618454
762285
443920
452571
202506
177326
775120
54862
475352
742804
438855
415755
936602
371421
572021
95845
429245
144125
828989
610358
540993
569998
570152
725476
103501
437861
893330
163653
836012
892416
35637
346399
839720
78619
797456
724616
493953
855650
365235
841132
277066
461952
265706
175085
367649
793557
673475
297317
818889
526215
845438
562951
50662
390384
434385
448611
798292
331701
21013
204360
489507
455926
228752
424579
116467
973217
202975
492486
555561
280417
347904
592548
353611
73012
160698
656569
909246
589851
287209
239079
631961
54058
646762
43003
207141
492351
601823
209901
54067
207823
909471
959750
223130
405340
670269
740700
64396
355971
552564
674617
516117
482353
475564
532442
779951
2678
521899
521555
369604
71474
195099
969104
629121
844587
879475
87414
976594
608065
197
320039
777024
656889
830372
788580
122789
287925
24752
762254
812232
89092
303168
888901
532697
628374
503146
837873
782986
528008
307505
626975
483783
421790
22604
234819
207252
852814
644687
156380
65090
231289
190009
452853
291598
75829
712089
120775
658902
36357
363485
509180
662777
486058
390264
222990
705354
473362
389423
529998
458607
233647
971201
238977
126428
98019
655665
273125
913064
494295
190513
737425
650121
656107
794285
638330
64113
15368
488049
235409
419076
789521
313207
955146
54580
943991
909009
42104
900859
970347
968943
390740
228276
652399
629710
588701
930967
310406
814909
94873
193615
788298
563021
465401
761274
724828
910101
22042
520508
53
777119
317160
921920
916443
494707
81629
893068
98480
75773
118311
482048
944421
443933
98536
548011
314635
851532
603223
769674
288010
437798
358468
256414
443370
702808
827320
117289
732559
21670
812666
307525
660738
507033
656942
162656
122921
476740
522841
535127
726297
342706
52032
299054
859650
215982
874029
677034
399305
226927
174867
894923
432691
479709
770633
68330
430908
754820
350450
481450
491912
346132
28606
393246
954033
157266
98313
403383
277631
19808
543329
659496
941621
956195
825701
102488
2568
570390
344840
444099
793771
591787
638389
523054
481733
294041
978189
78533
952068
954631
244427
375251
168843
582803
883657
963932
47047
494015
144412
949850
222815
351608
24665
757907
885450
570245
453435
349331
438522
249353
822173
360907
402422
901940
492193
661190
140421
980300
568755
465796
958086
760659
141096
473909
696861
389462
520832
611155
289096
990034
761610
303708
853519
765059
203047
28395
61338
721994
730150
332658
770140
779706
927311
765910
216941
859455
687163
696807
305014
376619
144224
593467
612997
915678
772011
876518
446017
484114
385222
60503
12215
187521
458169
915730
632338
731635
612204
52869
229738
591079
305611
122314
766771
238557
146306
929656
668054
771134
996007
361062
141212
503913
790584
668670
728007
917787
809081
345465
84731
539194
363264
863548
771481
745854
994188
52879
503533
788221
548303
582518
465021
457617
629004
91054
279682
387944
571035
543365
320691
446439
852106
971222
334780
105404
333086
445664
621902
224447
962999
133059
81936
799363
659153
409366
414131
981439
268454
462567
79139
939284
903665
820048
91225
862267
767502
990002
381069
18445
699262
848913
687113
974765
432390
948748
132249
605077
373302
133431
469470
127612
342919
712023
402050
909985
888606
219449
686598
477943
109
667119
838904
930669
522489
711656
107520
177497
193462
125931
919640
792640
453774
472176
514268
25796
209728
649179
135543
841387
562469
896470
657725
682056
688398
27785
938391
436488
942474
111225
55897
803099
38148
826490
569520
6012
729160
350290
714423
299167
863846
316780
398120
395639
129711
414134
738159
996513
69469
82135
304922
540016
336591
625232
81069
239381
182705
785454
557651
692523
518650
743081
683375
295901
883983
525533
719567
403957
189253
225122
846082
134849
784643
752778
522048
989219
110022
908854
232584
779382
542655
714197
232199
561881
724311
201658
313460
747801
236498
95065
399161
259007
423825
413535
31051
829554
972658
933291
222682
501515
714194
196780
64932
892340
802098
119448
717668
5755
90871
341126
839337
148281
701515
390824
171329
570073
649250
517993
464788
526791
787479
831391
268876
615735
674356
209197
103986
324687
36304
468600
7508
632818
914963
867844
651746
34090
591509
240682
419225
958321
493413
900152
709143
994524
360934
243045
822924
308517
886867
572463
234385
323859
668514
155795
353555
692808
621703
21352
456040
107495
291663
772313
557634
521312
864877
417469
123457
613593
62162
950997
547362
328954
352821
489121
342293
631573
236530
164127
327085
234161
417678
769185
197809
329842
909977
948874
964239
985574
138604
427685
635440
534510
775250
251233
289127
1799
127747
191021
691650
695924
221452
422444
985859
571210
40842
370837
554473
368087
794260
336426
559207
22512
467705
327635
807094
509014
594207
790679
632646
523972
666314
246390
40911
527704
339069
477733
683719
708763
827835
524902
854508
709295
873382
818820
700416
256276
818441
840296
11477
247767
991217
811867
568702
230487
494325
347289
75237
371381
807703
819022
720507
438103
289859
700720
766666
859865
441140
964856
501222
570898
823542
842750
478466
429822
645446
790064
823070
718925
189269
378606
303582
377671
871467
724357
484214
832602
277609
14535
72258
92482
367463
233476
832754
796435
870588
543335
596323
252198
563867
476974
714888
984478
733594
568583
209543
315542
111503
875716
411360
428777
312147
801147
490696
750365
405928
810557
849172
979884
473399
497457
7377
9969
873969
161100
390832
785516
559576
954606
763678
803953
329110
199580
878834
14963
550603
213206
629120
506345
948708
781269
591370
861403
18150
174499
252566
327499
252683
373270
554651
115778
853635
401130
155477
16758
21979
618810
395384
867989
851963
851675
280641
848752
920969
862870
283815
859207
329132
375679
419249
75053
484779
498166
473633
29336
403059
505594
542478
264391
212279
906021
686223
831120
459378
976200
369683
880005
74440
804771
800014
929282
538506
873345
417550
364950
41753
240814
708588
15756
173730
852630
690653
238741
50375
231292
936552
29267
573470
68819
715186
912388
185234
513085
902709
494345
342951
338909
921871
260434
757724
617243
721591
468009
812521
422899
914186
525271
692008
669434
730691
937782
850512
244399
254858
461461
754523
300922
666339
830913
968266
956292
805511
929526
791807
801394
859728
267938
386311
509823
60109
402770
770939
371636
647157
62460
175931
837703
728697
800488
614555
940558
665522
557627
116954
989150
255226
713441
712333
852164
31766
533014
317403
331487
150353
652626
461281
338968
1636
220239
94070
431296
632400
428408
167496
392196
510094
626095
918949
2255
33566
522491
980822
116669
261053
359373
577126
57335
29554
138029
597632
440751
248134
762886
659702
938746
292179
544970
667166
166981
45429
437955
495447
770933
656286
684728
416169
89311
344646
259256
46026
767904
847615
779397
675773
721243
275558
94112
869590
139533
978741
711598
549784
426318
859702
222980
547007
283431
127826
68948
213657
329290
734920
815795
151694
220146
405689
376518
367105
74968
613471
438921
808143
750607
300574
541115
374197
46397
974515
206762
413454
233014
85257
540118
85305
340150
576746
250181
274649
969851
855122
954402
635318
4669
286880
101523
945408
127755
796454
704982
217460
763843
309791
386454
936088
837230
566400
567888
797344
672502
445095
970972
970739
401540
954032
501531
265543
60410
365671
38460
265576
906058
230231
441002
66264
238257
270977
298006
269649
595988
34408
674396
61862
914421
634441
191636
741703
233426
945513
909048
695523
490650
797126
623021
152424
482957
568559
8432
352806
314671
861040
972382
513489
986536
8357
949024
353381
497723
403695
869745
998948
362465
398597
537165
475195
237505
480226
565623
272963
572879
583068
308647
429283
747774
763413
883663
773522
839203
504010
181961
820666
637096
612425
944095
277752
256233
309631
756854
122688
122990
972271
110167
114846
209989
803391
873819
451287
428412
491181
448307
886062
182584
885214
299410
858306
849333
153815
897207
348052
570459
757445
629658
754599
38457
104118
461042
92032
487072
70250
459745
926221
535263
172612
444221
858594
645974
979419
278716
53790
750201
863726
760955
420396
795043
87732
883435
443366
250068
708688
591257
204115
902537
263971
667224
574097
294327
126012
671756
769998
784867
33258
115158
989232
143393
462771
440791
923925
626023
15133
229731
422964
975180
337193
398788
659746
580003
391839
155944
943409
618670
224325
453672
804275
874881
448233
46133
308636
815285
950046
633313
659333
26949
242819
71239
619661
787528
444862
113241
693338
481739
33544
981892
461949
557322
828130
950594
978100
459595
866854
613884
358409
123224
241272
148441
718743
234519
265627
739623
613356
102599
276064
529573
761994
977369
496377
998250
989000
232937
213483
511542
63510
474455
517026
259476
813534
515782
319390
658280
788037
292081
469067
22042
179920
441509
873839
679583
771172
277791
573181
620065
175077
916738
15942
163787
749952
585653
529231
603122
189893
652055
683517
667939
667052
520480
545261
390277
549113
65685
327584
554411
722809
371687
180308
284153
174828
793961
751534
812207
869949
734508
761234
841879
119660
900537
428885
852935
814476
479467
993482
481556
795944
254822
482553
154323
912321
960504
34094
205645
311667
476362
239789
421438
424758
346114
295427
871498
444095
963129
101687
557949
528454
599892
394656
985021
711587
78721
964176
178191
927250
288016
103982
333122
436629
907243
789986
222075
739705
696756
789417
29854
909296
193209
65096
314455
714589
802966
992988
34498
243631
655912
394960
950269
456356
623401
16745
354951
505839
99501
553211
6293
804213
963128
791231
634033
554288
865530
126268
324687
679606
661736
372641
304430
977236
768759
637173
520103
432404
339255
342309
179350
400287
270539
262844
302370
970683
679937
831858
370218
791988
32402
27227
465165
477465
61879
390464
254678
176222
949413
317771
386371
855839
269160
454171
301808
188548
795736
329784
980901
496063
397945
691808
740217
457266
686197
298176
369441
928878
765230
910462
681369
39639
842755
115123
157741
406371
961505
288630
534820
254401
412803
215571
904394
996374
229191
109275
539353
886114
394606
608853
253827
213057
456752
42770
347295
643598
908346
774815
346349
932578
488069
913171
540999
152442
324308
887111
879079
294839
101258
722021
689103
634750
253605
655257
281049
102079
247771
183717
282715
361427
703119
32081
385270
842431
49392
608191
163388
311382
187631
152221
384123
667834
23195
984371
650410
174403
486490
909276
473583
996856
58438
466385
931851
528633
122785
170657
989347
24704
606583
470973
167788
423868
756815
699567
254833
828445
590029
167723
712580
295214
27175
80958
523647
417947
142786
779299
348597
321108
40040
876660
777275
866570
749480
194046
670540
613911
803403
948589
968349
670138
692526
24614
10110
296639
436929
733748
966314
866045
95578
346073
459179
837497
630775
644038
886508
745449
290382
366375
474077
430546
598931
277397
183805
523666
432518
756207
327
252666
674421
86595
950331
274451
891477
765925
700167
188738
907385
981410
93074
56326
194861
269263
166182
305117
788530
66490
962935
313990
602581
524610
248916
836962
398894
215235
746473
899764
253234
34153
849006
658631
326262
477222
788656
141679
849793
710334
155322
677223
21068
875839
36000
442842
453848
660687
134823
955645
170668
275229
156884
428441
554922
399930
926800
566182
183181
648640
2100
151059
272066
330096
775863
213987
644767
126106
946417
970737
747268
70837
651979
412692
215181
102798
268550
186973
85873
798685
772708
691133
124218
829044
977271
747588
973793
360337
306692
921284
219397
919122
716434
466452
838472
745160
133525
932080
465158
449444
436722
258558
741619
333069
436399
889771
408592
714068
79929
26036
10634
12031
879504
148865
714351
666178
224723
616939
286989
922572
912419
585951
352745
499900
965879
225562
93721
678772
105724
873300
857919
136070
792934
161529
104290
854540
297496
286098
355562
241044
238060
403139
585592
291639
359327
779693
948448
320139
635164
606835
525828
230446
423395
889242
772110
197315
493590
503178
755337
700729
336992
223217
272093
505286
105027
498567
495077
853748
65468
202796
583214
641426
281492
879789
464143
669131
683398
8613
212128
985811
420808
703360
664024
186429
967480
202523
328903
605289
81764
341831
964652
610075
889206
323885
55796
749416
634938
245195
797264
439818
261710
55196
654577
827730
567589
802006
995363
711612
263031
604941
724483
373918
588105
188213
159070
200315
501460
46852
503336
267252
67477
632438
612246
997470
626544
498218
121560
319279
850882
554794
222390
548369
485250
365064
146182
447129
498706
634723
136072
587089
474792
749193
434206
546609
447443
687735
764971
813165
635437
652667
923462
836392
423772
17786
497563
183686
221636
762126
537950
743455
622413
401671
8237
885199
852364
88595
369474
759466
602768
33336
100689
409613
177739
825917
320452
57743
187228
878185
194641
814423
995765
458851
113396
877959
951598
953144
646286
890518
812133
649851
429530
394236
867151
653191
673864
325254
525536
42144
806776
381065
144659
747064
425300
155059
431894
429581
585546
41597
221462
327471
988261
489020
130018
867872
728903
637207
553342
920532
814725
320531
925639
672343
57823
883594
841917
345486
129498
704955
491826
716565
323772
897786
108366
95944
834916
274888
643389
514653
350531
24509
601717
607599
133179
324962
336039
522069
54866
416667
682625
87537
282770
354753
87774
856133
857793
307726
754699
806463
729016
298738
848823
189269
612899
638210
357110
828683
877780
396880
878130
758738
242564
815765
169903
994506
536934
628875
516664
483176
892009
500824
293931
381427
317515
93796
986014
719016
171669
605259
700909
531454
13751
460014
340002
39364
864192
505380
33407
103206
10041
821966
667562
233422
870687
572361
808117
791463
670076
725948
154762
540540
836321
690128
968496
229823
245570
229503
94652
38822
323822
345798
920470
389808
307689
979060
397671
262406
699752
713957
137116
331708
931112
460872
433882
575606
291563
393947
396606
501479
94800
878520
85007
331381
496782
800649
507331
363833
424972
596504
724714
960866
458400
534017
666619
100473
62499
252488
918970
122815
302958
4167
376130
533938
787635
181312
989108
597358
396281
189777
868796
492465
647029
174597
445
458935
811458
805767
896729
418564
793086
586993
953246
480256
332480
458562
108112
71228
250169
38830
98511
234835
844006
146704
744101
685803
209903
45947
39150
330843
607263
977710
588900
380582
504321
553253
272134
226406
596243
459852
28325
236356
117866
327183
559307
99364
93986
425676
326792
376093
152639
574762
477722
901285
100197
153347
789048
92556
151472
928189
376187
93535
790577
487926
146730
618925
423558
414429
405472
695846
675605
629406
824348
843487
537700
586165
453797
507313
309464
668452
185048
227202
904713
212031
18128
648155
372542
65957
125360
142840
77578
633225
945231
923103
184002
747758
24129
771688
282713
816561
391358
133915
984347
491712
215538
933366
804610
28201
919777
950989
780408
493645
935796
584844
597482
29491
907683
180505
48069
65656
153025
701780
571217
782436
729823
934464
638630
422169
358494
379195
504974
840357
210389
298921
29369
957302
942490
474159
70743
648365
412017
948187
707542
767627
735055
131169
684088
900424
874697
887041
523855
676738
52958
237764
91800
719378
446493
340836
72434
619003
283573
541131
492601
376892
682839
729204
740676
508997
209673
502766
705271
682438
232458
404863
610949
25442
217182
29221
782469
469570
332917
380472
744048
643591
440508
751787
249589
728215
542015
586289
393977
966233
79929
188732
172078
212667
922618
807392
649679
781104
228275
428758
909301
987576
666785
943709
532761
951703
168916
12923
460327
232615
387035
939362
98619
614921
778702
375085
330810
757367
581176
789449
350672
735733
386335
493425
967233
473574
784176
793297
424046
973435
579020
524684
492007
577094
611369
702233
224615
484589
135270
647944
802608
427257
767472
665635
451460
853838
515082
220271
109629
939253
806524
815058
396234
591893
540954
899022
883654
463937
815279
214443
795254
587243
398407
959028
895711
76981
563222
244055
257922
291688
640584
54320
928501
510398
76518
929119
13856
722521
461921
966165
139728
615255
219455
591278
770107
1213
761439
35640
504721
766352
170026
610771
875387
446914
966680
466480
865842
722057
616668
586875
445951
417996
439534
349013
454475
28663
996467
978682
896354
872623
801930
179778
201928
156767
735157
120259
792312
234031
774946
930131
131637
671190
60438
702379
219471
494534
119221
109927
951605
437382
306672
729194
541553
625886
801547
288606
710596
976939
325449
69337
826142
46738
500855
371995
231418
324177
440659
87284
853908
929137
254359
327170
835080
95832
750053
525912
989640
66427
477904
228795
487994
942960
106052
359110
730348
717921
276116
377197
33717
164701
426206
461598
837161
134664
280157
241347
466424
389235
344971
392100
910307
963078
802545
757802
618140
637338
20684
248702
668602
713635
120349
348304
637462
329226
605838
963764
915909
257305
40572
174438
362993
972240
986213
100334
929494
873429
316720
233247
560151
762631
846803
180729
964538
235187
775524
653230
39943
631199
566720
598722
940344
86148
971026
340491
749405
172186
316801
768024
414863
885643
375928
905262
166990
631049
772499
682222
636090
736699
378723
254610
881450
966738
47198
152278
857133
724603
6502
304179
852443
990701
124212
70406
734614
459169
695649
62480
746594
282850
834001
492054
796831
103738
947196
851497
902047
475852
665114
369984
304040
49728
845163
671233
778759
113560
296096
46110
595023
44770
983273
251036
261421
856134
233180
1007
209705
159615
284734
762882
992955
832806
8050
840019
68871
518890
407995
594234
285879
106332
619888
829833
570612
744615
808699
976911
32769
597021
845453
953079
85172
786284
926498
166734
553489
671791
996332
69986
578884
732769
107743
900037
573819
597740
446680
69297
815454
169695
260587
5381
487980
585919
40647
497454
586547
759348
94856
327073
337772
872228
376537
545476
661936
775453
288644
6892
379995
491052
274776
767041
907836
492811
754486
761086
57525
740598
637496
996501
904950
219230
40189
508208
200656
1207
884501
683537
597624
789740
201030
96986
422683
579891
248249
359977
797144
186618
88388
267163
505055
741952
978261
21554
43172
362561
281719
9233
218559
581897
819268
280228
184355
372906
722024
734236
143225
189257
921869
809752
528216
521618
413480
402591
651683
528780
332192
482954
22144
504774
280150
507839
530608
737201
857813
545943
159120
449928
214296
515489
692971
393321
925362
107904
355002
952135
452638
351023
930489
662009
566051
582373
537574
183210
98851
613204
362649
637811
274433
641611
836347
956422
442733
854843
732772
62913
614926
725974
49749
77090
467850
118611
177102
276570
955573
544910
287438
372538
634771
286285
308965
763978
857548
198238
708919
741305
271787
892252
70735
768878
474834
377360
573021
659901
921342
480563
424270
875317
389235
159569
712326
480982
705924
702218
911421
516447
707521
934963
386483
179846
140285
671961
404561
543425
50618
619173
998686
286785
886132
599067
24218
421183
493063
945149
218874
793007
386813
348492
133825
879952
817464
455150
519608
901093
258872
101995
354826
986494
550922
897361
657086
72111
7438
635576
207185
340450
420003
296992
867631
63945
304113
849526
109134
963499
204882
458550
543720
578208
750109
101226
671379
833304
503569
449552
970686
436693
771547
944537
111370
94265
175876
859150
140482
930553
200827
360589
99513
121265
88122
868850
786559
303634
70870
355985
491711
48054
352424
244447
798392
572564
592148
114160
330390
759631
609203
848986
63468
807721
863713
767225
432977
230101
540644
249548
469396
222249
404727
961341
655388
431282
39731
564798
842145
536674
801561
942415
773121
627748
713918
214556
239104
4176
850771
692546
910559
75770
888080
675122
892887
270629
937469
37038
138098
755541
120477
131185
571527
705794
395447
594284
966032
257896
771522
324074
668329
390971
922860
404244
234856
834872
445383
773585
638291
249815
637520
565061
41154
980189
193502
166907
92754
986958
997412
64861
73667
44287
290531
526304
714095
698120
799919
481917
752232
348568
547419
787097
575916
738084
527043
396230
629127
652472
812855
97058
654598
424494
246143
291805
259347
815419
44240
618329
797682
95910
683209
171562
313111
513749
879018
794236
860193
291456
662226
558548
873527
987654
837874
898095
458686
807134
531412
377606
223412
127078
129282
814963
287468
112215
192788
681389
807398
112986
728986
893935
768778
206963
863969
298616
610241
676444
436198
573035
366192
713197
716501
159574
885010
326646
783100
383439
930417
262639
466641
839995
193793
955847
729116
293992
511001
208664
676866
540698
282959
644412
822000
174627
39406
112825
248800
452267
72855
829143
222667
739664
311089
956051
467755
169062
245838
42348
389356
69535
107612
184282
668590
821510
272452
353438
984057
711142
541474
905077
393726
884679
8226
187430
786374
217688
339187
824315
755386
10472
961387
114700
364430
65166
428535
583798
724362
825321
673469
613867
363638
651266
335696
43299
419169
23758
358415
38577
389198
758607
996698
267696
767996
60569
186802
651100
988497
814386
972653
956413
312994
863379
805394
221629
694561
339339
990935
454491
546020
533827
698676
411192
452494
143388
462819
449999
105116
796788
898807
918594
723022
525576
878358
925711
185903
783091
328469
112353
381891
925333
410734
403523
390797
416591
579680
554479
278010
190378
812580
4805
454061
141911
751815
369879
33704
749777
409960
577761
391251
825055
69840
860950
826861
174837
126057
969237
968396
600442
461661
662394
504146
817189
435020
849553
58734
493376
296361
525606
172044
759567
302962
968184
475482
417034
547978
608140
375608
219397
582964
841821
248124
419697
826414
162736
876447
279931
477992
857670
506759
787602
613855
517355
594161
589702
994843
501804
159226
66956
107521
703270
902539
783518
573718
621432
318495
921407
421649
950170
273203
299996
835610
574663
575881
773454
849573
139862
240216
793596
805222
989031
491859
121374
465200
102328
218708
991516
486318
725079
593189
793620
758396
179250
463339
884283
530339
465098
159792
508443
91055
973638
711627
613114
372719
603364
166190
207451
199049
446922
444172
323934
432439
508603
404005
115458
982626
883301
888495
757131
973145
997719
716899
23102
100206
407247
809441
783370
599277
595825
236288
346369
692154
61524
742902
143171
720646
339895
391200
864251
412717
967697
207152
74563
285168
582
63728
686307
161802
590709
601783
232631
84081
87982
271399
28014
535274
901057
677023
789038
21577
767218
761156
530965
405828
265544
873703
115163
572403
224324
1619
425491
311143
887279
902774
412624
23460
549837
443178
180901
520636
223597
508318
391748
982985
617762
37221
259591
907334
279628
446363
593037
585674
822543
611632
611005
740259
853798
248146
35494
765579
680976
749947
759431
830794
883880
386132
297002
67431
235730
571140
868011
27660
478097
49882
402326
80949
395702
890835
273454
356820
73779
429704
987786
541189
201486
824759
349979
439209
604593
727148
605064
618529
878430
253643
142138
496937
149439
18237
719924
158350
447003
600565
824089
618446
440165
57630
772433
108426
104943
749923
648967
137706
650876
71194
794890
468237
884146
315854
335123
110891
784494
926311
762790
850314
616946
421816
343185
376153
751929
87909
8785
131693
530604
67823
798996
114197
702637
391454
726746
191068
243920
240521
193076
366618
195497
120837
681391
778679
441792
953960
306378
933694
872545
503225
150434
407961
954320
383478
284975
184879
473626
111296
239463
389270
908743
830823
927296
342839
713836
85198
195283
507581
389085
900155
555996
315257
259007
171453
285470
172886
910395
925434
914403
500724
936014
435988
126113
426531
475517
848504
664696
524733
23782
718147
829976
517920
529906
649808
386688
47814
66855
484834
385249
212931
874202
37419
164065
53339
136193
816823
680827
793854
385383
291000
67715
355681
399480
616558
846279
932986
718972
421107
19090
77656
210913
677344
474570
639964
624560
316192
967417
613848
118498
441551
128744
329090
562636
62158
48103
602132
556085
558374
183210
238724
341064
961749
774286
183899
203812
918970
732857
879093
861137
476826
817246
476884
424078
992845
127328
361184
991046
234760
105166
965951
385377
916039
617357
770317
683382
701015
923539
52984
167133
783997
913871
849403
769378
835911
186727
563893
103767
418861
106969
787301
590401
344866
28931
301253
557426
393597
711741
934208
938999
775935
308580
318096
302375
154048
657906
597624
760092
356539
329545
680091
205758
560818
737871
827896
977914
354559
429362
504899
290066
382201
207820
209312
526671
733823
139170
967358
923601
704548
625095
699278
828359
695863
435806
709599
954489
371245
635196
727896
22082
613294
372780
371089
573724
598201
122828
147086
239956
218100
243348
446808
986588
176404
312759
477498
542911
815589
671074
973973
414191
931766
870689
929761
331322
359269
529185
711296
876699
460290
446864
421248
457389
305763
595552
215406
33466
377540
78187
704465
554738
939928
446385
144202
150007
983344
824252
72774
50581
68999
703972
462557
714447
745000
337711
733002
93652
899324
949904
17543
990737
592756
890512
706693
864160
635151
448586
861381
910366
452296
662096
402134
808794
757088
661420
398315
915624
81923
359937
801688
670678
363417
416143
97321
797750
739756
970581
774175
831514
827441
5392
240712
191646
490421
343074
102394
27743
560549
306446
31147
814858
529274
215968
887984
47503
181887
343594
254865
760115
670912
907688
720773
450437
736657
393925
294095
441640
31416
889718
957364
245903
31032
425733
493399
875016
42363
859752
790579
863407
10075
767439
738869
355139
589325
905021
255860
115029
492266
76174
115214
926812
522971
983767
321056
818470
929185
808810
285089
23593
661567
401784
27739
307192
155780
398225
754888
179409
75064
630600
570693
782867
46243
299954
764853
524
436469
600973
374197
920817
895829
230140
568119
371687
597193
725168
845373
700029
579966
648355
48820
854717
303669
157566
614635
939032
924938
803803
508974
751230
501026
954788
234499
862927
753201
205978
316672
771883
188326
201522
140935
74469
534515
860058
912800
782551
835644
599513
996657
887055
243995
749652
977820
793191
879054
486764
228405
72371
908542
593349
616991
741139
71340
408994
784834
885095
12794
676332
364394
213538
129556
481298
79487
212600
261049
447241
271773
922737
598314
630900
746320
986591
555117
148256
993261
846572
308734
429478
83727
66125
647891
914932
494893
610323
539467
566181
494549
628256
264114
770635
744583
675894
670131
190287
17584
530539
256027
813808
296898
498937
798406
465319
984556
689394
628776
33451
913723
151952
822714
559056
7501
432554
197246
348235
74605
364547
494385
39312
874512
515965
308493
783324
422059
748715
601208
69263
336111
620484
285964
531185
759522
33394
447108
213653
885211
35146
740863
502618
721818
846871
856052
821774
75074
158223
569843
275438
487667
598055
408724
846537
63560
582210
392318
436291
520426
168645
874069
981876
849871
579910
932801
434096
406803
645794
127640
101538
949041
95981
632039
987345
84958
350788
404322
815045
945538
68031
731941
522818
598547
350787
101542
330227
349520
111924
688122
875810
961304
328327
225728
676324
545765
746549
13422
563602
865640
806795
395126
249649
343297
140254
153556
576755
773978
86365
711095
533399
794530
850239
206857
73387
227553
840859
736221
332082
373821
861590
955380
757728
454088
678006
974764
598273
149123
383509
741702
281018
878196
615730
811410
326248
83231
83810
54905
783653
434020
545892
636839
36649
462453
288081
488659
501196
158001
526706
782060
725865
434466
274732
893922
777183
512656
310486
402189
202545
932992
892843
309502
359949
388812
984539
265441
977322
150176
134076
498507
887754
89742
313886
457958
618527
363727
472507
438
607498
996503
528141
92743
49598
341779
277498
931765
515523
437058
503979
982424
479575
322861
913850
79370
602031
126021
247753
732374
416411
745879
74480
879742
205383
68206
918478
59817
832093
415237
221505
182375
615048
203047
828016
817699
717396
19685
683589
738276
280817
674995
252088
166591
947927
940576
662407
777949
77955
970545
424002
801893
373791
418009
774402
726853
805439
819606
220729
651106
48327
274858
644069
935066
662379
908789
963615
528434
428879
496236
564816
237153
69325
180984
398850
466872
763476
280173
958804
784748
343149
367461
707336
776066
303449
740153
823095
520661
831703
795931
567332
199239
485954
664595
263597
480066
856214
616212
786077
112362
739987
319546
845471
861089
102330
867875
309966
158582
392756
241127
496615
807147
213330
942581
610080
405601
753199
961099
938194
12386
624242
587217
932177
321675
610928
3795
802268
92052
107502
974426
938480
397949
118788
297573
698807
724503
614749
729033
436509
217901
886618
71522
996291
814285
612822
679349
466317
293750
607044
110500
981847
10335
512565
468556
919428
251106
490806
28863
557558
313604
525591
83993
787482
612769
424326
532481
265434
70648
539225
700030
94710
942737
234410
423347
919917
775431
400988
430776
939733
324150
621500
204631
718730
599297
473284
557536
722755
969152
747705
755753
956096
8901
46963
229734
491871
540169
157885
975073
304654
669496
991058
354518
654555
227478
704008
883117
587048
140876
885897
795668
473850
887123
23483
261369
730736
959612
779650
258529
913360
734041
720859
43432
699645
900044
236585
790229
269957
861674
235405
208409
389719
424587
648622
528932
813650
684400
909528
163684
917112
225425
152576
427996
295681
64515
631077
997021
942732
4483
195475
892259
733232
842210
293186
336590
957617
942284
192987
509882
542222
943286
15962
686078
715895
28772
549070
977598
828957
673684
832190
771373
507489
687242
725670
325027
747310
612985
552223
397783
566626
67915
611868
873849
119079
398349
58256
140143
380641
698234
240429
914985
887296
676707
884104
716003
1524
214455
648729
440311
866496
827253
470750
752540
436264
491051
464926
254271
203588
389481
726411
325884