974396
410224
603815
817053
251752
125418
905914
10913
232562
773038
19315
811681
134474
731278
620463
705554
808183
634405
747121
749369
480572
823628
630290
935602
513621
862198
515158
105437
439008
749417
502745
993637
440025
161050
210984
262574
432638
847779
964140
685467
970577
258275
359616
501305
904572
980210
320420
164107
416846
812031
38795
833202
221987
596809
837007
345593
933155
738614
650181
137787
860385
645843
945258
974065
403363
970857
918972
621852
726273
857080
408741
573515
108390
530963
713874
658442
585332
791447
731619
366887
635908
629961
934715
6946
878986
302923
215158
439856
756439
596795
890554
637548
692281
270953
140902
943771
726653
866994
798234
107605
535102
521835
439846
233172
29010
642477
636168
912661
49618
277038
521115
290748
500375
157060
570939
767956
45161
153292
692364
709400
975193
566331
474084
952589
224958
584786
222358
419660
930826
715760
465052
139422
815495
1153
527264
361984
688692
310804
461415
289797
849398
735435
162203
764123
79229
944107
658291
56741
841524
220371
186753
529992
671204
371786
531671
716930
436582
595377
528151
664756
398275
988887
762582
452160
838314
607979
34348
644045
505676
84940
663771
78759
656344
436413
310042
293444
413838
473844
290621
109153
159874
398929
837122
451275
503280
529580
276602
685306
325750
763463
126226
723736
548082
948771
373501
290463
124600
198958
191168
27360
479280
216089
823577
622943
230475
144008
884173
504348
585568
517411
781325
636333
392999
965450
881476
192710
65552
718309
881791
801755
50881
352985
655290
402780
727147
201430
784067
319263
333000
145229
798669
755420
198131
544831
417620
703057
341859
246705
570599
144390
138501
325820
999255
593003
335669
687488
422330
979485
191002
87033
3548
243655
98971
650281
662660
268325
359810
224821
956510
947556
281707
455564
594954
82982
96488
195970
704256
142433
347061
217723
751261
700199
937811
197442
12623
847872
601731
439097
403482
4659
439840
491
468676
882276
829465
487229
138211
388375
996106
335236
474561
362642
937975
705072
470761
599905
966436
809573
971537
492851
524884
185514
368803
829218
493980
278778
691434
82576
624930
878264
182997
435692
616567
805888
195499
276500
393615
327257
985356
504597
827609
110726
329120
180174
574847
896828
511838
643250
689788
795309
243003
738923
207572
421698
17517
995036
69557
660456
10266
530175
501672
895490
862498
249326
24820
428476
25222
457917
222095
74303
327475
500931
340354
144192
529903
739258
608024
481908
988639
317436
127746
737438
477298
697453
285770
4616
936878
15416
251762
993936
505813
876786
64681
673433
859827
741658
136425
472355
303559
281794
790000
961013
300428
950151
304536
508215
840866
13371
371029
345052
427614
668068
328395
561468
643691
755486
410826
171391
35035
232155
922087
17909
787598
35467
635064
1347
656253
964694
965547
568313
307300
249286
851971
512702
229578
505986
64817
262124
570542
715381
766731
948729
22287
849358
728427
564042
807768
48608
87207
558188
978407
691753
593640
736221
719801
83247
103401
651524
368820
478342
922446
808641
519247
215663
667294
172319
162082
111579
454815
187174
159110
985677
726349
861069
798888
543325
836214
655437
609391
298072
978613
547217
442055
464261
661832
309258
819786
554050
140177
141342
882763
872269
888678
428992
649982
988000
564309
582939
947207
929587
241143
785959
532957
725349
610223
122079
121755
856245
909120
399881
718115
604522
169608
920180
131823
325779
571869
113216
98806
345705
218883
975575
423543
21456
706503
995450
508004
103228
494778
433142
573806
794289
511757
353333
223273
94242
932422
411952
731292
466875
432285
366594
680872
547706
510133
814680
581714
160888
317818
94597
217519
662726
481043
241586
623531
431730
955140
420402
263862
750377
25700
25332
23115
901686
142901
148050
219421
170409
896293
410502
925473
670163
820576
180540
263475
13869
46352
823554
886566
794136
407538
325275
181803
376959
537814
233844
479260
613336
75827
32686
882790
487626
641188
727066
509521
250537
857539
54146
102702
610908
966433
187620
143068
770848
274847
982010
766134
492645
370859
397172
497372
476054
708251
721992
640797
456694
858783
947679
32254
831910
300070
763952
533097
489091
161680
923306
105845
125164
100747
506571
398542
670241
22669
654030
501121
888902
894060
971457
636583
585287
222749
519476
951915
732823
627143
64525
921465
944465
162755
20601
613380
403839
508467
585533
163060
233592
407804
688171
821995
329187
637409
357487
241779
187418
746685
592137
54278
49451
458076
977621
253432
400632
490679
105222
413317
66686
336139
629233
567283
872498
715861
640965
490659
950791
245548
61529
86266
690445
432506
957598
551782
526451
97688
425075
227664
734445
459846
198104
459293
619120
433604
110906
392671
260506
334991
572844
849566
274735
651835
637623
646143
726847
148010
355144
178703
682275
345062
537928
604655
267366
579617
970569
473115
849216
532230
81115
575960
995068
259067
720383
8570
223100
232566
760179
380751
227475
843641
367468
635436
265616
90411
385698
529682
463642
307476
842053
406332
88311
515061
29709
319879
33383
12546
596783
865406
31789
980541
972011
997121
690477
120241
707586
454418
877808
79175
387397
996221
491077
709064
946953
958881
592707
126767
541175
474526
975913
52074
586176
425693
143782
147885
162221
835190
56692
232947
678164
733187
393182
114515
745894
420607
637155
652539
189286
718681
22515
743883
51188
476187
478294
569680
299848
806450
641836
399707
219578
191321
79823
529405
1597
495910
570068
671714
392300
727409
435761
356936
27900
526813
345208
313370
593042
327172
64257
81901
15214
491203
479142
755222
310020
820383
436968
208805
475435
14802
927920
317571
293615
84854
631343
557220
68993
512013
928486
414440
832718
909418
641602
512084
959660
603968
586079
879143
498033
426950
899629
107420
258206
615555
180208
92988
788921
651003
259809
549021
547576
901238
817202
609914
350617
743593
417071
231216
194703
4612
352768
623571
709206
164631
906123
57387
637863
690146
81078
199950
17800
137719
348042
183131
128379
298190
792243
842960
60374
951909
101476
987593
205106
313170
391127
181526
366909
805990
822642
410935
295339
252160
596997
96566
486217
751851
921648
727778
761906
759797
565218
373923
804122
729101
470779
607295
467400
784727
172755
751208
384992
298192
432468
912895
161566
354713
833922
461545
710111
272418
824348
785932
555417
698548
304346
320039
657963
985882
266389
248780
234959
785645
767558
526202
423084
685179
90150
488027
335753
794260
271733
321686
570139
932400
271639
209042
224191
950464
249240
989513
211203
128463
111184
754628
345118
934229
460450
670328
659136
986649
846750
843005
552260
359615
935494
972135
180611
543733
531822
614531
49282
322678
735869
329776
335499
461946
437264
327063
731289
766266
745789
176392
564524
413859
144564
112370
811069
727959
583938
900927
22668
469466
327215
690442
206677
894495
720968
8126
532385
724976
404663
139276
504952
753076
539086
264648
182131
305056
394978
475105
648880
803645
886612
655355
379296
119121
283051
774187
241722
844077
232413
880590
42706
56658
478957
796934
879172
566401
628270
712210
630666
255134
603941
649417
759662
949632
832140
802035
768473
176152
640627
211652
970313
802171
727489
225782
10017
462413
361113
535682
7642
975820
147480
781818
750039
728438
934266
849158
548439
707160
758364
659705
488196
224821
835676
565519
930984
527759
204060
205829
953343
65044
778086
772245
742439
995368
898857
615949
972980
124939
881954
254155
210976
209447
682518
520023
909087
311481
474171
830621
901777
650073
533047
361157
82769
76839
429760
576689
30826
624084
358882
112915
698730
542986
484831
315560
590990
609145
858608
159060
788828
768448
598954
584219
622416
695604
418556
28601
261934
975951
238229
820384
730550
541944
362786
33612
758774
432554
576117
592324
859385
875396
40705
893998
90525
78894
721538
739471
192643
164706
894073
418783
829471
478558
711189
100933
680175
145829
546541
464564
859336
417388
369386
971041
110539
379560
98178
996064
85751
943921
562207
508250
60952
446483
406750
463085
382558
296882
960242
161760
180872
491287
40169
564610
558335
588315
29319
559198
711039
987246
19470
86556
638768
47045
64671
636727
985107
626910
654010
45398
334040
716785
139234
907722
76492
103413
197788
401315
544111
662219
976661
774575
325539
157835
197667
311184
291329
911210
141092
540665
344262
276997
856451
161541
991339
187212
257177
164020
147730
704013
253423
358402
538268
530908
53218
929637
290775
499229
291168
758372
379797
657646
661070
428943
786520
98163
69516
189215
932905
772671
128976
589738
696584
274843
183919
994818
222909
471223
474938
930988
980173
860267
328325
439672
243336
892904
253827
365954
723455
472383
600269
102851
636564
773645
73217
593044
320937
73283
944455
151425
651066
78
803759
900614
4807
840935
141366
988713
422313
732089
429224
16435
786246
984809
719775
79244
125664
238727
719017
181042
169415
492177
389256
217494
101295
152606
417682
73235
48092
294510
684217
673611
43834
293003
359461
944352
742089
8091
295293
857292
125685
350533
296069
986462
750403
285054
822050
807058
525864
936367
859320
292939
79284
182341
868852
76079
398123
432468
132453
559775
618932
112681
74373
674386
211947
421163
224086
130637
214481
215724
15784
902465
165859
466
727223
56512
975560
451292
673841
873501
209507
52563
603348
907360
340169
377168
592950
948835
96460
244260
577823
968013
41334
155559
960528
413672
355730
286240
684519
376864
895908
398158
910362
798938
507192
10449
521633
141806
211159
173112
960432
824899
72023
887016
710114
499142
698442
1061
979633
822215
518742
523584
322146
55216
295461
15005
650046
693538
409010
7648
772666
260973
472324
185524
638712
87724
461688
253431
477286
897723
111414
109189
864900
990615
137094
237920
533636
862800
246267
735353
305994
881773
407949
828829
962515
865564
670341
29503
131826
5076
902865
741342
442100
630665
558903
893651
235621
178507
825126
685177
550764
132220
798248
208889
993809
565100
335669
402288
112479
326867
903009
24896
958181
891178
360244
55088
509590
999846
341466
67393
77968
592082
95345
875406
456890
698247
126400
208286
494662
413387
878152
829194
549974
691844
274546
519941
21114
666967
323751
489357
260632
520994
58495
584493
638885
568914
51985
154796
372751
647905
767721
856406
696189
879023
847383
769380
119982
559164
502436
592906
761982
803008
405472
492126
781767
236135
240215
347936
439268
960300
368226
952426
852497
888593
662105
532533
797358
377464
166438
221381
458466
962146
714869
281202
233308
266753
568455
190485
681077
908731
245478
456267
692722
725950
383795
327529
552869
452922
791259
869180
126642
802048
820520
368379
305455
137781
990067
606220
696741
859250
180279
95983
254516
644732
680130
874379
976659
972379
555589
711827
34996
437273
44682
527189
32005
882264
916804
277279
207443
776464
456258
677134
858633
820837
272766
501044
60311
921505
342226
971301
376878
286931
915210
337182
609191
6659
361556
693715
873859
458896
434836
487380
779405
521577
361620
858267
907612
595812
191705
665140
665141
866622
697617
102345
700493
669040
138280
644937
841067
135850
449721
662453
516076
958574
818529
746503
463648
626060
175664
811135
36050
686966
865273
956235
850470
692863
294089
298450
49114
985204
231860
880541
750511
656279
586698
145826
925601
108148
45353
89327
978001
767651
328492
134511
639300
774489
623297
707868
246532
478378
107289
286018
539364
341983
443576
792812
550561
721199
534636
881965
485988
418142
605594
34636
88292
323311
590900
185933
233705
365511
557254
58904
346539
909344
680176
280841
127193
393510
155694
566483
287157
280242
771219
782929
429980
268832
871125
368107
899172
90895
132929
169761
753950
318004
578255
755639
469946
569179
83664
102461
978250
693564
770948
676666
565663
388534
33160
307829
702351
285418
71020
854367
374617
141687
322403
59232
707295
594509
190867
587708
48849
92336
320141
736226
612971
351947
89622
603601
589844
469230
802916
919527
242727
749478
725668
887048
132239
466680
653048
912999
618316
748346
704191
620724
819090
46541
381708
678882
863504
960314
482936
462868
606094
723048
653522
863139
208111
324087
690933
911886
285398
178685
548787
251199
409765
340827
690221
466678
978401
734267
291396
802900
391217
502184
332522
510854
626373
673865
588242
112460
950356
860155
531910
254565
246205
786954
673942
509721
676623
613708
889006
829859
695908
530459
993281
135096
30184
180973
227426
446328
317688
9682
351025
645424
136037
436297
200178
466250
240023
367678
389241
416210
235022
186532
436482
899685
971460
835563
949021
457208
328687
220446
770118
824962
925346
201245
114770
479431
831955
239410
169990
587779
463287
434577
627970
747439
59978
260272
209627
173234
945771
94913
169094
42599
866787
948041
674415
297607
212294
143838
112873
664115
209010
805441
325313
418721
591156
573205
646315
120032
865611
585468
406238
886345
65860
736461
568123
748612
560452
661811
87336
230900
581924
649765
550524
517312
67446
998333
175315
42431
702630
658808
742400
443199
297468
953929
793826
185906
844286
811098
377743
72566
789555
761568
479150
546560
578178
909785
296737
909732
349368
785893
569311
904067
755432
35582
904095
796817
430636
100118
332336
466561
34698
15564
811942
750992
927091
401098
707950
765611
406053
85949
308035
525566
520751
617138
642425
983515
851924
227786
351927
613442
280137
900954
675330
693651
651353
838433
291508
590477
228521
418854
505355
646274
602453
427886
919069
299033
37304
413975
217641
971967
945419
948756
684169
283372
730981
737478
49989
781006
830496
770931
387265
295956
750044
288229
970326
8408
864349
810913
904637
265129
729296
933251
946727
751348
642731
195315
121451
261327
30065
234694
338583
818659
473109
981555
406631
662451
322934
882351
16980
708045
439369
57192
29315
107531
674517
252699
816350
105030
470743
702355
938368
714201
136517
177343
251210
193165
763120
19438
995795
901606
944898
614377
610812
937417
723303
467693
772321
772232
849993
405059
479595
273932
605171
319742
671554
134750
618519
455313
258848
678674
377323
528202
639041
874704
506541
415727
228470
829440
502151
551091
373273
149649
367631
375701
164443
648679
355941
953942
231289
634847
301375
295701
813837
178176
857858
370120
972289
671679
48902
981273
354462
558318
623292
504027
172226
659715
771436
797543
750704
836609
827158
714071
329730
260933
10874
680542
614201
524335
277428
217347
768309
918315
863679
8696
532992
880731
643354
108827
805316
732707
580359
886216
35037
863248
860848
418713
535305
989670
190949
681979
88252
220612
246208
612590
656145
810870
93610
777241
73626
602647
298294
222023
461784
828769
15083
176130
860358
550739
702943
170442
332816
934397
989502
256434
543969
35435
337962
155928
551002
951724
557116
138751
671262
413566
406761
476875
329162
256023
876161
322136
252802
578898
745744
931638
602086
99765
144999
974533
984484
233691
679477
118058
47336
782530
673486
230635
376046
234931
510734
654765
225847
730890
213463
103751
372057
508833
628533
963586
331057
928029
59683
409647
257525
680916
576679
628197
987236
304154
22744
279382
385886
233575
273984
772237
550480
680998
909468
921287
240583
454556
125248
600427
738662
930867
728727
160614
729907
712803
570248
108839
469771
45436
210229
529460
119158
971282
929245
570152
778005
648581
726241
701962
748152
746155
596388
703754
169868
443997
9547
879258
593457
252315
59812
423270
826666
601245
679522
428402
114734
787895
314246
636047
97435
674599
145434
715898
313354
850750
109464
156817
563069
574185
903399
185011
522293
419804
164741
311794
378209
562778
243840
392631
577968
137698
54942
158707
736199
556281
374940
206014
382286
228625
35923
269198
214501
94035
411191
755221
591221
21070
49082
948470
983585
388987
140686
611558
493722
356780
451399
484188
436178
844881
757150
426932
730824
837351
687378
517350
87426
47230
591976
624605
17305
559717
123732
695287
217646
820404
8368
937944
315706
681717
165801
709099
953347
222831
984505
488886
453419
689233
692174
392153
99043
389688
737418
817763
933436
502045
199140
783313
885406
628126
30891
89444
186385
203751
884011
270558
771641
874429
856680
967192
626783
506151
727431
304835
150954
948601
684236
63929
67948
177406
275134
965183
252760
452801
996007
588506
95634
309368
701432
151690
830687
407822
650569
729768
860603
19916
147325
924951
906762
224803
90372
346666
628198
499160
167482
977874
878615
458700
555372
546498
206496
735399
196155
885985
777334
614049
348826
134891
280908
687596
651826
83493
808969
979137
592996
89019
749723
543110
41390
908471
789221
537433
862119
990048
755860
731836
806564
221357
323791
424157
64317
247588
401357
560896
872106
265556
372352
834315
441990
887467
433263
706350
157238
295989
294753
701549
216675
953906
371573
148875
632802
154002
749839
586324
142261
793679
298605
212360
106987
415271
769239
441695
984226
890933
445301
159741
726445
321963
864506
815988
829264
971758
480190
186544
164648
770510
737834
308163
555624
776673
416653
147598
186302
31099
371275
420744
542612
848907
682356
281582
202354
965205
460595
16263
854272
290567
573341
7187
394089
935483
837033
768592
559452
764552
200767
526184
379500
781189
478249
735418
985431
785244
280614
706435
390948
650822
317149
259433
4773
715816
645039
660772
672924
816586
618597
95049
59002
685296
134216
554932
567875
462167
512208
478034
368397
996941
855412
147337
555494
555629
644064
695300
733141
235638
859269
151454
556665
594248
965002
42986
611151
852986
920160
442397
948815
537178
43443
404249
949493
406466
493436
423894
882525
456467
923059
231983
544455
171729
613474
757063
191931
858395
610325
215574
110534
835909
478766
162900
941218
741076
937749
811392
809523
461461
745740
282125
409902
127898
896480
239210
395284
882514
975099
942764
669148
364868
501655
663323
398575
76648
742477
164118
438925
788194
310027
726307
205709
730588
120996
899735
14849
972862
700610
256094
47736
648269
267446
50216
760733
401885
74032
155441
698236
780596
839050
839594
67365
866941
342142
318921
727977
775461
78840
393258
312065
14230
753415
663456
101838
722062
333229
919197
691836
459995
442069
450041
83583
971445
930596
167778
553087
222712
660456
563937
35280
1340
394925
213765
524314
801875
913070
662830
15256
367838
292969
420727
409276
579084
268491
651457
783151
85168
400267
509273
179573
306942
503955
464837
57647
141091
635544
820656
401786
245438
71434
325487
132277
941502
282343
373551
684001
840537
928107
419262
202849
390629
952162
207346
257248
304279
597021
686521
273745
618711
70019
947007
278226
395708
742719
936950
208618
396265
496407
988997
929905
967747
276509
85775
81231
511630
691774
757854
245276
546787
666039
284588
555751
151440
279784
254670
127378
213324
97281
349885
274330
159381
803224
555267
716149
522152
178205
684543
482388
743580
265061
838100
407240
865692
711842
158516
421313
937983
816948
723524
530289
249734
30936
397357
66894
441969
294014
40511
513975
975678
253241
119873
868270
430719
864016
267097
1284
599703
318897
757012
201874
67857
391173
310483
118179
741404
174111
312915
134319
286759
797006
580375
668738
468757
447121
791796
663356
765405
159210
10233
180081
15361
552139
648505
660144
936233
483693
374070
210209
901212
225600
404331
597896
39066
296573
660982
808358
802584
51799
429280
714622
387032
275727
360970
976245
920549
10663
60279
275346
558056
367790
316592
767462
476970
825082
136920
696197
56743
930740
396684
973042
688331
604429
675318
949849
309580
703887
742127
24245
306787
923150
509902
990034
345192
163069
321746
817709
177033
573788
515623
738743
212454
651087
278872
908792
19852
668619
675346
588368
224589
72297
73361
232473
428089
252701
321258
169193
252987
244928
618099
15156
453841
40585
303378
468110
974441
752154
277025
344653
905301
438646
562363
593101
356331
655313
492454
132941
371580
362048
649181
583734
818415
907280
20536
231356
946041
599538
295738
796509
666170
90643
510711
848327
490231
181770
87968
498774
462960
718443
598957
135803
307486
147513
469733
229560
704139
510008
141325
527175
127821
185823
789483
288475
618464
558252
478645
888894
68511
501266
108891
88537
241887
344462
557614
315346
898088
387159
584747
511440
728209
474356
984936
646234
560887
751527
582554
319773
262554
30791
477377
806924
540436
333803
544304
755490
531510
718594
696508
725507
783168
615168
326913
969728
488253
555315
869836
371769
861561
547828
95208
3037
206112
177144
636232
690573
908981
659526
737614
274591
141227
847299
84406
175167
421155
292009
225250
357359
327235
42070
499714
274414
855983
28033
344223
655543
738855
314183
983301
531616
268733
363428
735947
567843
744625
451965
426112
185722
981611
677977
52532
852963
619412
583664
243488
523971
451729
745820
958515
990247
611549
118508
333881
74597
515585
593880
333610
944033
871411
101134
446157
147884
638089
215850
897799
292678
834072
22917
544580
280452
20781
369381
763521
284237
399591
193106
501299
392958
675055
888264
862103
932333
425814
777416
720855
634123
946825
944713
469014
891747
469875
797644
512664
229695
417008
380301
318417
612137
203497
91989
747081
38863
433744
732588
559528
187840
116985
599788
986979
400723
7252
871217
191043
262118
468547
879597
509903
360388
564316
595992
326294
92512
564284
736836
358427
112766
172102
635726
346589
496497
8503
691377
79809
281791
284391
685236
128798
326496
487007
560196
350181
818725
865297
559580
479851
218678
943032
698336
574549
107892
931661
372298
40287
693373
657443
517115
304073
699213
896864
630899
852702
165058
934168
169244
12770
982072
13831
384448
267223
287634
708587
995292
513068
650842
619388
591884
751107
703552
223625
592357
853469
660223
526064
411361
188901
791389
67706
419125
789205
1617
14929
878783
330953
471198
812379
180254
13982
746435
316949
35590
965626
119922
764216
396332
888085
422504
31301
335742
339049
853642
268352
255260
731465
148634
971940
400795
822309
42262
487990
191286
321836
500653
343030
65937
327692
107167
53234
659883
194901
726960
227446
125793
357755
397512
137694
622681
203578
799274
904844
79569
439252
9103
498804
554436
32630
631006
721940
591990
911865
833675
251585
427485
668675
211657
71005
621804
321358
43821
617637
81084
877377
761377
849127
243225
873594
171137
163920
161639
404461
62997
463779
226928
700966
392171
200454
504139
792106
769425
542967
671337
284347
997868
718556
917823
843003
436792
131511
330380
883048
992989
2168
984710
317062
985002
439724
567333
859994
247536
570644
821003
709586
459262
103312
723278
291010
910580
680634
456420
341129
6086
69840
129642
568402
655375
750729
298577
794422
623375
500936
618213
97919
982211
408558
946683
943880
536224
668746
424567
475968
472043
305004
875831
398605
203127
650647
227616
588045
852156
80724
813699
153271
821585
426403
712107
127392
843207
427853
46021
514586
639969
155989
267180
137719
559091
713420
403729
539883
492118
728516
941380
561167
460549
995100
380577
286850
791959
345018
413017
902506
910745
85592
373340
465304
390983
147253
974432
868745
26215
270379
850449
430985
414659
278368
546709
299379
267009
705686
341242
353043
775072
345438
327871
723436
936721
434858
716860
473493
597360
538943
42414
236606
641821
830153
19747
352080
532731
263048
373182
45171
699077
872809
835112
75753
141576
84272
926740
601751
356033
744912
101484
437860
870355
15069
854045
387258
259684
735896
791676
399146
765462
189546
914259
669612
704093
457452
374989
899139
724994
604451
305209
502143
886131
460489
74494
967516
699396
733126
433372
198664
248838
589182
570266
644482
965634
719171
293202
61278
720467
822827
954901
405669
461725
652861
518012
201433
727022
37381
215180
698518
127407
204231
132293
466323
26182
758864
990215
153800
670796
475623
650658
735658
372646
356451
65720
703826
352386
121302
541585
148475
28912
79207
116283
827434
842330
490238
428700
639720
800802
71512
910806
187563
55766
565178
671189
682131
657042
498754
948152
966480
704691
782872
495897
137504
131699
426564
958395
444854
281958
538714
286927
459062
20304
533136
516323
231965
402785
421104
672936
141502
75918
260456
600094
598375
429452
379007
152542
318178
354219
456098
314947
19543
348622
165789
993910
339407
245763
189285
58837
722323
665283
229265
853248
651571
36103
931881
212992
708386
118532
58903
186835
151167
632325
471802
353624
299310
351653
660122
194259
443877
698277
807605
683038
321795
740272
139128
890221
383578
327272
569481
834620
443981
645484
905601
94551
23829
524393
36023
287749
658078
799258
342456
81874
509326
327389
35986
653752
845221
884339
363087
661994
406719
881876
537216
104124
213623
867245
261295
263218
492198
275447
914678
780387
661065
465077
760557
850313
166720
379850
351678
734696
345715
366004
815894
460505
990735
946153
13812
316211
772590
701324
349539
158548
877845
731020
27652
425745
836950
71514
351493
909816
505750
294596
306926
617342
438121
820531
39962
97034
935129
987069
271554
487260
821702
891048
22261
32796
45799
879420
955428
693819
783279
387012
420569
753224
536650
562209
800904
119953
43718
605770
749950
828211
781391
441955
557174
678465
237075
962361
675723
112525
314372
388952
13831
226134
23227
913418
294745
577166
356666
555116
212709
420486
411530
417006
633142
987256
201667
937446
927439
313201
706730
597970
304543
925081
5748
636200
271122
639520
47913
282588
15364
303559
669220
321966
355408
775688
959287
517164
112519
685795
695019
913803
965116
339207
824868
78750
198332
21081
953315
26225
584348
242915
18086
453317
400490
303516
435050
195495
950405
886736
33617
98671
579145
46252
790302
794706
32162
830696
976220
365157
952322
674257
143519
88431
576941
970354
591906
877801
179953
574046
702927
126996
700468
915293
288094
566327
69286
808113
951573
548788
747029
295683
438061
22918
331870
738863
774037
533337
31681
238825
492751
913862
606542
521098
422713
709994
569916
294779
355110
949538
225945
587708
819051
762916
463003
157074
535542
699261
435028
150795
776344
665955
318532
130479
557219
462966
662152
416389
445230
937624
102065
64382
979061
871077
480688
324483
261469
933777
829101
430038
248470
923805
747318
518055
101914
191798
133140
999350
291026
474410
11066
712031
834647
824711
721943
256071
875221
707730
778250
348641
318860
518305
604149
822302
856304
161686
4523
756079
323825
411640
522243
105080
507541
860399
868238
31186
429632
333724
370341
291837
544470
147219
817691
86305
196023
678134
441169
85311
296425
660783
196905
461753
300756
230601
579795
395258
640166
489195
859075
646467
630294
730163
834179
773331
987910
539371
601636
197106
687170
883947
29136
230939
422054
944203
997307
688516
428700
11778
969528
839115
91393
191904
844968
612351
378409
289060
98189
121031
906745
339899
382716
18739
633715
114966
734833
680861
777935
403942
83388
636027
367044
392503
72154
183685
72742
681702
668895
490173
315945
801408
42062
475999
487939
554297
188619
168807
919856
492998
432679
661114
633295
197271
188210
175082
117236
627664
285513
203539
374579
162843
228193
969129
594516
249990
745581
251514
982137
247241
659904
486850
574789
906648
967408
714450
452687
393622
575974
773388
418819
999271
457797
426699
100885
300835
957493
708383
279011
129830
212875
58101
184871
51908
96343
555862
609109
930010
257865
79494
222039
648639
6720
605260
557731
663130
177009
982610
791541
62221
579824
615586
704686
511183
972510
348816
62729
901080
230512
241911
937270
118325
719831
60891
719381
683323
831569
590190
938064
430360
525964
566190
593941
248773
393010
760555
444335
837464
249302
824294
361600
131893
919225
812757
103965
542244
996280
825796
148166
645759
270934
744789
719360
940546
54690
605992
356945
291013
959109
27029
849432
215493
415594
726870
449094
825182
662858
965634
696765
311317
20435
269748
337347
154513
357492
47050
180066
240938
839559
768713
996064
822618
928604
204574
726294
858129
194078
288832
283248
634212
33061
622065
626304
564197
748183
43810
721342
899085
213051
471222
854752
617494
742108
543455
294546
221030
599318
292453
384531
387877
528768
451141
36268
215343
994038
502902
211149
236965
378305
690503
259781
476382
101861
363235
971613
99132
8520
6327
566418
251097
341050
23850
276526
74463
671077
503179
326146
44534
867602
718985
31234
218393
816789
892379
146237
473858
939159
138432
141559
937796
670654
906976
460197
126135
737275
864850
957956
174413
417135
863863
180502
97923
137531
103683
602042
672244
291874
531292
776358
910855
659997
914074
850052
39497
847356
899503
906919
885717
335156
218784
642857
936624
733385
368817
181282
298353
983193
204511
198855
739165
749506
235847
768796
926609
90481
942500
516823
26328
790664
849142
203923
369309
969131
901309
953005
95610
953512
484260
395903
192302
721984
234363
292599
80302
176726
340381
268499
553682
769843
304433
368827
91824
487284
123915
791482
277190
881041
619634
205403
337680
423946
185597
767324
372730
231600
607190
216337
745008
822541
200416
547096
904209
638641
133877
975605
686401
542810
389384
187210
58205
313215
271914
108404
979594
396217
977128
712516
346406
792782
487121
719832
100640
491228
286869
420950
477796
289695
223368
140484
401390
115103
110662
564039
145088
941560
698097
394167
278255
444359
823382
422939
307031
77998
186094
663494
752174
207173
643200
607565
605238
312734
992931
939683
686092
137138
394978
533204
174494
500140
206200
707738
753466
483538
321146
350687
347521
480012
698964
655120
549818
338323
194731
174490
782531
45879
360226
426053
180770
403724
758265
307497
106681
313138
29647
447120
254296
855616
116552
315562
792236
888269
917065
717799
749654
658842
629216
577589
640855
59615
422337
741014
47463
872497
805163
565404
125541
612748
213738
856260
429480
498371
186165
335597
807347
104833
132151
124275
92039
888955
580395
738989
306195
965556
416352
924799
926215
322348
124316
667420
640134
533926
296221
247451
114298
514261
148026
926261
561345
823970
972649
109785
241028
415324
732761
380332
677417
875133
520895
534880
566878
132693
567151
65072
883798
658006
734688
881141
886033
595131
581970
481320
181715
929429
595211
200757
453302
7027
62716
980856
2139
787629
398019
111958
176764
558157
524234
176315
209949
997339
739468
511851
283681
131588
58552
544391
880505
218022
363246
484703
218935
697659
131046
957294
205249
665887
185008
625462
534753
886783
663254
5113
338872
745952
55325
886097
103699
624265
144043
240941
816662
404623
105026
110888
178388
450619
78890
245959
26689
828889
319405
683791
572671
456096
361276
318593
967892
679289
695983
512243
40701
179181
913642
118796
893211
4592
997403
845084
735820
463940
884831
117334
139413
704716
491396
286379
748667
169774
988777
439427
449329
356259
300674
565338
67307
331678
155000
914038
372176
221910
449389
862721
284559
124018
239005
902791
124297
487376
955616
689932
520556
490035
275340
54731
568287
777223
801143
351559
65177
335633
620186
624720
499277
596023
963024
822869
474752
231337
861054
432096
756922
48619
263566
356722
53274
694721
554579
632827
364804
501750
42705
918774
383286
99528
754964
998943
838905
340659
541374
677330
461875
856856
896479
114433
478745
603786
287484
869330
643585
455862
389106
910419
154645
862060
332916
161819
973668
563470
395889
322430
975314
874963
865745
426476
398768
358265
139677
216486
418087
838597
539454
240734
817613
618104
195613
943531
978138
782352
136554
715238
787124
462007
449913
570084
593766
13261
699462
496143
235951
861325
983129
62179
462583
72030
667140
583875
967772
919608
104778
548917
158059
746481
507738
313985
516779
227171
296440
553825
309330
436348
284413
942629
951387
631330
330485
830822
416367
10177
280806
588196
906816
416690
386736
521023
434357
782537
522896
87502
240767
467899
138878
464352
33355
877418
486583
101261
706896
242191
970069
903863
450184
404995
604249
542434
829947
918378
782475
379885
960886
347068
327160
135213
214171
821489
143515
162149
648914
587337
790934
707171
563165
683253
900255
673786
564490
10533
299896
450647
144065
417583
670678
549826
20093
390937
991011
298611
824088
54659
994527
258382
456574
43700
81954
576765
610756
328511
392188
817129
803025
381521
394685
804053
233018
829274
77136
962839
226220
452886
823554
62899
557378
397367
2209
824789
962999
916273
663295
68395
933493
17506
63382
419485
733836
54427
838789
736106
554686
321743
73976
843808
480055
40791
193191
164855
763929
443871
134005
751819
706102
54769
750008
677237
633879
558044
670040
185221
65209
614912
749712
511197
826839
669177
647058
49389
950114
419814
685639
505670
101582
839893
38132
224221
803782
811404
702840
253663
493120
940406
561842
707691
402346
93161
812927
368433
136964
102608
626785
204901
278791
60922
417915
909855
808323
144510
116792
745682
7750
673672
678092
187751
501048
310610
180853
736004
361767
971029
263519
47537
24533
563434
215179
131727
543154
246394
304570
30860
500361
382942
572553
847078
736978
640931
178883
480443
761635
309293
844000
176700
123446
569015
10143
219200
139923
751352
183867
112564
721114
768737
422157
351345
890543
693571
834366
266086
864706
900366
67046
320308
47033
446261
802310
817497
957053
440749
161310
688259
393822
908563
732908
441926
869668
712557
296963
580009
693171
292936
189252
355867
167258
385985
810043
360643
782456
967008
68376
111605
79243
107039
398536
347264
868822
344200
496943
192996
190830
514492
628869
839777
749922
715472
833418
251882
567941
811985
716327
152824
368602
600552
522659
795004
648602
811609
752702
888620
367332
306853
764717
461951
845250
7248
611315
737396
948627
873213
323929
601611
597083
141621
890890
376983
115940
324870
952269
762731
93518
358216
281311
275058
160570
960507
575916
309531
736975
515916
888874
190641
826151
656950
695890
132552
372762
889413
423548
999827
112549
931126
478871
120979
991478
990075
721026
590314
554262
526939
463369
647182
817587
141109
362367
451864
561609
393828
796404
31804
336749
68606
165779
959891
502198
336567
806363
701461
885896
792291
292408
613154
136702
27289
829053
973823
703219
752499
474432
230942
949549
17969
666771
817301
400615
91709
2074
309233
544378
482057
227470
791204
637351
424981
608333
410009
554435
477324
155163
878504
793472
152974
920441
248357
265236
794057
675168
58259
186247
197760
326554
819318
675806
547950
73918
679238
648351
426179
724998
391359
211265
679757
86990
813142
338418
367538
982763
957574
684740
833242
524838
499271
924021
816809
546196
641504
201497
921322
160467
734612
519270
987143
865891
398712
528348
828532
1246
916388
819471
669740
649878
60488
82386
593940
700745
898326
471170
975611
201475
122397
549996
607619
242385
565622
665116
445401
22557
923479
739331
379807
650923
930693
823876
938539
775663
821478
244251