696058
426913
844792
34164
449995
922158
30803
249072
230972
597157
263897
594798
178389
185028
962025
845697
305202
83328
883987
558926
569794
268639
92199
305652
759339
849394
471337
726550
213643
185843
121888
562502
236186
571895
755597
699855
222251
221839
855033
883487
405841
648385
498856
228687
871710
264542
179497
617425
287367
50496
119887
615925
810083
873378
708538
962648
804242
351836
768910
557865
17914
554745
741254
611033
420973
982455
408865
707295
244263
677594
788730
951845
417011
467949
807157
199570
980460
892950
857941
107893
722593
384917
991339
491723
466130
811545
622698
54765
818263
526783
451349
477273
291616
918375
126809
852890
946071
287221
460215
459479
527074
623521
983129
144118
802692
86652
806214
270507
879779
178176
282097
393441
368484
981714
725804
594627
99314
121686
83514
341607
342878
308271
769217
925271
54112
661266
970718
861694
674684
95237
247827
481196
940224
241082
566300
438342
720362
145538
640607
289037
821414
159920
84481
941129
985076
936395
707797
645969
154472
687470
352495
605178
921739
138176
358679
673562
586015
75148
858457
389559
200512
339580
967353
314577
1894
118583
834244
563657
523591
720852
902914
543533
775833
126969
208456
721249
258165
268117
290666
236075
673687
111862
835149
703194
710018
972039
500570
254036
540033
301610
611854
96571
828552
139310
392494
814652
886392
937453
110744
886580
741249
589893
215541
893054
90658
329777
648459
378205
887500
228419
377775
847363
98340
229248
6679
759932
873383
916824
231502
999482
681
318912
992768
176829
657078
666862
399413
77278
103385
281840
788827
854777
76987
450666
953723
928885
543714
837034
3534
939954
450843
322793
260201
570061
162867
422497
521043
974802
976287
209733
728695
503231
646011
616674
58293
877617
44783
533776
102226
218030
459886
927828
877456
576654
778392
517014
498713
7686
826880
401977
4245
356882
171271
237852
903707
834111
491239
610669
728835
699282
480012
57893
866970
239576
374556
980131
196719
817035
244504
534697
628810
168990
726682
354093
442428
991142
59134
518493
213906
603749
522653
178355
173027
259123
74805
161200
975881
833675
187044
394487
829484
229679
262739
688265
565817
184889
99696
478617
494898
841920
938451
556876
220256
973667
136578
634063
970723
493429
374416
239252
532906
278149
897056
289514
39677
608712
18567
908791
93623
967845
158991
35989
14034
672029
831128
323847
439451
952342
427482
47255
655556
69762
292869
331597
388888
452656
390857
680333
80009
732655
716721
912590
574309
836186
701610
50931
72039
857605
658338
510408
72426
908547
374604
497818
78712
170001
455808
821042
491649
443682
599998
756528
278695
470919
659475
802049
850870
14587
177428
354237
184305
930952
346631
958303
966535
36314
275298
13154
481957
98654
802987
569908
297893
782743
914750
800345
676260
172221
31085
684255
375217
112721
707713
707770
340129
249282
567391
333115
550079
288757
680838
247793
537504
759989
864053
870044
330197
199927
270058
789002
360891
369608
995716
18193
33644
949141
505418
52904
972632
964503
342212
970594
598126
713177
232775
551111
772467
665127
427279
635728
489270
804949
505860
494335
683994
353321
492511
798297
290642
627366
61798
119425
174444
204790
292883
255411
14980
889202
203155
188377
974169
405009
638634
244749
196156
592812
861299
178412
890404
107370
140421
885971
136159
658445
174706
316921
352547
810839
23977
701609
115331
627354
719547
272666
586557
921563
106106
136812
266352
627234
172222
404609
292842
375265
33025
169270
483040
504639
626602
136765
467511
771519
772839
107801
505983
58706
37811
892852
691903
806325
911351
356960
593963
221832
889037
100328
675314
801645
209247
831507
335412
846553
615406
309173
869393
786938
689967
595953
685340
997125
288719
471694
559215
972571
199767
332277
662360
510423
725547
635844
916913
203447
185005
872979
412622
947876
587263
557569
831247
294623
390437
524857
848980
51082
214792
836359
461584
467985
389462
129104
236599
321459
77575
487155
42705
30897
298811
987707
469488
296465
464447
212542
976254
454735
451567
29589
188912
433121
846069
716663
759831
763493
170863
542836
740309
808554
824303
285772
894124
88216
396444
967914
890802
401469
672437
935232
804897
374836
662518
451840
24267
76852
581523
976691
918122
681970
233121
636858
648277
551924
848468
342816
68367
670644
848483
254616
445434
653613
606792
67735
524649
447877
156067
24464
495123
222486
28670
475465
778147
699930
761515
449431
339755
855027
225930
170362
826553
252117
774183
752983
944962
322321
12096
28750
375291
305854
444964
913463
803527
556166
906550
766526
602187
223882
360401
869912
98333
479091
891717
243745
74970
893910
725184
644564
577750
994755
376841
510118
135598
100075
352613
888767
542394
285611
401884
728022
618335
601913
944853
341288
311873
951530
697182
328660
841685
111773
161032
439958
783892
510984
838255
592734
388747
338461
507480
463884
147151
702424
519603
605643
768847
318056
25599
620295
754562
306615
155277
461580
336063
230616
150556
518780
215659
982988
535971
921837
276556
105201
563758
52125
675196
465032
808352
843730
591546
623905
735703
147282
736987
880101
575404
116156
754910
655296
297817
57282
428572
340201
203958
423044
213662
982607
149660
855689
337929
691681
806186
598812
392692
425850
707558
829505
279962
425320
132091
438995
597931
673368
362656
94907
378749
156575
113690
935503
733664
251687
708312
366788
157390
938612
73531
191826
504001
460306
365369
144675
809759
418909
433175
664630
573201
689005
358355
756439
588529
24092
857892
523763
909537
698100
1753
441626
796217
674682
203614
984214
356696
765393
503070
668962
829980
855885
528770
377673
196588
825749
448215
97181
958834
286580
724877
103504
275558
235900
966939
173362
864134
216919
764608
216135
811170
562283
745381
247940
882707
991209
97311
513894
94860
283443
95504
759216
449992
458472
2477
889407
741667
574093
489241
883019
294469
726553
882352
937980
519481
669021
680033
485350
154395
473358
191667
150051
927536
495344
920936
179980
334992
445665
3134
633043
423678
11840
612626
980416
520792
618488
262368
635078
842345
362028
721637
964546
389404
218945
536613
98703
623564
135938
693513
277128
174646
550068
330976
960859
882448
246456
395526
158790
578163
896342
337890
796146
30323
846764
294537
757992
633615
929522
665344
846324
867268
149288
543838
418197
988860
464863
471824
677405
834403
652577
780791
576363
330715
359295
526188
593027
736901
4789
465507
465991
265408
56059
421869
416085
202222
307051
848791
834108
458545
405065
68016
768731
814966
656692
965672
452504
179879
833512
891156
690490
975556
338542
843214
105188
466380
256289
582778
197615
45973
409116
680227
400482
519675
776965
587459
21584
884405
53425
436065
681103
749315
48563
488149
525456
382403
973764
925031
929824
395492
243728
803606
774906
734257
142811
184692
647302
11919
520206
863470
73906
825410
159650
668842
391532
913769
706088
508553
636089
885770
63346
283660
548597
456584
389729
840594
444968
716017
999245
445823
666304
838900
868938
84281
394609
386224
899741
30348
370598
759207
606779
34734
11490
489873
784634
548508
630200
930701
53463
198243
54499
721394
876259
544762
722563
567620
892490
424140
398517
587074
612929
862676
186509
95325
113036
524834
397554
543747
973545
645498
396183
325336
856092
762139
414866
733574
41880
786589
124442
940459
280071
227316
341346
185521
200118
916369
967116
923644
747424
31911
634444
314940
131349
141643
674522
647521
24135
73716
697747
538094
233073
404322
93997
569831
259557
122204
475669
447972
958704
160593
854311
493512
702123
839968
324937
913419
431713
404851
694629
730866
150296
296326
236672
147361
462078
431174
59580
611655
626418
713748
693350
661687
66027
491560
853757
536855
132937
799570
127424
483761
957750
557660
252722
614375
178681
545036
247534
837443
440151
784774
638688
794476
899686
43150
949223
388661
25519
643690
683718
409552
846463
816933
391617
142688
174410
299184
968026
318316
175613
647844
917096
580719
170271
518947
917136
91788
199266
153500
960547
533854
35212
205356
418900
635630
513405
527266
723028
919550
506140
300123
5836
79554
553890
751052
753526
946670
572931
678110
957913
572778
43444
970356
855391
978339
351645
623560
32340
990971
440349
938675
210365
947488
574964
235467
641235
11258
180370
193894
14299
562942
273081
888701
665763
589152
360017
996205
261594
277989
721480
466646
625356
769046
504099
648230
53050
325136
402598
453872
507794
907769
885340
595510
469200
105293
29316
212870
726705
284182
165848
158015
452367
259642
113851
937653
806750
302574
203774
415018
158337
973641
409614
906685
966282
798131
171390
504735
335885
203324
623469
531199
505951
379465
798996
838920
438320
142313
633774
744576
922754
712389
52164
823697
160965
573686
637396
249317
339729
835697
859165
130922
842495
47773
291466
402037
810341
662725
174905
582338
129452
468521
443366
381914
423503
906671
748985
350285
579953
283831
679016
27807
461211
39564
498186
770687
383570
622006
88378
651954
662225
713068
779044
494671
681192
645030
623599
517347
837873
633169
441351
8884
485994
302940
398725
410403
8884
328112
63614
362987
190759
721724
792549
576774
964368
972078
383325
133742
991112
751997
249056
592833
508338
314147
278661
109885
750928
144552
267761
835499
356162
899162
460253
423641
217501
305625
684863
549631
285540
675662
369432
14339
667494
381564
323481
129816
383155
120751
757747
347329
515772
94352
203322
569140
867846
687066
539188
143065
59915
672807
216708
735474
387501
204324
726766
959764
621976
623204
956934
169491
95091
898640
401466
434684
281538
616635
801144
700731
830619
698259
889661
415773
296066
510963
802812
80048
232612
37142
81831
463687
182892
283431
515740
348826
98310
41908
923567
688522
61102
470528
474960
664641
577076
133751
24153
602872
982094
759996
915063
875858
365721
648606
53426
934310
49902
803626
962458
834842
101405
213722
898384
715946
475401
480491
740014
920264
409248
702540
41492
201694
385844
561010
792592
496367
686843
778889
8553
840795
969888
668868
666888
771713
607043
630357
316612
217342
977172
736057
592712
933140
8263
355435
85091
671527
86068
506872
187692
26721
142607
595698
657488
204788
795199
737534
175482
299455
133661
145289
471197
623370
136010
94359
461921
238380
9389
399227
747752
693964
937480
611043
910267
399300
743862
984715
296470
481313
548355
427026
308748
553351
121767
194282
504152
117618
91937
735080
916226
828631
807917
364475
101930
92968
754913
945401
823541
788855
192298
560789
975889
312562
91997
850221
418150
74444
649468
162624
989850
240829
784776
909437
365953
462623
487805
351030
490912
332857
371503
242035
673244
715289
373823
971683
635140
823898
657018
541550
792504
577926
644046
591718
236212
343508
685865
808859
682557
993490
71216
321869
588006
36382
592472
417916
69887
614670
968165
303452
689755
867504
977085
642277
993661
482027
24168
645958
881055
225924
524647
210937
622110
819581
928493
976434
734789
576471
582142
11505
360820
54393
239779
62007
948844
690473
24903
102613
256826
537334
100850
919775
34238
155960
51359
474176
827416
171247
80443
143079
262062
877705
282045
778975
321755
672192
685660
899709
48439
981215
197938
622642
477055
139684
186475
492032
171425
406145
836649
936330
409831
443709
835832
764227
368573
366840
289001
635785
421600
460491
304077
483274
261925
852109
576016
983972
594468
980467
716911
603723
327359
763023
610327
952675
948946
13881
725020
764078
356217
888587
275282
746783
608248
683013
732236
272525
111883
795985
704111
208835
107915
875490
405873
684596
347322
520502
219827
365260
975659
132346
863865
915553
918417
299852
384578
68104
427618
353051
84168
441925
570855
169450
936342
879706
98403
373556
147201
328448
566877
234154
278276
225140
855884
359128
331964
816488
998495
316197
989372
882010
849510
739961
906510
275586
536480
604921
899207
920677
741474
837677
122374
675079
221088
359363
514441
790589
514715
18093
700395
16032
295
410917
427326
306526
850008
36240
813377
664426
983304
9600
670014
586324
248328
304724
836803
34483
111137
572922
131706
227902
332997
410389
775079
756730
856151
750329
970302
816334
336468
752211
854111
609330
113052
27686
512239
894342
898081
334320
594004
132991
322155
975211
455692
223228
562245
320943
86059
218358
795912
784373
973807
290774
168705
793206
920513
872801
150402
297265
822859
712014
125826
222284
96048
770489
667697
285202
586989
352496
699933
201947
438538
743657
78074
872201
794940
41558
901073
396270
676890
111569
201928
642635
203642
432050
707466
875316
543528
234880
966546
416719
661058
596484
674457
867515
655923
181625
989210
451085
674186
627359
430974
813941
400566
936431
739562
447679
876576
727976
13665
712565
779877
693256
663254
905571
209455
149718
858322
556595
448751
18716
464318
648374
395192
15923
258446
511427
726651
156086
270282
19962
310363
264856
447802
374242
223468
433490
944942
171760
627725
166324
728615
569001
227487
538653
275749
229726
50081
178438
833166
494358
977450
104824
388856
182794
662530
899870
703699
775690
801117
232565
521014
848253
619060
951711
46980
725637
197697
472087
348539
897217
416920
476736
985177
232876
981789
992406
65707
109155
266982
782533
766899
76931
84398
591960
953589
350065
423410
216970
879774
803379
29867
330361
68370
430587
653545
610104
378577
737092
987337
903235
279300
63509
204115
207118
999978
389027
879538
773942
833882
630548
902224
87769
519860
45725
287630
243521
222952
680332
973277
6843
298530
386338
628988
371142
20177
601816
816398
238503
92755
948866
429399
421273
24895
859985
912147
673570
409486
380595
559987
887553
96614
819221
915189
481156
280453
246024
880094
59638
253126
186881
301783
595316
879571
787515
374305
880097
278888
929719
901559
985775
363135
478883
400511
528414
973662
286297
212396
420482
515577
113790
571955
62652
284100
252363
739815
147659
415450
993576
694067
298555
634499
221108
31348
153083
533093
549154
47665
53580
199754
467901
311351
971478
421194
219595
74581
982997
382037
302800
597297
927664
88607
139562
598214
335210
519400
165017
724219
707633
55079
602593
996640
270868
857555
837448
251847
954066
295053
446906
133053
486029
151597
232077
477732
692254
336615
230686
280558
342466
869017
910874
867064
790001
306293
948313
924545
224783
138246
535908
259909
860348
507552
45911
519738
1286
596841
926434
385702
558974
214333
978857
333979
134440
172931
651020
811345
337931
177866
971329
702110
179369
732318
257820
805140
307657
119277
539632
58807
150832
240529
404368
695257
226350
826618
292911
588500
499732
203897
341349
367332
600451
923051
418706
791646
589279
628800
479261
952913
661027
680359
728278
242808
457487
311704
122618
365976
483388
850621
557908
496572
732047
146110
330624
585739
195916
724904
132427
286083
128898
183673
145846
951124
9764
991562
18329
836955
517560
28377
913381
937977
690536
713074
399874
265936
195446
337530
524375
502490
848653
254680
252007
767589
37554
169728
119896
113967
976345
123934
902352
462106
32084
461659
502328
399179
845095
770382
676386
247077
412342
647042
137351
311134
999135
56544
894121
352634
708709
162937
227991
505836
311297
646386
33551
47046
106653
398349
9981
395544
579931
148048
89762
548589
75727
20052
681296
68638
143118
631275
305362
584913
30750
21807
940648
571858
429132
691875
497135
76
73629
79369
725343
599331
315676
686144
891951
465905
453138
853014
384275
954716
10772
689586
772325
735889
917622
840983
96994
575007
757726
826070
664651
624882
203827
538643
896235
86186
241011
917489
306617
968791
817060
64797
211795
332115
991650
104308
244522
665917
321815
71378
621245
471373
555785
352568
479294
185049
40782
284185
562128
855075
738394
483009
826674
247132
236793
540323
94965
813626
237080
813373
537577
406513
697213
484458
103638
841424
34263
630340
323238
955579
929583
107443
763680
992193
78334
33047
24591
789465
429337
189966
503489
191358
859208
900706
756203
450788
615732
107922
374442
467221
471230
114811
56612
621165
808172
256995
420045
45422
252158
861538
963846
710785
975071
337518
709919
53386
481463
910657
46909
620134
308189
998377
494743
136132
876842
397868
326490
417373
82665
3093
653357
619665
155818
15391
239374
793888
710261
103933
320411
893953
330332
303748
284461
376418
132842
428662
159455
463805
755511
76844
620012
51028
393885
11935
652022
560521
200837
42387
612131
595164
206362
709152
243938
111745
416288
215966
442124
177693
884061
584684
408101
876893
967285
449757
479105
745331
332500
400768
211331
65070
515460
959819
184513
822773
725598
739940
346692
988705
809181
936203
553323
350068
1422
469414
269870
472249
595747
550058
960000
719800
308391
829348
673230
877846
618957
349794
853541
256519
473313
367488
586096
472178
867935
451602
739166
851872
40034
320939
395362
475423
314549
666952
896852
186489
494022
228124
95029
58444
374585
789817
17616
882182
165720
507992
881723
801791
937191
383237
41469
217843
407381
17962
631369
856538
22671
962613
229737
658086
791855
641257
919926
899417
504787
609727
992131
534720
303240
895670
374042
822479
636260
963006
730014
656858
900466
14077
956240
227950
716872
6075
913965
884426
423733
162929
787443
774909
364439
433065
452100
373853
554505
884497
266596
349217
968633
264802
413021
944796
783511
287464
433794
282007
951913
530413
128656
361161
724859
433414
287023
91317
250164
52409
701976
559712
615428
988937
65426
73454
818490
984480
669269
790105
746418
358873
627663
695948
712044
347367
885636
141218
502775
1573
505680
985910
843851
361722
157768
176806
124855
563752
34623
69289
993199
240626
844772
584906
871495
409640
240137
576065
480253
397200
873470
696684
123184
337267
591452
421999
859759
625793
41950
738853
928941
453665
256105
315073
765968
735321
186668
887174
650088
916119
9698
349791
352445
521050
953332
220252
627969
256000
186364
658505
283812
777068
147685
193773
46022
946195
42158
251164
249352
381092
577485
885113
452027
719890
455152
778252
281274
103871
623262
907452
318356
217734
930236
784361
554593
759077
146860
512808
662006
400070
995280
992348
287475
597160
672236
650733
745145
747374
922474
223976
241337
516804
587639
628723
451112
765994
721482
610283
989070
752991
396356
29340
304126
282218
190450
259228
701536
743431
824368
23364
932522
201325
37993
560268
932717
765176
412601
315842
130508
884536
797043
287079
872711
35349
406206
665702
409525
837213
758234
767282
583824
421932
55489
942267
692522
446775
105192
33100
105086
882741
489252
88900
692833
533738
489130
37358
665496
811153
419567
508032
113795
373797
409518
876845
742902
517644
557128
295591
460392
201697
116101
871348
761796
170204
354040
338348
99101
540192
698753
325645
545151
37921
361772
846074
166176
37297
699447
345687
269302
871909
679793
426809
641314
312104
425982
853518
210441
903772
306551
722185
980420
669160
127278
68615
743021
304290
835407
571843
642522
90778
903778
741874
389414
232193
593580
921085
297002
982965
93878
993113
658699
410282
807653
93252
107309
7222
622920
978653
772998
440441
713649
244384
614029
914022
170362
673278
993872
484915
484201
673429
560997
810393
690094
528977
250936
627720
884617
782430
130564
780331
369544
748873
515421
763795
189358
876466
478185
862274
974128
292144
470703
315031
830808
46273
894791
508369
720588
855788
826609
345345
282410
951670
599874
318416
930698
250813
343738
412586
473125
727347
464496
745862
219219
38011
639662
780948
837552
216537
378905
600066
18648
65241
178505
489130
17042
8128
297207
922907
763721
567974
486932
551874
928693
47416
363126
461940
837913
680393
958061
856283
724261
629264
867060
448444
322043
58114
307459
450465
378063
802125
759490
470887
94951
522350
118040
735014
139138
182063
238624
525176
348117
512321
151229
466536
880880
26353
632196
72121
365632
77322
666328
922704
542765
835272
549140
701055
539555
843828
859616
36398
714414
591713
687206
152936
19647
720577
258527
871616
598604
125092
740423
676574
114899
413583
542639
62697
143358
859061
99697
702290
599970
330389
99709
888123
802465
210159
250066
260547
666416
341092
165897
722544
242739
158697
104395
119863
468933
230759
806371
588970
213651
994931
908526
408382
933608
236453
744239
893816
894019
488279
554111
867636
83300
870652
873633
98450
665254
363162
264628
755326
902789
527269
451586
246361
293505
978234
195637
217289
869980
910836
747304
733786
377917
535919
524123
451343
581367
254615
827265
700618
143523
381803
512052
135827
257513
482388
280136
247816
498654
635740
32957
608545
77639
90061
417550
558559
156348
70631
335014
320913
60456
964349
313714
372803
557869
729580
100882
73155
945764
549497
127401
685905
495746
960006
236115
915426
160790
851825
31030
796433
519342
592201
35121
738275
364762
505134
722674
472181
782664
357572
577316
72772
327182
189395
118981
513497
165063
884351
921557
655055
689492
909471
721642
362370
326084
254267
683937
997142
890766
111847
637103
811681
100667
434870
568725
449398
847841
770653
890610
304655
71305
185574
598514
150038
827378
480013
700644
151632
701679
422651
606506
592679
183979
609692
651337
551698
544589
694751
522720
694755
255798
542730
550710
46573
355175
791287
347564
840847
160000
89582
866321
123809
381091
333344
474516
840891
807287
903550
730580
681821
215497
590772
661588
968702
708556
76038
894858
54772
358721
292613
878742
935100
708978
236141
878992
990503
864792
491358
597754
568098
808860
110773
127765
790624
561018
768135
196623
440358
752450
128570
535897
478322
675321
317055
976215
549769
434972
978735
504689
956828
973764
500609
701383
784214
437541
980582
246017
510213
620592
298306
844100
604642
157849
666886
512768
802174
239986
467758
959846
534987
335350
43220
417655
224389
525027
960176
497016
457083
808254
693741
461442
891134
907322
690152
476597
536997
251379
142791
356365
44793
175637
949684
775692
260612
158426
5685
372119
316849
183280
795370
482269
74784
745656
495202
280306
215625
256171
951001
590010
292106
516695
677458
274048
781006
306887
150157
809638
177628
208705
672486
740343
874553
491049
733962
801752
782139
91395
99926
183134
463404
843158
103438
253881
883031
432299
803958
444493
189874
61109
997521
258273
419559
21706
758259
813232
278721
717967
506117
167901
403504
426355
684821
520772
525689
478802
926231
653996
756924
673593
483325
907672
963107
427145
825070
45372
953381
515572
976229
286925
549364
602789
346857
48113
542025
644092
759589
760342
748169
338935
144611
231391
987220
143596
68073
459512
85291
237746
243120
646538
486075
140960
550653
679818
388554
291245
343583
830060
603069
839991
628420
227126
494915
348703
192119
163567
693474
595729
523514
936630
42524
504417
705211
534126
865597
519633
799863
123671
266628
535407
124136
531384
711212
696987
383916
401528
833686
269094
284020
769549
511508
631767
161381
410444
683220
374343
423758
465630
328167
247532
494791
182483
178477
877426
865250
262224
403231
684613
255889
684388
901113
950316
966804
76857
307842
937551
657116
635238
671417
326041
582913
423201
33246
149880
511197
156178
665370
476097
689283
65346
861195
179313
960095
84402
452656
902735
388204
81289
317678
7981
63692
384357
147837
194700
319047
110802
883058
641119
583459
437144
206121
247272
594459
759726
978062
137983
250496
749133
561032
73777
797481
736224
402499
596741
815064
350039
774745
616154
464939
512923
589853
5868
694203
703324
515331
228533
541717
835782
241391
502640
679507
774865
962777
938296
844118
457976
600025
720848
814817
479937
834004
455292
300181
84027
295363
948428
731781
867462
122653
584248
573301
13516
225377
211111
918452
61518
313474
939466
232147
125401
820398
298213
866113
147415
903677
439342
302276
140673
53683
487182
563158
512434
787057
876356
516634
470487
462847
393769
723257
576003
632622
749006
375838
216607
550189
518785
649226
319166
786795
679535
797716
641679
510755
928035
320897
724140
667337
101164
985212
250191
673679
631453
316402
901732
288980
420590
833548
79929
525994
52672
493898
537681
745986
886590
135865
975640
586038
461663
968016
813938
677939
335047
241389
286381
864321
471885
536679
522452
251313
245848
396239
824549
525282
282082
311688
537434
155503
263711
186112
452387
213625
73334
866826
591285
154380
520110
491802
857724
182256
26596
667740
129068
537935
253240
97265
120565
784829
24776
196871
849813
397097
152532
326867
628039
909151
339585
281838
270233
762424
214457
978185
512475
60255
965551
480847
919603
187136
799296
880662
666702
358223
949877
529792
464817
884849
283877
29044
69038
24779
610552
871284
653681
222694
44486
596252
985850
653372
501085
303542
414629
763554
594209
281596
515685
395601
203022
400747
199311
964434
63130
803456
737362
369414
4469
855250
740613
691023
546802
160267
60313
746719
842943
398084
553965
524571
302992
52540
6017
261611
827483
705205
853250
655329
909692
311084
686659
589507
222008
160755
16845
574390
205854
739756
840717
82249
184457
573796
202411
620572
863491
34761
500540
759916
180932
86154
430605
39868
264344
545226
570784
979360
496990
423424
164467
348137
478828
661997
611387
137512
41808
172283
481392
15905
725938
904175
376770
876302
463125
926923
407913
726284
430908
243459
601178
17638
996969
669017
210005
796221
178240
643031
166235
552785
68619
771945
318909
100654
137111
438100
870416
485493
445115
48471
71165
616390
192888
553884
596597
535175
30012
147099
586177
249620
708417
812236
687799
109955
526931
530118
43080
741970
814702
355513
546743
36463
448389
241029
235748
42660
609695
625781
425990
662238
133020
842075
193144
698904
233494
850632
726378
599337
970787
358376
956856
10918
514294
158008
682775
49845
443621
261414
747564
176559
683333
51140
590519
293745
398193
192935
202220
446400
316842
809314
250210
232854
923544
69338
427044
338637
583087
77574
88038
158567
426093
989318
907474
870008
655423
805852
732607
185648
50371
362507
289091
912265
384744
444491
669855
415177
681970
555109
858585
102772
877786
583473
772519
929298
670098
843434
613575
237976
623526
443307
474668
237174
291326
727497
613970
162556
577280
223436
460082
243306
163602
338506
363025
203410
705149
263586
81652
476716
754541
991250
726190
60534
211477
470710
371993
216198
380079
663070
430691
272686
920801
404234
202432
938954
297275
149828
35645
304936
383581
416474
713909
109397
229942
520183
982364
955968
130535
404573
508984
666958
251270
390210
268272
855865
492350
437572
917885
50149
282323
794313
879549
607617
765699
345207
933606
832086
697096
927181
287959
989295
327162
59740
623050
613157
517842
635686
297190
573830
783882
348305
190130
688738
275104
61704
461155
588593
997304
817583
773206
443492
160097
889344
971033
450823
779504
392967
979875
61071
817800
992246
520548
834566
252284
3558
181239
212816
92811
653611
903861
732632
716554
580626
373347
627869
98911
184441
898187
619603
775017
480524
748456
770615
756861
165720
478586
89778
6412
587853
540282
149545
734432
961557
74984
660383
991813
250443
972672
131848
801732
508441
836682
273899
73674
241843
675345
579890
246952
764842
404075
500433
42932
957230
165559
493201
905420
789859
120550
271672
489210
704670
935791
562839
226995
4412
147750
380464
748538
274527
460583
752385
73506
352070
500268
961329
260848
681800
660095
129494
377183
109805
280073
491361
53757
65513
290184
529895
468210
886454
776095
480268
913440
882765
131335
477774
925478
351488
765667
420779
849599
909239
998770
654768
826888
400261
866142
357408
239583
473062
739569
751485
542695
195607
896039
507894
140583
720530
906974
12204
978
686693
32554
204002
734817
454318
868933
279490
286685
446581
299235
626374
550457
479654
405988
332489
63835
756137
126371
627563
118395
617120
7403
999002
319396
34492
11466
459524
264216
180860
714109
233878
842065
851460
380810
904431