129307
562765
410794
336542
838396
817354
315163
527948
378264
518143
161295
308726
923501
456026
951999
89352
823051
471461
724416
316500
440947
169860
798648
595034
106842
322635
316078
551290
928846
669434
856379
605683
422256
601686
681181
303703
435871
169316
59499
959053
316213
246789
687906
903618
785323
778601
420381
404782
283928
416113
302115
790719
223638
817957
918171
73892
531077
133710
377754
845751
248425
984562
518173
911815
425135
14698
111826
334209
687437
398433
793104
422779
765575
820651
494440
855134
257933
464575
87443
50093
209154
90131
41866
288630
347223
64787
951669
173907
813270
664701
734779
829213
604219
818332
71672
391279
88060
244894
291725
983186
180714
975380
431313
34634
788975
323718
14564
881276
400503
526769
169252
111034
363116
967519
326073
872429
868697
648353
478220
606622
312304
267370
149973
773153
168359
797707
868432
229726
239228
501958
90513
781245
831322
986066
483311
251629
117012
174763
950492
79698
240462
585554
987157
808841
713147
485992
849908
647256
38208
874595
939299
126583
119735
108330
235883
581045
997008
803027
356842
586185
91475
530615
989731
139574
282625
455342
525999
819353
794136
394988
232914
425042
447028
802999
480169
233421
158354
972612
155263
716972
578992
578925
622142
44179
469265
944146
998658
297679
412828
824841
190921
624356
726948
936131
934791
278961
83075
836220
288918
995138