736193
77796
734533
837106
409136
761223
603731
352607
47696
458777
771128
141591
770722
953832
520904
43747
812515
878068
421012
80889
67858
515274
658679
792487
654480
766593
190672
726296
195615
269904
896778
215622
988429
695307
395414
434045
289322
958136
153338
929608
226548
165394
374211
901306
102676
141145
621334
538970
166785
775188
562917
484012
983299
300069
949373
812568
216658
173383
592699
771770
59677
181414
551839
614917
908390
987738
731384
82836
639754
60930
773439
262415
387742
741433
881920
296438
445685
475640
214899
354381
393407
401608
589929
690084
334988
552097
866146
388930
102766
581028
469947
929262
520123
57714
819780
174809
850353
284519
973936
379243
178805
361463
659110
225192
746996
883875
928052
539071
675562
21719
5731
119535
901953
742307
315493
87062
356817
808596
753387
726808
167430
397743
215955
978536
555039
293897
130175
258038
762515
105670
238401
680117
302350
934508
154162
704072
917721
799011
761314
341384
592471
185675
808233
596276
896171
502522
356764
865526
926583
283984
940315
479054
771648
323001
289928
341021
137133
555455
95634
342480
714350
532297
592623
654375
601466
74165
418408
741217
329648
236301
484622
951110
44383
121192
407562
590609
180001
189216
846162
368631
82210
174315
67064
684440
694334
279128
349340
417665
217161
173160
52610
753948
220520
692679
912254
158261
67356
258085
553676
444649
199583
396854
32828
779757
591463
258178
216202
36536
173191
728105
414924
506446
899893
523959
347972
342635
885158
55712
508245
913736
53781
728408
301907
82124
579875
752913
395315
751570
725337
348626
734177
791187
436361
491057
728817
241520
100370
892973
501165
150303
107265
939818
739533
845679
737620
520265
488132
269561
251419
441379
175671
885477
442360
178403
143561
832150
167621
474109
961489
152627
406996
936271
148461
325971
163345
621778
676144
479300
846788
967293
825526
44025
463795
2550
163929
861901
455077
317749
184316
171192
122688
68408
437956
159245
741140
400733
742247
242989
585969
306847
245276
399628
886002
240111
690994
336861
691485
865774
180989
588829
580578
679621
544235
605945
527617
224802
466356
350813
580681
519183
762800
95835
298555
810096
923074
734132
796365
826841
238002
276037
506314
601226
473881
303568
348310
797768
236405
631078
11792
98905
10652
762607
131856
514267
677774
225622
698704
968129
381859
518355
840550
473643
852515
424982
839535
341921
888756
779085
730184
815021
622062
901330
984374
739730
4363
738356
611557
679660
277818
81056
803790
986853
197714
513709
365233
70161
578467
753025
82498
167399
458729
778914
85536
813213
96986
406173
826624
771807
694495
744333
45736
726763
439775
357768
532248
140
614710
124396
646147
845552
245956
674433
963386
915880
164386
270347
354858
143805
654512
433391
577276
131881
932234
3455
260058
773945
646873
126308
962130
401469
530053
100007
627731
677224
160520
907164
983571
275851
617694
847467
878227
836137
447065
267836
679418
441910
359824
984894
744094
324529
402999
461525
370786
525595
768779
770078
670905
271826
11428
543328
688201
138639
913388
672720
92906
603513
21870
496896
762765
526243
114184
289318
827066
796201
845115
459269
931505
97890
799393
728122
809650
196738
337150
93605
548376
915919
276398
450034
167009
312062
206910
540099
917705
7658
124951
27580
937875
425328
926294
850986
431017
698921
101943
760849
975259
963653
495535
517136
85635
432064
84184
297907
422921
87172
967815
313045
365123
599579
500153
198064
397172
87951
329324
840451
28085
663777
378699
480862
716722
490722
328449
51533
603659
636720
240239
177823
522394
588241
208760
591378
9172
273701
806137
133276
519560
968203
417558
537496
792965
578643
889520
909004
815257
929435
358707
692691
853107
267464
733259
739884
819754
114211
207734
450461
529815
169165
404532
606469
371548
570848
414364
883133
603720
197028
884361
988202
15315
873451
736177
978019
731844
715786
594069
529657
116146
875828
904084
768103
904870
198900
968731
624471
831072
47175
31415
235151
337777
221395
544139
388086
352069
277768
771357
580167
439171
827090
352458
747217
262797
985784
365146
973992
914082
39572
416686
853292
778915
294447
245398
310579
240883
132472
105535
833878
650807
393441
737610
677205
681020
845911
166455
878824
453176
912028
495424
365283
903721
278402
658818
33476
889114
172229
238102
496540
21828
261702
166143
120344
262801
443552
734331
115692
365180
467817
437948
442459
967252
457159
741553
67813
599006
533420
640509
604940
515866
190511
850569
559685
775198
919176
254389
24056
272543
740328
62953
594996
46799
476979
477898
683507
859424
564827
975753
81028
905318
186266
144277
309979
591770
617612
125232
368945
909434
348390
290591
537
99150
447319
423099
872033
504582
784697
209765
443233
818304
674100
658263
528227
248613
526192
452501
864558
295923
600052
498881
363953
323413
514784
379022
802441
692654
70915
523277
583855
135412
343706
629347
273345
320953
75622
592732
331499
659206
348968
283288
893810
389728
575100
183843
388061
420844
992655
82339
522752
830830
273791
561898
816294
337645
433550
105196
943898
375411
631361
937482
228946
94896
767323
479052
140409
193470
75633
171566
859224
856128
396458
854929
235616
603939
534037
713042
858518
304710
476135
790328
684123
297078
349327
962631
157271
926866
154552
794161
231618
482126
915995
214892
73998
959635
64382
134239
273588
129410
97676
854646
343898
240729
284818
311189
400158
119407
223828
182888
918082
728729
435018
528025
431412
23279
217914
662555
5112
496616
829363
800227
562100
547938
556131
872759
598232
525439
285782
543327
614952
393641
369355
289335
551975
808309
824052
8358
736097
984229
955915
431209
808598
863304
305868
534729
403966
120380
275731
187947
450685
210004
744274
733574
755045
780372
726702
201519
34850
886553
645047
15248
885638
111254
601474
923575
960242
597944
448549
392458
241821
427243
474383
349977
365444
848438
740289
237772
976494
842818
568749
426107
686043
381880
293673
991580
122761
646728
382416
67479
713186
903109
448950
232502
997317
868205
98181
571064
390319
918663
620025
795653
845190
29989
647924
289147
65282
954633
988350
682982
564152
216932
578141
715087
593221
619641
859021
190379
251987
131489
680925
575284
54731
7271
921702
83541
624407
868371
976680
140863
179986
578692
39682
585561
152143
603126
899598
994964
82243
535140
595543
786204
155536
162119
502519
910250
806190
543676
531474
852918
733048
569091
531049
528202
252305
737059
108571
703474
678897
970604
107519
116624
960208
179733
895062
729420
111661
763843
148912
282408
381819
125867
599134
467825
488361
42766
164368
548113
863884
541859
772810
964546
650476
564947
556935
584669
635816
354142
352938
686929
462278
543835
131741
331055
714267
348892
177737
809249
698643
832175
328176
889275
954014
852993
5354
575657
289528
582110
668026
634184
803666
914388
789196
236050
537314
557237
89165
696305
819268
960378
336423
640052
269131
587716
649560
744735
213673
584702
839470
33628
643958
813855
58337
319120
567840
857420
27596
854345
870448
723226
910794
44435
780469
954545
941353
815978
509135
917900
408270
987465
854490
214684
561637
35489
504308
154956
34946
200037
899693
975392
117337
504258
953482
767479
284630
94764
116022
641391
213018
572308
172294
982759
910995
387254
191783
158175
383927
194062
443495
308860
211421
138282
780572
646761
659640
79451
415284
588247
487152
244805
108955
112996
180959
708054
88771
807258
104421
418899
481043
882894
140840
293326
133806
71913
145771
675252
828318
728835
708554
37571
855453
446635
847887
340056
761792
54787
845684
110694
370817
444424
577334
604099
581159
814320
883283
133212
2132
359276
202016
179849
540458
204941
943625
207547
123483
108291
581925
875794
981453
629888
750708
120651
753126
671226
614137
786839
425017
918224
297774
76999
9484
945796
548457
597794
88837
70438
997001
529049
702513
216850
148636
462546
758961
379920
236753
58080
145282
95001
3924
205972
576359
670649
14732
382829
123893
472464
948525
124906
916411
476338
396090
281920
647116
438830
757467
42728
702058
286700
292886
67791
806608
169519
152749
339249
625372
972475
648852
888640
10583
408848
34958
855358
909090
982868
229923
15082
629568
140750
136576
536534
641274
821838
74539
437975
103155
412715
223585
2583
44360
267621
398093
855813
522659
594665
479335
198187
68829
515570
949735
157855
930829
719308
167717
100371
631346
884083
426703
962504
219640
669595
399494
716255
625067
529417
131285
375632
73333
74334
318862
734899
445269
8628
300163
961276
70431
8289
835870
319236
458281
510617
524574
158274
527385
753072
644846
552088
633545
516860
307364
781578
535252
102680
75027
63177
753792
11974
331277
607790
503048
450412
212024
773250
953220
134591
630987
372986
279159
611133
525350
569280
613877
477140
896524
449196
680303
554784
94398
540945
495709
103826
6068
783220
198534
518252
567098
216728
988399
313640
689766
66421
121502
562424
742002
919110
179657
825065
759994
828481
327328
375713
951571
762850
565172
891911
948421
496097
408770
626049
14951
504066
320288
364120
725206
399627
441731
203321
453201
259407
974891
466965
744052
596585
878443
579623
691919
172677
618008
190101
471075
187800
823950
997872
473208
109743
575962
177622
872798
356581
41415
946167
401278
574895
779976
447540
662875
484049
588991
850723
909611
812019
79400
548527
424460
237070
25317
142941
525477
155137
244774
714537
546842
611072
515316
971023
28395
942380
112155
482917
755562
89277
967346
67365
285079
208155
449352
677257
431193
350732
910637
880591
647195
828616
15194
782364
429889
676649
99006
85245
360262
18942
595493
800008
2036
798143
751495
459489
689854
981082
429099
61016
306237
660204
29878
379184
867205
843595
835156
326587
216676
649664
781058
431841
295863
767570
214773
47487
718952
595069
131754
806123
501575
300482
639179
564758
577092
64728
290875
359947
506887
846400
781822
505108
901740
55734
631816
61819
663070
768579
206753
589870
915087
530544
692721
347260
815953
880597
761198
727548
472980
532495
181918
624780
794941
777103
611275
486455
429919
447887
53763
227376
630744
109344
574857
549627
613194
507488
516124
274027
625077
503111
674273
38342
524718
190624
671919
410372
194750
8724
777079
899190
690970
258145
607246
754756
891962
652074
645081
786447
669591
615337
442964
192885
341318
137728
233087
630194
578988
858412
160037
833763
343645
801946
550602
48102
481430
31892
1584
510494
333458
365396
143878
797139
289100
183737
724398
707702
851219
972823
329001
977154
22851
836777
64354
327805
938981
964065
463124
623902
942629
426336
877272
264200
774316
211842
895630
935092
833882
980112
247720
608622
702945
440985
842382
683382
766785
178010
80177
351687
266971
180890
193072
379828
309813
889875
949024
130477
341513
465930
268412
315553
555082
753984
468265
881534
396276
278593
344355
611219
778766
216985
789130
631511
542783
378086
525379
411331
442698
458761
239820
496666
183848
960566
441440
641929
117889
250283
273539
328488
160646
953406
420267
527904
274606
627534
774731
150055
478730
276507
797117
660071
68935
525106
3594
650238
508928
272001
227865
524894
675582
435017
88883
421907
957581
284657
228591
806629
252219
379830
516351
803603
483696
232512
2773
43264
514725
79760
586035
562666
360451
169430
681102
574036
297880
758624
924638
470598
799288
301740
891205
889003
236782
110366
233945
577752
450782
111757
181520
865580
900664
462263
595975
348498
102107
10325
60783
58275
938756
694410
482580
403113
255409
897972
106699
705343
508054
279525
750968
540692
695227
8236
894009
469518
183920
887372
433267
811082
723822
927822
400247
798402
542604
812018
27088
62536
510490
161601
321771
11823
755294
346110
161827
419208
457129
94523
725929
862154
224596
3271
630285
270347
548252
952133
462379
226347
271831
998552
897332
19856
577106
357498
253336
709899
121354
639340
443917
128409
738115
598728
406335
527878
421895
725170
505108
959532
781694
608109
354906
356954
296551
24521
328464
118672
862513
67834
152270
828902
930040
273029
946386
527563
424927
103379
135399
421291
894982
357608
756019
97002
532648
257901
243358
567950
688084
814249
806939
955705
376774
260814
363796
510675
647138
754096
336630
642502
142604
913488
80406
393571
326566
78807
374334
854050
667879
569502
535961
61062
616149
83498
154998
683935
376351
204981
424764
312937
661017
215335
97963
400850
56724
675684
281738
961945
864217
86975
634675
796626
804482
100876
358135
781894
416502
600722
587887
108151
913215
198303
37600
207936
423050
908278
590090
492571
338170
602852
699533
672829
275880
846833
761209
222684
232635
205361
201969
850320
667105
826810
507130
711255
80615
457711
143013
437107
109627
228603
131927
907502
562939
426394
207218
33470
346809
263825
872674
765059
274638
20478
505414
107564
625432
458250
143864
521978
335761
383162
500027
582621
729933
363493
564544
721274
792016
696896
958741
428558
455497
928277
892011
371116
929711
164498
769410
964066
791607
543422
20723
576186
768559
668870
90841
592092
341434
162166
978717
369169
188712
605699
574173
146210
865009
156293
202745
323679
663567
72898
730938
903675
398517
42916
166750
57364
7919
503757
320132
342609
49495
333633
297584
87973
580017
142274
707260
180016
769828
685689
899228
802820
66262
174416
676876
652548
111778
215324
333016
419497
506233
94136
345991
747806
66834
626285
384613
105547
387023
207821
708012
609520
206190
417311
39759
181671
253416
340980
326242
38475
230505
57432
84393
696
56749
764900
186747
42152
120372
94257
582866
252
975265
706151
703730
717020
114869
853491
919540
257461
918178
365911
570415
516129
597903
936731
662657
150501
204136
579233
976063
369043
489054
210198
677111
136336
662146
124292
938846
307248
989817
430405
669595
602557
162589
596179
613295
327831
632369
800122
256639
566197
875966
733550
471743
275721
273614
131641
939005
351554
961220
358412
635783
734443
894870
339319
717882
375537
247785
131060
930025
490305
368136
675934
309862
239952
248832
517567
699184
958260
623450
815238
354809
50352
324342
946840
163794
910413
942976
982717
840757
271267
987794
194491
199727
49271
247590
307520
368360
74686
599926
311800
246160
232960
523442
245631
851112
521112
538589
23024
248618
549208
986757
328156
490262
937353
173917
195479
481051
855823
798840
815468
431646
746283
592100
725232
901353
714907
748129
256372
682931
119004
529213
40532
299016
969999
676941
790380
275477
827065
555338
348523
938258
837285
65605
732735
133452
433956
378056
900144
874382
794293
603403
227785
94315
499775
834512
420720
69163
516539
743452
166167
219216
913582
418450
678667
637827
320916
790573
18026
638112
158425
970521
320497
116699
155264
346415
123699
372301
569511
140427
815910
128735
393057
870988
174168
775377
669635
688680
377407
145768
148027
523241
785901
65778
645145
332616
11938
848503
577457
198308
123580
198142
943513
43231
766537
933625
313038
498198
757629
852494
533683
39355
172735
588418
591097
477968
210077
793988
979162
616897
944417
6292
564286
910303
962619
257806
65793
654965
562589
798615
290636
12233
152358
114850
712736
606640
367606
410272
111601
207502
751520
296770
636015
934698
209277
631788
856351
852970
442013
21175
703400
334191
786201
638051
412458
935567
242756
675416
580169
736299
714880
519063
568200
52141
103276
189314
570319
336096
726331
552772
355791
870764
55072
541278
210876
405996
678373
169871
89721
528814
637723
557280
696210
601094
261100
184969
192482
241423
520012
297219
436373
70336
748558
529643
987912
517222
383315
334800
565005
629379
811421
341401
950986
984003
111489
52822
693313
522199
360315
943457
303210
823793
107548
910960
441916
107034
399774
189755
659978
184115
340760
871108
507722
449542
38476
219528
639538
50440
583902
27200
923516
899437
454624
566484
694792
971688
792008
610333
542175
11838
64131
713301
75669
851974
98722
676318
971465
29567
519667
233515
925831
49998
255979
5711
21644
261522
358398
638944
815337
192165
994001
418823
568512
766706
485447
834535
891051
131182
698808
885480
14013
313845
473152
797855
848096
244609
124339
31708
933981
520713
21102
420303
667259
454516
994249
744471
552382
118712
285544
927529
312912
710164
16881
530329
146494
343782
754904
839304
404121
114473
447317
154795
137085
545167
125751
151283
800302
586103
674450
481950
951070
869132
335764
546522
199115
534905
1398
331473
91653
726732
611214
121174
870221
253414
356289
491562
209369
288860
731605
574122
888309
525486
545828
492697
503427
898082
207660
11014
665251
659196
410884
258714
126509
269275
507753
344192
591259
645747
252151
205169
932164
53346
982963
79195
376451
849585
459141
540397
455030
16938
215811
652545
941218
407505
123688
579687
391860
823488
930403
314506
222882
790242
842316
29698
936816
102860
443377
663797
580751
364595
690063
667498
14624
736078
971100
789996
469782
406217
407489
423319
154297
228834
913253
341378
563078
944292
805861
409673
192692
774718
270368
620149
117137
650880
286830
749642
630027
409073
826224
410862
628235
98575
743234
486577
767484
274084
399437
829757
41834
826625
936186
37659
87813
467162
741377
734687
925508
116733
566879
194226
548902
220976
326694
764666
836115
545319
929198
754728
103457
736287
184617
389405
736436
419290
468309
567226
664893
7735
100362
199619
128995
842093
448883
606382
185662
120932
446297
803726
962623
573168
887771
682327
897134
57770
425338
57357
48140
219437
714705
645966
322391
378730
591649
833720
445548
64105
868362
875192
440902
915165
966870
250480
677732
327970
676080
447364
193289
358997
501234
777154
369693
709968
252124
95275
692465
999552
940064
112738
682720
606437
755929
834224
54225
863846
1244
396082
492632
116687
191911
265696
21884
296
330807
84410
278547
237939
815158
438737
491082
544833
217552
691503
260609
260145
781606
542500
549331
336646
310556
448942
720243
94308
27021
808836
856114
857319
314910
822783
196957
755808
85680
441765
566146
661358
187119
396500
643091
381940
796103
915208
522020
678268
751735
657481
847375
994088
661565
503476
582583
961808
359217
44643
308329
278909
250798
133244
763614
351489
568171
602451
574749
961393
630375
6205
770813
748993
358787
473202
82632
946170
996521
325853
823932
89626
259562
780164
262059
346568
902310
339599
533890
571762
190628
79991
201382
755205
393474
262348
134714
624264
200518
720930
147197
713874
192409
671441
343222
278838
598408
860502
471192
213152
904646
88053
873391
978926
278676
884409
835749
628836
872170
843543
942143
906041
897693
683406
263311
450316
374313
940137
743056
92212
519265
863394
579745
320117
335984
290657
383521
909262
419787
866018
186595
984558
938933
534772
57934
427143
325166
844637
114132
837052
408569
795035
861069
547700
984585
206469
519855
289872
671239
980112
126636
684601
11074
880046
567529
606354
894388
394001
50454
727949
402733
293198
189294
137625
214175
119452
867597
10553
566917
901051
654889
292912
965360
121393
783278
145625
75247
316207
822394
305491
694298
678227
652018
252824
917499
390727
43775
26927
756442
865862
836905
754424
826340
608255
560142
717925
925815
571794
302590
846728
785997
205431
357558
250886
325122
364158
979384
92331
54083
194864
371843
190808
75029
801749
15476
909207
612479
795535
533945
114575
34454
839780
50734
774418
121699
391065
160662
725652
349170
428793
360311
384503
921914
312437
305490
766273
806564
497893
85565
718127
717818
334765
884319
424419
202989
628219
926024
628216
334658
371244
164202
308278
727963
448846
425272
570529
399390
210688
15258
137324
976452
188662
90826
818379
2880
76761
57102
957670
966473
823691
919442
63529
467270
920520
273825
878520
42133
652968
102080
583872
211513
445376
374503
20393
386462
199657
644893
253607
901065
211352
955311
765744
797344
621868
646604
235336
119955
277959
892672
346936
916838
324435
408971
303197
859549
54246
918686
685788
732739
808320
231409
959667
582806
423601
490819
717611
29266
678936
978415
731049
862232
732486
587112
373028
210235
137728
748177
72369
728040
747491
791163
600251
57455
27426
689404
46862
24114
787627
704488
811986
760297
60201
570735
652692
267087
353762
185747
273920
678828
203839
376644
243115
626176
155564
685209
170957
44297
242710
693101
371852
989745
576273
329876
346675
521816
508636
280569
128257
488313
219004
814294
690590
589819
65476
574030
319465
963990
375926
412714
173868
85792
870340
128686
938033
5556
366767
7703
574382
565053
734161
264500
314907
995172
922550
634270
914148
973076
306212
563030
950906
350438
658939
229945
661253
318062
821175
676834
446772
632289
643667
326684
184052
551137
545288
531458
645950
280679
864692
791670
825611
237964
273173
633850
970851
959156
449332
930478
659347
80600
541022
138342
92989
862254
729997
529703
84745
176694
727270
76543
149754
36451
229468
965886
874907
554533
256562
85268
175320
707087
451165