639337
524756
695985
987416
749328
349877
864739
770850
410002
365890
195136
219501
457763
98727
417117
60113
348872
688822
213580
515061
889458
752552
382599
621982
630530
428017
25606
488216
381355
474111
714480
871743
29430
84238
669102
751338
674590
122282
433434
360565
650395
350403
539158
113066
686908
870630
648826
706636
735021
150046
162725
305663
915801
108326
201780
61335
257576
685577
172945
556987
390057
967192
379747
378421
191308
610376
120547
581146
895174
697957
406350
334225
855191
787383
402998
927809
515752
415152
816372
136155
74253
695438
297784
6849
795883
221331
140865
135889
375283
661727
430888
628371
546700
132071
584534
539963
460751
818644
33045
752538
769708
581050
309764
921896
306090
241971
931493
6886
499403
333016
56784
904691
486541
313819
784266
540653
127437
817284
70641
617474
81543
706694
7822
741074
927288
423997
5133
966722
510116
256455
691208
106528
805363
571964
213311
435502
527543
786315
304292
200717
577353
112818
463891
947208
108817
747481
584095
506809
916899
435532
309064
761436
617222
385428
878792
773422
68689
61616
751500
252097
653295
490741
892416
372703
931521
579711
621955
555544
167778
143763
690298
918059
217734
269395
784320
749837
18939
104604
811515
598872
835666
950656
128586
488723
596823
167963
717146
319642
251259
544980
85656
452330
46163
453298
112129
404555
304889
840728
903317
683930
341584
619039
919018
906674
855526
967822
979292
732791
762546
16696
855842
770622
656700
698483
146492
21340
800732
809392
512136
911946
913626
177276
40308
451698
138805
522194
757902
356121
714943
769626
789048
424872
594917
105282
283639
577752
235725
103800
302826
840505
133400
468417
38679
731040
933447
876025
52641
320555
813049
612199
738198
879282
326994
332092
130469
602060
154040
859048
377836
868795
618935
379930
182640
353909
782212
778962
577382
641680
305183
549540
827502
407881
752849
590667
456223
254960
408149
415015
867389
76596
639251
378196
563015
100935
689031
240745
161517
796845
719617
867914
990431
552295
130053
140522
688449
111222
696338
453409
457787
91342
525760
78054
225004
717401
771970
224169
68606
371364
15307
809232
307988
468394
136718
112011
319840
298683
124445
459734
613906
335753
75763
877323
368875
573903
765965
598305
930800
848478
996786
5765
331705
660294
383316
67411
772201
250589
405519
831857
261752
752879
196302
382728
783275
925762
490509
577696
338725
903684
556088
407319
993495
707539
920051
140158
315924
90921
503347
273041
110655
738339
890505
527952
699045
530348
187199
563262
481191
212106
137627
214453
270736
564677
907265
381028
144005
276079
51060
123239
42010
331093
450045
31169
856641
647168
827620
893177
703901
176936
756315
351118
737909
648182
725435
551063
435460
95797
130981
827004
971245
780884
693898
607563
75659
965530
643783
634040
283494
344359
537256
612916
78595
313058
529358
610536
768211
45636
792363
734350
661899
656704
562729
331372
732051
131214
754922
510126
599192
878931
578283
889376
497404
535791
717954
581957
93613
166370
34950
525590
108371
839707
313997
889178
558947
704863
230928
140446
32465
330387
892523
641618
175266
336742
178049
691840
698463
163549
749437
314986
660517
83964
158899
171454
171930
641038
214372
325368
924922
461138
192608
952916
39503
825986
838918
309679
296191
865792
680103
850426
160639
985824
44553
727705
414054
373452
491527
155742
925916
780440
877270
932636
640881
302243
606370
914859
826058
820582
663382
145720
313717
978652