343423
266262
807062
586762
598359
9598
286201
27284
656200
621002
811092
241436
634913
995238
875865
742482
606867
781098
662118
915933
475088
332693
372090
508003
250831
278888
728963
135735
954029
975137
703509
900768
822125
58963
768695
667586
554272
278430
56152
712556
518112
598545
962463
902077
41590
637848
679904
148979
980059
376675
422186
185362
460700
641878
420157
587501
764374
527590
492633
560147
317793
108311
879345
615705
709321
900111
360574
945217
397432
141013
789297
159172
473327
794476
832128
412353
294451
711302
865762
584898
25156
123111
492693
292071
478280
162327
467036
741425
549895
676931
344263
790189
332431
390961
541482
738490
221688
756318
912944
889593
184322
59255
845960
83473
865050
148400
139645
92636
500348
344835
608483
686066
702066
7240
777005
711312
665658
837165
836572
854820
658501
455635
520786
991223
469148
988486
954117
231927
960798
743638
888398
945056
291236
67286
466529
415047
285509
829553
619735
998211
823029
485412
20327
14072
130568
805147
919796
184513
197205
154156
268672
301625
606517
738794
6334
563431
626667
543527
86276
1604
755357
344202
867679
577705
370880
926344
52161
183833
894867
326146
621269
187113
534530
905723
519923
259592
74794
457717
464559
106479
729916
260263
449612
268454
943355
368412
520654
325231
278815
297706
801133
850003
288796
314190
281637
957704
17724
23457
445547
745276
960937
854265
789754
447361
276167
747743
244490
59157
83966
975720
209954
196428
854293
501618
315205
607452
518649
197117
494664
830789
317086
168867
639171
718747
90493
665205
376486
632818
112827
984692
142883
118052
132586
50153
967625
578241
401768
376353
737521
520020
802277
936393
604945
965774
833987
221922
221485
770770
811862
286176
651054
53980
362698
140133
67851
673358
246948
369685
925220
967705
589985
646677
309677
725252
901242
498405
276167
359900
661321
801239
614122
743993
967749
411436
793727
338920
768490
18954
241099
19386
993844
326683
604741
559272
740937
342852
227016
306977
992950
205120
557859
221619
365010
579161
473038
600977
377855
641667
186296
946183
966862
376149
920059
739255
580226
453796
634033
136206
659053
390334
72480
419209
821943
313152
937552
6366
474046
65813
206206
272136
506327
158795
870569
130226
39153
547603
403337
582143
257946
493525
483551
945780
982428
550062
599272
363843
692927
630343
463339
291637
348594
543059
492978
824114
463300
858532
841813
854320
870989
7403
268657
682422
517290
585802
317112
773004
347428
526808
606946
514753
938610
151152
705602
992025
247189
444790
73331
428177
438561
47912
773041
220175
332124
370268
261252
580843
668031
310684
270870
105108
750233
806874
90854
838432
317587
960274
199317
912052
511886
654587
171870
863628
568872
725609
761379
902888
220766
968130
511138
992788
678988
359834
212294
632402
473871
42734
243482
122725
288843
928506
207576
475581
128584
916663
530528
143738
871671
281781
923524
649182
78163
703760
577280
885652
637539
39186
800711
460439
312668
753445
563384
825089
405794
429363
401711
400625
660335
604060
988856
997847
117837
957651
792543
27103
510333
786517
861155
345143
942138
624007
486857
5375
853207
10540
372300
141068
847237
158656
651122
649689
801201
602099
467129
502283
600906
326405
142129
355999
712864
827770
430755
557107
651496
249531
152111
158190
387740
839625
18548
642828
833535
338590
680423
818505
326270
437602
433158
182761
303922
793671
890663
98658
736514
268673
451626
255080
593382
497509
400525
686163
850630
110813
37214
723886
623808
198150
118795
218334
629257
178790
797589
444909
470571
401229
456931
661554
27564
309895
507827
1823
829071
14714
684139
945127
798516
298083
612366
294025
261786
916327
141962
231166
929477
981785
734254
423611
49339
801991
135096
804963
562728
764481
191884
540941
389025
896616
629697
882861
500997
836078
273622
618401
103680
836207
640898
937306
138921
656427
119081
491109
150987
211104
167594
961685
584001
710976
631317
447759
870906
527380
468026
296050
593501
643053
970973
403489
864838
645634
121605
863086
279981
502699
813108
10596
902248
537401
436016
863089
563719
930095
277504
125742
48989
354401
955315
675661
309022
149608
552281
690334
313444
264192
737813
65854
386700
326718
596682
523100
439549
69488
610867
361513
797448
503059
53903
672284
740331
946539
2105
925791
346928
769539
474133
306137
510899
878913
219047
40729
895232
991013
852221
655259
711642
664798
659213
838202
198873
576521
278937
740531
132971
483527
275790
431890
913403
589753
12333
443580
612078
946459
484512
186840
770314
934010
491118
553178
163057
41043
568778
338732
222475
359114
654214
368955
11075
928195
96997
821020
642984
820705
337997
645082
150323
824217
707419
558430
343976
543666
262609
68345
43221
394395
669035
569424
327095
711784
285903
26980
117820
706795
562210
941564
21668
269803
757431
178290
939329
130884
464866
978392
733597
172315
353323
970181
629434
224059
764574
910399
708020
419473
980927
442566
266755
361344
303836
576251
749725
712418
912058
14060
201208
956508
151473
652605
928941
517725
416212
273843
105336
904819
725960
985760
299996
369610
455350
55079
398755
536001
916891
137003
89667
54762
666044
138840
361245
105758
795767
306637
505438
616251
617461
410021
545928
960956
423356
165025
57483
337843
470305
196659
964941
662117
900314
453482
65033
897474
952946
918261
389907
738495
366741
444373
924089
806610
245451
72675
282886
79369
382658
834875
279392
943112
534595
495556
742545
772509
669191
320285
247138
459714
698915
103014
616547
748590
141214
735400
418952
97048
652835
168034
413870
642889
469842
631089
693563
453660
596400
26651
991010
536533
647295
822520
409222
32988
450089
871485
323318
675093
395414
228774
511575
132765
107677
947264
913951
529570
285782
522128
499197
809183
514702
721059
722519
677683
771220
922163
430379
521885
968880
218291
467351
208406
409267
688184
692724
758475
362602
941827
640668
514614
500268
478063
516044
766296
824979
971763
572773
986325
490823
601109
612365
653291
900149
743596
384754
426064
274463
310608
768430
612328
437902
758496
279686
580640
154722
233263
310477
318378
341962
203084
307238
71829
972942
236012
252711
769416
94729
16758
979608
728411
310197
237867
60250
258257
771807
982448
349860
109494
71609
599354
30569
185233
675982
800853
621014
719559
196816
857873
958071
795788
438285
565193
318009
448390
340608
474193
426442
940288
780356
268155
413021
967559
955555
887558
660873
612389
453581
285925
972625
955383
879268
983463
864638
927917
787636
770823
278633
250910
341376
76114
158677
862726
310584
511409
864824
560733
925318
118866
292890
473556
416199
308919
712535
5615
835095
11355
222655
947194
726597
932732
709340
478121
197030
947146
817171
480912
431365
547434
627811
305339
479480
163687
916043
602091
258189
126326
865672
934574
561380
289572
337852
582489
384598
928478
163242
585893
504595
59612
197214
707492
166154
314412
628394
127838
241281
570263
4810
296908
69060
175794