514902
270748
477915
804944
196722
932301
135414
546431
815299
853553
987993
21172
534960
183785
243910
577491
668578
584689
223207
954629
922332
900118
114051
727549
282561
202326
58701
659942
219321
136018
866263
425835
294575
164402
884004
648802
92338
784533
681306
34902
367675
462643
166870
430319
992910
770066
845722
256
579577
601441
742433
621
330681
971765
105364
202103
71932
757405
771989
436838
89346
494244
839288
17233
927068
20578
189265
959501
229911
391167
362536
213488
820082
374854
486025
411905
359178
57761
731576
617214
205399
394871
969410
548744
738255
699998
138927
964783
395752
965503
783956
660822
740475
931397
684677
30403
996868
581825
97063
663877