782948
934299
669328
273534
331880
30012
375610
164247
888583
836661
3167
560606
328712
585713
721936
668446
682363
311544
533090
6520
62006
150982
601726
759308
598523
853574
677269
913472
974901
824304
242928
495472
327137
6716
407909
52786
768394
215105
464869
36868
580589
151023
918131
134421
396923
591909
150639
404396
49980
689392
530640
459321
448848
852513
865265
875318
480208
840330
427522
637690
915220
858325
496415
629914
532238
388032
269501
633980
601428
100216
717313
423481
185531
793873
537899
333550
918558
501984
91375
49760
740542
692854
211556
41033
754244
20345
563669
187331
408161
547552
366710
881936
106710
412682
308017
75716
791056
45244
735517
876752
924715
968886
728656
672875
906263
269040
524683
456350
808088
281270
275092
147821
872231
673757
290657
717533
91830
712673
900464
793703
909457
78237
92851
874615
629664
811109
594473
86753
606473
614595
793672
76321
995570
659533
902550
842125
313572
884127
624408
908249
450443
309819
808545
895046
141657
863737
687883
987177
186955
213484
187396
457876
135812
831699
627968
303459
921173
105209
488652
683813
741918
513386
622211
197476
802957
352914
489433
520659
442117
552371
62868
328979
92571
387650
45787
501473
361402
439711
552487
58336
280614
865328
428502
403967
404253
831385
593950
733127
978458
860825
228702
333316
163187
587332
676944
689293
259106
176537
922331
94769
47776
111103
165702
59583
744941
414113
381382
652466
757933
479459
684856
478583
560556
204415
294058
940061
319170
923841
195731
684440
844946
907675
937955
180082
997100
551653
210357
622415
240146
113141
609698
103195
611608
742040
460335
462098
367524
286954
99622
755179
124565
32791
104706
473698
599745
139886
618691
10785
832022
466783
844770
469898
284450
597841
880799
288547
445037
549474
546358
825311
505028
595324
894383
516805
825361
169808
321877
513599
402213
442802
308990
868161
251160
795409
82313
574804
387400
337297
387495
126654
849725
215367
909967
723536
836205
289168
92949
987084
131547
922191
368853
408496
77913
855169
600457
592995
856303
700670
780859
900091
138772
297230
285460
735785
790617
283877
21778
569794
367397
678973
82776
673642
362459
854158
239711
170719
345432
402925
807818
802528
342424
97150
249624
575160
25208
221655
582643
752298
642646
686643
744101
770298
74388
613648
515498
185686
787644
64230
552608
710176
3837
993988
133275
17753
538388
890824
844053
157675
521926
379322
35266
465106
894089
752709
157314
48681
179715
976852
994416
284429
902890
346181
893783
22000
943242
320845
49797
16572
193381
63464
956983
693153
484788
832314
724019
153341
403212
679175
249909
355559
974172
468940
805633
921816
728915
67896
754775
786551
841182
127178
107781
854528
273871
814024
163158
797328
772377
939225
138472
732687