992368
675064
586989
706526
681526
523492
589915
186036
947103
456326
699225
829578
769797
198704
532311
64118
753469
772236
281393
200592
368445
460184
341724
103802
594647
960386
928700
810833
241251
154523
398612
511407
375356
236347
304917
417305
809121
772338
416407
715340
289403
202470
3621
294175
805629
999182
732402
616149
825575
888010
278442
924481
725094
827612
328804
99862
105494
960327
375795
989515
647079
326658
558364
295975
979229
533977
514273
869294
462449
517665
508796
715432
695957
466710
471848
314378
182805
731731
795352
502468
622169
383852
244619
472230
415879
709355
598775
158895
700165
73702
943522
859444
123996
175673
478992
93802
954360
847078
666007
871760
437324
311237
249934
248315
532690
165993
222116
15167
829872
282130
727309
993847
410166
219528
55702
676274
423748
36954
571034
516794
733513
624179
199373
456834
748390
214485
325941
786923
796464
796533
610361
999795
789780
458291
97618
404539
2710
166645
473374
572659
306802
806687
948947
394724
209059
630768
70224
374169
852801
334844
980943
921387
579717
998466
690871
594216
623912
431849
888270
308191
215402
573404
906444
121483
101295
103935
39114
350618
61060
837708
748186
517272
992447
611087
631472
24317
760643
231738
491133
92303
821538
677798
497052
253365
91166
973031
189349
150618
303688
196298
66144
477306
739402
837997
671444
160717
697152
304315
93949
635340
918592
746563
723675
188196
111546
354805
934567
182966
784955
986104
556257
352521
441804
183914
446788
113485
582775
857781
296091
900301
857577
389258
163885
594864
443699
293054
31444
994091
527083
602365
926892
398663
458543
75119
799398
630026
859465
773861
626492
34821
388142
494208
684927
49145
585633
334047
137740
379495
763445
943810
760221
818099
6191
574592
566907
536244
120265
476641
399313
968987
999059
817241
149469
257725
373045
563810
378687
967742
529999
376308
802356
573852
272897
148836
453404
769045
221446
343126
352823
49462
414971
120928
740718
923330
612542
848253
577038
21755
768177
359979
615823
850063
89822
174818
509651
62754
212341
274289
932330
511284
126448
205110
853714
924463
649879
123449
591868
894672
734367
841573
924681
120239
181614
831973
976404
633004
11514
175320
697128
935672
41423
1456
237970
674365
826799
684588
221010
813739
572179
232751
612203
371169
975760
24701
438234
725428
337237
581843
777507
68382
456145
92256
902214
301382
688881
876771
89361
588199
213319
54306
688527
690720
337478
456516
690526
969432
981354
890316
598302
94156
193908
539122
294405
836407
989459
993184
995024
946525
691935
949190
867412
857971
22590
484826
959859
698798
609449
258543
959850
22438
141001
570737
881606
354023
72251
70779
179254
174357
264243
899797
446972
469241
300860
356877
237758
779820
698717
856304
514745
206750
696472
724645
542037
463364
809804
696423
817235
366556
574650
625246
718306
603230
545700
712600
873617
204032
432273
120232
852896
678566
634286
173915
562863
15781
782030
721556
844760
792947
550674
143427
339032
492524
779300
904390
421160
395587
99805
449884
803434
697603
614855
589826
357887
750209
988668
754924
545013
499873
829613
96289
824926
514497
207359
660211
247483
849157
579343
877082
430359
766592
560662
787181
443633
959227
437800
593404
877842
393126
521175
585484
595196
493337
994484
776240
865987
622661
599157
775424
234165
296123
415794
272505
345972
962328
631434
783857
802661
167437
987618
365365
831553
429895
513101
326848
38281
616383
980488
416986
521110
277855
571932
697484
485262
61391
863334
162619
492659
838364
800947
690217
975829
306501
814789
367107
417768
30625
192755
70567
942640
325424
158124
610999
122904
106108
230875
470035
682979
30763
137191
415350
892986
401188
450130
437039
922723
123100
15105
117497
636114
992636
814746
133177
283546
590961
202441
585301
8700
430799
871710
274092
865440
556579
449424
422773
238306
975955
778917
368887
851843
43956
272105
574434
670720
742377
966683
674249
485440
232818
331432
896701
701606
457752
743695
175495
963078
964659
317539
626561
194549
41943
515375
651985
627194
561369
498163
244995
953376
204865
703565
58370
366189
311630
883059
421555
665133
884448
347677
515887
640807
523270
398528
637083
257265
302692
820276
339813
600608
942913
852022
718876
31639
673259
188682
164204
724800
259847
718905
489141
68441
414265
853304
256264
791526
504428
932585
740925
873221
322174
20794
927540
36702
479115
325676
392678
548856
656789
203630
683495
434793
375309
27559
487162
642598
931328
831571
852688
497912
57825
942149
648031
854032
500399
620810
808860
801905
912323
687214
223189
294155
131320
258520
47916
966312
389367
121872
216755
311487
193693
69089
947553
903590
34060
780186
946735
714405
417675
872750
660114
92070
531994
514107
326805
566152
993431
250024
916626
991826
448966
486695
496460
766852
257345
936282
140268
912202
638715
437842
737239
521994
928434
699058
454568
803868
473265
582258
265551
627289
449407
502271
396933
502796
922984
985600
670891
322182
567845
629940
103679
491982
739370
668599
862457
119989
427020
532899
850440
198854
801614
251731
712612
833820
265607
317059
425104
831439
809713
225299
651502
479558
659216
449771
663934
468272
334780
328120
259829
144654
158541
669779
901814
196071
123939
775683
512239
245471
581392
344089
422163
404322
320546
403834
277423
50683
229840
923130
108523
864705
356351
469090
106592
841392
53042
421524
439440
442965
225741
222662
718214
751203
744580
30058
311051
307812
164069
820526
414338
615177
349886
389215
898849
167778
987052
689448
906636
733673
143617
970489
365007
210488
464721
520835
691704
306459
77913
977759
105679
616064
285837
875726
472372
446987
738621
82203
974739
851846
64099
610909
231557
204790
209291
400281
602758
854280
359775
219012
265807
330794
291150
461797
963856
946295
932633
380569
141900
256138
500282
683249
656144
330996
474673
326325
707793
894088
527660
191372
582113
668371
692945
903539
844750
762793
520364
282155
764183
164506
632432
303664
780108
570756
578668
886691
529217
773826
71755
500297
639470
36034
392647
83692
793062
517045
962092
410975
727026
499743
103109
678751
534474
273550
907621
716629
454319
486567
863763
975161
813544
954523
275283
222544
892951
150265
827917
62549
907766
485278
275037
858422
806708
796039
414326
569845
238566
234631
713203
219695
417131
550739
423932
107066
387873
170939
25489
921767
288702
723508
220918
690790
856204
196752
355451
417417
788739
365454
320807
431009
412740
6286
793089
896965
405488
611869
102394
969329
968675
520110
41402
13770
790545
999338
705605
761919
428603
610462
147466
543692
825165
915731
388808
360472
941015
471099
434525
52671
125350
487751
206189
610538
973566
953558
977707
292313
223863
982727
652999
58882
660977
442351
773108
347091
766326
126182
638357
521748
606954
831100
466435
339368
715697
504393
370493
195826
700893
179042
210413
682517
361554
567528
961555
470163
31033
220090
316112
39703
218525
512330
273
287950
934309
491533
864150