314076
40324
821118
666025
737578
588436
241094
680434
49841
965177
911292
118740
997802
52789
533959
833052
36558
698798
57261
389979
556829
471886
915941
232395
76666
465019
10506
502617
897907
32174
73132
4692
526303
489586
4801
705840
595936
354811
870905
162614
706696
503585
821551
972684
891160
364983
967867
469980
804644
586060
114532
636196
740946
437118
523827
876442
290817
415477
625507
872058
172294
294723
302196
403757
61201
838166
140574
131799
605742
480600
398435
473470
263976
354532
792957
431890
594056
942948
590775
652189
929147
135243
754008
270984
932305
323052
680377
885959
183202
811189
491320
128290
697419
969996
210053
602593
167638
635781
714074
807956
320375
371901
990279
914300
241203
560406
866091
676569
897372
490127
61311
232273
858167
214206
709324
408442
836478
522989
49853
968708
713472
221519
524367
73542
718502
216797
231140
61219
935890
967058
936311
578969
250208
494015
598698
877158
457678
991883
190332
878359
518456
37579
246230
676782
780604
33978
368132
886447
582012
112917
659521
179783
952513
215894
70186
662426
949756
96010
873877
42279
684969
925265
940475
928730
419469
521458
669456
626031
514590
642073
694644
560702
438017
831150
552193
319591
699181
262034
800261
133018
264623
830840
415178
3907
693448
451550
590608
949585
439921
22887
725020
643170
124095
797143
364329
813517
660256
709418
449533
308491
486725
456209
932247
572674
729754
297226
841924
964528
148528
619483
264401
241648
262972
533994
734619
120876
790329
487868
297602
717920
736040
841800
425660
499270
226360
478647
896518
738532
156608
744827
447220
332078
310888
471433
37226
803608
657256
83636
938211
284733
594472
678183
811246
611877
511879
71999
269818
988406
933624
461571
671878
973242
897990
977857
975162
605769
491000
765318
822932
525331
529487
237113
171963
101964
965676
557524
338672
380340
812686
15616
744994
375042
994746
821645
528672
733420
965363
186955
550825
944598
669737
37576
189791
86805
262190
407205
719322
777886
721635
644631
340761
871695
15217
204920
830356
410778
151731
402311
505005
801482
71793
675970
472644
682867
877384
111519
654441
535547
664293
731362
652973
644158
791920
89885
869585
484130
957957
573386
117408
713337
389341
528382
454361
86028
439563
816971
850948
934986
926883
65333
411237
423501
172469
449358
898574
993989
227703
95857
945423
298243
863040
43799
563785
177764
7921
887065
346081
752792
401966
638722
611664
725902
962634
134224
802326
548798
867009
998088
397902
219922
325406
357939
601821
818418
880701
59960
764740
476715
343915
392151
496086
743099
826153
642432
376963
198139
528080
811534
91730
427305
316430
714467
341101
81233
756878
176416
321110
446616
562038
838401
262520
255013
317706
726228
829272
777644
943598
253140
792234
166488
17672
146726
166336
169621
684036
880047
87965
605367
381105
132496
904488
258378
274440
393279
925052
971063
783309
156675
454300
586191
560206
416779
645508
184823
368585
993132
770138
376753
662507
806966
152900
927107
617842
981489
7699
189509
442291
145849
994652
493644
101240
345395
25704
479407
899841
744107
672769
122354
666539
578700
682093
709847
165679
296635
800759
479485
335937
152400
365800
817202
56984
785841
754261
81309
564621
555405
364242
637185
984669
963378
986948
140911
692169
81356
368212
139083
463453
158459
215616
561208
496269
779151
112779
145635
895034
566755
249749
240937
386260
890899
209797
296294
910490
640347
883362
289051
255934
776845
906433
947451
393188
988015
990617
5202
544072
550447
400242
496658
166526
659075
696124
397244
747477
502433
910780
155240
478357
5464
661217
583025
766952
711882
658101
203135
694357
352966
663919
193266
736999
179718
790693
774823
163756
645890
398174
469547
12953
5870
950214
417914
820555
59991
895995
442610
200232
804501
721284
518361
339300
273454
334177
81991
209888
433736
502269
342834
987948
273416
388736
411412
887597
237899
399041
530939
640858
57919
457689
273453
985824
840096
150994
866485
247014
974539
724735
753358
895275
86016
480485
716779
485258
779001
927959
686369
60960
93473
300127
872242
744388
189171
83672
32887
483317
72368
73625
778089
27602
990780
812236
176588
75458
120150
108828
814136
40755
354610
359820
390981
540160
938165
222437
165586
425580
473740
311944
893490
40907
774762
785697
427444
470720
732764
143100
240206
61921
416778
980401
475429
65783
707468
480891
694588
415457
820262
489703
311798
504280
263394
682088
400649
983884
732297
722439
200706
565294
935293
531511
803630
862919
422454
936647
831980
482565
507927
582448
305229
278166
622892
398
466853
160493
459267
957676
197873
921378
460964
52408
528612
592822
663021
329941
715280
723828
342351
751503
760750
110514
864095
475434
375370
318007
516249
670035
94926
778871
487096
715064
643752
612793
375403
652019
534107
338265
164724
170273
82591
315690
929186
811601
886326
383155
115561
565145
923469
834010
840027
520194
923274
449375
736261
626787
656696
864319
698152
613835
891597
220089
742227
675096
957716
857388
283098
171748
495355
584351
795445
171167
657403
520667
704823
82168
128991
102259
171880
724725
930548
540132
93826
282595
939148
913815
550533
129767
151918
69763
324471
572146
915869
744687
381563
848339
657795
280469
957389
978726
516155
497186
47000
237610
749560
749722
817332
55473
69781
745113
33599
98928
999865
150516
987991
260470
284838
213118
633137
260154
746079
107623
4313
66189
715124
340030
787014
469230
86187
791446
352729
977596
916813
387399
102194
24134
543178
711948
208815
871358
691337
88842
641282
748109
719888
699248
996270
531328
598349
150201
987678
826143
150719
105486
931810
438174
782340
117001
122887
772973
19775
851221
979921
532650
643109
595889
163095
738358
424229
737107
729020
771109
21362
492201
133829
843791
188014
814394
342876
334788
182132
460588
382816
489180
423490
579870
302951
808939
777985
622645
79825
248404
260915
995125
995786
476469
266104
289157
271643
402048
319357
144661
634925
66281
812674
476955
315868
465019
349125
978296
198132
342854
422352
97658
788747
367987
172636
109690
493435
304120
976353
772902
439162
60454
253883
488025
231127
691743
710714
539110
670098
37350
943302
49588
205913
286607
416749
94595
783771
238997
903691
947533
650635
381194
226069
993415
649587
307881
122754
742598
870194
748551
710870
990655
454228
409832
141772
108135
382476
178542
898911
880121
482768
970988
409333
895894
798097
725529
592553
140358
772246
215009
403315
401436
910324
467157
891126
200120
504556
688001
12582
542055
814881
727326
240084
996581
823156
644062
914456
95682
854718
341925
154394
470689
133801
645400
460861
394205
628715
33997
959784
54471
45089
386402
432177
11915
869828
945961
961256
801777
863306
540993
723262
899967
315611
984256
481809
707195
642158
822092
997013
230285
251136
117833
685408
444931
824625
417004
967953
670703
417915
277295
354718
252459
22863
929501
943226
578301
700494
9037
611999
912149
109920
177899
869437