779164
82699
834237
122054
181185
837608
579392
466736
845306
71937
218353
854151
369021
341083
225931
5713
324402
453936
894376
833201
846683
51298
342197
330091
312333
723421
478597
845715
787740
896264
356673
38935
611285
583783
854268
207141
438628
814480
812900
550202
577622
158535
185172
619273
207417
717753
355719
837060
565600
246481
320040
217353
74563
608059
457157
143724
898563
323891
256737
695773
260426
753097
717352
397174
212753
179059
271485
216804
161531
507470
23663
279791
371551
725619
43403
149543
250915
302194
142603
352621
112195
680878
200236
430363
896689
252757
664605
978641
964695
682809
163347
51485
859384
540240
279930
704582
298868
124613
326725
347573
446954
23608
50982
917313
431031
798233
889178
289109
268573
144860
14812
741760
88832
598809
444601
861145
797386
868420
256131
920141
32621
978372
526047
426311
881096
637426
862970
517626
722467
511471
171928
925966
560981
516130
299468
288357
993797
787469
727748
332936
905997
344587
219836
863987
951162
338664
703443
744057
4656
130908
87611
353749
872107
137126
65417
86991
177440
299138
573484
110663
890241
89414
552314
639266
319008
512991
877286
87118
285035
583266
700430
72307
577365
113617
11953
624311
83990
354221
215614
270830
324680
629298
764807
51805
563122
39220
374548
777961
428770
665556
808596
463521
559923
276063
26479
254949
646383
555459
329975
209457
771021
304110
735868
571658
842459
460805
419838
554115
716599
151165
901693
323692
314999
232666
746413
126488
310825
571586
661126
375050
609396
197181
610103
907260
341917
67276
629754
544779
963110
503074
515459
764802
872784
961795
432850
98433
10498
940472
590824
829897
798978
668780
804054
22439
218079
896039
73648
728827
624177
48868
239137
850533
681592
595088
466584
431563
869218
361762
813856
697544
69033
403409
558286
894260
626904
234039
465555
45900
327085
52160
617137
562942
97114
757454
288587
892692
331686
65581
370132
614138
763569
64046
701354
618413
678228
726626
631931
911938
769894
990773
411557
772945
918492
224420
461404
5948
773640
668508
56836
878175
937026
804145
69599
977814
314596
937847
946144
749989
74222
555649
631838
322632
970314
674100
808740
387288
883115
553094
211557
351383
856911
645656
426701
356696
895459
635246
829874
398286
595973
511047
621097
937391
201316
280669
366134
57988
916931
255867
353755
656016
519581
155894
221905
939034
448803
629833
158741
680857
498081
30161
412185
911036
956990
124961
267483
544211
559906
904323
768467
398621
545714
965324
442502
469295
535286
438363
978552
753277
367708
33774
633662
401352
110614
546720
590129
722084
810398
293571
406975
480485
276953
10262
10267
249637
702105
479395
903189
838069
829245
754744
276740
308062
809843
560319
973727
510994
502814
422716
925099
850612
296402
618979
224975
700609
874812
526548
360835
509273
41055
666420
431335
986350
260729
568681
853168
521160
731076
829169
366077
694194
16536
493536
916103
247173
245678
432884
686391
833614
366271
564694
519506
472031
881802
996272
420431
44911
720501
547429
14602
442414
545163
103410
533137
17002
414244
527839
356954
517719
435554
726369
693079
47230
499991
196303
490722
36805
419780
718143
25683
845207
56061
479165
151089
72495
716136
495847
312005
430278
366052
529768
422026
370327
778502
621839
449856
109259
429438
143627
291680
215943
697880
156997
245353
131790
667486
845658
418649
881683
270428
953076
47479
613983
883324
261700
994317
130331
982927
913821
854452
416315
251500
985392
553095
219527
342963
962912
535737
92999
364715
571713
661379
403211
558857
55346
533045
923156
459666
681620
149486
474658
520983
457126
963431
204635
384799
754495
912937
402901
435683
950567
821343
355136
664947
485138
38598
911219
637686
632121
172224
464401
934542
692118
871560
576536
942810
458045
254401
749958
220757
800146
821351
583592
651420
758699
983014
265792
780044
106883
973449
260434
370186
388567
493515
819787
269596
885728
358090
893455
619124
274670
928025
234078
282317
935774
958708
535777
730798
203128
454543
879127
664332
414567
898951
960791
718861
547733
96250
414209
560806
208739
244338
650501
266789
424578
141884
202895
845579
352113
847191
23374
84817
996947
399944
122720
690891
116524
656330
863964
21930
236088
931299
142011
114076
136232
116370
251427
121806
157818
989861
706578
758161
418483
531687
173347
8090
741308
209973
31168
595940
720854
978610
228133
386224
572092
254288
68108
939884
748756
973967
291259
128370
493649
564483
310758
826791
728744
270157
708161
762436
25324
583980
620647
825457
294792
851500
173408
250253
249753
519740
966482
922123
142630
782621
32263
443254
9852
47159
726807
502548
886826
678150
174962
307497
878166
186545
254220
204883
750587
513339
486501
668946
259840
702290
574900
133610
73845
191237
72496
787937
120108
366419
6458
410787
370
123038
602090
958918
592297
696255
770868
454823
835651
155507
928566
776819
326109
631410
425890
992962
573238
336224
582851
466909
126218
617437
343085
663968
84879
655223
653766
720059
417931
767487
822570
773778
720976
210745
565376
33797
724758
731564
630167
773002
30259
341338
272507
335221
418105
390090
294874
429337
451180
80833
516814
859721
605214
56911
138119
797176
943977
801157
554646
994686
512521
796868
912216
966715
280915
743792
988285
529686
219926
681220
546100
114655
786509
448576
761013
848723
83069
124349
847274
283517
869297
272928
656187
990777
512912
371629
9077
750548
784280
491315
325014
238415
737721
713509
306551
358850
572688
513993
807446
185886
11646
752585
521855
733451
540901
213159
385367
375280
942015
911054
677765
364944
458522
775107
573629
651217
535220
714042
423915
660505
584559
804037
47160
128401
112368
887784
124987
918027
79642
509255
419327
164544
203747
713920
747565
844530
125071
586966
67734
121392
196881
671618
667935
663032
737915
888302
307658
565622
919261
927996
230685
764459
181378
427200
553713
336297
960323
554959
587352
995963
829894
515119
110252
185121
581271
456813
274864
960248
562081
718222
813158
972344
577288
815773
705773
49624
326886
790691
524499
941516
47137
866357
222719
293166
830566
340903
919924
662011
557444
752031
552579
324852
142247
728388
290896
669668
391343
759188
649982
290946
733868
641109
490490
501420
897720
292451
475553
874387
598322
375976
67919
547766
150226
518506
82309
978887
419566
236863
710518
739369
161800
147035
900590
319963
749329
288202
924256
509934
782655
925305
861642
181490
603206
89326
533127
872879
221685
698392
256177
220751
252784
396352
508016
638553
971270
467487
993764
143192
294510
808778
246187
219034
554467
502665
858959
240724
581913
982725
954319
747171
736602
848351
829256
547437
568450
502493
170560
838374
54547
564927
502479
145967
719158
586608
430827
340824
985231
706072
634958
949638
640059
361166
526534
366704
28969
97771
434393
206851
512210
775162
215634
488230
885974
146251
493356
183447
496693
836390
63386
208884
692390
735197
689713
6870
221655
27515
857715