795717
321583
585222
9581
986393
313849
903614
83811
579524
186481
528312
288828
433103
74650
577760
100609
324323
945252
433484
722544
495594
691431
606066
429704
584530
616124
978361
986228
638896
54968
143020
310098
393857
394630
201675
13662
962763
880672
168444
957055
281250
84650
587039
704174
598214
429995
648639
201791
254954
862056
159523
545486
792783
616287
451525
726151
586063
364253
127386
76625
84150
806588
753104
780056
734859
695357
409814
212789
346604
292030
276500
292157
167191
292696
322748
267939
10885
491479
977016
33738
992240
860246
779587
46316
611702
670199
869908
872352
873110
764477
643316
502091
711126
456006
507633
12197
34247
636647
594219
708327