945532
10348
439195
972981
93825
787066
97504
778816
746984
719
830930
100945
911393
902035
655584
144023
737963
921589
199361
485821
946838
887808
353612
160147
951140
439831
648934
491166
170121
347853
639893
805496
607122
678051
938483
378597
331106
311839
772799
100852
907286
105925
297678
795279
232010
188917
232863
267999
561781
338208
971915
378334
760368
973160
338331
249082
580436
526868
12404
76707
58112
472172
503533
211122
921978
50103
956609
283125
834861
898767
468832
24155
102224
332126
193824
807353
49768
703991
705296
403510
902947
280595
117165
652057
621733
161510
958446
313901
879137
950237
596026
1487
905501
996983
405754
732820
813911
560829
801480
724569
804486
239967
96646
288232
367673
913645
184588
64579
147996
250030
732793
576209
259034
924193
39466
596194
621276
553870
989705
29729
626670
771591
93949
495893
489027
862208
736511
225939
337167
534856
773133
581252
777170
696419
231479
513359
405877
319174
533078
814307
809485
365999
482780
726626
773308
719326
624263
211117
124726
246323
967856
698056
295777
336037
228544
940842
860438
934876
168961
744036
236549
412013
773330
893291
425333
226480
702197
429252
890536
382718
897731
829067
138780
885580
233855
883935
199150
648927
910535
101613
858330
964779
111590
878936
656029
73612
410183
606082
785211
427936
781636
855418
169821
796927
90781
603010
783122
67671
185093
480507
738806
18281
610005
371567
216304
811802
615460
253499
914005
861751
842478
176343
712170
454728
120752
310468
862342
788111
231830
822929
531158
636894
654860
31817
915962
853138
972977
390716
160141
815471
674666
328616
935427
743769
788627
817860
858795
125677
480143
116650
208339
324794
195072
444383
167050
106208
787858
72512
868416
724163
23922
464074
585226
703403
166877
752901
245698
907451
373651
962126
935180
517003
573226
763456
454579
435813
483134
72958
244273
812825
477254
931680
173197
818493
578882
905400
439583
882821
968528
455936
743407
88954
603806
825121
73020
762074
633402
362786
294232
431501
101318
45611
488112
998207
592071
896885
537642
861086
719388
677329
659687
209650
259211
377873
509928
369363
553335
282199
669068
584076
816174
239608
862583
770443
987359
231436
270031
728705
130537
27925
628960
331676
528974
710281
724383
238622
755142
347581
617740
340442
959920
640432
113072
410891
807459
698866
258630
156241
466403
232431
18806
764617
22767
411292
582972
706439
98935
177533
750184
791859
144747
930640
204926
936381
672175
426586
992381
12350
214251
773387
665597
804013
531646
448784
970289
636986
38162
309174
965133
853962
304650
337270
655681
437712
193049
623329
596770
803013
770540
642729
527978
127619
86087
276617
80662
455171
991790
996818
207854
27569
232185
715027
149473
913705
468427
931877
38030
826321
298652
281808
897503
770771
138865
700061
676880
213621
741165
346938
449614
922006
994050
841219
452410
801351
915904
178291
87180
69827
467022
97318
920276
397645
428342
950858
867356
158437
771929
237218
769514
252710
405252
66358
537570
135743
939803
707483
463943
476940
51570
277658
220258
195856
11707
828288
627195
441681
670489
130178
675588
980944
811347
886794
939094
545380
126820
613922
942290
853234
734511
532412
236586
655179
441039
153563
736440
598178
629773
531490
853132
966120
449771
635639
201603
149894
790493
959188
951954
3382
262743
360106
717858
86463
89537
128242
65430
987915
97864
721937
206312
307302
418766
979878
773553
138261
964161
970356
145031
295249
602441
597543
994752
137247
568155
37189
390293
733709
622187
138738
755106
400587
983550
543455
486218
164771
928541
762513
285560
522070
852709
149450
263872
281493
428028
922262
452835
421081
303134
557875
210481
746079
158357
506205
218121
733763
70727
228470
43068
258104
819881
472655
580432
679842
346578
138582
683809
173392
645802
675356
586209
773977
782721
431168
780351
65682
833532
856829
199654
373289
968362
676174
996636
346785
728820
339258
781707
689514
576691
521279
845469
561244
343964
742303
516288
514448
247254
470785
523145
986843
938732
883398
715252
247272
884638
876650
162634
558129
130898
391634
738523
546970
732392
175544
152171
495722
982763
288367
145257
721382
720931
90965
729050
727564
139015
764821
743893
434857
785295
921110
888551
348183
7976
782788
629654
121111
879169
228729
883011
186759
229379
801351
113385
217407
440861
663716
604674
999566
820092
897203
381832
804300
184410
845611
882712
486812
14638
60326
13811
86017
434113
478152
95455
161625
725473
496650
823403
63097
817582
84258
646095
28647
659729
466769
654001
714158
328653
472392
951428
593250
313453
495288
471563
819504
345117
255477
347132
165857
910165
437190
923263
449707
102704
714827
217301
613300
301723
638027
859030
373796
597993
662362
264467
706021
945666
234083
483290
97466
164860
566808
961687
158969
856578
696243
22743
503398
676912
786407
770600
287918
481281
753576
121629
544765
668320
258964
525678
534972
416090
237052
811835
564394
649525
112979
795569
996822
775706
435826
889158
575927
870253
591110
939166
608104
391869
734935
776527
733186
474583
679029
231618
757272
488757
342337
349488
26889
695956
688853
334540
79558
362659
149009
884992
815009
780887
525763
34511
705421
593307
184434
302681
14776
479909
922184
712381
396802
262820
770905
316952
465944
424918
880980
419116
240434
58165
383237
307741
266341
14161
857220
735636
319461
240889
463102
904646
317083
745875
962909
137295
731551
314443
262039
173496
342034
94696
859280
256280
384347
243770
514349
368342
530812
53040
423030
101452
2000
94534
520295
327559
456035
477659
705556
90859
895086
547360
490230
534963
561837
136813
257749
149015
948447
136430
897364
902470
823258
79802
822100
621587
161672
129092
367430
265324
205442
498410
784721
600196
584135
182443
40924
132051
99416
684406
441464
801331
782388
845021
816877
438571
414699
864104
288224
597065
762850
670406
655198
638888
685090
350239
619271
11793
689948
467012
953561
722814
998397
584328
285656
101754
358954
190120
522199
137124
914265
617829
271782
546002
561547
382579
872601
509777
266601
414666
81520
636491
902458
197785
147560
716674
411199
452442
856093
553400
56492
401920
449434
582385
732163
798862
48063
842960
924558
679105
882318
360415
410616
570541
916946
215210
739272
791398
916460
602250
356795
310933
811835
645887
48766
603178
792039
955127
164997
85680
830923
344619
958987
694012
984892
858601
930214
85631
272442
232620
857606
279547
88499
32935
73930
378770
779246
699297
670334
634426
831386
911225
205237
283341
145652
310027
566527
980349
71695
984235
688520
1317
505411
550158
307021
331066
394612
441609
406587
447904
313406
330673
891302
93081
982650
204321
451299
742040
310576
117465
434626
130740
141273
268419
314603
225144
61903
865618
78612
463703
227667
16259
393500
825533
159611
905286
68295
186752
325046
936181
192215
9717
937789
714242
417219
708511
181720
50800
195734
631555
99466
672760
444263
699415
835995
640524
785649
762584
888832
186615
751950
798203
355240
190947
477653
292603
892005
200565
715788
950929
340341
673363
761868
210434
866605
184965
314416
761426
579457
660409
595257
169366
641266
980000
359042
711719
517268
442295
365722
542003
462907
483616
781699
840493
194242
268910
618694
368932
935223
659520
468657
557426
383526
891268
336239
554443
113729
59421
200514
590261
471913
135391
543711
530838
213147
216055
764645
964521
254330
184040
894268
910283
889972
973616
200966
190898
159380
480393
824389
787644
333028
878731
486921
302053
654909
670254
778963
559699
993965
522862
75468
854540
186243
524679
447323
448711
628473
481440
806375
460128
825855
384644
534313
17892
428448
614795
339692
978636
934099
656791
729508
990279
367585
562746
121513
39856
976557
841013
405262
163295
993253
729564
707426
831323
78532
688021
703811
158701
997889
664127
389401
423696
188055
786286
597174
446084
72882
778965
92744
326977
115059
484861
146937
962697
897056
403185
856483
72598
443179
326908
385523
358579
275549
482826
542105
222887
642463
924780
371945
881292
304357
932919
949009
496253
230904
318348
604087
805741
161438
54449
902575
618773
674855
239902
32982
961733
829015
170901
921038
50076
75435
910184
707670
223891
117258
14430
870596
446387
830409
534384
224354
973991
566683
733038
271011
779756
793236
461119
777536
729572
749144
339461
452980
762058
57124
379999
706832
717824
733112
534088
142779
627077
857760
785245
956490
764610
814814
56315
808120
663683
903606
690502
794562
358147
398742
960327
267682
541408
580447
809645
514789
417709
939668
811188
142827
805094
155294
299107
484219
430270
844281
56751
372673
617813
680511
862845
946085
244934
232399
331845
890952
195036
814874
181458
774557
747044
411914
121318
549154
802717
726606
422906
611258
609356
564614
956450
303593
100524
727496
908495
565227
271171
336013
374063
700273
389648
764732
534319
554809
71329
208336
888352
189961
91201
349352
46135
537415
213965
725803
122863
721400
907943
775509
602057
15123
9732
755939
92531
647809
851681
440407
795271
819956
231059
533224
613482
240673
754299
827722
284821
282523
329239
19861
431024
107725
703862
216020
494362
945044
299908
354861
596677
61431
206211
306152
290495
397188
175771
865885
949579
428616
44488
734783
823726
344682
342385
649919
541829
711716
647385
378398
897427
239263
387822
451858
850905
274027
447167
864532
755486
830040
853707
925316
369806
468147
131252
977146
419327
637536
987923
312746
645070
830225
441381
189107
215656
464928
473634
858884
310949
33871
690990
753451
375438
659993
608872
178684
401407
575860
394081
769178
244136
148198
568423
45989
920941
143233
780351
764608
358318
774589
835440
806845
399712
749360
313660
966568
622554
378220
756010
42797
962028
818485
642686
185190
455530
14301
189195
299013
36230
253119
678303
405467
105115
386900
864604
427651
466310
809333
603494
553581
475759
674733
100344
404234
932838
29626
883025
145681
225832
890913
162509
942765
175680
329643
825678
642883
871818
576767
943641
863651
199571
161501
280061
341002
559132
742260
633325
656273
96829
363937
428207
471991
58535
360582
289453
489670
311810
766722
403433
970724
181749
212946
366734
668152
198915
752644
151073
771190
759826
912403
868758
327433
621128
617444
937599
306396
725774
290524
966367
584006
577526
685020
627293
61775
504633
961690
366996
169059
768345
582941
919431
731090
774245
846676
525170
440322
338011
550548
350204
536690
196903
215213
647112
608555
334474
893927
155114
511301
665558
640798
105911
570259
551061
519543
138613
610796
359498
258494
415153
394967
132367
325342
762928
462354
781661
49980
986365
246719
438955
643696
315425
4204
947949
202080
899505
555645
151165
781947
205569
522232
382871
614735
734198
307821
17983
327496
693178
518144
43069
528582
848008
697813
716424
347673
693734
276246
551361
393436
341811
147107
770262
546475
971094
788503
962055
474242
861526
505907
103493
286515
197256
574826
597046
211331
384611
368265
188374
241507
248112
107648
67831
306310
986140
133776
654121
699619
294895
963283
968116
957193
985495
137315
278914
941529
449246
635816
812826
113957
709883
316418
114055
519140
298756
807631
23383
696782
356225
946841
126591
14682
758747
89247
718620
608274
282739
125823
467092
416143
880975
806077
836059
458391
15151
632434
510289
629455
148286
262483
536777
872671
607396
839325
183013
495905
864120
250458
742429
561220
684371
261267
767390
665795
122879
501266
485071
908606
779535
750355
308014
616050
824648
632583
383321
116378
478653
860356
737705
497697
678136
225292
62585
954114
619796
550071
416644
844606
781864
185216
791788
502393
647390
764458
176087
981874
882401
653389
275956
645533
214261
884289
562972
831455
396256
80037
631187
546597
707398
38285
239597
348578
688402
81670
744077
225379
383888
488710
959113
319376
240537
908469
748073
759873
165861
847634
729167
750842
227908
681348
935216
59525
521448
183294
744320
113771
858138
98829
336876
228750
765901
426881
884417
681126
968528
32502
680298
990230
843740
452350
798230
708010
685389
284716
916920
574320
999662
455487
571624
884271
146221
618666
572583
980936
821230
51260
964928
723432
202747
634353
317193
552680
635544
585620
732361
815681
659892
501967
590259
837551
992956
369873
958097
644897
224330
668698
807484
382809
706683
224422
863943
786534
1695
465652
163196
400188
801481
310129
931838
308717
694597
97862
378509
503942
579945
603899
624680
201224
994628
101894
474765
855810
332148
25908
565724
136776
675924
167475
404314
753682
235858
434745
436625
32306
96926
357205
445460
85555
751486
959056
972255
119243
892478
15295
562205
345342
466501
500648
142660
771151
760835
435023
832924
53474
299783
548828
402653
190323
583021
271530
370869
442989
157940
67694
267048
388584
249006
662466
120594
499842
276368
666637
997192
28697
57257
465105
610909
938146
465776
534289
554176
547177
392630
446301
116675
145445
934586
19068
683382
603511
966555
858356
632178
288575
719912
94648
651313
563291
410579
765039
899482
601149
277509
188957
111900
853864
105355
112304
135728
157383
321517
295657
228032
36970
557663
96741
903526
29086
413201
488648
351501
727975
881441
950597
660212
676700
537137
485643
394641
814752
208338
807759
654994
138744
228191
200562
549502
319374
398759
613264
36986
365057
736898
678564
486824
552871
500292
454491
529322
560864
466576
670068
249796
493272
810756
428432
883680
329944
403474
351963
631338
902217
559022
405463
683227
702215
388195
953154
349524
769694
982593
133092
175008
977444
945841
18871
411228
971507
463977
206578
700851
88000
122554
389236
95489
16605
829318
561930
120665
249415
928464
808029
696034
184685
202860
518523
455772
847486
124309
830848
810560
272109
273693
233760
679942
606660
982335
758356
566464
479906
254864
685983
52132
829779
229076
838588
943911
245514
670957
301414
201092
331069
874223
581827
591771
224285
281807
294382
833719
427057
104377
831264
655144
688974
262144
194938
191503
779957
4016
244401