854476
880482
513518
582123
310868
494301
378074
631194
584791
19467
734135
934454
317626
490805
839477
46330
447556
525018
180684
355011
695477
289967
263729
325277
871312
208951
84261
610406
426234
781370
940775
701921
631291
413733
27786
50714
732641
939006
761249
181745
334787
259457
784534
227460
545827
113180
541082
108093
994669
819204
567094
43637
738588
168050
138753
5763
821180
810366
859050
970726
901962
847958
317109
928842
161207
396891
768451
598138
169419
296024
344073
512163
537255
935839
142947
800385
895203
769218
11393
735081
889365
663083
89215
244273
399219
99161
330835
758207
981968
483447
57824
710701
631298
650395
422631
735446
328677
822808
634909
424000
685624
226560
72471
914982
362340
471353
715169
877088
179741
691834
455535
198705
182946
875235
582699
346157
164574
411383
188909
629829
647921
616183
464457
454000
405832
928923
237569
651512
297768
664239
478363
22943
801995
684937
733774
848428
478177
163555
579158
140949
753271
570713
475175
243338
329077
707008
58686
102620
787841
318944
808658
607112
40770
89936
422825
726884
498815
694893
445832
358885
39205
464886
820931
729354
820071
157639
901682
725993
73088
909744
13956
151956
983380
778290
344173
553128
200756
794709
184123
754034
178752
323177
783879
302461
232359
388759
975494
620476
730123
289058
283839
238672
109183
182848
467223
883255
394162
17935
118792
128403