315124
735325
556260
957122
632883
750276
998570
350807
283665
2153
485443
646655
486628
988021
689294
79204
283734
941396
227156
371197
763086
827317
477617
314140
742574
943517
177324
966227
154677
636905
135720
423236
769539
461598
871156
388676
850813
93934
744637
772012
859399
359178
525539
211388
566318
757470
465704
168296
703854
667077
44943
222578
228299
743063
703781
693913
912881
445174
76862
624917
595776
20007
304199
388367
141589
997735
591411
558980
877061
353895
308167
81217
916086
315288
910401
271630
732249
361884
35302
452199
52231
362267
914151
209893
883767
17271
666479
592252
749338
59223
912524
720797
243987
742560
962807
718844
483734
802498
472641
471852
923100
27310
217436
386470
524096
914790
734724
591720
535290
583148
216328
716410
526453
605468
996409
619404
314446
251158
158317
158971
683627
862931
323248
960946
401654
519129
921097
575021
864373
522697
160164
215449
724616
763222
842401
215703
504958
554448
654136
145824
789203
515614
256198
594754
417930
526474
962297
266889
693283
50871
931157
268025
458682
608749
686816
370807
530812
981589
518128
393543
572230
732736
762255
525103
79964
867809
923656
689339
32322
382363
734481
901786
582842
329397
923988
591206
61083
892907
384988
755777
944395
191710
589273
887066
879385
659499
411535
541775
171129
682200
831905
725869
128029
316650
957110
182930
250028
784021
93125
150580
478113
718667
523331
364090
20739
852086
240358
911432
489148
75392
428564
215640
971353
648463
467693
526787
67421
583951
702194
350880
329410
484327
502160
386755
133645
606733
284365
992807
696973
562549
380110
87462
236784
911460
602434
424164
760769
814052
889327
814604
523137
376848
821911
236530
828961
622351
172166
169240
613978
773981
690747
442572
793642
319813
522865
386350
65580
528235
364168
142224
473874
912901
347989
855734
416449
52522
761347
261948
765512
200515
888932
946775
192382
911710
951192
61108
409912
371809
359064
638972
437540
276059
830176
371065
949894
800118
902903
838674
179724
942921
7644
241906
778127
765706
858127
362631
106025
490848
501368
262567
263853
910039
99064
939788
71879
816557
976267
103424
525873
105289
242327
551252
219407
742411
685779
923018
360233
292222
231063
784530
974914
449642
549244
46641
508569
480519
849967
937022
25596
75148
29847
664135
736963
716004
955488
213776
114736
625154
680164
725499
666977
226956
823990
670403
864431
112882
956938
231586
941607
168418
240004
409043
957091
900116
37787
853874
84484
466752
330090
742207
171021
194160
297363
540801
500063
854639
491984
692359
656141
876769
956952
144330
24923
62636
335402
165358
572184
285652
830904
972711
971157
651685
111027
173624
223873
920777
420463
936343
202914
515513
893811
440493
390834
644048
714592
164089
694100
981435
752188
721428
108657
954317
287385
309263
259892
971375
467430
118712
96862
133109
279634
385468
594374
384011
424984
440678
317041
149838
879852
685190
890570
126327
873984
753261
924670
130098
140979
150420
69430
754125
809687
384284
796338
90380
81885
877103
916607
486297
196895
671366
323284
571992
943370
825605
610639
975833
723174
914625
764615
833255
451332
819809
977677
381245
22339
305506
972100
275352
69438
339764
48602
365800
759573
438594
316642
152096
913175
575823
780432
742956
983753
937020
776912
815170
604438
757606
892419
794770
877906
124716
570711
299415
407980
438990
964545
428303
916144
947632
59482
165447
304887
787518
548435
992016
383660
296874
270102
110286
518139
633297
235451
35118
80855
264828
933604
161335
698728
698179
81846
317242
942224
658763
198772
792740
409497
328111
630201
897906
831997
361724
84370
400387
714896
709527
761078
867913
107278
497978
936035
738393
950973
790875
78934
108963
149055
461229
234470
744315
933750
49215
273789
72213
227539
20419
698804
55184
804158
885610
648202
157481
344924
530602
576193
715216
761599
573025
47190
344727
825968
836563
185179
962951
243921
251152
854130
35661
17586
556145
678440
42322
428019
12992
623467
344040
671121
204663
680810
848416
440078
723745
493575
237432
878273
524061
150843
42225
73015
722498
239047
281983
892933
918172
534611
58330
833772
596115
704869
953202
749799
77420
54527
830463
440659
331433
358805
303926
620795
380492
432233
256599
851520
823226
677061
693475
11617
795066
763285
723820
410093
216860
768350
713412
74498
241462
857823
943959
979584
384778
134018
288469
337808
189763
522879
671175
753162
9502
750030
449539
40328
840870
594182
413499
118021
427543
466711
754735
804848
113252
441504
199619
124115
488981
7726
717739
502811
549448
622611
776770
11587
74007
832798
815866
800609
956378
162556
618990
896077
575235
967658
22292
164714
961768
170966
395726
582226
458462
355026
695647
651362
41088
596467
164347
977119
896399
953292
563191
309123
413555
562114
162463
924136
586144
479372
294310
714896
948756
737290
946872
707727
127676
414078
667372
928981
526583
778283
220181
691484
736626
431688
173495
925418
694514
100833
330775
34435
512624
768075
573228
123503
603038
612034
760113
930659
814280
477473
457116
312847
11862
748092
250408
803267
535918
492573
136847
559487
59638
773786
393172
279893
625207
181712
724348
27773
817309
492734
761564
338485
293274
568384
782350
738771
367083
313701
309373
846313
708915
311472
416736
947219
763011
30888
410052
630495
876987
202780
588353
775194
943305
495479
47374
876019
544080
542011
675569
676430
270757
46429
544527
687400
129971
940221
796769
771682
338750
679553
279943
850860
785924
645261
520503
672463
827904
961121
578382
632214
992136
304398
155783
184154
609622
866134
277641
483753
390691
867039
798490
661075
935151
869908
749362
227600
50142
960281
445162
808465
384316
779176
780115
661025
281313
815565
752035
193144
424816
72570
410955
446301
478201
790984
468388
388084
966462
301771
384775
421547
864147
316368
828603
358973
797662
836661
695113
602146
500798
332517
601580
162068
205257
983984
120293
50365
145517
323779
838378
215810
907959
610184
838526
212326
437618
866589
892828
602268
479976
306281
350861
667502
597892
53217
242265
747267
66519
191574
400986
880336
680121
931191
380204
662814
656712
801643
250048
778611
749900
238595
549968
560608
404283
235488
664621
883175
990552
297889
854452
114374
942517
853766
869727
132004
810074