857603
977943
833669
500505
540631
627293
501250
486612
531700
816571
422745
557071
747751
872314
877413
845104
959656
519660
890396
560203
226752
976742
634879
809332
470597
800283
813805
99301
547649
135958
211859
941576
265649
885011
690430
566307
943337
256955
697873
155678
642965
776507
68306
277105
322714
351104
504990
529006
262042
599952
432445
625128
692182
751816
418000
510271
570031
599406
145063
822409
618693
805362
621615
46623
456256
101126
251208
7745
180397
705367
424309
986535
284608
649958
516845
865765
101560
716616
776910
98105
604320
292150
503665
511541
737073
530258
892504
862531
307797
21047
487044
942810
363782
195835
223268
539388
16469
617796
547687
763561
837063
555651
999283
62244
936025
571026
99950
725407
618725
356838
145209
530117
943325
769457
305724
727588
102835
39895
786780
723702
825563
757834
954057
589578
968232
155460
969397
432852
694163
987360
162015
678541
813723
658646
661389
431688
412422
422161
935256
526547
231429
149871
807969
86086
42421
560020
358242
935339
142914
706667
517087
752970
609190
460987
306682
643279
343375
891873
107942
593370
566495
450224
145396
324963
318477
96610
802185
426312
673001
628857
12017
559157
726396
850038
679308
478191
386317
971637
82214
606909
56128
232931
679717
815987
68250
372061
887195
366876
678879
545255
14523
925187
652892
317958
832617
990814
423873
422587
54762
395800
254438
805724
797371
304122
991598
345168
486781
862709
927689
479718
19469
201934
751315
805971
426162
326758
997274
578886
332144
415141
283837
503402
957689
734659
230767
125175
320131
420019
93147
597109
619893
153580
195362
283215
137851
639636
723775
952016
25465
589259
472844
820348
266459
658
117790
940173
724747
424983
627850
604809
229052
448030
399947
789372
440803
590861
275644
324696
774662
817556
999551
913125
186028
841271
488000
485734
394164
38841
135572
811786
88514
578983
415547
562955
929620
491070
149124
661991
54323
155834
817168
269305
1220
155260
401582
125812
542270
882262
407782
882299
536182
763190
168017
69215
348502
855790
700709
902965
256748
598620
665743
62163
750622
557115
109881
871720
409532
182724
668971
648693
239150
517890
990925
849196
736652
433905
837130
973731
479564
451538
28625
447477
436950
266190
475317
165621
40820
809860
931445
618256
794597
575985
238037
723902
33616
300027
42219
164836
92182
719898
393846
226250
559232
866339
673639
831348
794136
944499
438980
895135
73491
181172
94562
260250
496683
499727
907152
332222
367051
136942
481171
659147
766628
526700
425035
396640
88477
900188
609524
191446
65255
356019
983496
419130
289262
831507
191554
776678
222635
172981
876670
275643
854486
500593
367932
797501
768377
708973
673732
861067
642528
16992
21731
290489
970093
696770
840531
603852
275848
496530
860281
261137
528947
629315
591751
826522
963963
625348
159170
612118
670410
616427
576798
985420
683610
98813
919813
671732
109316
446044
213110
36274
639414
495693
320138
97008
629507
467109
757010
914326
664853
859216
227293
472873
329918
46910
274134
452349
751915
699755
491209
386712
943929
827465
802438
720229
466530
74955
593694
73106
135440
233360
889482
723207
106002
153451
424620
237378
142764
403915
566125
876307
528520
119692
608645
710961
222475
872025
379609
976184
974019
341883
649150
717312
572860
549763
701211
509723
963954
490512
786349
627434
937376
299134
226405
851228
72631
738923
505196
160709
285994
493031
915206
531927
675750
871479
218516
411519
154783
886918
995315
461598
697734
752105
576707
149346
541207
908429
678274
742337
80590
581504
575126
281106
659705
28696
155113
721160
882281
835972
737774
141707
586306
496365
621379
326068
328946
834504
73583
324901
413118
906107
179210
440003
959608
411817
255420
527314
606285
913500
672541
357419
185146
601294
678780
536540
809183
618772
412220
428316
426028
109608
581144
441769
309880
426897
457926
726336
870896
792049
249273
434169
594924
650859
212993
13692
678045
999278
981902
894819
136675
247267
855954
168430
235899
159791
862852
296349
360790
996645
50624
339182
135876
618059
293707
27123
814159
596679
522037
426767
555557
320167
967831
353165
701549
857610
904572
236252
579898
46253
814236
18795
152477
266582
752324
771613
93908
807767
596817
541673
109089
746047
387226
650962
345974
573027
941230
527357
515404
12356
572914
556980
571731
658909
645549
396982
830852
813068
132831
159352
850002
240794
60171
730685
917247
739945
66646
69389
739914
601209
188488
488405
301061
461462
678319
455706
214981
166050
768226
783707
122228
49339
918563
442371
717824
310600
98846
746504
603958
639589
89102
509731
859945
889064
196095
571692
503308
995792
162926
444625
326048
329034
588428
741106
612358
43743
264481
403677
49526
39293
452814
55969
33544
604319
756587
591761
331376
492508
513295
89111
675527
392778
695533
548914
5316
474252
147931
91469
654025
27583
187054
484221
869594
302589
318786
924823
372328
489548
861398
838572
254220
593511
78036
400931
2511
624550
612717
595825
764261
603980
506083
967927
461819
523821
752864
726647
687590
21690
2820
98036
70394
206315
289148
386278
43196
292167
457677
700119
968943
40339
836529
630109
166410
522197
339480
644020
30283
468291
233359
56759
694437
547981
245758
639931
952277
154052
363211
288137
437203
495653
729885
12085
929187
982534
39995
465631
959946
508956
780690
288710
731422
341543
697109
347652
968439
281019
763711
620586
427650
707435
26804
945080
565108
328723
854725
28153
706202
583426
820627
838521
115855
387906
619210
558052
825416
483206
430607
244861
54921
668592
957941
415031
894650
993980
531304
262004
66388
587212
901356
846871
73782
728592
474816
569416
180564
725713
483484
280836
612814
291099
489242
279389
776351
50501
409777
304853
462700
228894
516827
160019
477948
845430
457305
823808
943175
115462
78925
106497
931879
50493
694532
558737
6379
292712
92886
260857
494859
276604
282086
424687
509365
490051
181893
218889
85318
540449
102899
314460
800660
360258
777861
433590
680936
565027
372386
82739
782281
778297
402471
633536
541171
219457
753515
278186
110823
925861
877212
30050
687964
16328
814408
43343
406035
853679
846456
851984
534280
274059
333815
705549
499268
304999
538096
529464
352911
916266
603829
993894
27011
875210
56924
28548
662845
243150
709636
35063
75308
301245
849397
128148
722187
361512
598565
49913
823595
665617
883479
601734
501033
258551
592286
906747
173056
437759
455680
677040
131383
418048
899958
839275
765435
573739
892559
570337
324551
46230
771763
280076
59455
739811
473413
129573
316893
300241
926626
680959
319618
657887
706119
877888
230190
486168
419599
243196
974987
893056
917785
140847
243172
160345
701704
202391
890803
35538
487332
665196
128343
537549
31965
903933
563492
931020
170288
565801
403477
694391
875875
322934
225564
854028
996778
694609
180378
69091
421868
212706
637355
658589
208287
912139
208984
543209
461327
722110
489712
658738
499710
62008
581552
430440
589222
398750
559967
772202
901274
950130
482295
985421
632074
690866
408893
2444
173349
627533
708850
406028
423257
611587
162466
370634
647542
244120
190041
544867
150960
160884
151989
781439
749187
22874
570583
383835
585841
707331
793331
231858
619815
935255
878087
881928
906174
839495
311465
563795
3101
891593
188152
638662
206587
899121
617524
4283
635394
576425
300330
620476
859407
699597
951048
810157
798998
158373
104975
984026
800291
665664
309350
495065
373755
247337
995466
32412
761121
10313
529315
772245
491572
111001
943858
721542
524661
829953
964839
167652
986407
754194
560911
744423
931599
415965
829611
227633
619355
185646
302492
530904
799903
198696
185082
100114
825402
818302
21955
712508
983063
311051
734128
316167
919120
242703
558947
585599
764396
357831
996221
192825
266441
250856
368909
952473
359829
440503
74147
221821
367350
351112
611778
435914
166346
462161
70451
357265
356424
825450
951222
366621
895365
714723
423508
961883
119763
224705
646416
562279
169092
356311
433532
576047
937804
587390
510439
92870
70468
394161
841844
998023
181963
325063
792390
686116
666503
835789
766871
209674
656009
634943
701032
294834
167951
891107
274579
411335
907683
261507
857724
999407
942432
963653
35302
51129
440340
238952
269985
626337
76929
954461
678177
810306
95742
728192
197803
305497
626939
477041
231912
409137
795745
463316
2332
645169
585816
455905
646512
37374
295074
318056
359467
326990
296164
973605
320447
463051
630149
352443
632768
504223
979055
252369
537967
708770
26995
97286
652277
366046
672009
980946
588331
715771
885877
230266
899414
2060
812868
921519
751792
885684
243190
218116
644001
576374
830454
170507
847117
921945
637892
886027
936391
160948
296051
234143
411491
875291
306894
580974
310568
61478
698262
763970
591844
216282
636519
678535
21210
410999
245753
98
460055
103390
851905
598316
742883
832988
505079
710282
239442
691863
568371
10538
197242
166355
211249
115548
937726
289570
352499
427466
497033
232614
179781
70358
554199
895108
565660
815887
398253
352231
85016
935247
287017
19822
49769
237683
806964
462579
779789
60216
56851
359929
168759
481903
435229
377905
601356
604828
975495
16361
325638
849521
527579
86226
258875
571682
659591
676972
144824
878885
665234
666960
176135
375304
532329
653978
559057
955438
474840
950897
476316
402855
509396
158516
756340
791787
575157
236418
59304
218035
390656
208550
486764
99637
158178
234717
651356
236026
998010
205958
428000
298653
711117
628838
165994
275298
471709
70356
590236
753456
771475
484167
809543
180460
48345
247674
696655
289268
411844
692473
5354
42997
186735
182348
920199
955178
270947
511037
239051
626865
697586
226822
265398
737483
747555
189980
716644
569392
475975
932562
680624
108749
246122
528556
976819
907356
671973
503425
141162
564381
151889
243659
53430
883062
237142
502671
634236
348324
866657
620771
189484
151453
355636
88353
516831
447556
406615
568487
99930
257544
373676
487047
778800
928858
575008
313938
47235
351753
851901
782652
700842
704571
437405
889900
785839
431242
557049
813603
483567
504056
294816
987718
566564
640785
732227
398025
235456
733212
60589
912378
463855
99133
387791
842727
505919
689962
919673
218542
474460
920072
912997
275615
26484
525601
560878
43023
299577
889540
627806
809852
237637
190266
659364
469336
566551
330016
997156
766004
883835
447910
367337
305034
799944
498787
930486
484519
146435
819666
815482
508851
262370
279917
648289
786014
259498
544548
612935
92777
291833
520570
646535
535054
831072
894141
141810
782030
695976
333984
402972
249493
102134
300406
972304
977867
229513
319309
677603
729913
783007
615333
815782
660246
335991
898124
936501
33262
324018
861847
821228
25198
237203
709758
410041
141198
982053
725141
820109
345371
58492
326947
511405
853728
443219
391841
887013
668272
474581
952208
762843
903123
160823
537911
535425
869387
532546
588536
463780
464065
736686
916238
756834
730129
685866
410790
222008
687471
639929
695190
503097
738036
747190
331902
198683
733321
143544
980282
56940
831983
528
282625
702626
419560
859631
943197
64399
630981
314149
687431
127923
635277
126916
632414
346220
746631
718883
134340
270984
654949
284414
241813
544315
89037
633275
714117
926828
417540
377287
25237
605865
451641
23263
911858
826171
587884
417195
221290
329877
186169
649668
656907
350566
975237
823894
343450
234382
344708
909985
836397
31661
213284
923226
63078
253142
662425
292910
800588
81250
834054
95334
926919
884065
634373
606373
339704
468972
806035
440335
955251
664854
388123
938372
668762
653633
181789
703114
687703
855436
430459
509897
284469
816810
654176
170223
293596
605454
795533
42996
89255
705154
774849
798456
12772
931351
969093
171848
789927
351351
507537
700095
389835
5078
922910
397065
910662
790919
966089
1539
796840
370731
820257
653502
388784
156292
446029
309411
410571
649703
30685
820784
665898
882000
160619
862624
284158
940176
992941
969961
159059
7841
567195
534623
854022
612698
562039
227382
611173
398653
14846
424996
360225
510638
821993
175077
462322
457535
618912
504856
546312
794278
698556
335943
759849
220432
296375
380292
910315
649934
548275
609902
895760
885294
326243
432403
689849
42661
672154
311983
950601
266599
298350
289619
111255
54937
832521
126241
511247
944030
705292
127284
465382
659470
596895
615516
958327
765253
892825
488391
917055
159575
150665
516859
167026
753441
593247
308735
36919
184891
338170
305370
76231
775305
917071
406451
542877
216881
980530
254807
872411
326247
11077
546713
13625
359779
88186
657812
10538
461812
529926
277708
171789
638702
829220
900787
954956
973503
362562
995271
508757
385696
129100
155480
552435
823079
941204
483752
724936
345721
432795
735403
463017
299612
377023
74477
231830
801770
907136
610003
290388
399265
566064
90873
79657
38744
494263
167995
309556
242764
443136
422799
953766
775769
59076
987215
45985
435460
854193
756117
187179
951157
327606
410048
795599
807618
950318
985747
810448
124838
354406
505596
528843
287120
227789
983473
477864
251672
548407
328054
146556
295308
321229
951676
944511
128361
256469
449443
602853
348069
891098
680352
936795
431785
724408
666042
637855
681052
766662
44270
372476
830491
618400
9267
492321
579845
825039
90136
371933
556210
450136
490697
684922
268035
900766
75376
835251
505812
148340
38391
552658
853710
431875
407212
639722
772634
213332
921918
535918
264368
891579
238436
64685
734413
581409
754269
963435
900163
663276
539282
321117
707818
579277
96407
880320
284468
26661
75472
678614
207326
149
204656
775678
524739
322209
705437
838383
913995
122688
234352
753553
228864
404930
437784
362552
221505
237470
268958
282237
659471
433943
403651
633019
348869
800267
433221
80035
220196
853080
598784
128765
766732
421739
18354
597499
265095
896422
661655
365883
23936
771885
996787
787354
307601
461006
228142
830703
62074
12811
234265
91691
329773
948996
617742
207371
833669
876357
403574
543031
940823
478314
800421
203707
702433
744939
650591
209759
721248
280776
930686
763940
23869
904082
242667
814238
53607
642771
281674
31657
694524
763419
591922
192713
10848
255656
447385
221730
20849
836337
832079
828624
15889
489999
761825
517732
121122
818377
347678
489596
506448
817082
245366
511742
436039
647905
556733
936945
716038
391685
905551
390071
585547
740611
950926
54379
165294
644277
475271
982675
578698
904769
383091
533954
676374
744251
572825
438413
818961
739320
770705
25063
267548
511984
411363
578652
131233
109839
623629
172519
525169
248024
896611
139888
442348
619254
164881
950053
132441
552801
556860
586227
61654
835689
757575
187489
313577
473379
590578
164681
40308
486381
311516
990197
663239
893982
594217
918674
685840
110159
802814
107987
611693
683137
836265
874149
116834
977641
887454
330442
744742
782559
808605
711061
597848
260767
983407
302017
385103
758329
493326
213101
962830
874779
774052
709688
570391
994233
542316
321461
286294
902358
471605
749963
851198
742194
142341
79596
812786
519888
298714
691760
337497
676067
181004
319053
831444
989972
246606
387445
84236
846067
929299
923340
62180
157751
999373
491461
201806
767795
232912
492504
726521
134232
747349
688610
924712
697121
463067
757592
952286
553759
97000
746217
730229
671585
933166
357808
508751
810367
587080
155795
63587
570051
444067
659259
915641
237941
888762
828720
615601
475138
839609
235151
436413
727048
43139
259307
108206
157185
344335
644286
410540
243721
472365
603978
215872
139789
143143
501329
286411
721042
102594
718701
20250
459039
552100
839885
819921
590345
952271
320844
907075
733017
671947
796399
570596
127195
35362
214907
441686
91654
853573
837233
828191
315651
116621
708392
972540
760732
381403
310917
150671
666178
664416
944408
138995
301819
21368
888022
266160
762534
542769
251183
406666
780332
403755
700044
677300
345093
432087
232167
594530
761060
862433
635718
422844
209728
764010
331733
966766
601152
609390
950559
156828
286019
690245
872681
462387
236745
916613
623211
425307
168193
360708
694380
658504
191343
208187
325368
911152
333881
669638
575937
561367
691343
318791
852944
779973
462966
866603
824230
344730
215727
888389
355251
198008
518792
683542
674738
766110
107902
790254
637727
229077
457933
448171
568022
692482
542231
443168
489546
309724
318892
344594
983070
603256
7548
693916
211107
44929
958166
604082
390895
667779
63132
444290
888406
545062
318662
510006
285576
615927
182543
50198
920711
722914
19903
35403
311938
207740
139478
432830
808275
614013
336082
155743
187730
470347
195934
386242
273748
388657
722647
289891
72580
348526
880635
215626
1243
95658
806384
956810
966847
544324
37039
89763
726966
334662
802955
974727
511813
566010
283362
446522
445673
734422
786654
581458
862641
967954
938216
849374
362870
580186
469483
915555
385656
800415
242688
51841
381271
230984
274363
381813
221995
23239
483985
594488
497664
480646
7973
314372
535985
663679
913390
806518
191455
113515
135237
485263
940111
706002
210704
127636
209566
930945
845127
574998
584161
238810
274272
813068
619101
414341
886043
325404
413023
909317
118764
996600
509370
571109
814336
74149
247387
64656
436013
578839
992778
832384
689659
5881
479807
675535
4617
664905
491295
960297
1310
190559
64210
842723
966477
505677
782593
495460
131588
81506
860337
168897
325489
302601
771191
869415
941840
742799
695959
44657
352534
490882
231613
162842
975219
440884
47127
106700
794952
906527
906445
785751
553189
504546
488990
920893
195901
482858
574744
109546
428841
747564
225972
657281
484181
355918
486732
266961
600587
362725
918905
478054
651034
432153
38541
150652
255970
284005
794922
637455
663231
919803
527997
267086
600144
856132
892507
52973
731811
66501
915254
847449
95039
848157
150971
726791
120973
21739
247820
362790
923491
787340
74261
988979
867694
116418
737613
422570
585084
386864
866507
632922
168804
996866
400130
875154
329042
838249
634715
686007
12531
783172
105837
69623
849337
274074
405084
692888
743179
519492
472907
975274
205005
722024
296767
108507
42951
326943
843985
377257
2228
143544
436623
462642
390378
955990
930289
929063
614752
576308
302707
189663
975009
537737
288403
458504
169740
860423
610729
325304
650117
350461
831966
507553
269628
257820
952458
48931
797976
872214
872494
50940
841791
864994
942859
961178
68932
490716
720413
878161
105006
50442
495991
915816
522785
368378
650492
116558
377068
829255
642807
131818
330670
118330
112280
679632
417701
770508
1100
463
273301
190153
19127
916007
540945
307089
118545
617688
633449
21177
481050
501461
47792
908750
492411
167832
243368
622905
956283
115343
926156
871230
471962
601652
122
330399
488974
597882
115452
247005
790039
692195
736818
15646
137089
485166
238429
577834
85302
661422
229898
240399
450045
282678
792409
905829
249107
657841
953320
749164
595940
361294
325985
444625
200038
855960
141982
575376
687379
805667
360436
591603
406849
828322
53923
663864
200223
103254
226008
8912
796110
359841
534940
97412
959513
604601
294685
832306
480339
488184
819799
506742
91340
526991
430559
425956
669807
192539
541900
878065
746363
122320
111362
294129
110556
821330
728924
187578
28325
257186
256053
726504
603437
565493
350868
991674
991043
504609
197746
938842
423183
6384
629928
309114
734598
880919
391417
847130
70665
972224
104570
103590
895515
299716
40474
12539
674493
884085
939410
790538
918056
459094
734506
735509
145190
639022
109156
502423
781070
445745
269770
112769
647386
151583
636623
405342
519463
953769
817380
918807
798472
46669
31898
283795
196806
728835
219503
615542
356792
517007
174583
761995
150203
614903
155496
252092
708559
71887
965954
100414
963534
99888
777049
771209
651210
354375
650369
806661
787265
364873
144980
852865
147839
978756
653346
960476
398225
865809
742646
106950
298849
772390
637633
249057
337139
678664
519462
935169
107899
387101
224417
525394
893528
48351
854293
670361
501425
797293
576624
470867
551275
256252
830589
840249
873028
673578
813765
869029
773903
995379
217699
526414
67788
815676
415587
870319
162979
497997
25622
980679
7805
354140
152757
342201
795648
109060
424687
365843
161189
679637
362706
231595
182775
50308
622418
278885
97641
514627
913400
187986
405140
655340
743273
150131
528781
558230
994961
847195
447584
657866
100781
533042
629419
30928
5235
286486
675096
999394
248030
138267
476536
424706
710425
534451
808249
782439
203271
222377
962116
714323
309165
161671
898869
5952
205117
831448
443128
743672
381376
394760
635964
450052
316959
541159
549079
923772
595469
468940
184310
658302
871444
569878
752639
956793
296315
918030
290309
626473
978577
595112
750823
816925
15258
674281
965254
958451
509459
961570
527008
301926
597666
564890
611534
775550
710751
866186
847510
105190
170809
499969
572462
936794
740870
488296
21390
757055
306667
269088
214064
191244
38948
111815
207911
866726
314097
876954
530841
412042
364382
119220
359899
222244
851373
414325
320295
336188
762593
317502
220540
998736
518890
243928
106835
882300
215144
659444
513209
152661
349341
757197
391822
362838
464244
479850
783704
695922
52136
119103
678148
53768
187539
503923
113403
948661
15316
723133
431453
79299
457627
489511
152925
23614
597268
657333
707897
973159
289901
847583
74900
704962
811206
223417
209713
48778
802164
724212
717006
328709
329650
867325
604443
848626
758117
312963
64342
7006
392011
358230
645444
997014
522815
559339
922893
906294
75115
674876
474485
848864
158666
108172
20659
994441
494232
84936
205232
820717
724825
344329
368093
217634
522563
771958
890609
608906
962442
32775
732030
572579
594950
769060
71087
309433
647554
819947
637088
917306
365283
146705
357274
539498
516467
349727
863721
988333
697225
242782
388572
975426
507031
208014
420313
399951
83792
296079
338266
672022
800180
223075
996040
269383
360889
161035
766514
773488
913239
625101
743402
709648
19376
921623
336828
772681
700635
324734
899404
157875
190668
21855
696779
206861
68065
597350
12246
969870
676619
721069
600619
304729
869719
19196
289096
975440
995352
252079
381922
957440
689971
200565
377983
147770
678599
497908
233584
583489
57783
242378
250543
341727
55445
146735
453329
918546
998700
24438
574951
634340
120298
296370
381559
601368
761320
388789
770450
245184
134680
739636
900690
288236
323978
350790
902706
254524
322203
172875
891594
649047
664314
293994
731621
777268
865624
684402
698880
310549
504556
846242
50722
970260
151328
955140
395795
43094
413083
426868
508986
287004
239404
318078
482326
933688
194063
351973
629657
436124
104416
341824
706780
991502
273113
931136
208003
427127
284169
506380
141935
41371
334676
2125
947737
281572
546017
501125
897234
747351
629412
888858
712212
139624
306055
922929
18243
359400
107831
969526
703366
635740
554378
361143
365437
693098
130120
474608
290206
891821
584477
299554
46063
697127
724569
550492
743522
641430
26017
230619
99208
763871
536502
925517
481331
272807
990175
492786
109485
400385
99638
596507
366286
601601
750093
946325
927230
659503
918971
927071
392456
199384
937670
547350
508118
319294
324462
909874
607951
632367
910676
927529
966730
28211
226118
375985
63149
968670
202472
572515
437158
974726
404800
869307
185798
18319
855389
264956
281973
780770
222693
698352
289814
181116
723834
608653
967352
772450
494856
899123
409653
108019
264942
457042
965995
394518
81671
426217
693460
127313
828756
819689
940357
213819
64456
84152
729856
399882
245359
368401
721973
205958
531707
50696
941468
175263
92652
152619
941992
137881
169051
318533
205480
267301
212324
183356
833087
391244
325294
145690
806462
787652
792217
319592
837723
365477
124930
607222
785937
747765
478453
514680
84371
597151
285232
358603
845294
251395
998928
305685
447674
849063
762843
624393
366204
750154
547177
404234
103707
474329
534639
552999
450109
621627
304873
966981
685438
466439
336932
340314
348749
68821
693541
764629
427298
719154
393593
154012
723999
991661
552922
572717
257795
114638
324155
366501
701637
45735
388145
675039
694803
3330
125949
494325
100198
176313
977722
492898
566273
885861
580064
990792
314759
494766
500786
887500
726967
302914
924746
502431
997253
47457
296511
84824
845718
854356
893360
784509
287383
340413
352944
698657
861690
264074
643342
952679
582286
56708
989247
140004
766009
219972
852586
168163
945493
424964
362896
703362
657637
695571
689942
615353
428787
900130
343217
39547
70791
955196
717997
363445
291013
227283
257946
523123
141668
730613
47059
915298
392327
307358
276140
499312
842553
796070
790263
383055
874122
656347
241267
87769
457920
555305
928211
826318
363260
848054
927718
402296
62571
654923
998311
286447
434469
888172
600739
337849
91365
242888
389699
442889
641509
767371
200629
380968
535254
756625
364923
421873
527993
118390
412368
413238
298205
78089
602546
254209
72693
132319
237457
414645
496021
115011
3538
428434
906825
137163
724096
544855
657746
70854
426000
846081
563326
173329
789071
42674
936099
269065
693866
460333
545400
111578
549018
300158
185359
752886
565994
961014
405235
1378
300902
331156
868698
153706
366178
861440
658567
387573
540900
494000
728383
861619
996143
129133
350501
235570
349036
739568
213684
119440
349111
748902
157337
471051
357444
190035
15723
1588
404845
633299
830920
652675
543449
446715
299725
782915
550794
737373
400945
996782
842370
944170
348095
891283
604243
24498
750382
331571
239426
278920
533662
46252
875607
324545
14449
979021
93700
711835
67268
412808
733487
274489
436937
694981
432670
385100
781698
225363
631614
329614
986844
567225
585488
188456
729318
297899
574129
778292
990188
336216
986372
863580
466548
39904
325630
39649
397204
538851
537741
419704
90990
474869
650022
649807
254474
167597
791210
129005
438030
317341
793716
870263
725660
527132
378177
937998
183560
586430
400317
977558
362613
971045
617574
809426
141067
735153
969439
937387
583831
146963
395923
840144
521342
706431
29060
414966
535071
367679
748079
827648
265925
522533
914078
931771
367109
314585
427338
353472
42810
565776
807082
677500
723035
806749
760668
362253
433910
318241
538479
460610
405259
659103
259275
308805
89672
417130
73406
161045
907612
750783
292195
345835
368441
553455
95153
898558
19051
775925
135581
835234
502032
106854
388269
668620
65331
850054
443675
512560
806921
559734
95778
556235
539591
223627
277607
731197
654814
414907
670215
241230
354005
737649
431609
139665
221249
800192
729248
754085
897762
134771
160816
863000
771741
881795
987898
331239
140114
653026
790293
171425
697049
394740
504299
645865
26270
738077
69277
67610
953046
630773
38740
801157
294429
45144
85797
324629
330350
915803
868256
990612
881406
142681
706294
306758
929653
309739
145156
244403
53450
621237
253760
311555
684537
14365
38847
910145
421668
776535
765024
643842
983428
886492
731609
238303
262346
988858
485532
70365
506262
463748
353125
318062
928659
414889
659043
205457
304429
581858
861952
480276
358960
360709
360015
240505
17662
537271
981457
955703
723436
89342
738404
931415
959675
546997
698761
832255
270830
629976
789456
638732
12812
499967
85154
175448
784180
914984
573227
787995
205656
794861
787682
940333
777560
60180
22134
747881
46523
839621
458454
828526
550732
122646
666525
924671
152143
217603
417497
738634
866783
57337
790007
912070
750629
20753
57036
296117
65591
559258
403778
805385
251338
294543
406429
540579
828821
592040
618793
24950
497029
736204
744642
926282
864278
12195
113855
85469
74325
424074
150588
252004
229295
513760
254275
401263
962420
443389
689239
206378
120942
2691
634012
458047
845400
513356
961510
438553
24573
583170
938332
556356
588527
450766
292809
224368
622176
276841
831871
917461
363232
337486
525224
916080
504947
75792
935978
260331
940238
436231
180854
810650
882158
60966
637166
52513
416213
18024
996912
978548
137635
171753
370500
431415
606093
470225
263070
819140
426492
790059
908816
493514
586052
416532
854479
837522
736319
210446
156959
427997
574662
232500
878366
197418
292747
314120
497323
867732
707030
247400
119729
744023
352922
766688
636755
947635
669299
622680
712118
948393
523839
238
955429
194466
806102
94623
877733
879727
962023
368990
543446
63211
618544
875271
593475
407805
796889
346221
449798
718074
925550
616975
863131
909991
624504
460266
611647
182876
602807
506600
315012
263619
509309
43446
428212
466432
297065
966195
596448
60203
459007
6788
913604
787512
243617
364420
808024
65208
49964
133977
329973
242296
363634
575266
770338
153543
882319
90636
133691
408790
905322
692868
812285
30456
606410
490502
962864
625928
925330
985108
626993
409705
156379
640195
803483
90536
729900
800176
540562
98367
526936
587727
190636
823795
392501
59555
546427
249884
412148
663178
162043
440197
336738
343408
375125
580905
330234
986532
969166
781662
869924
613191
583439
871438
577038
231392
529809
156831
29734
879565
1893
972660
835825
790421
862365
785869
444427
125528
529242
357322
568891
199655
766067
276685
636338
471856
277631
791868
759329
139282
268736
869542
75956
13583
461036
760125
179758
257439
538329
274049
948258
422177
363204
687806
92555
839917
231485
283692
369929
237892
97331
53172
244856
880873
231768
327314
342831
235273
938096
233685
510930
103701
255868
608132
692821
710577
696829
326555
483789
427396
772647
662451
682164
732464
378596
94463
870073
840220
428353
307762
781442
153132
44153
796990
671359
969938
33820
764024
778156
253438
332764
828631
972067
578801
806900
730844
533339
745199
67446
202123
241089
730835
132399
434839
425841
540412
603832
879131
692497
594149
216860
514885
256138
463251
758497
406349
328164
708903
989877
490851
969598
508243
196855
761191
201318
533481
778078
687634
132123
879055
813066
145074
874716
167119
729893
945106
982956
164299
469493
769848
234341
444942
843330
686983
525238
666237
403870
378181
317051
414252
731414
307255
30007
401485
147124
832873
119153
115715
964525
394506
857576
261204
631278
19571
899443
126205
137982
816264
798266
317216
950351
475575
384907
655769
53927
886622
6106
479278
453158
608201
875928
578468
840499
719960
698350
196526
108039
585151
721750
35969
353365
616040
41366
45187
348053
109171
739355
581025
305580
742621
511214
750144
572794
944510
213973
199819
604159
338476
451656
711403
222250
635774
226254
72341
917568
301739
469173
134716
594086
383312
263274
519528
1483
977488
677882
116255
556724
793941
815078
415039
78885
102261
93276
826221
51177
225265
671832
892072
387839
491159
229975
764407
693537
672391
659123
513
184305
796818
947808
131899
844739
203006
912577
700347
691073
348262
239272
186988
803263
365758
224233
495962
971996
761909
278169
29677
778577
163315
641576
447987
574489
354050
852056
242262
338365
188297
954649
625068
952123
256882
565571
953453
331922
24877
280239
714624
177133
567566
864243
3118
739562
239954
175159
48184
347013
208447
673912
20419
815653
249385
438297
465649
366211
400016
678817
737868
811123
315431
425558
778844
952785
923696
265971
936728
571081
219330
518152
72377
761794
541420
375023
466793
19240
501364
850342
542427
490708
938232
200462
878004
413787
754038
464319
785766
861104
259495
196358
695582
642294
677702
941244
59348
174886
207726
452804
486335
821082
251937
289440
343211
878836
551013
20912
870050
481581
166856
702985
563975
584318
42245
758254
120195
421860
628671
344046
775126
339924
660330
150361
352975
155963
750153
59680
930647
209648
249873
360200
757095
153145
248173
310923
120090
586807
965147
82699
398556
528943
200499
117875
165442
988149
663496
26093
780084
776375
12839
312953
20613
273763
446397
150641
503651
517110
965589
492630
56810
135267
710014
717269
822419
245084
878794
118748
715529
555967
811187
334484
941788
504864
23193
439994
34574
1071
552167
620765
806859
326150
606099
504438
913974
369426
358339
167519
561311
36059
899149
325874
125073
361521
105943
932799
997639
224437
719006
668201
168510
414785
70226
104733
624421
585781
546013
498224
440945
902111
656516
516821
8781
805766
195238
458104
98095
557843
540258
498361
575686
955549
782102
572744
835151
78351
928194
927385
583367
655160
764746
444100
49211
73903
863450
907325
546043
222497
247076
365995
768749
466937
164357
984678
803453
594538
464261
107666
418482
249116
775805
109587
98780
142128
930067
835499
927337
984818
690785
34679
894616
89562
69940
987139
574469
638591
42608
188165
340194
160665
837521
231485
861190
766449
547596
632295
124767
107879
927060
957593
703556
465184
737656
481535
453925
678410
696681
12593
344036
883661
372314
648174
481020
698383
926400
963512
775775
422564
344633
412875
909022
396561
421961
955707
532738
989307
188159
801641
908216
105009
339062
288417
952040
206419
228023
730708
757030
326941
178172
917549
430081
360020
694863
257233
927162
47883
746449
36024
886799
328274
761047
982627
428212
326332
248047
642041
860259
448460
490624
3330
961802
400123
453583
419967
930915
761257
850782
914723
20514
58462
508783
41842
331911
358459
342310
326773
615059
20481
4556
892951
972759
263165
308016
7392
174695
699727
434152
89867
609326
160662
478133
967685
284508
169787
969732
585029
762234
151638
60177
967490
427677
222848
972518
843862
788345
458614
114562
147949
648525
620774
718164
78377
361084
889690
527526
711126
461116
930814
351575
161541
406695
159055
907713
857863
319407
180130
275961
959047
724271
586894
870068
817093
42588
464312
58566
338475
316442
885625
308614
885325
288747
219438
151054
849474
862978
443995
487327
341529
974838
598716
919457
419002
662418
346026
483335
910107
687049
479463
770705
587675
172358
151558
129067
715647
533794
246586
882099
572422
109103
833657
166360
693162
904561
35340
121310
482422
763564
306614
315773
711743
223705
788990
554217
353600
721778
981019
457581
170646
206316
527036
174897
633876
706757
239985
815962
719172
490163
991545
228624
236795
393148
975144
614619
962776
113827
55541
270182
539865
119296
288990
915302
246617
771881
206776
580756
885546
603340
355799
331030
496203
591775
434389
258044
6534
813038
453827
90341
895785
430419
991338
185730
648990
629956
799484
908402
122665
341382
226204
99085
587006
693120
57543
694461
497405
393130
581533
298182
776715
130340
588304
5669
880078
307683
995688
621590
726852
396678
729968
527024
585793
372103
933952
529196
486211
947661
653800
148163
249587
51741
565046
65589
418299
7601
306277
347749
906302
589025
392610
925537
411192
164542
956796
36032
361972
131198
379687
895845
192612
241105
735084
105696
4576
61522
38769
827315
175870
514009
547744
282033
519818
914733
93751
734978
85602
159703
583276
817540
457649
318929
755579
816524
136326
102621
32461
785290
361488
421299
127046
510538
827384
810898
268652
769879
381019
828536
870959
488890
782819
689837
242137
302176
471361
227641
77459
88921
665864
498805
316689
656637
415465
578559
341979