816884
494017
451504
976844
606582
719313
609329
454635
54379
418511
857177
325859
755896
430513
764239
968810
47992
457121
253151
283216
351577
258162
747687
722763
238499
886397
546152
4897
11097
196444
725948
371436
935032
911490
968679
313229
89180
90550
10565
143792
739522
480618
909923
456183
759656
27196
85994
962245
731985
529928
354806
360234
828261
621736
934534
395814
388724
214921
473547
689948
62299
770027
792547
78164
955519
467316
625375
366253
278903
258354
854336
750941
292038
14956
274497
465766
476741
639651
378702
949464
481184
789418
928338
174589
587511
345183
351406
504420
306788
937797
340165
341901
582812
842815
333300
138606
841966
897451
858527
472800
890345
145945
105191
176937
159707
144039
279671
538662
297203
548027
807230
604373
275720
194395
449847
369533
296562
849900
652067
250234
580630
725573
268441
82473
704256
908527
765875
48172
854569
985979
171498
216474
495319
136768
212412
473350
638692
428464
313289
993386
411414
44566
784382
4913
24237
29295
989800
844382
816572
670754
316074
306844
782767
861148
7626
731490
962987
238668
632549
757058
490515
38648
49475
795215
492646
765307
965125
636969
351301
838363
249723
948903
807954
475403
457042
14431
366005
401530
261418
617748
593912
585941
583942
846973
671186
192864
679261
348014
868353
935660
384141
343718
354320
450486
158063
492020
643832
332444
492037
210502
958307
963517
981520
303695
560267
286059
256063
162900
946817
442191
110593
148436
292042
764314
440571
893970
495716
131748
399638
340992
539430
631651
967791
281097
118149
494856
494578
186811
465523
56377
951425
947664
43873
7719
19085
318808
150822
198029
990088
188036
466488
344388
574705
117457
412694
64452
447246
994126
733448
500155
488376
734668
406782
385539
509456
397218
830294
43076
404304
906010
220537
919142
751292
702716
653285
538160
645494
677492
985925
3522
970417
108962
200123
6827
997438
118655
510464
318504
236354
17063
27747
261050
390473
134343
302829
36387
767539
304611
764582
472764
614860
511364
602160
695862
459770
417085
519632
84459
302863
534361
13453
73056
810622
992483
741937
384218
647083
810450
462124
87897
371035
473166
458200
647733
413387
683363
231704
493396
648540
713409
781465
572166
906603
426477
729594
712317
827455
330440
459656
845548
337628
106554
80290
735930
159092
251899
255548
606435
325437
590654
878398
214508
285790
410042
628620
755969
628547
334934
462305
514988
141007
729648
648276
149556
128177
822730
222205
203472
369168
354257
327729
893382
140896
254411
163752
86117
524566
507613
848704
255451
578296
987127
472347
680180
239181
760605
471523
405744
424372
533394
784493
620671
598929
266147
322107
540507
586466
169933
35868
433026
155760
539020
400622
870031
549600
55105
218820
628340
230825
176510
683426
378326
896544
284082
217381
98181
118574
851948
968768
14487
870884
759373
735648
230368
25189
693327
708209
918351
847105
435692
25274
348520
198051
736620
640548
279705
126368
882126
539608
284156
333551
41362
465285
690664
453432
864225
232961
840052
453189
267738
39623
838025
284885
968058
826847
132771
351631
217063
962779
18852
458452
780313
72125
644629
426349
552614
839926
725114
831012
26792
867465
721872
666350
450892
766222
548837
348805
139386
721555
598164
762836
485852
312285
26780
992268
924046
739404
533981
6612
529184
722204
537262
118813
449482
651848
231197
360211
133933
775241
222404
439919
792898
209532
144580
463401
696097
824609
465505
938571
295088
920703
34618
500513
320486
193638
729571
741837
396603
168204
533281
60919
21486
327641
70401
152673
548018
835390
658517
759320
573494
693568
976780
357062
67984
11475
885677
882341
820997
433569
590128
605710
139959
237162
62073
428783
557740
77189
463601
28827
702455
537284
244611
661180
501317
557813
182064
946531
109509
729541
947344
95424
503093
840896
236710
303725
498566
335027
815326
881764
224107
84531
667365
681938
670979
330742
531045
8259
75553
659934
917596
357372
756148
296790
83544
107047
823512
775381
464401
308201
981624
901376
794403
521744
754141
708652
706918
785384
560216
389697
750636
835437
727048
2810
346006
229146
390729
896584
647251
350688
26297
168470
184630
510770
271720
223016
994291
150461
507548
646941
820727
203957
39997
241235
378849
950859
886563
936489
261984
371898
715259
840351
95018
468417
270352
20186
63893
102315
726012
946181
730006
53322
921962
243089
362709
309762
602758
267100
678697
356929
369156
760239
195253
902796
217802
744418
864350
826293
105659
449626
578472
983785
14369
730611
997612
693413
272630
372216
865144
225033
198479
172367
282435
114245
527270
312882
68683
215088
315522
308696
797965
336055
588101
331378
7904
949490
863890
796817
83887
969874
79833
88932
289681
311927
269440
534943
94727
540126
486127
685368
113489
179192
311096
460235
788269
892501
491874
14366
803565
97919
138833
589118
176372
1380
725011
743816
519692
290027
851209
379268
338407
90087
728048
220843
189745
243369
121291
826569
516622
213743
31983
85117
268725
105403
474026
834846
467624
854847
757777
715576
263887
723764
875941
984052
43120
117706
788833
210069
1294
447866
177315
743135
476315
882551
940852
160146
476698
485954
842166
139476
894550
631965
546345
846700
10232
335831
424346
136618
628553
628934
836648
952869
569861
18707
78708
923037
145368
975855
286052
846974
734072
885284
602580
488262
54110
726086
9499
507197
365026
715400
771445
897187
953266
58475
277266
232232
423598
886800
939898
649877
10275
745007
215195
71304
276067
434656
781873
762972
448445
289495
542544
742823
330655
128109
944017
661213
777860
101721
315671
75985
64219
339453
682364
601052
881782
829405
521373
870486
567019
69354
694143
942721
820299
134972
277597
294086
429756
645983
901519
161239
838070
186692
334232
987123
920662
395673
857740
804936
25826
509171
82140
991346
767066
333542
814656
954466
93367
12727
429568
257626
2691
541353
339742
627348
83348
967155
257891
446530
444390
926931
693637
517297
213524
587068
175921
241287
655987
994155
727995
832491
70155
622616
736864
475139
232883
242567
125620
377432
312840
873213
87084
931415
904202
575632
216778
782641
880403
493144
225761
43681
791860
631490
7684
381197
197293
542851
337167
239238
48521
247848
110225
15722
543252
976652
697749
768873
864122
607012
403340
940708
118526
557748
577048
635569
899987
122532
420535
493435
703322
8301
618634
646919
287929
164718
371329
865169
202964
383771
581733
279893
594731
259220
764354
347049
988752
342484
443823
228935
279811
202368
500220
559465
262444
200671
220278
673933
623604
88489
264985
372184
379456
177208
839891
67863
98250
311259
164529
185632
635934
505738
666792
231319
879855
141491
242114
885388
657172
117939
588836
656386
415074
153824
494072
286411
863398
249475
798587
385614
32767
990755
334756
680939
530070
858300
788912
775861
755836
120719
363143
979358
936030
930643
533004
494065
805415
14601
515526
409784
935218
87597
372070
217597
182891
380616
420468
799022
992769
726882
601498
130073
788041
311829
834701
631959
500658
620477
71700
218182
448161
764684
986358
429935
752937
895482
221636
861702
361768
604505
741184
835151
536129
935110
504425
599453
629233
850236
899940
888117
714960
615170
292937
523986
531111
713669
946183
543362
570344
980928
659700
311086
348430
238039
597300
168375
963538
278020
515269
634875
73031
605864
483942
190454
160146
256451
464418
206341
68682
645951
950909
271366
709864
209575
601337
122652
739051
435253
644485
885967
887883
851272
98371
327248
700119
260852
572853
304153
371117
600820
821891
821875
339862
935482
690859
424401
177660
390759
247557
787930
360584
73110
566642
859076
127964
273811
960545
869532
314666
33578
424829
54370
301231
352089
745719
19472
494736
828327
812203
459323
148367
839118
815281
174483
650858
527123
993731
322629
618960
137655
885766
396159
34880
800774
608759
828563
543809
321292
392371
990325
432696
406119
973154
512863
430057
704952
593282
42644
772045
543091
730956
769536
994955
741654
638916
539262
77335
402615
794594
154292
604900
808501
100056
805721
107527
107536
850304
699863
880489
541845
823588
687884
507625
542258
810921
829098
566412
623656
84376
193725
546209
726365
857482
953548
686070
504401
95088
168025
604016
637161
261564
593668
313099
713191
592432
427276
294639
293499
335361
154612
145067
657906
193639
699908
966416
621581
819268
370022
916460
135789
933038
982705
66978
500777
969563
898692
622947
22658
332136
89032
324875
444334
558598
142231
221530
497232
52802
971579
850829
131017
568111
888974
167704
393512
415025
722881
208259
841149
351657
565433
474142
452555
103736
374420
412450
462747
447730
151306
774374
946989
837025
470062
409467
762826
920179
571026
953060
783541
288769
253514
322613
867136
240444
275146
471879
101690
222518
280553
656661
491526
62346
702982
13878
817991
177322
959433
514999
679351
783363
603011
398164
735767
187663
329647
32531
191808
58038
699994
815614
860761
455970
197982
409659
362914
17950
344330
246409
226668
842345
197022
743833
990699
872413
323505
35335
406436
910455
328501
649587
725696
656322
532883
342912
60611
12453
952752
975977
558870
380101
197585
525051
512768
705624
436635
773811
398899
282696
388979
997620
604355
33855
259652
340260
872433
815125
762271
245477
133990
599508
810684
740779
210299
69220
231006
227839
822901
95128
7445
194127
411406
959699
299101
656367
894702
540184
688228
955952
372217
836270
141225
237915
564929
434796
486592
665611
928732
306278
643378
770660
518225
801460
964097
550388
693804
378268
141448
850084
425073
850331
947777
84058
500333
29589
61665
179503
262760
880534
697118
757000
323318
272196
635984
338131
808301
311780
871541
644832
339440
359301
552783
644377
33642
826572
848552
330976
161111
602781
488502
208451
103932
362723
666713
300958
154551
448253
890752
723470
456177
259526
471724
628621
837999
145086
232013
965359
147080
130714
929352
712888
727025
290724
180826
672216
966324
359120
116246
843652
305087
696669
938698
467185
551449
280484
722688
631407
484207
403585
217824
539553
429197
178011
983027
626197
762728
325521
186818
684548
538775
983362
653468
613735
427426
305017
676087
990707
764339
660596
466094
292659
76266
647631
811497
921729
662988
886802
528795
444385
572827
23444
31268
611066
18880
136265
359254
855154
729829
733423
520340
112869
887391
350226
241494
98881
137033
86135
501450
519745
338284
704747
719893
75203
815194
505640
129527
486280
89370
378592
115597
298312
981885
158185
813167
913136
83023
278854
828025
963193
626793
159054
785320
721510
199652
203196
879770
169242
161256
203026
305271
239699
988386
509546
360239
29831
683475
271834
511833
117913
752837
355907
693051
27704
309658
684534
74663
433493
200957
812996
252802
642238
293689
11553
773600
255644
92392
575348
550795
700229
653699
718078
974627
100479
150937
786532
304735
565458
324635
134938
226801
762505
297684
649390
335112
534917
964405
399663
100911
794237
933774
942264
31251
594517
582937
187804
31009
252762
7409
241583
546830
544728
973280
929647
252720
500568
803989
368846
429385
92730
176500
666205
989989
818987
988424
645846
659673
545154
991828
985670
7211
52860
778247
122837
326288
155538
392461
319796
406288
211893
293826
29921
104454
633766
868417
284826
374851
783539
757787
989340
942739
15889
78820
263766
150551
961875
26279
631727
853201
33861
247673
982513
292159
784103
261931
286032
371614
832137
832281
625947
728719
344832
128735
210942
23
973314
524459
106161
268545
271843
55406
124801
574622
896173
48749
202681
40813
194709
894964
634733
854229
166432
944745
962146
316430
661202
503038
448797
77216
333902
880832
206343
199684
429199
690893
517881
978663
638785
209250
874154
935756
448893
192722
550002
484816
273824
769811
738170
99977
130951
412211
538051
848840
426664
708584
580303
311294
416080
689476
290479
611259
748597
338247
360170
880209
825271
172687
212167
562391
280120
396394
291000
817482
63956
579404
663523
535373
661631
797788
494414
291793
956730
6824
987045
892303
192114
909433
927595
181938
815285
793730
503099
314643
661905
138546
961530
827036
561931
659625
812316
142733
428345
552070
481871
758685
868989
786527
556103
766520
98974
61834
775719
812711
268228
668760
503177
940814
498192
921122
692842
487694
851350
305019
787765
755467
741304
409733
759338
808328
70048
619167
835563
550573
476249
170620
10147
86443
925450
871695
465235
850678
459153
919010
745019
414129
492792
92038
710497
329512
347287
466917
142081
569910
244230
295411
977425
887239
9532
89027
186543
282360
17673
518710
751913
361435
362412
735310
317609
641238
863186
268768
488635
586538
284524
634856
8380
244050
668331
457975
481954
856834
141211
48903
491554
987534
380185
725231
322114
445100
418674
606129
806011
923154
243610
471153
983626
128953
27462
280705
756563
117700
323750
526167
520434
436665
891266
351968
517792
655661
420912
443949
616511
217023
76912
78795
900163
100346
142500
376754
515004
962142
695598
670675
553155
729209
374568
813396
404545
968238
475579
912920
883415
194967
388508
675191
511661
137863
551017
517325
978075
51688
169820
454254
370669
973571
345385
223095
84822
280031
826810
929088
750133
474688
971653
127725
196988
973520
442566
6756
179203
518364
157278
415129
344168
460149
994952
61380
567904
355063
327668
281268
408543
793766
563522
945661
167968
44339
97628
253453
424465
948767
719344
981469
102686
978487
585609
982851
81561
89533
185929
274083
905539
607591
957445
327302
570426
350336
534013
642371
305854
826221
23734
806169
888673
16779
273910
7775
515723
629491
377307
242194
137895
278367
923289
544782
908270
861286
350734
946200
151246
267555
63108
173272
162806
75700
439234
143908
67329
109726
435599
265143
883516
583438
396356
226624
425814
57274
276173
70807
197859
585702
304124
713994
146509
4355
749961
768918
915671
217138
897002
531697
190991
699686
106699
809348
330384
168231
889451
404086
995633
379762
287955
573284
34574
312253
352051
290412
359729
819545
683162
900841
642268
439409
27665
659065
330997
96815
423509
556601
53070
653438
379312
420498
801360
502506
751923
532013
877189
407971
809106
997890
829375
386144
559708
730126
678311
74591
443797
232739
503653
239435
549041
173465
531561
617399
193584
986146
956565
964423
866769
223739
353287
979695
973428
667007
719366
673810
923535
820822
856584
816332
983436
750538
307677
111691
306686
739194
500988
202584
379583
396647
436648
169460
645671
269483
621055
963613
49451
804298
721055
482544
186191
235553
106933
774568
607113
234555
292324
276164
64500
8643
871886
546567
415341
869907
43905
647833
997774
809451
145473
235915
284229
603069
721774
361656
208272
296164
865554
956935
546583
758965
709961
201676
852389
120046
76493
900046
962629
471756
297501
719907
488501
388984
312778
736056
158409
541217
814494
564653
423647
121637
306921
317469
70779
103528
86249
871739
719231
199752
622549
149783
114248
33319
556102
216448
63399
39015
454659
541060
263482
238644
365735
207571
92455
481722
513265
352194
856756
384952
537832
877803
946566
606700
149289
763313
401653
864238
880271
77345
693896
685273
713277
405812
462546
600099
637002
214961
738152
372878
949002
414255
299837
71607
947061
826808
974621
329868
664183
806410
890114
225499
514579
66679
160086
288837
817204
541932
922886
596369
981458
150286
373695
743965
141949
776640
541320
491567
280714
352193
241724
995753
996439
214771
819938
579867
200444
190262
896363
340275
130895
12723
323847
526799
194516
205813
726308
91571
497600
895089
473668
339734
559720
528422
519353
340823
542027
661343
913280
254541
656504
205654
257144
695163
751197
199475
545725
233571
843758
338417
584102
155377
721774
149026
562327
720472
466461
631177
41283
44922
994943
966053
634369
439809
189636
972365
562378
873291
411481
703094
995725
201538
608586
424274
356271
700233
555410
393747
652578
383442
254913
222093
391265
265100
34824
542778
94661
717306
631332
719703
339591
733599
888933
954987
766227
176277
470426
556391
889349
273726
427931
419497
520258
36305
109299
688475
749942
740054
314023
65528
742437
868269
689831
833455
480304
388167
467665
63200
656359
827576
127196
720067
300037
950053
656743
896168
775052
39640
797214
211480
484478
752178
167238
21019
475573
504384
851559
814419
122719
406758
737875
757510
960922
108663
915094
433017
554024
142631
338364
219639
868879
250264
519225
180337
868496
555856
894073
347903
464705
822860
770693
300677
221321
797422
451022
28528
268216
287249
231834
973216
843137
467005
72840
70240
960661
952182
539201
974224
303196
198383
506109
799140
811474
134620
430959
943237
451069
776869
566159
286037
163654
942838
274434
132112
447355
367347
352359
529870
751968
954185
152256
283236
644078
929120
631739
617834
74025
939308
45916
689432
468897
522659
233546
693834
70917
112521
518451
672867
742622
445094
226780
393805
326832
315290
92488
118814
217704
625031
92036
850006
122369
157740
115149
935621
129594
574994
910431
603786
364780
771742
140700
677237
908554
74823
999893
751182
723514
821410
320311
79855
219978
321497
430741
38924
861520
172027
325453
294419
919843
93101
560282
696686
98096
952317
136694
143846
849977
378455
892202
53025
209264
397776
864627
814732
407532
241312
588434
232276
376774
126957
987121
547149
878035
881858
950829
581622
173821
882590
150596
992020
31104
772009
467420
236026
967486
741890
534766