798868
890778
239546
146
784824
159332
161377
358739
321418
207677
777762
946779
181141
915868
187411
91468
447719
127228
183036
25837
498038
168913
570630
710911
156637
926886
849490
240029
431491
870869
969703
692366
57181
499234
660867
862187
946825
761076
709202
356199
423515
476272
106301
283584
22133
145331
376025
849921
758095
549612
817472
668273
51223
889365
858237
714076
277874
133964
697633
65275
363552
163474
670194
383042
213693
113054
148611
731783
199523
214687
803871
67338
258669
725581
98591
315685
706839
865579
723931
553041
276225
943643
962877
314002
952722
521373
737905
706944
208825
227110
306296
531188
486543
345049
986396
454027
823257
888164
688446
572570
761577
580986
97099
306222
594339
770216
256077
898878
420125
752406
973918
395312
297760
691101
250167
978756
49164
678015
496486
458465
952343
313159
896030
757050
185077
112382
34280
92765
667220
813255
456376
236440
686527
548568
979226
339464
618786
595029
255179
514047
169453
825867
618404
938769
740689
673477
878705
253819
603303
204367
636832
39985
404464
999685
692501
721091
440439
859158
39259
40363
464339
12123
807988
73461
851784
462030
498705
755211
784845
525416
44125
643612
299369
552347
659955
487977
490743
501737
609457
282476
477320
450271
330020
830565
857639
417842
179554
284866
15287
692980
781751
384298
188025
849203
449335
517542
869802
467503
135347
814764
728201
410805
204038
751946
494455
855708
13839
673963
707702
191259
196217
648521
109204
302406
428725
457584
285857
580259
487433
372395
932315
552493
973954
143565
666347
965668
792901
356957
950664
255695
972932
126751
969274
915984
734348
160635
136441
99426
974330
988941
670900
703665
389198
206088
344173
77205
848983
447175
415105
750381
494478
751538
890565
617364
153023
446601
919180
569667
462498
529680
235910
602115
274632
934743
205955
596684
618801
593125
502613
618047
224954
595393
945362
613693
56563
403292
575544
689442
578511
711838
92076
179554
194805
453771
550555
916478
341939
148818
712705
591714
336082
440050
83784
988446
425092
563913
291848
828287
234042
65147
481901
30346
396114
602299
923638
544852
583982
481785
675226
616257
118816
198824
921861
626647
263105
345259
84096
778046
808545
912091
334702
94230
515480
832951
793010
472053
177211
481129
903470
937019
87850
830065
936039
101780
715719
1264
622852
762826
137409
653779
880821
169540
423054
539226
785649
408928
303671
754564
527511
412520
206733
240217
685302
709747
56057
934612
245288
185691
847345
128554
376601
86166
498055
415291
323685
610675
141787
135188
537312
21299
622129
736735
792495
531074
365789
825128
529299
366288
911003
382476
236038
272017
586875
139840
425022
202445
270457
340219
568078
568996
880619
821633
649836
44642
953939
33742
773389
992635
235220
441307
582828
49187
505026
667407
940906
259532
675794
191237
564624
546045
283824
137654
337840
124300
435568
893955
85417
960248
341340
749922
232456
681125
684780
355170
508107
63412
967379
602716
452226
537726
351030
497848
743759
355694
816760
604377
497612
265912
368048
204454
674251
448250
265148
287094
772856
1389
617327
369687
171611
839176
861029
582460
491386
310577
546744
706496
835292
183328
671883
203227
514087
169683
86083
541280
648235
644072
984470
746416
843960
522458
769595
606975
696489
638746
870337
114176
167748
150153
247484
177008
227449
291088
261914
855420
481992
649821
686867
544848
199488
716218
813247
564990
114722
326923
176129
189063
460580
510500
7905
837448
93137
174597
815672
703811
864717
726515
724868
826121
942839
439284
434331
812674
441575
843686
624701
361369
86487
767100
330498
739718
447389
477526
37170
89977
751702
654524
2163
116640
701919
235320
786205
870997
209085
222861
619562
685607
190300
159703
637257
936323
738805
382720
181393
949440
118024
962012
57298
725060
358985
643042
113480
610005
114967
937480
84841
319872
23975
438266
676894
554400
322559
441142
304462
62987
274783
385799
378133
112223
820154
163931
885459
928804
9953
4995
864609
932510
785857
615048
157215
207474
260035
422692
374121
368370
396305
960292
736424
7495
716345
78552
609732
608058
218922
359667
101751
344159
677530
787590
773117
782558
503242
786708
187496
430239
2657
290321
463
519377
624245
387324
789862
907288
87849
912214
328170
659217
896048
880125
211571
534019
885296
790058
684587
13475
551297
801860
984477
186243
992660
473822
387943
797849
31729
535060
10
631400
900376
55357
236192
343245
526601
132109
819565
225512
602783
643850
483085
259173
358232
492137
285133
544614
138928
275845
596054
551375
506154
900347
21189
660333
13168
719268
267478
76612
372818
315504
435646
216179
288426
405723
852951
587142
545568
300431
189174
145816
815818
185558
229656
551075
858603
536890
376251
831782
598108
176252
987722
576369
793865
6125
397168
985616
568978
65707
682638
415890
644433
803708
410247
56373
268987
550784
654584
897967
329887
811670
534149
876123
986636
149710
927631
447871
326160
681606
868994
18870
437274
943203
461450
205887
590977
775726
870629
473824
786462
864328
652371
520504
265235
730955
23339
414048
641135
267583
402056
27581
105642
920118
949024
789542
351115
766597
135988
253548
528169
223711
308259
974922
524685
71055
356058
878122
799671
608914
219494
578514
170296
802894
866730
774825
693756
534899
168428
811562
371370
690349
469961
713828
67620
368387
33609
112107
123817
804175
180621
392223
580634
480538
23461
447958
871258
105683
396990
798825
202702
47916
322489
660184
347587
101010
105686
302683
531183
345351
343887
605382
325392
781853
761281
706839
766001
856912
379013
73375
935563
987201
925150
590603
111560
548491
398538
44047
466275
239044
533627
822510
451883
690706
583648
405288
863269
141095
124444
286143
376785
79642
693656
64040
323077
999523
197044
617035
66678
898419
947864
254775
840342
762606
657129
477670
662231
297414
733272
326695
536141
453045
745684
444526
853937
967703
56543
510132
121409
251105
132606
88780
46981
127746
732170
698948
872941
355988
915172
973812
910679
955775
894342
819046
208236
113323
661044
474209
257642
119967
718224
360148
640956
347003
520909
940124
669765
981582
10044
953266
796027
537429
641730
670516
998000
212369
299115
164750
778861
576259
273175
909701
261687
415751
729362
2848
24179
71178
710466
328499
51429
465258
886521
274889
226836
547113
236459
548973
112970
759564
579321
630869
387831
607894
972139
806956
628533
485980
780157
732667
295463
34885
847440
702387
401722
493344
958273
974105
268941
539874
24983
294670
787117
676538
875478
342458
983353
766803
276976
323029
763685
921638
374747
933457
381274
122937
579070
534887
851385
90231
459397
595005
417408
953261
301780
491249
251398
292127
63703
50629
26080
39045
950072
473575
301158
515045
534250
72475
173071
932750
572706
19847
394233
441134
659686
300059
867654
589713
521726
500379
414304
534070
654150
481034
455708
344207
736229
106484
136444
344214
379160
54553
383695
438279
650792
861745
260531
86014
324986
237216
798907
445421
292549
110200
46571
141369
67934
746405
350304
533426
366127
885881
71565
116013
79558
783893
362399
151296
486857
399792
611522
953434
987656
289671
898621
63164
593835
464737
556601
901784
668106
565566
678175
603396
989851
445596
554271
415451
373702
174373
662988
911601
67349
952504
570148
34288
315655
449810
440366
684500
824068
942361
213948
338239
380266
942021
306384
242233
879877
216683
868123
798024
999326
717352
354464
31400
1258
843878
381688
198504
186787
917070
710638
840161
900020
481418
290442
155603
635086
796597
507179
734237
101912
257122
725645
126873
590659
234182
22507
291346
560507
833411
396862
85154
770809
992465
47011
853869
102069
47307
874970
966836
282041
385300
166698
144214
368209
830436
897763
373674
965983
741619
771132
981745
354955
98176
815962
168635
220375
519166
209714
455321
740048
151644
288709
520187
262176
353071
274378
388581
127233
533311
183082
283858
952140
400619
411045
187941
65456
53241
582994
659080
84670
377278
30467
120548
764384
2854
872582
762811
874666
964513
152840
188901
47496
336363
645653
448357
721175
598837
548347
4071
685329
83253
885004
627672
798432
924103
260993
561890
645011
470270
281339
796995
41646
890572
3045
241545
218843
603529
115190
589228
5439
306787
748691
944007
24168
378019
354065
379637
863266
953368
356568
562500
387241
334690
90723
314457
159544
144669
139107
434912
674816
400359
963843
136365
268340
928272
560967
929204
97345
564893
799118
56481
164763
745337
270902
910805
848755
268601
922078
153278
668165
705546
568262
477266
265933
58938
699347
899752
494425
93919
419632
927027
504570
278631
521486
125083
982548
371582
644683
72314
146901
895446
348913
482608
83714
808342
798805
36131
10797
787681
133280
471830
149763
327489
259498
454181
514690
905776
261826
832154
370439
685955
277130
48815
246469
935156
623935
954721
660178
811146
983959
302
229403
368103
65539
78955
292600
292717
855892
191940
190746
450958
193146
284816
226785
614704
797991
265615
129034
389817
484433
395588
340486
636540
164695
145385
604518
325247
105467
278676
387441
209512
14669
334116
65112
635140
632681
315559
50177
372532
712279
6668
251967
748661
789904
698495
246691
819210
543712
626471
219948
794952
304167
289528
555993
970750
827065
972277
752095
936895
70821
170694
377463
551373
733267
999153
779982
262947
327494
540664
199776
134111
478530
428367
341215
252106
99079
996921
28557
353925
161851
299326
747113
385875
55845
883339
687173
311869
943317
726886
770678
969958
750242
673164
105702
812075
1804
18152
547716
715830
63168
530802
916186
828704
314425
401698
617406
755392
538947
541904
526498
842837
100634
686954
21575
537675
792882
272081
579150
726062
755408
777232
38703
388712
205269
520377
289666
397560
470491
662366
35643
325042
456056
295017
379443
519148
396384
760345
637921
317964
764007
882393
659239
905964
714211
654015
497609
107111
183407
522782
248056
930051
358989
248136
50765
197115
365475
33315
552849
255399
532582
153766
945337
755914
920852
227889
372079
542200
450779
815047
758731
498914
213143
193705
47648
708352
484985
319759
915763
271001
527363
42309
580295
21874
561839
853793
866836
522001
719727
25885
769429
235244
86096
725525
742592
427507
626808
680222
221521
201335
307534
542592
355584
368245
379448
860754
49233
727491
923711
145329
735114
606294
348944
750172
920830
90990
757404
104111
991816
468062
469214
562554
125908
858747
138556
364350
580247
430369
63751
715011
215006
889693
208925
19481
928196
128122
830958
554665
733310
833835
569051
959350
916688
153618
691770
954678
233826
318763
398646
241095
688877
297112
334996
178384
961616
953353
604112
394741
508479
364103
567270
346486
294235
476190
753132
521957
25500
249445
207772
322562
571370
106091
697584
794484
414347
108032
342246
321446
381239
441949
683235
98044
952072
862769
310964
434097
260749
728264
780143
97935
649022
222106
741112
29833
353353
990958
174751
354360
184715
610857
617255
687088
584474
861495
67874
80511
598591
173141
402808
257858
293889
353720
479302
41635
781916
304029
489570
351794
923281
132526
408701
885343
304023
679758
485922
437778
783983
221121
612891
180327
560661
858747
489266
759113
205842
2628
440405
197418
387823
444292
727955
291740
776836
806065
273219
335
669294
125073
512835
316520
589278
171630
508638
859514
61518
462486
859783
233123
976399
475084
428802
245829
52543
835087
247714
458272
149526
95556
549805
64905
796191
373378
161115
833289
723587
445946
776189
59349
833280
952193
899899
276709
20089
571644
472438
896882
704744
535527
94156
997329
649519
773506
733113
105063
251787
938840
605658
132232
961577
699117
918349
732145
672531
942595
732405
963933
546371
18249
454746
462023
249048
127905
65261
508606
738598
852812
548201
765214
732520
373557
957972
638704
300560
405015
126117
754528
821951
162763
545919
767447
962833
941873
154459
749237
855887
821691
624517
157484
433480
608145
818173
439420
364281
596644
860734
548742
357161
267027
324699
697424
585362
731891
662660
505684
770937
614271
713064
557381
666975
874460
343477
245791
652176
350214
961658
604329
71192
701469
1390
28234
273621
377286
80778
250117
56616
78591
611857
239443
197317
563011
830512
451036
613482
301334
246143
947025
480877
818286
168999
837609
47853
240126
535006
29173
723434
22240
312398
164450
176113
127133
768533
331467
570864
594140
130149
113593
992168
502374
678026
524152
982720
713490
989068
889430
103349
864594
432362
577083
329327
20504
693063
682720
971311
196326
733985
955438
157221
372913
136123
410931
180767
155057
614365
252547
379419
288968
321202
386537
930749
758604
703311
159561
471004
568179
753171
983315
176950
16218
937065
569766
197188
524210
495978
285439
141353
326087
909280
43996
991811
839470
819366
662193
167652
247755
466859
817606
229019
751996
157973
567339
661099
228646
194753
471897
995357
141722
177193
366695
167857
671523
347231
592165
762992
72622
46198
206489
502941
570454
574719
732884
489098
190796
671025
927599
337286
155808
198498
978343
168244
910958
637682
157970
817399
568807
373127
735677
108553
605435
939826
411173
804587
786208
381360
668750
209335
190210
594509
529218
479377
909767
860387
256361
692156
731645
716033
944898
84872
103395
360999
112764
765737
846161
129709
157811
678628
851525
383874
760138
5858
463050
33426
658529
648743
315910
207041
816051
856220
950689
777429
719
801800
43918
76656
35697
698013
529079
388794
799677
235375
764553
168349
454743
229375
21401
400490
62049
692598
412913
133337
581778
632173
135932
289453
418800
980713
837385
172086
156970
717860
462591
499056
483028
901574
747998
159945
432511
969203
213613
620416
581236
662462
706566
247977
906829
868859
168762
624269
41073
623089
57314
230446
782826
502638
895811
103207
210277
136373
24093
658354
191109
953683
748816
506180
5283
58320
390444
29459
744230
229696
286228
891127
234940
680313
42317
516334
559858
323422
405608
56122
9974
36122
906
292069
562982
305577
370517
478309
783252
840400
685301
152922
962969
177389
892809
594675
544211
12713
191979
342001
594812
981385
254814
447556
98152
237540
582483
626385
883227
132975
554520
174485
297284
605556
623262
550051
306266
120801
619237
237769
534738
376125
143238
638161
164154
758325
62364
639971
987317
334933
32592
288584
305939
121298
570816
230473
887372
498436
163980
441398
523866
459889
597309
551362
981808
979843
23377
691083
417498
387548
395239
234680
88690
235648
337283
166460
388156
948209
251007
742455
177247
355992
515663
592891
474177
564895
780847
869291
852605
644571
60011
342272
586564
285031
331978
642981
632461
566220
801880
580034
719290
167644
559887
402455
652745
253662
106686
868211
418403
478757
98834
753316
207543
96476
165999
299672
68211
929438
837967
709967
514672
919205
299539
294060
74582
876341
242723
618096
457810
713127
732460
602317
27494
4242
615368
24106
541658
947412
771516
465843
786064
645058
988442
172313
39029
16938
28359
735277
637843
725825
292119
898132
79300
949870
458772
128488
150018
47538
534366
114668
696409
27122
572460
670697
182589
918178
741488
19113
520312
370128
651097
560719
420027
906506
198066
715793
826966
690221
175464
870868
394499
510924
969448
711139
688413
567929
457959
483403
365358
817139
95035
969813
161829
244972
988775
656993
809895
919925
538612
388443
817660
727944
413114
191197
300970
124978
365502
970977
230751
538779
939701
621729
187911
373875
222311
434893
735486
675515
611119
699048
3935
93101
145631
297472
411387
524169
676224
963144
720870
114878
193526
254099
520171
227057
607298
96175
546847
873260
696226
232732
753171
118758
165075
619432
796131
134187
858870
65704
865579
115816
52816
124565
629594
544597
267308
929920
466078
522815
873499
274803
6143
982129
286044
32038
518536
797054
718102
105755
188831
576494
311362
248343
849334
344963
845413
955837
32794
538854
338427
679688
410665
111411
585392
530724
379424
270046
136519
116202
194066
822848
206430
448758
655285
641218
847304
778471
140951
688804
791002
204275
965358
113003
870658
14180
758540
453157
255312
194995
700401
677914
389784
998655
172667
395217
68848
196778
472568
508028
85845
208785
608156
870337
25706
924710
213646
110117
810144
185323
881116
897495
956017
236492
399376
583639
794053
882458
415386
448449
864696
41952
386156
713082
598259
894308
433765
423029
448055
667963
95141
675043
389048
269577
211519
43829
817382
312021
250764
747215
200902
319493
831964
211146
943103
89914
410056
56870
790961
203530
502051
487243
295168
959318
136527
341178
121391
219720
961579
631509
355302
219819
854058
511559
953686
991207
322815
76241
238643
213399
447604
233586
978016
625737
312218
502515
174633
971217
658651
515084
471785
310986
96171
647158
609036
891691
908957
505230
667631
513729
12690
326819
415588
156686
803212
973148
319697
374142
867808
219273
30136
60034
77130
419140
324625
738764
747739
875395
718931
453157
559629
678526
267153
493230
492599
565111
91073
905137
869595
356715
538329
98019
43613
233171
996435
588088
973135
229911
143
751779
313895
794064
102614
216361
5586
480120
71612
297313
65825
792689
304544
739466
378786
644910
527502
307849
104394
110530
846595
901821
115341
14531
252816
498048
838352
24858
209495
170109
891254
509098
578866
87721
293143
837211
114612
96288
505359
973186
411143
861788
24178
640623
293684
961876
512989
792210
734146
496943
988648
279562
990389
929571
111095
993356
916663
256687
310704
583596
971157
291953
671047
464267
732064
39268
146228
329246
159028
98106
301126
848022
871445
186706
438353
438257
101941
113367
438659
562525
54226
565364
66005
738884
37500
337655
100381
526841
689396
137089
755840
239357
151408
809255
640836
387629
523132
522025
540419
838604
908026
34509
813115
742057
614794
47639
311171
754221
707972
464486
841880
574531
7138
574382
317846
41444
433915
625613
231170
978430
380906
587468
260292
187456
847117
575413
508786
916228
490601
648268
459399
329818
317803
734123
535538
233709
898633
135549
89547
866837
962311
746711
319136
969848
278614
663662
258926
942749
289111
720057
171435
179727
630973
725924
626624
470890
259920
552365
969428
293893
172877
591583
365252
968956
955179
916137
324719
861400
892600
243995
77997
713245
633314
655356
808735
669745
907922
527050
969441
36260
281203
264655
374492
307424
381009
38108
358393
622574
698524
882917
428144
767266
811595
79992
601470
380709
785949
523867
691573
231901
175034
621826
44973
369339
154104
250346
625560
382112
524603
943701
657268
776749
182196
50658
415833
818598
314442
562248
192498
742017
669269
313583
265288
348305
8134
266283
197050
549898
519653
331413
454729
763632
585395
749576
18576
31265
590318
127477
742864
453371
343859
99492
106665
51691
104893
780744
397989
826451
589323
336061
273583
911767
25696
258848
87457
96389
624164
972107
100923
272734
95976
721835
496111
486597
756167
666880
791448
495043
374248
905777
30219
601461
793247
800266
395526
944403
918963
38803
8646
469021
23226
363726
745013
48292
886241
568780
452991
701490
86280
80364
111813
539927
531338
927729
426219
157137
484314
625471
615052
941527
808841
197938
418381
813890
61540
900507
48143
659672
290553
109401
646782
881847
152122
164879
47302
347355
931067
585223
748134
750476
901974
366755
42204
985895
488878
155899
704704
265798
265872
456728
988653
964751
207285
216972
987610
741334
468196
198700
103686
157488
440116
3180
554898
85
159791
72597
182184
909104
532435
286885
21081
65543
645106
61379
610437
498754
306745
174429
186995
360026
219149
199392
768513
323871
802449
800531
303029
288997
500292
744337
423985
334796
40136
848289
215493
128107
262973
531635
69663
957657
780556
239354
901277
503767
120000
816800
246787
700189
69902
685738
257032
456192
171061
990890
822731
873084
939072
849435
451427
507300
571945
709724
596884
497123
798360
356940
655517
207726
352585
498494
968813
109576
826635
699417
862134
599857
962340
209935
816987
37036
787410
678392
804291
472108
33964
120714
588047
215130
454055
987639
96168
491013
418485
346404
399025
861863
213640
337857
982364
886608
188789
136073
475224
204146
637747
491608
863336
735432
33154
461092
488655
422627
966056
663001
303272
977810
509142
380117
976082
212653
790442
87357
331655
316094
827598
866106
468686
416845
17277
767508
442311
834375
852134
348521
967716
411466
36201
6345
107639
700560
151486
523313
482469
940789
969333
272419
639162
417766
433623
704670
312343
510568
815852
113727
170374
50370
358038
759156
119790
679753
688859
161945
63329
277126
650432
676081
860627
706117
667088
970306
209958
781821
554748
356173
900832
419735
191004
229672
683134
36893
486356
884218
722786
465344
472722
383699
986087
416389
558835
422949
587989
878222
788421
350819
467504
877761
379815
128245
592811
102295
766669
920149
62714
144515
344928
700681
473989
846588
915906