815486
936960
823100
856069
467155
987592
433566
559988
586387
823753
793569
231388
419759
870084
758283
200038
540671
90959
902425
126364
572903
3985
575021
584623
562773
63258
669730
836132
570982
714972
41024
99485
666024
21706
392395
567808
158906
937612
596470
880390
154256
399772
676021
245986
994771
630720
238768
905163
764389
966564
516435
612712
777602
890195
579586
683735
368386
607954
882602
687259
591162
62105
368371
492576
320579
154543
174737
346539
745298
722785
965434
970338
27270
538974
749874
493301
221313
118898
570626
421608
488365
793245
823751
975615
357216
397328
736294
687237
272858
755971
257565
761720
258667
972725
397429
283924
555122
846785
595731
943290
73856
107994
977838
916285
150810
229347
608027
128778
753053
399021
151237
87665
622780
965966
580536
746452
983397
455962
347100
720491
988163
434241
959486
948657
588124
705733
943370
288174
746969
678998
735701
506018
388710
348235
391639
622731
471024
874111
705206
853779
923083
972038
244477
813530
981046
553419
219627
241755
859830
165064
85288
275645
755422
605152
299923
470968
655408
573660
819190
533538
439518
957312
2907
555670
309609
69321
555128
301439
30443
716614
571205
233478
970032
823376
716718
942678
275070
872296
549156
703560
691573
842347
401231
314800
59537
148980
775262
648899
355405
26894
990846
404067
301602
866580
874792
500809
455982
246952
482261
751374
155311
775820
978573
279638
475502
910048
784925
695706
88632
847544
971879
430992
399303
207449
604627
838584
110208
546065
930212
995653
438230
720944
99045
882471
66700
149606
612610
530737
105047
803963
246450
40364
829281
615973
68178
170935
271018
279689
362062
611417
537993
351377
712312
193957
254865
472422
168826
956296
543759
394890
180904
772403
722351
929941
253039
530271
866750
315914
756651
210689
142153
854998
696276
493836
544357
724964
658135
787230
7240
694175
767427
537672
361557
844613
499162
89021
532789
532325
97160
905110
956768
860725
528752
613695
455356
8594
387297
84866
382300
409300
594855
390126
561513
987597
6014
117987
403614
694175
961570
734205
709037
368823
34306
233947
115007
996778
608402
742795
681241
481386
191232
538131
398874
763940
684862
259422
982432
618618
726654
244866
648907
690456
699452
264042
62937
256117
417268
715557
668465
7016
873269
312778
992827
634404
197006
811077
344556
92178
74212
924803
525279
778314
766757
375990
442655
762413
536151
808133
497089
552673
945162
72340
999982
976490
149548
329131
395199
728418
495291
534149
557697
145301
279637
429815
786135
528043
978939
898367
512850
195156
24217
473197
802584
689598
414705
794451
591842
152831
76903
648642
839132
400713
132395
665898
895518
789052
427555
795389
679974
412886
90808
589170
304312
937542
420922
709414
146639
820126
549553
183389
458430
44710
387009
206117
961768
637324
242361
573467
367448
555833
31608
617479
444350
416192
667900
156707
216391
72432
750984
978681
824408
396169
529138
558826
909350
794699
912646
378314
967540
134633
297178
76713
128426
505949
33328
919725
222543
902997
264897
40603
107108
927499
741996
628852
124956
898034
675067
621244
158907
11212
899533
936662
322249
165208
603622
29642
708275
460713
433232
564457
409727
111250
492075
749640
206826
277886
398808
631016
192736
489884
207998
348406
54232
876535
956215
548909
622921
837795
268891
87961
328204
741011
319207
737015
178959
373000
261897
105081
279987
54244
742666
531365
264132
195037
791256
211677
5330
660685
678127
291897
692464
911909
891620
158992
967368
786498
167438
657622
781721
85720
145681
682143
498831
672971
957768
484610
551998
235548
886926
614361
53498
266240
813161
876068
148117
908301
933716
152781
647286
155917
290600
229446
229138
539765
600742
413902
627786
447472
398051
732883
103393
687188
302737
659442
88408
134902
717350
963802
316329
611224
973610
98574
612124
733889
496226
578569
12744
556262
178196
119995
910250
649476
660599
778546
608731
299919
343225
390164
182961
738564
377836
729736
808437
360347
757006
513909
513660
760344
543731
958498
571684
754881
79761
692285
220844
696042
3688
909815
932593
624684
61772
475980
854529
344116
792976
208480
901854
468343
703889
457349
420625
560899
890652
672665
107687
602033
651709
902349
719693
916407
443173
540864
55427
4890
276919
322313
573376
377600
846383
227412
749539
349667
900975
142883
397777
568994
875880
940022
480687
686322
3937
88134
296957
821425
162279
339243
238669
934875
263826
930589
75295
617877
103215
684951
300955
79527
293775
867415
180651
269831
717611
917250
868274
626576
130098
644453
224620
462738
613169
442007
992483
554626
572958
86202
297227
85458
867713
542368
550395
200924
915904
517706
408776
709047
891973
914379
767104
18860
94030
504331
593472
41539
383313
451815
102003
156534
898377
868086
158695
795143
551521
483815
854861
613293
940732
34950
665037
574378
81503
138461
836292
61880
886844
89463
958875
499105
461404
660480
778501
539758
244967
563784
586708
313463
418899
947238
22713
252186
955303
870393
869718
113351
751595
616394
302146
350711
10798
512589
947672
439612
945651
797766
846396
578548
63481
153481
982572
534423
310822
621785
371518
552752
753167
670962
955644
743401
469159
804323
459736
44542
343873
75666
559309
412180
323075
911076
757269
885730
219241
495348
860993
127053
280563
886144
14968
964178
205613
399843
728910
536989
405337
964796
885760
739190
560122
297838
44938
294683
354815
44545
888421
316392
381963
714087
916448
292467
852829
410584
369178
6132
126177
592478
84890
17761
364498
625325
236555
835288
402762
585322