871883
375338
49527
652019
452586
640258
325322
602072
391990
756360
204362
423562
313439
652187
736481
265442
887908
220918
839829
204962
701559
833195
818940
653501
462972
812992
400778
739071
793839
510371
525067
178906
971684
801546
404268
972879
889066
725611
684019
875573
521545
137749
440655
597353
974187
507882
171594
36627
914903
498873
99610
952848
443416
703612
467991
195393
928828
697643
393800
594735
669688
49979
421654
592922
512489
321014
83874
303837
640181
521976
983794
611519
41232
935363
215494
745880
862107
964288
736969
670109
31526
55699
286243
199563
929302
467609
663083
87085
583586
984065
271866
840521
126903
298308
251291
197677
559356
382274
124638
558353