384681
331243
569452
447554
603047
173807
165643
37851
16748
957799
156684
625500
603503
853459
96351
2519
918476
410225
49303
319891
309768
689747
119355
739316
566131
992988
165817
848264
895462
362199
955898
759216
716460
696499
510929
151337
956029
568223
415628
61366
951718
433214
67245
37996
436292
320903
130547
752345
749614
67708
308177
917394
807091
845061
570112
617176
942265
606313
780400
414438
536452
236264
229593
469658
290199
630263
352561
589373
189813
601752
818806
201009
85248
369046
803242
15222
7043
108442
126047
632281
419531
591853
74664
30521
438191
966475
293615
812343
264817
922208
852261
626297
50493
335138
881556
322075
19086
57610
929168
117236
485872
477104
473676
865024
846816
335874
111304
954799
972943
435808
477480
115593
670149
898647
180640
463420
483491
422201
285580
535236
362753
979990
327260
148725
146102
134617
677037
806632
744309
542208
61810
330880
75156
751929
580177
949080
999529
115734
534474
325515
935501
211565
403666
366559
459394
541263
776382
67662
904689
982115
486427
578355
752139
551966
289626
504782
110674
311008
735080
695155
284720
907054
605084
948117
982469
457928
693578
483371
313406
43879
71604
440317
621152
531797
614176
454861
885029
862760
198021
309092
199549
691292
322207
611320
816117
269324
306402
978999
995637
279117
274699
282994
441379
423464
504785
172713
132774
618673
791675
785583
530885
612424
576907
987322
826541
238444
512088
449353
509137
333239
363449
253618
973164
143994
635421
532551
507746
750005
735800
84196
18948
915507
160600
962904
371763
793792
65622
348334
437340
293512
700903
639511
300961
914190
59730
707829
811800
860869
707452
67590
413740
937167
151071
66603
261857
154639
623641
619412
16310
215661
35617
882699
188387
862949
630548
192921
951554
153356
745645
193240
274506
700065
786708
528599
921909
28300
691789
21667
458500
584374
426705
139320
238809
483524
307002
578372
220737
861937
749783
989716
923797
208710
355679
838366
142197
954745
978883
534634
120565
931488
160732
775773
433940
346448
649988
764323
85351
245974
230976
391957
601937
36571
593044
820603
162346
753358
428721
629296
131890
529370
574266
553762
569558
712120
621137
759583
56705
134248
896125
150832
215439
197543
70575
906464
562217
473340
734895
879834
590913
87216
89640
384560
492908
496605
354636
943224
958679
523103
179429
564433
492071
969320
884410
999683
677425
27440
24154
472196
774290
193481
714503
898839
489773
173008
673858
588304
333375
824319
16112
312114
343392
484768
977382
592633
17625
507996
703638
526963
796572
579634
489429
538696
332068
752899
192520
90971
467690
105225
539051
796425
446593
784296
212285
398159
813199
200413
328332
92552
790824
272019
700632
22547
277192
586708
347879
303251
906285
943836
57956
675152
573199
262922
807029
773242
86141
527152
89240
940366
32981
117833
305464
181138
972768
933194
338642
83386
919944
183761
894590
148013
35574
362554
40349
681697
900236
264913
232478
802018
31036
557409
248940
412530
923011
554987
706552
870603
329222
681778
904606
363584
229703
316147
169654
429057
23428
664051
104634
289085
242220
855216
615823
752418
780927
440569
143666
482944
957121
864922
724032
816203
670426
553711
643106
380223
806605
37337
578515
269342
109843
452495
538639
76565
188435
30284
19225
564413
19073
716390
185065
347325
438992
506239
90609
527500
167893
215188
763851
218196
320890
67251
326593
209650
608027
340873
852344
869402
895040
700441
29625
935000