815955
913361
275145
483841
46828
426122
644226
592386
798806
255076
148752
923931
92886
675897
361861
649367
693555
343054
887188
156161
419895
987496
716385
773264
71186
467783
607217
50284
608926
143619
962433
239713
291454
716674
270578
273823
355935
258708
977121
310891
175264
767275
825429
532518
832270
948602
404690
795896
151688
95400
279434
654361
196738
423153
419699
787004
368548
603930
543156
369432
958610
13007
948601
275924
970823
859034
463973
219918
735514
379778
783271
386632
315299
176382
765286
355631
588599
576340
867414
696457
55310
389651
379244
448379
124614
525417
266478
117749
62593
827170
650275
848315
505385
909054
389866
44048
801491
27949
296103
969857
497729
474921
266584
720971
469186
470896
37318
509994
614196
591645
460758
223807
274282
979426
419903
738204
26984
739556
950998
660272
243851
105523
120452
412106
513030
236901
20058
384843
123846
522190
18427
274413
31991
196573
51511
5674
431456
484950
295929
493770
41322
18279
168470
676108
728446
196970
495685
251504
432651
824822
11694
955167
794343
196258
465563
855288
377229
787415
916171
226360
799301
40273
907749
365253
591393
405042
390666
123479
152739
896195
211395
171524
896124
591240
49626
882086
397615
734014
91524
894634
316820
277619
42683
283000
259129
855618
735402
28346
266275
924202
809730
467852
86706
925323
350122
507326
71010
500156
266643
720648
273774
242891
688681
143691
350607
71698
592613
328384
74722
946162
222015
161663
417511
945135
23233
761710
896485
455016
107447
665412
805292
622001
951555
593273
322162
960975
19469
892748
134367
945103
417303
915312
676260
800131
485614
987668
176454
55322
42492
698126
702073
415707
470651
396067
771047
375038
56068
261429
713936
680103
616069
699722
735115
836671
984337
312181
700010
107313
794642
192867
77051
750078
287961
399811
923179
475262
717526
530579
240646
826484
541667
562500
934425
939852
834618
941257
110329
355635
838088
518785
650204
832531
220889
703679
680100
824682
205106
962930
569788
722438
836605
255606
325915
148127
874335
744246
134182
431633
793958
346491
301042
156788
211230
450838
670695
875482
339011
176486
612992
675748
958160
839687
743022
665537
47286
169559
439644
375940
286440
426918
736270
854881
338643
722618
806243
263493
943339
773883
364921
509519
980193
448833
392815
763950
816688
491961
459653
745816
5655
245358
126816
591395
829217
132410
508267
691396
416992
594696
355927
930723
551096
772420
824514
923543
985751
177250
977205
874051
660994
402504
454152
597388
750603
43737
933088
133238
119647
15775
292505
465242
140411
865940
65150
28550
159999
980109
272245
186225
148955
825540
205368
28185
607270
925824
968126
919419
603405
146915
990008
395182
179944
637712
178551
865757
54248
962231
932778
450207
264813
275198
720389
113461
811572
735373
361342
943647
348526
76342
649905
117595
519467
755264
551844
737083
602677
105167
824164
642018
966458
734385
390414
179738
85025
107591
104234
147605
855933
414990
508401
124927
722143
481161
38639
811452
392005
48781
544131
420163
578737
183656
557956
704086
74325
633071
819838
967133
708458
699299
780442
875806
797408
554431
584219
719324
183984
693921
164229
887049
203981
164306
337560
133160
395128
23348
116090
826628
96179
96327
421106
439302
289805
971544
308496
479415
132956
472326
280299
148115
869065
40178
456771
601350
990213
332098
43332
678022
901530
203090
285484
398092
24412
600377
577923
563504
316926
585779
872905
198048
97281
974576
464878
1212
701446
344760
335675
955793
562821
325113
109262
305969
167510
489967
431298
113771
474413
806318
856557
598509
305955
561807
421699
757042
892783
202101
148119
112297
349107
866362
370754
492708
253683
892347
62044
207737
6240
101949
937447
791865
213074
819131
457292
22986
71061
970317
326205
274020
755738
262454
210297
767652
288143
214026
184750
808784
597833
483962
955768
137320
533660
125886
35144
147301
801037
590878
144736
277457
356319
797212
101306
76226
814729
44673
722504
925812
710537
322819
20375
52994
195154
821135
508301
525569
954913
911865
169361
970233
166446
327422
585545
142913
127485
504498
137278
39158
784531
842122
783069
169432
647878
186696
410519
533761
860206
991359
638183
795906
7352
144322
254131
306587
964377
3181
323212
250519
76638
256783
974480
114946
131362
118515
803567
921992
512154
585866
695498
28204
776906
512310
898551
459361
551002
459893
550689
494728
400323
243752
563981
436743
481316
838975
910007
745474
92657
469059
954459
918073
781898
634752
16015
640446
907370
531597
103565
580433
400630
147066
734351
244442
918389
383508
585555
791746
820959
121367
413182
204910
49614
383345
787933
549016
193617
243247
71110
782988
869920
936326
850653
205309
855465
868992
389106
812930
181321
955778
69384
218352
50070
319670
512305
346452
856857
795161
102804
780685
18329
108130
602641
833092
294610
198478
352187
846218
599493
984005
951748
414220
243049
16874
154679
751029
250623
815748
587166
614816
541443
534788
230211
493753
542654
805746
41684
74479
362744
239864
858463
904919
183563
41099
835709
434080
330579
731442
405900
374447
372546
246068
860373
522263
568528
454178
531532
411958
106703
644926
819509
495
734940
13063
281187
843071
170610
21410
93595
225470
876888
164647
130648
204341
763771
228549
580328
543638
528278
551762
663604
229212
687821
50802
714653
797440
939994
443875
249665
642261
144478
96484
571292
556800
485017
31744
313099
67736
536437
909755
462380
406358
184061
759191
781538
199673
330411
803651
4469
794361
716574
932065
874390
738085
992874
166195
523455
18267
741322
903393
414265
999844
985008
839913
827447
637098
870781
361699
276640
192086
462988
34160
296810
307402
732009
14975
157858
966456
451104
130363
427080
65373
578735
86613
847510
589406
204893
658793
937313
429053
421796
79631
552153
677880
879049
423937
571627
900094
560909
455652
135621
974734
847676
373685
592697
106607
814562
640529
534011
948550
613981
310688
267781
652951
577166
959584
972442
616155
944873
658890
249446
995577
300588
432738
315908
97701
229101
747552
367386
191442
381259
519094
672991
822101
810182
562366
334013
525015
47403
894786
257938
507703
77224
476647
244048
171194
213822
76022
336559
165139
571336
465266
757412
338599
112654
957855
723134
718239
637626
828842
59001
285309
482062
436754
486205
620785
536255
311770
980377
158856
629381
406922
81822
352899
216322
969036
728346
949891
393484
417143
19056
781215
114073
855146
607377
259736
744454
119502
739993
166180
529604
42749
512776
142182
260768
920449
837595
602047
336941
944244
809926
556990
830799
80711
242833
132339
170151
215135
414924
42913
732694
744602
954928
762449
351344
510256
618580
188611
969983
194612
55113
377664
25841
429112
738642
509259
599967
818128
167811
229366
355514
905776
689653
858896
404180
335407
716067
362172
473864
774380
649252
494109
627144
602895
902469
710637
456513
479785
733186
154029
618413
556789
709601
365238
884084
134976
318380
124271
688832
546596
566985
204888
536796
240560
89975
451010
424263
172900
331943
147425
142747
337431
736693
749626
398869
930107
91649
831990
953216
296761
162286
108889
182147
458806
448119
982604
621955
252279
821737
414678
808502
391201
216513
246633
671174
768665
411554
691481
562589
171082
520946
903399
400659
485765
351699
675516
104114
499010
982073
527921
398690
667012
983981
266827
954358
698331
833181
965060
616977
601603
839389
308292
269494
337130
789566
850991
646700
9743
190217
78167
47242
267718
642777
432722
983076
186072
135442
352039
639762
924167
65090
248354
702042
63086
550674
20679
471865
471751
482792
380515
437075
372679
420637
930366
380788
524260
832086
254060
723394
784502
465665
575043
798850
505211
924206
505894
868547
45045
830727
461824
268714
483630
419182
963853
146331
383196
610929
177682
554241
478047
918508
971245
535803
847142
984700
634631
225124
936562
702555
882725
735100
464691
153885
936926
131832
59854
714758
981479
467810
353792
16134
79114
789678
660572
727762
580149
12891
547824
626079
162031
746370
792518
373309
389861
661695
847238
120399
986211
465977
747769
943203
37278
477071
868136
230514
127213
533792
715618
802037
76952
143223
539805
312033
634633
158610
597620
279169
258912
811341
259471
899503
763106
840880
441505
857071
907793
279506
430282
826728
78486
346279
254428
308096
449307
922989
736890
819795
733941
75568
106076
110287
950271
931125
892208
153135
85314
238217
173019
651089
746320
693606
118301
900662
40368
640510
165203
116438
403507
574759
276373
158174
187365
464100
661439
189959
685599
529612
442190
61780
544250
932122
433568
425896
562910
881936
596445
196417
423160
966408
603957
540693
255049
891864
868223
820039
551899
996577
44993
884998
372304
986548
674701
892675
341267
27490
291464
154828
427311
18015
272518
466890
568126
919634
374737
22483
788217
603196
140361
230189
388975
685506
89957
762848
543377
438616
64279
933303
157866
120076
638990
511507
281259
421741
399317
957163
261220
918998
712217
457187
13391
693402
883079
499656
802311
757901
12372
796582
317590
616557
546070
555014
427115
923116
499791
328648
325674
910683
805067
65561
467742
907252
145631
813008
880330
833924
52689
490218
700317
853811
320342
532128
891971
241522
779318
649827
763608
348927
502668
851956
942775
688792
358761
61985
910513
751994
98457
306463
847322
324500
17277
28353
673149
283085
526423
18579
793199
163631
880485
596885
55169
700398
777764
147863
885071
547289
674421
281710
893173
166364
154333
496400
923425
591215
75751
299217
57668
150623
317668
599803
143843
153463
125395
25923
828234
977483
525915
643630
195103
996128
505076
773312
474836
476539
453670
920796
812214
506373
717354
970877
795619
726551
890285
203535
796184
898536
267058
523115
701672
975504
631830
703918
529865
561976
887983
485173
999305
286689
847054
651062
221342
129549
646628
56254
725402
540557
686273
425539
443709
375336
78519
939237
701925
752165
23069
183302
883488
503542
652592
901378
685794
836033
863059
699341
870418
114380
168183
83816
443774
365507
125653
477568
430063
925993
213848
227939
584728
876185
82905
863711
747432
532984
504066
271801
832575
286650
863827
106759
629436
367437
936259
766187
627445
162853
140734
805932
434880
765989
158221
973298
141998
824871
92948
444894
28440
958504
480436
909316
411089
56275
90833
196870
628795
427432
129710
35598
468149
83017
292147
152167
151730
986017
433169
855608
341413
695153
806460
722911
147736
361721
316119
814374
874780
572799
890094
389093
120411
506431
598492
61492
241993
463663
671821
321866
317049
770861
877662
180279
501900
394375
28641
721722
686084
927975
617276
605184
500662
96025
6256
947642
389278
449530
11128
491097
39309
346240
832392
191081
299581
928416
66804
408263
230405
511008
182002
193984
212071
567161
465912
438984
52615
104232
966527
734292
632247
219857
429418
591252
636269
470416
646399
364048
94998
888862
528531
572062
690627
937245
194629
139646
132865
171201
281376
364946
382216
666842
453604
672380
573705
289153
680479
461846
624874
127711
107828
399497
557902
254101
407677
926346
342221
141963
552845
940599
84803
519193
815886
64522
707076
240843
798985
130359
87405
803220
811909
822888
729238
546003
918470
149779
24419
855994
96502
433396
944058
832417
107618
436972
385935
92774
676251
740918
172186
685246
576061
50754
43754
590877
359692
850352
599507
415486
402041
729642
380931
249423
891333
342174
417907
740860
31549
355415
829113
956375
95011
373559
207929
632097
37357
162515
376060
810744
756646
747947
871961
282332
252275
968388
798031
92575
97841
898532
706101
381545
688121
911209
111880
871013
114949
330823
586340
749644
350636
105756
700814
942988
492041
118770
431214
18196
978298
182928
904282
71039
139268
795773
754829
334746
122708
502034
209718
939092
749920
675835
318381
883329
127148
402954
509184
344523
803561
664887
91692
96501
236216
646712
220007
621837
685452
241401
952026
476782
611949
408697
487660
903151
357208
536513
510714
916076
412995
255041
948578
637551
248703
883080
676479
987258
955191
91743
847343
434867
576213
647875
287503
614060
207556
427262
779848
292686
126672
329185
867779
614435
993449
191712
123256
164477
624198
82698
994724
930949
886949
606307
751833
232227
203953
291487
26415
627207
986813
973246
969619
168685
443775
938769
885029
17013
497282
275829
488132
277432
72125
567532
849382
322002
199066
421440
270107
523825
844908
547600
114650
707678
702477
659037
113254
722138
970005
513921
938845
517411
774137
513152
723613
912534
45629
154295
846291
929646
271383
608753
480162
793322
323874
939097
180780
541389
444603
889865
958591
942783
226812
328257
869919
858577
268819
185907
398316
971038
161790
42170
870064
155469
537573
809323
86535
878130
423379
234756
552043
73876
80467
226498
550747
806793
905187
410958
588648
708606
220055
240727
875100
793747
501197
47419
748167
571683
882505
538654
367527
518497
904493
580510
416883
163037
430102
869853
575428
874470
854421
727357
583073
481098
409416
184746
578981
887929
381845
832464
93711
323400
889602
201518
354086
80401
805044
360514
833287
832247
548227
185508
634829
932423
946870
920751
651803
791546
28192
80857
581128
884055
531542
977956
196840
425269
922507
377325
261427
522910
617355
90722
669909
491344
780240
349073
339473
431965
472196
596251
900690
472434
317972
985095
921616
122228
860141
753651
926683
544070
728086
17061
90440
518055
673706
20607
992885
738873
887536
350929
681722
950108
267417
180233
176557
400633
517333
479813
438930
652827
615890
595401
348126
145015
664082
221068
919718
457868
863911
905517
417129
949285
217038
413187
27766
357500
463270
382801
868091
912505
158731
642265
127852
448471
81876
911111
946956
181480
128933
35982
860955
937903
696049
16080
836317
598763
314703
193591
789314
212083
977656
764193
710583
359996
133275
349688
605192
798392
100509
679071
134448
883417
656496
863112
611519
787315
83023
37346
265830
144640
405971
551728
387938
168509
107509
585717
381251
735729
973345
135307
844312
133069
788659
316116
768633
165231
558416
525447
357425
815553
521060
636652
665029
895102
405939
627939
733285
906389
682206
670813
346607
886182
31221
540718
35802
743145
367475
433979
90885
904814
468122
716878
872668
889406
643628
52616
31140
543265
476611
163062
54373
132281
296077
7612
882353
660300
490472
360237
668052
691935
992918
500861
452250
156925
120733
632526
560311
939735
807550
372390
771735
108037
236047
524162
931587
292587
874999
291076
280108
628214
869894
680967
945752
21318
777071
782227
258598
562342
276771
941420
561727
303158
245706
848709
515931
728938
442848
888914
421037
943595
930411
156795
728941
410395
720660
314284
39296
646518
385513
430729
776197
766612
329326
900031
752510
249994
808988
354230
76441
61808
809527
173026
80922
307262
301455
945657
454312
477648
853459
597823
722801
472265
591180
860028
985274
197011
751870
570384
727238
554500
463702
786845
475106
89436
400463
951586
539339
820203
753384
20008
316221
370448
26618
565140
210330
750427
815544
693277
111475
944660
892488
116440
582069
804437
72376
31215
693619
117522
675614
639025
907083
271417
859537
65219
614712
304948
797438
883443
915764
917964
14439
364269
640200
683239
340286
519878
432049
135474
951322
246
182896
181594
662036
708323
889071
118323
303681
96088
321227
557628
949387
198996
794370
578810
443822
127615
931130
708864
900428
836536
503852
363472
424110
12361
699371
95964
809816
357436
505429
204645
809864
666567
286421
460165
283979
945954
43922
168711
557051
543929
740023
85300
265560
861821
983456
139753
422082
397525
212830
382627
154448
435891
767207
630493
162833
687297
439261
244432
261981
573689
530745
661785
859990
393492
209492
394105
835456
623706
251986
789814
286650
806488
957867
5918
780825
70960
644503
860267
903264
360650
418261
739842
300573
817641
590233
620950
990306
829656
179216
80170
519327
169282
940433
314099
51865
726369
688929
796507
85833
719887
498915
253154
411411
956216
174106
473823
520609
165425
322716
344997
22940
450977
680598
195392
861319
804957
800438
74271
11832
875026
239737
269643
92595
464987
963473
55189
94372
221299
719794
112527
391417
352836
764793
320432
291482
482014
803129
549275
987718
94915
925028
228601
650251
933471
392339
117314
556577
269077
891954
346395
722020
28916
892363
409818
915565
184776
599085
267685
670796
28365
658425
391288
391651
335167
950664
831301
532834
145933
913404
942645
847834
77355
858082
215885
904064
525190
660673
515820
490049
57491
593986
78256
198524
895425
792187
220089
60385
508813
678042
67141
530852
116915
691050
480314
248605
107586
913349
437059
681983
655753
896151
220370
302898
646317
124746
866819
285584
791004
810003
916961
684473
688988
320344
430145
475028
956221
732925
34188
77090
197933
302474
998235
906560
531882
612922
726459
818745
950738
794403
254799
585349
278
445
501909
541347
738957
833552
737473
750990
630565
320638
38853
485471
197620
882154
754610
64254
870572
466372
464696
731846
982381
406003
55881
804469
710389
38429
350300
818956
896754
941014
798286
671433
182264
999842
331042
974335
722894
19497
651369
367823
925411
298294
652541
216069
932830
950827
573607
725649
370963
164549
654945
853024
244049
241416
674997
719830
862104
856327
908804
375786
565992
153746
829282
413983
999604
405308
38175
934363
430902
910471
326753
231526
989916
797998
663660
797952
351904
45839
223108
317662
685429
175156
736234
157763
159197
923261
496129
129016
991639
632299
333332
601640
638070
944459
354801
750682
322253
646141
564397
676235
585479
570464
297803
678311
84243
325980
25912
41636
154108
592907
318317
927419
137238
288900
519607
88260
101972
963398
165139
403886
239415
256638
604979
586904
149985
186485
191965
166478
319304
862617
972787
487587
682182
308518
446477
274535
763852
516081
162754
936069
727287
990609
624710
84988
983867
234730
778477
759352
312187
763351
359694
53452
609851
121012
554306
419022
592045
291333
580684
667024
763559
633926
388755
840118
40822
693391
24522
808057
160204
631332
966192
639863
230484
427287
560371
255028
138983
399514
700400
785009
667286
197733
849813
903847
18023
860480
782056
68448
830878
712238
396640
449459
737200
899574
78577
330266
988381
686799
671653
415857
261526
756391
623910
373837
858201
928400
940632
863991
199134
546695
60515
699780
456937
154467
850638
540178
494720
755415
24391
301537
666743
490595
993855
77771
480359
717981
473330
725985
340605
382360
956612
33764
124782
586222
88903
146013
93512
899440
837657
186458
66020
890214
564139
520773
294520
584324
794780
170338
422537
215020
417091
976676
832381
227354
396
708333
477262
800305
814649
574049
597083
961247
12490
917030
440537
716335
410168
279802
920806
382955
780442
734320
644542
167403
231147
61192
612998
56318
11363
914218
348614
404404
106177
465471
109812
901063
260010
820012
430571
332388
844011
593324
304187
188121
498715
162889
643481
849372
575068
323703
314807
65845
488000
505101
201839
969033
727495
998881
297688
306053
791943
285950
344763
306083
77605
293636
921376
339804
923135
608925
309761
539242
466668
46808
680544
574713
304475
689507
826804
954217
376280
215145
270975
295106
8365
151366
802107
231861
993253
376291
321650
838987
748651
265075
976941
153965
595026
939657
6020
310862
938542
306003
738644
152121
524511
481399
377679
149106
29742
216904
300334
21324
757711
891237
661249
196679
809030
656430
435110
824803
399527
626532
583384
493957
271797
495324
240351
170949
242156
500320
20773
976850
792475
708259
653161
970947
641704
864670
666701
441722
756791
253323
789001
123383
54182
604605
951298
319095
789551
898458
736821
846662
849073
645303
681741
512552
148872
588686
652949
646304
56856
350494
809224
355099
230185
51103
618435
460156
499372
605729
531227
495237
984860
534528
405899
621278
324544
235206
488390
380229
892749
524637
756587
115603
78760
807151
474903
634151
184904
106140
798228
963825
237114
669783
529774
110813
577790
94366
481510
407193
248463
489428
251776
542149
986112
952188
716599
642679
611266
725460
970897
571559
925506
524428
61709
239358
232751
125729
576568
729526
245849
963803
124510
806253
36853
643295
65374
935244
144637
778289
232407
999950
998836
978314
543550
320752
292039
615058
61714
836724
195343
544059
37478
932817
43572
949370
110557
426234
539435
325666
505397
296585
590751
293726
513658
408584
749998
849418
96794
192220
160586
766191
135449
646735
701248
493337
22171
575096
503061
104919
36126
721481
326732
371215
554251
767797
93125
233851
675681
360508
546495
993028
935185
207252
175998
984825
720745
471285
204488
805356
137256
313218
891913
204265
519856
600719
785430
447828
739161
62547
293966
545182
128353
856555
884701
198115
537986
195976
420122
825956
19100
433079
335824
284572
16530
185675
764698
260225
615857
89705
24424
895896
197898
133744
677662
982517
487776
326915
642011
358350
110781
810740
840663
929659
131039
255630
226277
98765
744592
196223
569112
902920
921363
323936
485890
3006
282874
21219
73559
549193
649685
892440
304049
780068
767428
305308
759085
983910
699822
739038
246066
127069
916618
398479
828306
100483
97114
395238
186632
128607
828216
753613
96993
847611
724425
103403
112056
910910
693454
643599
110426
231973
350169
646838
147976
181026
651548
517881
898714
514513
12637
629846
402496
15443
142469
518744
848036
51593
648856
626982
365675
182959
329152
596454
145435
776914
581122
201548
785175
345263
195218
252931
549317
711914
814017
622518
525136
317352
963028
699835
374281
623753
808433
971356
805992
174981
376627
467524
956849
881378
283548
636931
730098
563983
134250
938302
579176
863841
685762
216502
266498
70631
454345
991795
943293
425899
294674
872972
956270
70408
36977
740950
311326
154723
176558
408551
468111
869319
115861
496518
109725
136289
97451
824816
756352
56532
217083
875593
530158
293306
809422
787166
866141
982009
623096
57747
844006
149373
399631
275182
227717
793111
398647
545726
776189
717298
107161
688361
828121
933229
141170
58961
787596
672794
924615
148643
503546
98067
948727
757564
991184
397172
783657
206711
3405
431864
210851
292439
242724
756019
253372
552718
677114
952873
369002
93416
724042
744138
249461
667671
230952
144971
156045
402971
399459
557474
443062
503566
776323
71902
139233
728137
651889
939296
837975
616822
357942
439546
88590
989172
499804
206626
367774
56864
603505
801490
493901
410118
354473
633024
198470
322020
252451
548149
658025
574359
429380
838285
179452
49829
119552
145482
133374
240102
431415
161620
689500
459087
804539
688401
499453
882716
595632
58013
347320
400410
412877
460966
741861
580302
125887
423015
535633
882373
162796
105151
556427
832378
423060
419373
997467
911453
935700
166571
702483
675846
253381
882147
682621
958070
422401
725394
751795
422981
320965
201144
399886
398510
593778
68985
525430
990515
275566
7892
274009
390830
818983
300093
343479
409526
621176
421528
968345
601962
15780
751636
441505
554845
419455
935714
778941
443294
222635
432081
467382
394466
756032
602952
231397
91152
624581
209503
843972
776041
514907
916122
344802
835347
826298
138754
273264
553472
464978
417250
692409
591935
29459
850395
929455
815007
356040
568548
172064
121148
48350
894306
381256
106983
754435
695584
582527
229302
743530
468395
544403
983397
164906
144461
4784
383271
416262
450852
963260
207373
330440
314974
133567
185362
559558
404435
976832
131712
894150
273726
210539
234755
578494
281625
794861
579337
297588
965589
829154
489810
454212
823283
827238
386713
532224
558082
415880
579423
273457
269173
356509
292432
971132
85216
257648
86868
128416
161871
538327
728949
275228
580419
265761
641064
118765
838026
646251
745210
625013
27002
577682
768472
540984
125705
713986
503611
209151
278924
465773
93934
980703
380234
949784
530749
771412
619517
667343
663292
23366
487972
876025
6129
17198
153223
744518
357663
979922
816969
488260
70256
947756
894371
389521
456574
303465
384771
530923
330365
548749
255040
826083
49097
864051
984504
88049
132040
322802
431304
720864
477884
473820
364519
675306
911720
728480
8799
373534
879643
479631
462313
829053
871261
290491
837797
565861
89909
850043
143155
452325
243861
129292
203697
833327
281508
685074
109905
590315
824422
647164
973205
549096
551561
365829
836074
542061
197966
880342
428127
883374
597009
309704
515328
896986
915703
14856
856147
930769
236020
963284
203630
92787
590134
492001
317235
542036
314034
405919
487722
605323
232713
775764
894393
392938
765974
791909
677698
485320
422423
559924
51481
513401
465781
297954
251232
957151
207025
20533
830402
739994
753901
89749
480648
28186
54165
573745
309979
18902
164968
579647
796247
53333
797031
975136
267207
166186
640792
916321
25923
134013
346935
83486
669027
981507
648826
51777
525471
346575
632064
431336
164357
71746
553557
999845
555285
496543
36388
223710
195196
5305
383354
166165
301419
428557
326322
943299
819220
560620
154691
864925
747521
619025
632482
204792
612369
274897
122965
225288
800463
610160
245142
540804
138160
408591
499104
441254
453353
445763
457625
284238
984875
657346
437851
6150
414268
253111
190304
38304
167283
507445
940554
28604
673424
509511
767949
634662
456181
774822
575930
406556
280197
995524
479720
922668
847320
668613
779009
527804
192280
375757
21670
173860
21435
137908
299072
269621
678045
277142
695396
928093
89721
697288
687906
554786
603140
28965
523691
122956
739046
300486
367708
177440
992597
891983
349547
88262
756432
780518
616109
638284
903990
814847
906305
714371
846720
933395
473565
464391
508641
265071
935539
952541
120633
809385
592511
990901
854192
390957
926448
819022
478005
68661
232688
407992
979731
46679
740882
308789
903789
453304
313943
468921
791958
819486
911965
329297
572111
989796
584101
33632
560926
273286
990527
710595
345863
995548
823892
763094
353130
218404
824464
456208
833144
441656
562538
174410
337683
561310
112465
664413
138946
842686
577460
628520
278734
977454
555182
35441
884028
893546
532429
866147
201190
350431
566526
457717
70136
942502
458262
323243
755204
180622
137471
389686
467779
107346
11645
846135
527785
411305
286556
29282
43875
895741
882616
485373
275056
467059
37929
256774
583257
67945
142921
75636
219982
147390
918690
342870
456927
254410
298553
98520
883604
812014
918897
785381
960553
531207
454366
345574
439401
98428
196775
446887
468837
272183
440471
942363
737553
103473
292544
464118
563452
498021
323276
561848
585643
113382
732321
161482
235729
832012
807024
560192
386668
868682
331867
80447
109374
3931
10113
576952
240422
760411
596199
990418
621019
133170
726532
463846
446150
990123
386217
251620
519673
307427
418699
873427
921871
85404
835182
693237
865696
186417
408624
94984
878177
997476
790256
45801
738199
764819
354841
576852
12022
159306
918479
235462
382362
252017
768116
128835
906529
608166
772119
10100
63395
92710
886905
852648
575055
849316
351998
39483
152227
167740
292461
708244
328327
426625
78948
636551
781191
302514
518619
735772
556651
865228
1106
995687
598389
25145
218970
837846
86775
994662
776189
135305
51214
978802
650252
614555
856575
676034
141059
898304
901676
595697
198490
202631
741554
419749
220907
960830
418786
731517
2298
225012
153819
416934
896294
605465
628929
543309
420843
513346
213660
940590
636242
996553
705551
366475
415862
791634
489330
862073
254771
2728
578063
952212
702316
835781
830326
202387
545465
69232
105597
796982
412972
723521
423704
841308
60350
334656
353489
791985
219611
166444
403108
728516
907527
694999
112569
48182
156523
563822
33022
630734
616896
849431
350752
845162
936151
133363
328615
848145
895874
764547
552108
569763
483939
539366
73143
273585
826895
62912
471225
944745
121181
244599
932066
824682
838865
164055
479392
466806
912416
986773
160822
135749
240096
172337
823988
534134
775182
821364
268633
441121
227387
362905
532801
155271
417235
743752
814860
328939
545995
373565
739214
491450
398183
812872
762796
725221
213349
157549
154073
793744
851721
654507
947501
341922
660166
804826
477535
325437
74566
691757
93471
296071
442710
860760
778899
674343
806897
601547
169067
894924
425384
37851
538019
270119
954666
761474
708565
240441
643254
932861
601080
698950
717466
111251
845433
877417
426918
606966
952692
931009
241010
38338
987727
905801
683401
85986
115763
127110
270321
530706
405608
28121
913688
951423
244748
751860
10781
716042
433520
318761
682359
952619
394255
423966
918790
48626
286508
893853
295412
748649
434951
245640
469448
895126
658491
946282
760519
803869
750327
692392
176711
489025
917527
147734
458705
781323
96926
65957
774386
777987
963154
439547
137758
150555
910581
514203
492098
382828
971931
898051
473829
352087
365677
55381
765242
8462
465144
172525
73924
774507
770482
361041
665382
111805
218827
489990
774982
745124
798444
506943
834525
294610
643408
963825
970143
863089
394235
435970
386497
502691
787930
460767
120747
744933
930297
229676
82428
964493
705179
561495
736244
699698
180025
939398
663043
505770
791898
990318
297131
551470
583627
683717
927380
361178
577660
668367
524396
194257
656055
303701
939256
946814
343933
478837
284604
490997
162943
779282
345603
246583
994102
58347
87372
284756
890847
386698
223633
793899
657239
459027
946229
891021
605134
85244
169353
123840
963307
41435
381371
595423
437628
942874
675547
218847
169368
928776
674315
874988
442068
914250
6083
251890
219614
118767
929982
477239
538105
137057
867141
120293
341909
119350
434774
252326
649162
386406
401009
625192
520689
925400
860094
943744
83743
193941
494430
580906
631039
977566
937484
870510
569803
967704
514416
237855
557159
142053
253696
500478
350746
689999
724627
151227
890409
988062
695428
575515
788946
105033
645311
868917
174434
921033
853739
188246
493939
872072
401140
436100
345606
617593
89907
594784
209593
836033
810813
456804
641509
929234
389
482252
812310
603801
747631
840018
888744
69389
652082
427153
881914
97192
258472
230859
892562
491507
152501
141830
996877
131449
887250
238225
894401
855005
616181
893796
5681
768520
862751
475173
701611
352058
63425
878279
344386
371842
691084
818893
79972
424201
147412
431149
423383
789192
417119
834447
392468
475226
165648
259124
823936
969003
144555
474228
516995
676944
656196
283360
28167
189745
926153
811654
916879
628769
582760
7186
460209
185422
578846
472913
378482
601556
729118
155409
694844
764204
76058
690789
259390
814721
228592
109317
120096
936483
57652
108433
721570
670292
830038
53302
252752
871424
631728
178217
253092
843466
121135
896657
646584
63234
524507
673601
541158
331058
108996
869027
948670
700056
164235
705008
644323
498157
112906
253083
70402
769956
30241
197646
161456
484718
763230
276619
78623
555258
696776
72757
421629
974139
70728
692008
428522
769185
551157
260034
720915
642985
997050
722501
756592
981776
669542
610773
341718
913123
219472
363547
916537
547762
942949
386252
42946
332770
603216
916356
815625
88738
429444
621772
900080
295094
489961
892283
162203
293103
250081
950712
226191
249211
895861
249437
427302
796120
608993
189303
832172
380324
7288
365802
252506
831313
690165
186673
864685
366964
785248
837444
78753
364796
440218
447634
625231
608191
170757
730541
396192
956272
373010
329926
31981
351917
178792
323981
71477
900853
724206
867514
770298
485111
105397
75178
661368
850693
135813
8993
41155
708392
403970
465326
799100
839821
531387
80236
132975
561052
521488
734500
510028
661609
877757
68688
660352
778499
801415
439739
252272
810602
742145
633348
986642
268767
595067
50305
565671
25939
713544
492287
53977
705153
670891
349544
658477
339159
891870
295102
886948
597839
909310
45827
953780
252317
776598
154747
681694
315329
296774
960777
283244
206524
263055
977398
418441
505055
458750
912209
517052
762046
962227
232304
192963
293252
559310
792340
526024
473696
920949
446827
635842
160542
556547
403438
764971
949776
536144
37035
134489
662058
665497
210461
628092
664430
115532
890103
972659
32764
297395
780096
601419
965195
254906
130967
635668
881653
84190
996696
867554
762156
422772
794391
894045
424714
543636
303689
653765
547079
763616
230147
180295
904900
739060
917914
915124
802948
51372
48745
415972
108090
730892
303984
381414
250940
364944
691289
953186
12759
56913
213975
189582
495293
298961
338151
934601
253018
915171
922680
816471
67333
411898
153383
415610
126801
666828
116771
20841
586626
293090
125424
582576
198556
387007
715911
889059
4439
741994
483162
438080
194224
285658
829236
390688
691353
742782
517887
36314
814033
728998
248160
448117
595854
852753
207805
615175
634710
294484
885214
415406
500012
355811
506865
772458
476648
736959
510695
672022
616288
206908
587261
473025
571586
570798
158741
212973
244356
898736
69698
46947
320754
371920
228259
885233
355110
239898
473382
648514
160214
600831
570990
897368
171015
336290
978575
369384
624160
3136
694326
922770
504985
291065
79014
74427
59666
47807
54301
600841
392576
925594
711253
782330
950722
720341
489574
480417
175570
616329
964296
246143
357142
124099
177847
688378
989142
476309
140975
583932
434377
815350
596503
14187
315016
478294
39738
123904
92772
70467
121712
610822
699987
688369
436827
872369
402181
502121
810445
558041
823765
984465
315015
873617
658075
413908
498588
917160
401950
611437
175413
63420
659558
37333
218093
896054
516016
607559
738652
676645
88379
245356
909554
679674
841536
239273
157049
730398
115518
732289
163580
232556
308019
702311
344646
135118
878759
505444
180611
914423
206369
377825
636484
496058
590845
341778
306270
152710
46742
759999
629489
441279
693149
621104
744774
639737
483147
476661
948434
100243
98035
219151
259160
144430
263408
5951
52074
186761
377662
772136
701583
446074
871077
984227
365312
180107
596048
890207
219277
986991
360124
692275
648797
467424
127948
479874
277010
896342
481913
43914
745739
693925
28454
980745
879299
607732
223185
596428
554774
581333
316262
996757
212196
757382
82670
480424
461838
554563
193636
794098
747806
447110
193000
237911
845187
873949
380621
734551
480377
417893
533837
922651
931527
374376
415708
476962
811106
355217
126041
581891
843951
868040
409057
271966
190950
490030
61246
852515
959826
629430
117309
164478
660597
932638
507997
934814
728520
784905
46819
509921
200479
404347
854347
847646
564779
559600
357593
235662
636506
368025
807949
836951
679577
427444
3252
504823
743993
991879
230619
418377
495471
959288
498527
8183
559477
590604
258208
940925
982735
953338
855060
362261
577128
801067
659191
801605
408603
426577
615328
614593
55245
531809
893359
782718
105527
996014
902883
816148
357249
950564
788744
599054
260490
549149
974221
647186
687556
925283
905780
659687
414973
912899
3362
552104
273912
876618
678102
880708
178745
598239
255286
88111
581024
861116