33056
93053
95274
913934
855125
828111
715540
280215
886992
941958
853164
47810
794865
237481
56391
812280
240273
348372
815011
549605
853736
816700
93980
788544
661518
290368
332536
771704
339167
595495
703004
827069
113335
334140
121442
992743
58076
74051
886978
696647
510587
285015
14765
861705
405003
338785
415032
972866
666190
62583
877173
37980
889974
353423
976670
741211
924452
506206
964715
854027
869259
113105
799811
397640
899379
691943
910350
607530
301210
128745
862761
658955
835957
520199
337971
4982
780692
881297
179908
258861
182435
205646
50750
267991
731788
597116
978555
443268
963322
397413
557734
322590
669561
884379
693350
957935
892473
272528
379828
122377
197810
388244
358221
238742
996065
123755
612099
208956
458928
435146
87407
179628
249651
411886
48897
408136
180239
644186
580024
420335
32885
813675
170156
567334
888140
672345
951688
322788
775533
516556
282966
152506
281928
29464
49715
882397
231139
962327
497569
301905
596611
19682
563131
113524
56867
501484
280707
317541
876705
789306
708888
629903
622328
641987
644611
289686
167400
408864
706544
925212
400882
552687
879353
331760
681727
543434
778078
765972
115169
138271
505233
847209
857009
399916
515950
109369
773718
871450
58184
535393
284135
642290
557471
62681
389416
614656
856941
807585
732593
581571
17055
603594
95213
999629
15137
184927
360445
96702
185874
983790
436924
3031
114327
678070
135774
577725
1291
156782
245489
238861
82964
148016
943302
747798
475473
22784
5609
97783
811375
415421
805259
235542
588187
434339
827329
213370
902802
781307
470565
684742
497556
515744
960986
185427
280310
194542
31854
579368
815639
536392
650776
281945
340139
955270
974816
580537
942067
181434
333854
889469
225421
24349
919898
11374
389351
227867
209427
950346
244367
74872
275611
80824
53542
577373
523167
82343
819700
204291
125253
921410
574741
409979
183726
888145
951696
30935
758042
76015
293640
113273
648171
965796
150091
602806
663682
928798
398727
37350
426566
606609
603357
345802
87043
609576
85326
519706
777006
37286
446419
9323
868871
823902
624905
137658
215255
594379
920712
967960
724953
922317
883604
638897
636853
498177
243372
348346
737639
108603
927680
912567
385214
774819
571136
943078
866881
683305
891664
308107
921836
144870
587031
971033
483416
298192
52471
416762
995192
954394
737047
583099
43455
903782
579611
231767
29216
7784
693493
77919
957229
854552
390997
568386
920801
409939
665660
193855
394489
744783
445102
34532
598268
292217
363846
353921
851932
687661
944611
984238
604469
614673
488256
855478
735794
169231
209186
682271
358799
471213
50154
29335
639800
59146
304394
847421
191633
247351
573653
868616
386511
325615
595822
976088
536323
695476
807842
647639
417399
279304
715602
657100
226225
480966
701193
161020
333588
839515
211948
826173
415526
563235
901775
135896
349677
453028
695140
580954
968306
960481
641550
172856
409895
609180
771220
588892
698020
222316
755824
749456
178061
433654
847943
67206
150608
815371
819636
937025
869835
121374
920125
13860
448778
170912
395303
392085
95534
407162
158182
244046
854761
989094
160812
516544
133605
658219
527522
728099
492740
274931
591860
945183
489602
491210
470023
603280
353207
71221
830854
60858
923898
407789
914842
676681
379551
822775
20280
627010
270944
767969
488916
41612
306713
41690
869299
293781
373421
16175
891486
188770
454343
877278
444018
397687
677627
524249
544852
596319
519754
305688
528195
44313
519812
557595
527046
150431
894344
709499
882628
917972
210727
441452
732530
239625
934567
432082
345126
185516
508131
587644
357899
989261
572816
322817
487022
917518
424282
217973
862644
777639
611756
35848
504366
654676
593935
423228
995973
14171
417322
103298
660944
379069
425063
977583
6213
992697
865335
442912
551179
759863
688811
278119
611757
524504
571331
608240
536683
626647
252612
466229
964587
300444
878402
385049
715341
220637
766846
590437
706843
235249
95016
434206
85215
491827
351301
321919
221583
285967
774571
621464
788452
693612
903146
560003
716937
880054
288773
395006
168494
616903
13982
390890
583035
197553
827631
607327
709538
364906
233652
588138
53389
895061
692007
314148
516279
523433
881635
181936
900119
20544
846506
37008
349110
709566
832834
667109
218850
532380
105786
109697
422331
305296
956874
879594
980202
886299
225240
353070
525746
970734
958551
120926
445022
106554
753866
603432
113114
774419
990247
44245
634078
696896
567702
437723
931205
684129
49688
780832
811708
824381
927237
284748
802389
784039
667949
547145
672443
560525
20448
443546
838080
542429
406026
575509
422483
61524
910006
490430
682637
561125
423731
192066
476906
143682
448916
532685
367572
568841
37520
328456
501531
729038
561034
38002
314178
63681
176236
215258
700211
629756
364908
706806
24402
799788
674417
66147
434478
851417
443790
97338
437460
543955
105452
438987
495486
360891
31431
558969
698153
736875
585423
273138
752004
322883
947694
14665
992964
631057
445929
463153
701844
12764
943712
35032
161642
699213
133423
401181
141045
188987
355383
582768
566962
45138
701303
26501
349982
539230
723475
359349
876614
405114
908727
65073
642426
129359
590037
311459
887520
449419
515978
565667
533028
125472
432543
274322
460941
139702
496682
425047
959659
197807
789973
868532
199981
6612
768566
427140
904719
63009
117342
974035
885808
866729
690414
388122
943105
786471
800930
150613
469913
789731
995569
920451
271846
592446
913997
983097
498879
128218
267461
830436
654421
390056
442378
667033
82695
355663
783
507610
448404
721974
71177
161256
69290
701230
399254
927360
399070
839039
314682
568755
566005
955086
239108
58917
187743
587303
191119
88354
470275
146285
266596
829592
69877
744859
843389
329077
811653
847158
768293
630238
945393
390289
624315
784712
224506
991228
946644
572343
218644
502410
552960
502801
195638
418046
328037
564510
30674
642002
674568
665247
269791
394211
17195
910215
6033
171132
557072
959578
651178
542461
107611
499937
379946
463527
840789
358791
42850
353159
169229
804820
803047
99837
868825
145475
482593
334761
830266
509313
996739
372465
232413
810757
529685
850992
113470
836039
172588
678526
874280
673822
487676
150488
490135
982201
66116
795500
486398
329849
827751
105540
133859
587562
844379
791436
412584
344989
859770
341185
366438
863395
334134
156729
966386
189736
2730
179145
511745
666601
317067
808982
835368
834195
753853
5435
203195
182970
181442
229588
84887
515250
847053
153061
784700
274126
533813
722091
394002
823411
442245
405948
757580
971543
141936
958365
565226
929756
417633
798048
387352
701571
464881
161912
650996
911118
137010
873947
281517
48567
684520
277074
709575
794822
159640
524576
412667
634195
72760
682957
646202
792024
695557
416270
143122
871922
456372
357138
551786
900916
679616
547499
717479
378856
235170
532823
230129
644579
675487
497067
665488
129412
456379
389979
350320
25481
141771
659624
368899
350797
392360
388134
873349
999842
206463
689705
745691
747527
300998
306700
558165
311750
510793
872605
44371
999149
817634
825448
877187
993382
90119
445278
524296
896501
825726
250082
917814
110158
226027
348849
829498
731217
790410
781291
847191
146403
297975
415170
508171
284970
155178
230334
109072
75620
435713
566186
578942
502373
123254
544607
96397
868651
700080
61162
126008
287071
383413
848669
790526
806251
503484
390255
26307
177202
482272
310288
320083
727729
681457
888974
279430
100656
933
98461
786046
173092
821164
646982
255821
70564
432481
997167
728820
589638
279388
911363
839814
704918
49956
869885
515308
270130
152962
382998
241537
97797
298160
780809
657949
213854
116529
680128
552175
525228
42810
491357
514372
104920
613966
729958
775972
749951
799079
590093
516699
189195
759440
777115
946837
315309
79440
544697
116067
759417
955520
367835
719386
999709
294398
792457
935002
692223
395450
237835
716780
37171
620589
741745
198149
439126
165738
48764
568039
932169
951437
352941
614951
892493
741392
474215
354185
794552
734716
226691
7047
554962
799548
892529
661617
373135
347532
590341
682990
326312
498833
715685
187360
538328
860419
800974
961702
481392
788357
937598
671867
240215
982230
622850
529979
478114
338207
989532
666630
308748
382636
856720
481469
622354
852856
603787
467178
565806
276896
113585
4092
378221
494074
852482
854511
794927
969727
930344
255498
941435
461795
965215
736962
469756
921094
372225
907516
779676
957378
734381
161520
45308
809636
861971
353833
493133
12792
715103
310504
158158
499070
942976
469161
850274
572409
618836
148669
622413
172453
952498
502998
271755
592776
626451
197857
804365
710113
666205
813198
102545
766141
761614
154027
391900
924649
264001
693934
238359
219586
452064
512913
424836
112680
347431
797848
337755
475857
273233
495534
850245
967930
426081
775533
518708
56631
71438
178877
569757
62316
828236
927571
264723
162772
485107
847387
184513
747774
770254
649137
374468
433240
889923
285384
944483
998756
909466
807725
533356
382919
863723
963878
481452
899264
380456
393652
329610
871734
941380
124856
876416
108522
251775
619378
101879
446731
362960
311844
151998
688168
74542
874709
181608
473664
801338
231729
34239
514933
53260
759758
230184
864031
8280
690953
664853
129021
326525
909327
955808
379143
725674
546808
121355
58015
436461
965965
465745
978533
762970
177514
429736
140393
173716
117823
19670
589756
412731
321264
12397
459935
282546
841948
754469
99549
571723
631099
796628
687925
572882
374369
960844
349167
225587
140703
607185
549455
990536
201032
301109
473063
530179
455953
106258
886343
860596
860562
187620
891728
138104
491049
285760
828135
772031
598398
667893
814661
882936
467488
950910
334634
589147
211726
342816
945969
571986
374035
824102
81023
86661
44104
248887
397077
900225
428477
35217
364678
200388
83891
486180
930626
156071
233984
134349
801680
217704
594645
63149
444122
37971
879772
21478
219362
354509
372987
943602
586387
833277
478198
947295
130802
302232
39089
196971
467443
82055
794002
229368
164072
314166
639685
101804
657428
546107
430937
418919
983646
975265
283144
31010
948513
874257
458516
643425
125856
73564
778636
272276
754903
661031
490414
480912
290988
814964
643750
938916
704517
251849
785525
225563
383987
465983
743725
95886
143819
849768
5208
534883
319702
941086
399353
236966
507486
128805
73642
727810
419113
524540
913700
484571
229186
460421
668765
568395
641394
662862
459084
329464
553550
52795
127880
744335
768298
71506
527694
117151
551723
511267
984545
739988
907962
335762
361740
702094
701013
620354
791555
423453
251327
291168
706152
940060
614616
310921
858665
63847
620423
195929
693254
868026
692051
571473
931440
902247
222801
493924
326605
882803
446264
775710
803736
48526
399248
164786
686054
111726
83977
164574
729923
659015
891816
947069
593403
882665
354780
182889
363253
655285
717103
174026
150969
975229
388824
983616
427089
973559
40173
728681
829006
817438
743029
113871
432994
309990
736476
967345
148778
8218
928639
545900
493839
981395
184359
738246
904258
600791
214484
486167
732516
265291
13422
89173
588232
632022
869088
447546
637136
868180
508801
489940
675188
395316
678631
6505
426785
723439
680672
471172
637821
282597
680571
124321
164105
236054
390145
832560
814496
776185
460738
463625
958236
568957
613129
519533
527128
679129
394801
314165
371151
191634
810833
473306
787363
222153
768402
673440
183994
438206
930850
371999
915907
681125
549761
145967
670678
249315
445561
871087
781434
894181
228843
884018
267520
756509
502595
805960
952332
479067
383757
937444
190452
341444
722337
634735
147840
369329
820090
293032
612177
721126
677669
19061
169311
192493
527765
623243
783643
999758
638291
635511
904947
646446
488338
547079
609588
896898
650977
760215
984009
754862
596729
997691
697505
381758
119030
809222
439983
702335
99
133685
68555
111995
750958
388732
273078
188304
860154
820650
587450
373356
312723
631867
349232
74983
677693
571578
937371
29693
640549
630353
367026
856743
461497
294511
728571
856276
349523
534996
424595
788681
341264
143036
672394
276370
651967
218917
906987
189475
461365
957311
958233
276881
379198
659504
174676
675942
102382
142785
600603
890660
85397
97768
518316
74713
981264
536178
969383
346715
865084
413709
858960
120161
433990
965551
377779
199422
146782
562407
518818
320507
882954
449790
106138
785999
434327
812745
681412
597501
223722
846670
919255
914699
384052
662225
874202
477210
165508
729530
892295
67687
586102
192484
634956
849181
944457
385092
999531
175252
907983
115444
909441
291562
126141
855259
22627
364220
37986
565883
261092
59202
972725
594327
581043
774340
940359
378687
730465
762941
208727
402745
149185
625355
303044
218446
296296
519311
897949
293998
385044
137255
488532
219968
894121
264645
40466
904011
90902
920300
797604
225466
694935
87367
307538
100431
153875
679270
234640
112935
447781
155157
544462
43109
834872
361563
134250
327678
971083
695436
240197
21729
571988
136779
507443
804609
389440
985952
83084
199616
535897
1906
27359
851449
443649
668193
828615
370154
258843
858562
650517
83581
182601
792760
196268
818609
108175
345387
952812
426794
101718
620840
131143
575569
673677
424469
167663
32041
158186
31247
147824
975728
553743
925858
116570
290925
416327
151524
670166
419996
54383
254894
380953
922868
336241
614776
69367
63570
232556
433808
582863
574339
557424
192119
647525
18867
652197
450968
305869
688877
143371
768358
754882
585933
378907
782993
603798
842
247565
523236
900292
876250
348275
688894
508193
638337
692930
388842
506545
433658
7089
496158
285078
336576
125882
124557
603427
499705
851902
52073
552463
994496
584133
269177
859333
533901
801891
222994
443801
48707
988150
575477
779156
741975
889995
562501
613872
347992
177952
585891
653919
988446
551620
707688
109701
995923
289371
369918
328711
998873
486078
585947
827259
21591
564159
684059
889471
752932
820810
368569
947493
287822
951142
749290
329612
721478
970779
352599
112074
145260
886510
398837
738117
328883
31304
974210
440673
648241
961781
77533
983635
310022
720455
222083
945365
117414
727515
369506
18418
294980
292595
509595
398401
939420
226243
5913
60206
164253
589575
610953
661619
704754
634577
320053
735079
662316
218977
523968
505389
571022
477420
971328
962189
157364
357055
149619
656863
420384
361597
609056
665571
432610
940100
606476
825774
702180
29422
337749
804415
370191
926707
885230
654128
403358
296812
986743
205000
471485
480562
565176
108269
545821
508005
335546
217142
545559
147593
519170
247647
730234
229258
22059
198614
686771
587744
442654
552306
621464
302605
791665
646851
324945
965188
982810
428484
280227
764580
977550
617005
111066
180065
947259
166437
451603
362244
671134
771925
247139
994632
722241
541336
218791
218982
532949
865358
38570
302123
586344
349456
845676
370628
230082
194622
83989
321628
835554
528371
930358
109276
164496
487130
459127
311377
763871
50970
230563
501036
673409
88813
620237
494882
404166
44110
879837
842356
159219
860753
812154
15881
485051
301964
913430
77174
408157
772147
586833
773856
641945
71746
367882
398457
434384
809811
45193
327654
665271
861071
706626
115137
298615
591233
851271
821178
10853
941574
721486
869720
680025
819937
192537
220062
467437
378091
829704
428936
435924
993831
799799
547188
446676
326900
208469
70110
743521
884443
716867
968580
596120
758536
260068
853032
119061
205910
273223
815796
676593
205827
377518
976631
254299
217539
218299
205134
812562
610928
901750
620638
621948
776542
27325
682941
742886
367757
337801
254064
312985
984503
234008
834255
471573
947722
838460
578565
381613
764784
461696
651380
5438
38217
297714
946741
919501
807482
187218
206972
242812
116255
782229
215450
923945
697244
846166
714653
930084
321297
964570
455314
706250
290924
15934
604139
566210
101336
307392
860539
707604
237458
406566
474269
128225
618525
487950
950901
941763
518092
438676
650574
386113
590652
206681
640867
591599
339492
430134
524665
212960
210565
28733
86377
80073
766139
685352
290044
488436
431734
719265
426671
77853
758018
43181
746261
907885
444545
312950
284572
661136
256891
869107
396839
374389
678860
970934
258203
318242
952380
628562
861238
904945
618732
190502
655897
350443
808747
863435
264998
736895
822504
307414
382212
40862
704386
277386
601471
747447
527163
685277
763213
90122
268812
85861
956268
698731
435858
184607
878374
872149
131046
533404
585078
721705
654410
462025
544645
917314
299774
245273
293453
907765
442035
430993
294815
493546
931799
435503
705407
899153
372047
62264
92333
556356
855043
712349
803839
782583
978322
666441
785897
596446
227879
54794
609119
446684
901539
583321
52241
402531
396858
344712
821013
33132
966426
376007
723939
365012
411653
626386
423481
278162
71551
149307
215647
680337
194339
200783
595397
942446
845265
615720
241864
159696
850690
246863
84051
553886
605116
491851
31266
946529
818144
617674
330914
955768
447905
427243
551093
356530
959055
110182
230097
457228
797713
476505
448584
168390
8626
476079
1570
255908
515346
458223
429734
658750
673341
413087
179000
751748
390552
954578
726684
420114
292343
738517
378264
965804
80012
312690
623800
904662
463867
62815
557995
551507
856393
681671
295563
169592
749298
989234
475898
627883
666073
517331
945512
103101
653466
674478
173360
386146
218875
875428
849826
874889
498498
189468
658332
343004
91936
82384
782161
527638
694091
314481
339115
317051
240617
699384
732493
866169
725928
118218
91441
149721
556970
343303
214385
153378
595358
637424
241889
444362
777450
314290
145113
163481
302724
68499
948816
226333
317600
712568
846307
584196
53700
483857
51126
721177
196023
41953
107633
562462
304727
978349
409708
525698
572874
671489
902693
306751
348877
73433
772974
287378
753704
599667
322148
511000
255746
726639
373593
970882
632272
660639
790227
30133
945513
602673
390062
530305
187382
600886
925916
203579
369541
612878
189133
21304
636476
816690
903529
271081
542826
862046
190842
983118
446265
571097
545959
739928
67264
525602
154907
668576
63925
694457
909189
685437
121216
201415
899576
500485
491690
56618
513266
65572
434356
527649
936569
897170
970308
147409
605089
851380
634234
651314
696491
851665
775458
660505
161800
700975
824770
522978
105275
221641
451986
607033
238940
786544
571019
238214
938872
199868
675992
645235
720982
685996
665513
155034
585749
717601
989607
283664
379824
959604
459394
494025
832676
258607
147557
874406
978088
200751
574731
245026
673243
645268
166379
820052
484860
278114
465871
586977
345618
139511
218115
729666
771756
867881
842856
178286
51459
308283
381096
54564
807291
136764
68099
201495
261960
940477
751112
196789
365678
455533
811744
837974
794272
857619
341253
225598
72074
291814
24848
917775
117419
281420
914031
80718
80345
825966
812341
203407
976104
104948
345355
244864
150502
329186
157764
25936
270717
676430
59855
474618
398908
9149
650181
921394
99247
699034
267106
14826
319978
201106
598609
489281
173797
273166
9888
93385
536001
53518
877587
905907
286569
53087
123220
905049
565971
529913
45448
191208
773606
975671
480252
560489
296630
242355
67326
754666
124330
987645
715848
261197
254079
190072
612632
497004
234853
576082
153371
582184
119303
167902
715591
943309
976168
931344
554952
548515
469161
674260
599506
752148
887399
562059
74837
486965
388673
346339
247247
974706
231287
738769
940603
327131
927790
685678
144743
137349
747728
254636
971619
60830
621008
672947
747733
309841
664203
225948
988842
494034
248074
14984
963879
204166
776356
521630
430173
577938
349568
371361
963451
392063
627256
904362
673853
803207
995994
755014
911491
423679
864328
241134
17532
699040
407871
569247
838721
104051
962356
428822
673534
415449
648602
653482
209291
970484
583297
502021
149657
362742
88536
255872
160391
292868
611347
407067
669524
492806
733159
529494
954223
718222
532274
261614
891691
83810
774137
364919
228814
575080
520585
952146
114248
651117
344510
616012
456961
705041
763042
803731
974603
459987
808621
930774
508343
570229
273514
112568
406915
609163
786875
77680
701297
237990
669811
106240
667251
755927
660129
999695
179522
647266
428908
819429
298253
753281
375386
504195
347470
891281
887083
941533
464761
911325
656674
822389
640783
655814
67427
998421
207759
468812
990391
625193
180939
87227
904877
789814
941400
649076
250844
202171
721759
821527
265987
587491
400592
731786
671121
272291
400375
740265
301568
32310
921575
837770
222363
561395
397842
182763
351969
973767
64186
815675
779778
870421
126594
198465
816390
344231
836958
558893
680013
629583
346409
842489
52657
110366
424470
537724
862599
29696
849790
515467
452741
783859
870871
611340
948157
508706
268613
834328
610503
182946
879818
805068
219134
229064
749274
669293
903200
599140
565130
259893
777689
22495
633830
938622
368601
821548
740129
208714
407841
519278
821671
477037
902174
695654
43023
832920
519148
552727
806828
603714
351355
574457
905411
454836
146767
461909
951446
105842
506209
110915
323935
5185
825187
756478
374808
697305
792225
505313
74743
384937
291779
522817
888952
899906
493103
860582
821330
309089
647499
76390
794443
108828
620640
19232
169383
887207
413082
329554
593468
329283
360044
981720
921313
706757
418960
114370
179525
611007
470956
586384
531611
905037
106896
73100
648243
645949
886428
593092
828132
384220
156863
875427
280486
416345
581850
498028
906684
939673
723074
695762
332366
154454
646948
441334
701205
563956
792771
217149
963503
258402
210974
875981
831442
674665
772909
527717
576285
777301
502537
592918
659018
755196
272107
213730
916864
273519
936716
518000
244165
599293
119596
141416
415057
498783
294703
319089
579837
241731
281505
159044
52378
960376
566554
836205
746463
778418
506493
351390
391610
821819
61722
869808
238407
92343
496436
601015
751198
496466
732956
500288
655367
322376
38524
347242
11209
948880
645936
631390
548511
627878
243278
121388
65548
848947
834374
333507
756614
831708
560869
472589
695949
497956
883252
785573
741471
142975
628413
583670
734852
282548
464237
945841
318980
210285
455637
216042
180409
337310
855114
706512
639423
74640
90477
788807
484039
796617
792709
328740
735051
961562
699080
701508
153564
124485
815737
373513
268247
771976
111659
545330
655286
483018
302307
539542
697666
5217
252571
181949
182758
711614
787747
908635
972447
735670
844514
874986
415504
627821
698427
121699
633715
707233
273611
238680
15721
456912
958862
160689
953266
837832
393633
389825
816311
28681
941474
65284
438788
393048
961907
710135
70932
699043
94
801044
199557
387340
701395
754537
141547
936084
28876
597652
452928
320805
752273
728605
52281
757819
500055
398384
925492
38384
518980
528181
208077
668644
477134
677582
691727
289670
443905
81644
11207
459777
319199
6670
62901
763653
702753
753496
313116
503408
481564
348492
727417
700185
301375
18471
795728
777529
858873
730010
122017
657463
379127
584484
908602
862095
674635
664008
67238
336286
327912
205168
853251
905036
52490
24158
285105
539030
385010
644043
411878
841718
300495
443038
525279
656690
651640
814730
937585
935999
848214
267204
17470
183119
196447
340384
295170
113982
657725
367943
46093
345492
320013
942871
206859
503672
85123
643159
671359
759282
566698
699733
408719
951003
794889
71967
701752
749604
250337
626522
841057
964095
306772
619714
239886
892141
17504
594686
232555
914661
274760
634847
611528
472670
987923
783285
956772
451769
286765
347854
511010
789646
81196
954956
106457
585042
151854
227426
280391
553442
598046
606955
656997
197038
584789
817126
938773
855237
571677
98066
972983
410872
662480
582370
781916
468974
699551
28254
833490
848964
838830
352406
92830
423582
614941
573954
294152
250191
539554
355387
89040
328673
740818
615824
719614
359937
180926
733446
170455
777674
655226
919216
483884
491372
971193
214118
301836
430713
136916
6821
102041
688716
707625
657347
232376
828758
523744
424077
971170
260806
889865
559039
555928
870420
724961
311007
963763
554539
36212
305398
617369
809649
782620
16940
69132
505780
91303
422655
880540
310194
480087
606944
143229
502469
619714
156138
135027
268265
336346
725887
448233
495019
520583
644097
113378
597105
494640
814122
621958
574560
593561
351689
128414
806573
879655
563802
352667
718212
155710
287104
458001
373902
584715
866849
701889
686947
248606
246302
16403
175372
137966
907501
583650
723507
51585
878678
925170
300713
235747
470278
975677
585748
547091
604243
658666
879219
374654
90189
71967
139408
108963
923517
18349
389441
927701
498685
543978
34394
838239
654260
960349
807282
59329
535788
183953
605904
964313
496977
737868
686067
358813
247496
288282
134523
226181
471209
95554
491895
618885
347227
266586
479180
470520
433611
561718
825214
964696
406408
715260
560414
972394
568510
17939
997713
907319
484494
219578
260216
520628
401158
343221
604417
764675
33986
955745
841482
832850
332062
484393
334125
868578
22806
309265
510060
164770
438973
41712
615354
804793
70551
306939
724068
879011
535571
27707
906714
155827
179240
754016
565278
423094
188810
328048
592392
716472
353097
675480
136051
634016
178951
42275
322120
112502
627412
168584
969509
545157
393512
846813
715369
846108
476284
273834
756254
913134
827781
742297
771204
627289
14029
975433
3510
220164
862256
500609
458107
223329
779889
931073
126956
654226
822839
669429
177533
748583
684007
677699
455081
34118
736095
476355
994110
15972
457419
210446
314946
476655
828584
159983
783553
214286
426387
556215
171316
34560
765325
957293
238032
252385
226318
527841
801256
806923
282370
667169
332223
851353
316644
518277
890862
924423
435894
596901
949166
750005
583706
761323
85187
83978
536848
580867
356422
481142
594957
245807
927885
938447
300084
825782
880888
66973
673332
280764
202587
911729
482813
986029
795843
673968
332447
112403
339687
763629
508738
325896
856685
928628
816892
472965
902165
511652
121362
580504
130118
599924
246670
562548
113523
717206
871033
263010
589738
40312
542646
916758
225401
248359
876091
294941
349437
257422
898540
811441
99208
448989
115478
444783
195566
487045
389957
763680
688237
61215
430850
897523
849846
486572
249900
784204
4508
829047
576561
64181
891096
333719
613546
63922
872054
545617
534417
351667
898080
241626
745055
960163
463878
905465
860294
257630
957030
178891
357000
236863
11133
709792
201331
951254
305610
820483
702713
684665
821115
138776
62448
42930
943991
664797
546658
487830
707655
827155
230418
357813
757089
849078
734156
323245
738067
474215
736423
993689
228553
366187
882651
341159
358011
151884
186297
789703
919989
845981
225355
373120
390404
912795
286152
473500
157818
38255
469108
349380
810463
372176
180178
131430
489716
521350
733127
772562
209445
302409
526541
175589
826698
930248
234832
210524
128793
598085
435176
53066
718700
861021
911348
10212
927595
137318
345039
853114
370262
468593
232050
258752
821938
500206
648870
133387
514893
244527
689956
402263
562798
57989
497739
793092
491742
856070
484348
785762
279949
399601
560021
916641
981731
684008
933769
44907
455844
934299
149977
242701
883071
600006
82417
350928
975987
339984
990369
925798
135647
11092
45686
937344
770468
63997
67509
664509
680248
839563
424179
312188
654858
11442
634132
49298
309966
258785
228382
393751
344612
496800
260985
378779
156009
448978
105157
124598
391385
36890
98520
418813
115550
519834
316563
471889
233914
339607
698911
250833
566606
535544
130185
53359
95429
846830
497144
67680
757920
139629
897351
624493
35486
507607
600963
880039
260551
495034
596034
917111
696213
493552
325086
98516
512320
430437
111053
631629
9444
28022
348510
755654
995346
475764
355986
733759
76784
823111
273813
973264
643597
212527
787928
983985
853893
77286
717004
257781
540813
345122
106812
913879
948188
934518
260295
494125
477687
921496
218553
968057
514007
51197
529030
416159
642424
947809
503842
328368
319425
347939
881024
634212
646475
296460
562788
626663
877455
747248
436135
922954
517873
844269
100871
506394
821603
4112
561832
691726
477943
384984
649323
809561
347845
27538
22890
727072
676341
158499
462413
679302
695530
611428
35916
668322
648012
948263
592513
7442
119151
881432
232168
644201
968613
629055
568631
152004
319069
819170
999252
538234
513462
613448
876920
762353
819236
122072
661406
986510
177277
841823
922407
746756
759905
122352
415757
501582
540164
82085
921474
56951
119962
221124
725348
453462
280669
807230
351519
935128
520958
940497
710368
859189
13606
483404
770226
864645
978535
159603
754871
62187
925252
118648
173571
268783
607769
713833
286232
147946
514793
472298
794234
37530
889026
377431
605679
871766
498255
432971
491157
310107
892346
266495
574943
948548
377787
650
924205
743448
59970
866566
170056
479549
44413
800979
863223
637131
193670
244021
732416
295548
484588
940185
66046
599807
318685
807029
107292
746091
676781
42893
123563
480081
209413
492689
865766
6890
355435
743651
196607
359215
14505
212343
411429
926472
532701
529748
654357
534748
624413
184503
907226
179527
50308
325974
461283
101802
299869
856386
390143
791963
281195
282021
627511
892093
10643
846251
402568
400683
777768
766974
94331
949326
999504
461033
447907
432719
65879
226334
459763
985573
880400
1811
366201
983311
788835
922630
166907
612254
926840
838306
505452
910634
540287
779834
572619
466341
151129
517233
114137
353612
259302
902780
718581
944953
894060
708224
59669
998678
170592
443029
993955
969772
510997
459372
968818
869913
963646
498765
600923
143776
885921
13432
752120
48474
328347
763437
601468
392587
881674
201288
554222
426256
832922
522372
272256
537715
836527
808096
865104
833441
318956
125342
933818
307
143839
98088
218967
829096
843529
234254
672471
602932
417229
767594
649591
798257
839283
437157
496990
660724
31002
502610
760218
944187
940216
114040
642482
317826
755023
654701
416871
172980
810415
560669
331660
395775
648033
153706
368191
121856
443703
408493
765955
421086
9454
530587
752635
255218
598781
33860
765637
158500
261821
382964
680113
796177
839028
451772
800093
529320
371071
304523
429038
125908
444316
935029
251437
318355
78610
783638
278203
286054
973309
968656
994803
967585
20473
570671
82587
967842
490923
632686
856773
19742
880935
889171
876808
984599
980737
998517
954134
913130
196211
682142
622394
66628
241384
461707
173745
187893
594979
534352
726050
412316
123535
170712
303162
160066
227235
399690
465896
78020
671921
713928
930546
56103
174156
606545
317042
774864
255700
867590
588721
618187
230688
414602
184479
219593
243334
601602
362348
213927
356873
798076
788677
759081
611168
878444
98862
209925
170655
602960
423736
203100
629124
447605
778336
857539
909729
743636
404996
982592
110305
84052
607746
151313
328056
732531
331439
529317
910443
51711
293809
918318
394297
928318
251898
958030
981029
222637
119841
728430
946145
279782
485279
23662
996312
653786
128162
590774
784792
942910
100497
278059
212059
469635
329245
624062
359985
179837
66368
434078
179019
47333
532310
194062
291430
762938
196884
656784
310993
983682
380905
935297
887261
326958
568367
900606
128737
111067
880654
884740
105767
337205
896366
857302
822775
147766
300182
809431
243197
808396
875942
892663
502361
112281
889581
354698
942659
518612
931176
268340
45081
399756
804888
613441
15111
561869
267519
877841
270930
504091
501046
414000
346369
750363
233198
385220
301544
253905
797377
44575
537682
599556
721652
216693
198794
57406
357068
850727
220678
863920
678985
961534
212785
534898
450499
780659
60756
361511
242016
714282
647776
653823
956208
85504
906842
110934
838693
952505
381219
847738
148850
8796
423395
436041
551102
737755
103314
459833
126981
813097
553187
527346
616012
568944
939981
301590
39039
689243
638902
951776
929576
236046
566591
386858
291342
537782
881638
108168
988072
239162
345756
448914
290364
314832
444452
849728
456729
280109
108068
455917
934637
780052
960716
502142
761668
990544
764320
814300
332510
764541
60003
983772
974571
717952
409762
301952
653605
530902
479258
479319
205386
273610
726343
807359
142389
459072
402890
254411
452696
402799
588213
753279
555096
898220
552118
753400
986885
612897
529631
77417
523189
584028
228238
858496
367356
101571
801918
110183
602569
230630
352424
55590
434976
816621
865687
199013
738607
552368
118023
438095
317456
545446
69433
799955
490266
659892
415766
685508
559204
224103
960893
389664
958231
828029
243307
403950
363567
824350
955078
806912
318542
481448
678534
988440
490301
791784
772161
86951
76736
56932
884433
605681
636244
910740
395299
427340
941127
147250
582879
464646
836148
878887
589295
115622
712218
656484
55406
653451
696280
805394
770095
548210
32328
908385
634087
218195
652789
537021
620088
791594
335354
591263
697435
132115
876536
636160
619944
781070
388659
878184
706693
519907
266954
873892
874217
722783
141905
541013
824012
558140
339213
689509
697837
711902
418251
942293
586687
992186
515357
422770
441777
944529
263986
904679
758937
415002
630737
865899
302460
176638
459890
28250
460924
161085
320569
58658
191646
571246
321615
588436
362551
800675
242655
731546
291252
761195
208618
255688
811842
821425
328776
840267
400288
16833
455548
919870
619967
888619
473586
530267
624722
661184
984407
934094
137720
760633
42133
354917
535876
583416
813674
868644
188773
92198
620452
873590
935415
841979
222395
89341
182053
454107
723531
72842
286648
565598
726636
265192
348865
588328
855983
541651
910943
728951
721528
776774
317742
339708
52083
29810
669388
182688
417588
619466
275465
439655
660655
44219
948330
986482
164368
989434
27866
91422
32633
53685
212270
202122
994646
71211
590867
556279
809757
730647
421591
964936
376039
226439
485008
561768
271846
210124
789805
464970
705219
37642
923223
961804
754517
519791
179843
279541
354879
984513
134743
365469
760998
941199
329590
598444
164621
707913
751466
601274
943568
551596
98093
522070
219194
168789
34004
934050
994051
150455
743129
704603
665513
397736
653699
708279
181865
671317
79412
500391
648282
74902
552143
977724
204839
646237
395075
280934
545639
753479
587513
514391
929627
757205
32854
42950
514627
811124
737901
383887
712029
775096
884869
740279
422651
240808
904769
92750
863871
224306
811058
243437
347382
292735
767350
452447
930191
176929
327754
560348
309623
871017
889396
89712
797906
711766
373702
251579
614935
131815
223503
722769
326536
424786
774884
433729
678221
505485
229830
583859
23148
257033
190000
998187
273895
878206
724224
295914
172531
386337
28351
118131
963344
982259
570959
633515
41289
58995
84464
153178
732362
898676
711086
838094
46361
360841
101867
753694
292211
597980
651845
239180
394884
940702
764579
257220
383937
255384
592225
139777
644582
537697
390166
761871
281095
865576
432254
794923
724437
355505
492809
805894
961904
743325
473535
223592
666147
55905
539662