389981
720594
610046
536991
69499
68656
606441
77716
294995
547677
569720
148148
408218
101074
263062
860015
605591
606719
747935
3525
394855
457127
76846
476914
341338
817943
161171
852917
681851
406532
189092
990140
265262
605184
273450
993966
483569
274777
765820
815508
347524
715470
900458
975589
639973
831343
183888
962860
964021
230288
183690
728
602294
452649
368198
205536
255222
81357
754292
907601
92613
705029
487771
747829
18209
480393
328325
818978
534707
849818
294171
965468
191282
716095
51083
341608
172710
925913
745957
844270
427847
891493
313285
42505
164484
454606
921707
553391
528735
758125
964391
322936
75125
380446
965551
45005
716572
528384
915219
976558
969957
241864
263
802655
33216
88578
385631
66672
215103
386406
58650
975976
341107
241171
919445
335373
376306
285099
140000
239955
509690
743946
730414
216223
925872
393891
28006
950262
462081
117241
812182
348614
127978
345336
969607
711569
431442
254766
283115
83186
235028
434473
905011
474190
535771
34733
752637
804504
238183
506258
482155
970368
289772
542712
816847
802553
770521
777896
976642
300837
227702
251081
128404
977440
648934
426876
468765
158438
51724
708948
835250
979234
77706
224757
930932
659412
307365
478280
861570
546205
638660
13656
144718
63402
428119
637004
366029
494843
16213
523777
839688
264911
792605
636611
994448
453998
81598
498153
707726
86738
859026
197450
590712
864883
769349
698399
324064
962030
424628
160183
111335
812945
272432
980241
118862
86149
595361
457817
269805
648281
654599
94914
301884
800487
163868
591612
56334
676965
580438
910099
176350
582794
747592
753892
571394
204762
42472
384316
724284
431888
300587
179150
572528
141928
551948
180049
332783
368070
494380
342516
651377
207366
732308
111551
965666
974689
128598
569863
998931
109880
434513
877709
708049
931904
89746
691701
655315
5899
964952
242910
9420
208111
263088
276002
745185
597973
770815
924075
366453
619872
701534
641072
297311
579127
286623
210571
744061
114225
96558
593401
520354
56220
235411
258989
19434
813738
755924
132177
427759
488185
807096
973914
926996
11133
117542
194630
973822
545485
162667
924981
186211
202822
686490
294177
134330
376224
899533
913276
35922
430731
720394
784869
172159
301765
909698
264454
173423
600827
700595
679117
817306
44697
561516
497476
52184
562288
580208
530319
377164
632835
793588
479618
771838
731822
817923
526940
623559
288116
167938
831652
581925
993636
740941
709087
134190
356646
324991
839019
903842
665511
757777
857916
585625
299103
570202
768560
624475
705467
618164
905360
354510
240428
415423
809317
25098
198092
998783
498101
264969
403880
955745
882649
488442
47086
191899
396476
51444
646452
793264
621618
928904
789986
100563
766642
831087
420222
418851
764594
743266
325522
725205
919453
574089
141180
956400
652596
923595
909266
385521
679294
437508
212143
882254
193773
161108
223455
215128
241103
609364
557731
147769
446381
962660
101153
41053
713604
149920
402859
873006
871837
762289
354282
555383
623627
701567
722791
685226
597377
988804
628981
187836
26317
447548
954559
657838
147509
111929
199018
300711
900717
236563
628774
135421
937905
944252
657622
912531
746757
909297
220250
695900
928647
206476
318581
910718
252590
479734
775264
881681
18465
999419
272234
970630
494902
847606
754506
172261
117061
388651
115395
686702
267625
611379
78450
611745
778899
383378
528823
128538
718666
177956
40894
828244
118403
920374
845097
635598
800728
31986
454684
664330
787240
502514
447396
650930
381196
512437
484868
946646
759153
877679
475870
536464
278039
165050
931259
273289
424741
276395
944503
553108
145190
187008
604428
580535
584740
640885
674489
447115
601823
582389
197774
971897
266474
119085
619415
898916
810531
887293
476451
272677
547213
65736
905583
922865
374028
937771
964084
356120
457724
851210
583498
531558
632430
95430
759991
220012
896447
285195
214105
90329
588887
948613
492587
538241
299387
582002
988855
364736
312528
124371
998168
297208
894317
354940
288491
41013
352987
78539
347282
355442
100780
268341
834788
519861
515636
89532
712693
406613
103849
212092
83645
429468
590419
771557
469159
602759
647343
601027
57528
211306
831910
776953
996122
245040
902053
156749
186437
162432
771609
985308
460297
613180
691016
699822
714169
603491
229903
950628
399863
605334
841076
231182
101273
896760
855847
197721
764533
614382
519898
492966
844559
472902
923769
963509
186203
38067
862664
768256
380272
432246
737369
637988
499724
606553
280038
782522
302270
33110
794704
956677
510004
478420
438069
552771
393505
328145
519272
749222
403978
154651
291856
89821
854446
236088
449950
605835
372880
634341
739948
347481
13218
858747
836271
186215
327312
424750
455705
31069
223718
617008
481166
88608
631518
90419
464000
969313
429194
222027
972265
32079
407514
338033
959844
379372
760971
613732
230953
940925
56109
312553
534243
154651
274510
80564
899056
148199
397832
561055
414580
657883
778468
679447
723994
217787
756714
27670
443945
912106
79175
868554
429694
344728
765465
947669
851308
521881
195929
704878
460588
401233
846181
480228
946307
539660
463273
424323
420015
315306
672169
344015
550157
189303
565230
326701
85322
114521
170315
592289
490627
452130
181771
320178
600828
928582
753786
113770
458554
82854
770060
635130
978046
56074
748461
623546
121502
646446
912805
158157
781569
365811
446759
167715
226358
168694
207992
828056
44977
790526
209591
230713
494948
463567
101261
363559
4407
733275
232881
47573
557923
27480
845976
582892
688240
3181
478072
715469
143817
732742
680632
133814
164153
635335
651894
426494
968708
73884
123700
271802
875364
309615
572511
520386
296991
247795
341246
234638
258177
758558
540916
30521
3067
545587
412465
147752
486744
837757
906107
183748
413976
370263
876949
559202
745515
80104
229897
183364
906187
288877
425751
401593
179254
415983
883066
940063
964871
32659
85587
884105
306736
976272
985077
393595
221591
638267
678092
959442
333002
457214
19434
468033
71711
711207
562608
610486
585324
429596
851349
608282
179807
871661
803222
113336
675708
467202
288250
714613
505010
186931
859649
469693
780440
796278
25448
39295
385801
469619
962396
628942
730008
74228
815801
71464
171314
569784
350909
305428
864591
532007
260237
52004
503764
310879
52260
681498
132553
897388
861268
476135
163890
859095
504634
849806
521548
14357
376963
862568
417637
480160
44756
70976
417688
81828
908763
201374
835941
700879
546224
85473
614185
889099
891751
987909
275070
111304
99572
711365
416177
403314
552763
868762
161244
945794
435764
434785
176032
532977
967480
354650
85953
847110
39786
619597
923678
930576
969796
388103
197899
181168
19133
724482
92493
318478
118996
73058
286705
884524
129020
755292
400457
627991
399204
67889
563780
935545
82722
392344
919913
400524
199483
236666
323504
157289
599569
515159
425917
570367
912938
758342
964858
281695
134745
495257
939599
936051
1291
979103
505601
686671
814768
654914
247716
599903
795651
243089
73982
16704
646648
308761
833018
41644
551554
341548
767110
910541
93374
569923
858185
387954
432959
704831
543108
697631
319414
531915
431556
618750
334334
989598
454145
959476
592130
31005
712343
637007
992972
419101
926750
577051
137514
204230
309160
34964
679679
427603
99286
752117
343139
950325
876503
963823
737016
275992
917567
818549
844170
548157
256448
885556
332770
269062
656519
652960
936872
630096
365493
39082
790258
796858
217464
549390
48173
356805
146438
467464
113062
273108
416822
470182
140214
392594
166586
168185
695240
896498
154237
486693
566664
267729
710677
742424
745450
931129
721253
16855
845716
589823
613522
793908
255465
374476
337888
50652
406899
709432
255720
770829
515180
702546
982584
951204
285162
149500
834183
363732
570340
389555
463187
115891
536997
629037
933401
429166
890507
778459
874160
475549
194492
208206
899139
973681
255719
191798
876201
448778
15666
922053
951139
683494
219205
926577
36977
57075
572338
435865
979857
431173
329664
846463
498453
461986
980307
218292
561184
646587
770297
292689
291005
720822
428307
762465
983707
145254
113950
776796
75817
239452
1501
588558
826058
760087
583397
715543
959925
238102
715781
892619
676781
130446
405455
536249
316567
106744
110535
542217
969853
103810
8040
394239
233374
535269
547597
472028
543087
85078
813571
182819
758322
605334
553576
549753
374578
6564
235327
533861
74264
485971
670804
811256
2157
441334
521222
571398
408493
658679
822
496594
452932
225735
962443
870408
147816
506479
811743
321763
844626
409861
525705
325807
870618
177595
489735
789416
551342
382866
168776
893506
570734
408108
511380
213314
315048
985022
195225
352009
357483
249124
56147
674353
889162
533518
565910
606032
855599
733528
32891
963994
606873
511928
233509
846947
914419
218320
492399
720705
109586
594788
147700
701072
336011
805541
605114
690255
293487
941420
499387
700647
864677
98050
640722
771404
412002
636124
438847
966076
352903
391524
358423
866277
136662
959346
966475
758947
549010
456153
206610
728615
877491
818782
28278
307571
836931
339460
860344
163777
316120
883907
626145
102660
40878
924183
889383
511878
19168
607476
662136
13488
217987
190358
94565
152424
969056
200759
262638
199508
560011
637146
491110
233598
394532
3397
838979
584528
744234
603147
270852
857470
635831
175239
808831
277442
745948
555685
26566
605699
314969
778458
793013
846287
47033
789620
763931
140231
366408
669579
789827
903002
517746
918167
982494
43945
904378
718107
811406
251850
808723
831680
147153
737961
799775
346300
919176
18696
259777
672561
99
578406
545505
12626
153580
737214
13308
42304
40684
121510
352996
225587
96702
230296
768923
622675
426862
196622
126024
676903
169164
68486
895188
147812
965523
167397
573988
486951
113
980088
288307
847743
491763
345877
799370
364065
264591
556128
971359
227390
403277
257066
510664
577650
39186
596659
183322
355411
226442
603216
94050
96682
867505
372968
301439
216702
452671
410968
303707
587019
861230
435574
46404
785298
824425
112243
82987
153546
584594
216986
717239
529460
697520
263029
440839
396684
885748
745230
102979
864987
237350
602579
97245
861226
541937
133907
620650
51281
968007
453861
39895
987501
191282
246759
995913
759215
344057
849188
946965
655761
361643
636495
761049
736100
482635
244844
405813
24198
65367
33038
693545
461615
913143
965755
268109
101738
956671
56043
568679
291872
794529
287727
487020
134735
347826
255855
242326
765658
436695
811020
52510
426875
404812
233700
706455
437076
673168
740851
54631
322018
45297
595286
465442
470162
52335
676780
754372
870382
211088
876117
772939
571056
537984
212252
684335
59255
951330
238513
521215
973911
732855
533007
805210
824907
288425
712316
207942
924934
578357
978927
8112
601255
982324
940427
582720
820106
957124
682122
25048
328506
798871
714293
428138
771013
271128
867855
155571
673961
189109
445778
425048
727274
430541
832785
863451
850309
639608
63868
84090
891710
139245
375426
463076
241494
922068
907153
988889
736217
228777
63161
791197
642323
72329
66350
77080
13282
753565
701740
144973
698855
87264
156853
219765
940758
707598
876790
812343
950445
309483
886279
812359
565442
79596
567313
8536
905589
190022
633931
255039
17092
392466
948381
28518
746108
977626
433189
643881
959245
560195
66967
838096
437815
910678
271935
287274
597793
318060
668002
97794
693320
496886
276098
441537
159124
901735
915521
722720
830214
461438
923165
212231
381710
256883
12122
131015
329210
744253
427581
657649
359368
638078
951092
701649
763676
883853
981267
772170
480205
761501
180473
191503
503321
468302
650641
722171
406649
18192
443380
285838
842832
506608
454380
371589
920189
5185
196692
166485
755983
812712
616347
212227
913176
353667
108903
455267
824538
752374
957909
338027
709790
669076
882463
16114
233508
615847
562007
105611
731317
957213
180880
373688
356308
549583
6492
128653
645267
86126
373871
263075
144129
134668
970594
567349
861633
353989
53652
318938
56502
567112
561323
62495
326938
697157
873656
568576
218158
660533
22776
640899
115788
155009
42103
263218
155352
851344
78160
140979
598933
803824
975055
64965
925011
456608
306103
583961
439302
598071
805215
433971
309045
695479
23739
811651
186725
378280
385421
710906
30059
790873
576761
186369
789168
43087
457295
676959
906406
353708
686219
641542
707706
397272
933584
562378
230678
946237
670149
477165
71504
464044
945161
862869
769522
63325
960276
576223
363046
15827
75435
319500
127166
649758
475903
220761
166110
634618
168611
919149
798471
214293
964520
730668
295552
828782
538072
204009
58082
505817
208395
963320
671233
738271
365480
524000
689394
108482
687548
400303
686654
296862
792368
858856
674402
615082
452650
148120
182399
310046
404547
621703
751268
61935
61280
333385
804150
497718
289391
40820
890490
570478
362624
656236
871615
584028
911229
261209
284395
869641
38856
935738
326368
831019
258672
102611
302282
751138
955599
341762
921863
778974
682242
329904
387508
656093
854214
910050
378449
373010
778155
533487
116816
373089
464696
237644
397183
831623
668764
854275
963982
489495
981260
990275
849023
472671
212925
502032
475499
332009
706304
920539
744811
514077
959093
312044
954089
230404
384557
80571
524547
961319
827168
444639
473432
104022
198919
1630
872883
153860
971480
918371
821970
218128
517468
462797
835026
498910
924654
385187
466296
998052
601234
875558
931294
380161
324271
425343
967992
720071
917866
215000
744962
948697
645793
705863
323400
251184
947777
501604
866577
209528
237765
237307
516841
456471
17419
639197
455882
725197
67412
443601
247654
584118
835160
123816
979988
505517
193092
737518
344788
253067
305426
321084
908672
291085
729858
475819
308178
802835
386618
864291
909004
227141
346231
625233
923848
875984
819503
8951
748636
333198
790085
895389
917289
616068
504168
517989
395713
849988
876873
162172
784306
588467
584311
774381
999667
502373
118104
745743
753898
120420
690502
479839
356952
476432
479363
222120
366114
512992
490395
991390
983101
440070
531989
772363
492404
609841
881045
135969
99865
498988
655633
817133
187974
80228
910766
927085
953103
169287
74038
907128
580934
903111
637176
326235
913769
820349
635261
866757
493612
37355
707362
731736
725983
445338
585239
465375
366077
555170
653938
173727
878544
556104
160881
912966
980483
424577
699531
75776
935366
402197
673393
63017
418968
338719
675046
735261
345908
932785
640504
936234
610330
897684
701082
159655
965112
668268
368223
975390
519925
169146
870101
954404
322779
408828
810300
815370
783263
900143
96481
144364
679053
676277
6300
203366
610900
215505
952674
858151
307756
531406
602184
648477
34847
706303
549845
313808
414203
664738
962690
677515
849363
367134
875600
704244
100780
43820
552518
735869
541323
6162
624518
856755
778201
92233
644811
574964
167536
318464
313282
892926
75076
629049
704449
413026
72625
435346
870760
863511
394076
965406
460051
536042
957705
470834
476473
379347
911609
153532
212836
530979
583678
44364
228173
173786
38429
929271
594323
529878
414877
302864
218072
658597
157810
512791
731640
193915
374529
917998
362343
216511
443472
362566
858726
250688
382988
633689
448674
644805
868981
357776
534569
129665
522666
615300
7817
605413
787341
683041
346823
52112
75858
172391
183609
832930
952297
159818
837825
273646
554246
644538
358566
601869
375497
683709
417872
788431
744591
970743
851232
100877
697300
765708
854058
552922
152259
476572
221776
303512
723485
493933
745084
148326
240897
463463
148025
118839
789213
831928
820911
127358
610162
314455
652537
91781
743549
179174
594853
944669
584199
36657
302663
112496
677963
521940
536698
594354
185279
897272
625204
644406
241921
864125
105285
14877
576671
968756
285868
107049
857411
106819
479638
247152
606137
781484
298932
114859
654751
167591
857335
740910
315880
910059
446123
722290
989644
856588
46637
641934
956880
439742
11467
395781
814701
379447
412214
134328
456416
68787
268134
322108
236045
702481
377035
945798
640401
107547
842947
443811
589731
530076
302724
615781
560648
828768
330455
798861
21336
679384
578993
999658
8591
508519
536839
266198
203646
674788
919355
975607
184455
552699
324403
220849
91204
464737
659654
622380
722184
560881
232912
178045
689341
712552
705061
306483
953452
67961
7202
228161
114972
477134
277343
68675
105041
790365
630144
783214
642870
223330
547755
725657
321301
54526
766612
111522
553858
335788
329075
854014
461976
80924
327511
800801
438875
485998
199701
99206
370429
431692
343128
139996
605628
872420
816796
70797
668648
396353
264950
74667
351746
461509
664971
2041
283776
297221
473441
71252
860270
985473
147218
837245
329902
94590
145820
779011
386528
838466
377366
543249
985564
607724
677438
183762
448156
416365
780461
313148
640695
867431
215723
945920
609672
847456
892191
254093
366765
591523
639327
734779
37035
233331
935398
918683
651055
415661
28963
421848
633712
461049
326446
702473
140976
985068
700565
658519
512672
300670
596565
368454
664035
186467
959588
22689
16683
813191
587499
34630
298880
15275
434962
953995
696031
940631
403187
676812
980991
665211
411888
448787
586670
33190
660960
6306
425562
124194
467364
867807
157292
931498
86872
128669
988239
551880
523429
242435
834383
978639
27060
642203
212060
67506
797181
292089
868589
183360
486013
695429
214209
637885
632198
967144
2048
993630
28784
860495
323841
157792
915501
963103
497573
813445
192443
893749
60256
677356
820722
658840
40792
402060
773949
295870
732133
58573
529573
171576
662009
57154
181961
981498
190553
457607
583274
862539
355657
865844
38179
530501
347206
478395
598198
959242
950957
452708
677056
910339
673209
235553
23695
915670
448490
445200
434314
388132
161088
658062
233614
254523
578342
372338
786202
769247
887276
773997
953504
500720
792621
552764
599164
170168
153616
709383
471232
852947
830761
119386
7982
651259
480575
664381
588735
33712
536681
740273
732000
917568
362065
211466
419708
443960
368090
595364
271796
99495
10910
584707
407916
875019
596944
22475
232255
57627
18881
642712
57810
553584
829630
628987
992390
257489
937686
149970
996999
965210
895608
353411
290625
999623
539835
730965
448755
215586
546168
713066
35420
170759
436434
811037
159697
97873
660694
610356
792048
721763
107069
427330
504175
793109
552526
917660
264078
590136
124960
488565
272171
395976
705022
919129
930356
909933
920227
105922
784438
439854
893732
696155
240404
432883
268269
885006
647636
788916
923555
293964
641812
563332
249129
44441
947674
201076
324734
702032
205704
510309
161988
92411
925998
700526
86620
69383
508602
787558
259628
987495
977930
116110
556866
16328
590114
66910
395730
122412
21689
839850
975515
871782
275630
882993
265896
746032
488152
711682
696563
900076
754043
801676
208996
423606
746390
341120
294327
284578
824473
419813
155323
507415
996019
146168
745590
729927
149578
691133
219366
656394
701764
559526
433698
696470
842498
534815
701215
165789
406381
946548
641295
136579
411816
222816
320804
990203
882469
354419
360307
522813
616211
687006
349427
474661
634485
340062
62436
549803
597454
838915
191884
509819
391801
712156
96796
475505
117973
306817
34034
975027
305949
635197
417144
558698
436885
234966
790057
901085
804896
249338
95156
401900
589679
957959
219193
537127
569236
657462
202416
65481
591668
244453
660777
326292
3547
903041
357294
331978
377770
672269
496836
596549
214763
207505
187856
187060
558149
441313
244823
819570
595851
927112
896670
963396
23470
759890
777264
402927
780115
99507
27838
918836
467263
449367
558240
854442
650095
857415
391290
129014
333381
490037
144122
561640
577308
809380
307325
27893
901500
636278
431697
155661
81577
659731
174421
87513
856022
915444
956413
248723
96119
319945
400050
95361
113332
635469
745622
345551
967353
144932
89765
54344
838826
173805
723447
408625
75700
490410
395554
302466
926143
984585
622460
977153
745535
574223
386685
39101
578282
888672
208003
932965
760452
370349
902384
752707
214870
262010
885038
384344
21629
182795
734739
435796
626718
6570
665695
675506
988663
10968
366050
535662
152721
490190
771643
773860
196690
999086
144123
566407
764974
565451
97511
945210
437118
746385
869084
648462
26537
576275
801997
600409
126910
168175
547689
718831
462628
629664
877912
466880
797544
526944
538915
951182
836406
947832
166835
940680
124067
578213
187441
261704
156711
373673
599309
316966
466280
535467
207322
490743
707569
732427
956951
714662
666497
903751
819337
289452
263360
807875
818883
147631
395661
508408
574536
20213
366386
249852
477063
532035
2681
632489
137476
245782
897048
772461
839448
111997
364935
734638
41551
953425
57779
849111
956911
597266
824331
970756
9816
557280
51767
467206
599303
545491
962920
215763
878516
767671
806538
691981
326620
349607
769366
674413
315481
859588
542405
499404
701228
296403
543647
447822
281757
261361