2608
542963
678719
17472
262538
59684
883454
967895
571086
109272
924322
135585
794900
116890
837730
864515
99754
192710
185642
604139
433877
263835
513067
239601
744885
971512
876171
633385
623366
797303
705085
339143
485571
211619
317676
565295
177509
357527
586386
957145
684681
886004
523365
326750
507311
871102
665200
967905
840862
770708
757247
716509
924518
495754
871731
271110
410365
181604
451958
469854
682699
429426
590729
420760
344769
780803
160505
906209
518692
817991
574641
713487
169832
649541
637992
937001
929463
552309
503867
58001
778897
4987
205589
248906
743821
892608
581578
216938
671229
189935
696771
999453
947183
594441
665876
748819
928144
134822
246570
517767
903404
446345
411552
12397
612368
595870
543152
822840
25041
732242
63238
933637
438373
557391
306800
496295
703278
645459
245298
747792
11671
346604
893623
348952
528471
150738
775393
810029
547475
600416
114369
672344
649760
66097
246818
198183
120358
923539
133888
213629
916000
152363
874326
542642
493695
855141
14933
430504
890222
35285
706993
495339
325617
778735
208212
583108
361191
791647
690358
151451
759598
73350
912132
482374
97701
581651
514941
988850
598988
891257
861468
570924
9864
92434
901616
982221
213700
881936
394439
269056
904753
837339
810440
277809
281773
652173
82912
303572
885570
677062
415829
762895
213509
167660
71286
366277
295391
995970
770547
463232
124904
591780
471625
267771
444207
605981
785878
153225
244886
150053
404682
400996
300250
31290
583422
673110
44593
889561
918239
716669
623820
966361
614850
49535
935996
220581
284636
349835
112944
179796
42697
331975
96412
660647
646474
58715
492022
880798
950220
130266
89626
177015
441827
920968
518350
68420
426390
517772
256479
439463
365395
231987
333610
634733
668483
358558
470583
352837
334840
369994
819647
461276
809731
456186
319630
733910
285027
82371
218883
851882
500504
87604
701045
528794
85589
167455
314928
699342
694483
786120
761437
321996
357250
915370
120703
641750
466522
612384
618522
770145
907472
381431
539438
450797
172965
584525
452257
4229
301848
974821
133690
972117
374524
235211
478537
851235
119716
869278
327717
169452
800250
813503
73614
454428
750383
87189
514224
932392
154381
463226
393
669132
123560
498245
104481
653532
872946
952436
801528
329737
547950
515574
993087
268083
285565
532627
543484
115173
790036
714489
651280
844082
775119
416100
685397
253289
803678
709608
533793
757623
872285
554206
154344
966234
507650
971113
983230
898942
184432
518052
643321
23030
668072
547882
181236
4568
332959
478401
964656
653557
819882
560227
906454
103283
286166
452907
505944
852937
620820
402777
268341
892823
254417
301826
520347
983840
936996
36055
795878
361765
170273
994831
313671
225631
276426
268084
275968
183256
184997
840839
100299
92134
179433
581329
447962
346181
627986
637128
786426
649680
527444
799066
381393
594012
953068
334040
444742
57521
280977
827586
198655
661606
199562
168043
141573
380824
741785
854729
608517
133766
667221
686363
988016
941324
63381
641655
968385
617786
718920
855151
495838
625873
863138
42591
128024
451930
471793
900630
103501
100514
537998
65375
257389
357781
890094
975275
997593
873718
101720
950364
42343
389816
406705
94448
851330
663420
687923
375240
887471
443496
457916
800341
281642
287008
257155
77726
880047
49316
990885
873775
282260
56582
277085
158114
91795
137222
380499
256323
938470
736972
37131
934050
261899
690432
110654
39354
719463
851913
714310
751801
523335
769697
634802
499948
946369
960530
802617
533833
548409
516048
50892
368088
336703
277425
511556
309822
623510
364941
346811
881575
467536
491054
230646
242767
764116
364404
770175
474798
418498
886152
106194
639486
983597
497595
332013
222250
312839
289402
132682
529812
160987
273008
581289
401795
846195
919288
426438
461608
562137
164029
544939
715
54651
115569
595998
221911
359848
127206
883898
650814
486454
279884
548123
499146
34630
835720
716211
342210
899680
407533
558714
525813
174072
353689
983426
595622
931410
100591
923496
203155
11393
250668
966758
669924
657483
606056
727750
704557
861672
973739
319345
535456
296233
857962
748774
43154
527222
49437
804998
842088
142064
473470
979595
29342
521013
718303
493209
945523
846977
660520
634477
519669
764209
873517
71154
697508
953251
661864
705650
21702
830714
901784
96041
50439
520702
790453
854390
894922
865760
127246
270699
581264
684379
885953
820355
864899
427253
309142
983603
763936
172708
678649
751961
475840
283342
220691
694097
188161
186281
475844
217447
773973
960770
116799
708262
346215
518233
807745
779663
990949
33832
360431
153829
37486
669060
177867
938149
428826
380765
33042
628628
982304
828896
628214
681264
931496
789179
512883
288392
371054
209664
171472
454568
132431
554147
747317
49388
472756
445918
371171
132469
656536
630644
192339
31866
268279
901137
722863
361334
860501
417936
386983
137983
818343
173847
257714
222519
965346
98461
818786
202203
290079
44620
341793
424377
704616
602114
492621
326846
508002
227825
540974
56045
652950
496549
693584
679468
23646
819622
767554
544953
198760
113907
788777
140601
641066
441839
491713
926641
846754
53848
236530
574670
581704
215729
137675
355422
609556
957058
231965
964193
114725
865398
119926
534202
349205
382114
725113
765760
850006
632037
432983
41074
69128
273898
707500
204231
782299
165194
772536
530530
911836
769807
281080
655844
598622
603859
105056
199132
438150
723720
533368
559193
555058
53841
272272
810209
767174
75468
112737
330490
541653
804851
786946
103781
741801
910744
695235
102058
95024
583950
773994
533454
307715
789478
572232
521698
784531
74967
22454
642742
135090
513207
803825
443498
166140
656998
705744
752356
947552
736714
156702
911709
485327
266100
852888
709014
818559
890721
800324
551849
360092
974237
105068
918074
641100
188674
277622
566284
812957
77535
356641
735024
151694
661364
77470
167512
744375
939161
361608
686025
443861
108861
570946
66799
385014
833100
173292
509066
708669
381930
620289
365638
988819
898845
418320
430889
109482
172615
405397
839910
944495
48592
496564
23246
971212
113698
157713
37798
841751
204430
765902
721491
784474
354060
790114
381490
847167
32223
276947
300036
733720
970967
416144
522887
57609
23664
893805
589088
471251
456280
139323
778931
180797
821070
794755
786581
486816
405478
364639
743193
650640
742057
823286
162695
160803
995289
804370
355883
378847
562001
668000
842185
603204
65803
931779
39726
671154
692796
774869
214113
498424
104794
317883
683449
604283
257981
583203
846152
203008
759331
472861
451701
637142
532174
239379
829991
305507
738056
583974
941981
246281
17479
849703
611483
2676
483307
45807
859775
592259
651299
148636
593522
235600
419056
275944
684730
129054
986050
996711
308011
355102
761662
999901
414334
762910
871969
869369
365754
342158
528382
293298
311054
197297
3171
804541
2176
421853
806618
324712
573760
298350
624715
360150
914838
290573
52479
797720
878779
790360
290751
90852
595331
786735
705627
488820
235959
69978
245894
407677
199233
243162
490782
94602
854272
625931
892810
410933
591356
709746
476221
859394
677043
690153
300951
671192
549714
931172
172970
595805
916927
961631
110809
29037
282707
294502
931165
755830
973221
305024
116321
676850
748993
193721
520781
479618
347768
535499
363233
479844
527505
935144
552759
453969
943389
325159
881514
3702
708200
213768
503190
737996
442444
757222
743157
917014
252383
665208
446056
550391
415820
808515
892823
486445
350015
694880
855535
968878
900026
943845
738570
662557
791749
294259
828013
614313
114626
270556
551466
993282
623198
885294
307942
731001
787940
231905
549237
92020
619884
696600
413217
762058
358384
57751
952714
574785
581886
409090
298983
273441
612746
668814
108586
363892
419547
519943
476802
954269
59366
382844
224378
480147
327032
349642
743487
970168
584204
217028
535294
837338
530620
8828
49836
974405
859477
23857
193055
506242
609091
457428
294298
209905
344171
457784
577446
239166
78744
625495
736923
336195
698572
435835
114814
539066
89016
858512
670340
780701
727944
149635
254133
838940
791317
257622
778284
82042
556606
986435
215674
716805
504145
779466
716267
143216
382114
464729
515552
565775
287934
829911
482843
396462
112762
995470
291482
299597
510564
799347
893402
504764
32027
342034
162620
100239
594427
589146
886981
771071
66480
325699
109056
547869
550124
461144
674494
797235
154035
783908
811006
165817
213203
268669
311079
387057
121714
44904
123314
788960
634111
789479
316516
147369
496266
826086
915129
180679
437104
561982
861277
62630
310447
255907
667027
428319
656856
707057
807608
913231
781410
618510
607778
301458
399514
304187
133795
434849
307448
683452
869737
663302
807694
703842
491655
839223
646234
670642
851086
310679
936954
827124
289685
752580
957887
438169
884185
430366
142041
297097
620989
308822
736562
505929
108914
121326
335192
752646
735025
953426
378898
346880
281747
46995
639702
566183
87292
910860
808298
131041
928531
293276
242416
858388
267118
794787
632664
855412
620846
527924
40342
511728
464733
376489
857866
866448
916128
81872
579665
835128
570713
947138
552488
586505
479515
636692
265911
304615
875018
133479
400706
1429
413775
841307
261351
986491
578038
792032
230229
370378
688164
448172
360458
59126
283064
964681
942598
587298
670588
286598
610449
85146
856328
805837
296358
286329
389491
778325
43771
763179
354039
219758
615086
707853
889696
539385
272653
131313
17585
517114
757954
944829
430099
890438
296601
714995
438778
151703
83952
425867
744727
546814
225146
602108
688627
393335
491759
374105
60975
379352
28628
136984
516373
337316
37410
53423
255002
130876
50710
989143
54835
212853
780500
194035
968208
65477
701241
177737
517177
525526
982332
890734
367812
353725
421503
401537
781232
988868
477944
10253
159586
470499
797815
907154
909049
637774
13139
56542
186512
886184
451125
111316
553423
801301
291776
865038
823086
226412
788060
617183
97416
908044
219742
74545
843415
421254
477205
952653
816530
410552
570100
354298
915296
247929
122839
415292
878263
210352
977459
802813
821974
757887
569951
317642
958107
521949
84089
439988
814338
500098
876790
746711
236474
852155
206986
177847
567141
880797
44912
565381
411629
29270
679703
87106
798782
711007
735209
836027
372323
8845
843896
847346
93761
763143
951815
943389
929962
462418
960499
332872
108831
119560
586237
549909
768357
434088
576501
676260
140994
476038
683459
867341
567380
866083
557781
77322
667919
22999
287456
674994
77905
912043
866069
909280
128228
328259
105123
563506
557583
821560
408290
591917
806233
381124
577059
919934
618203
148182
853841
428763
365825
205318
952579
178056
302685
227555
559522
744502
322471
303847
989554
50438
925781
437388
525118
534955
714195
213368
451684
968621
304352
450579
860922
293513
156484
839097
389916
84214
480689
129611
58452
396610
428534
349600
812964
522203
190106
817049
450034
697258
110683
276690
858769
500250
733635
424565
406632
987895
549667
497384
387201
487473
695215
126566
224880
376383
85622
643372
702558
745632
768060
512265
713905
172540
738421
13400
237017
311145
756640
56907
378618
453643
264190
797405
677617
605331
636590
372329
70533
787303
426855
659417
5100
240994
157777
300279
380535
199986
164224
408927
780378
107168
184078
532821
689308
382253
736275
953203
92247
441495
105924
501051
312429
469243
350245
786955
597960
687444
916460
457838
8587
375265
130036
687758
382170
742821
119258
281992
758594
994120
720696
450264
764167
645723
436796
351731
933833
85497
607332
82356
104530
480201
52760
72942
605950
312927
1315
981344
871431
741634
455183
947590
947693
850696
402525
703564
462142
267934
806814
97822
694343
163556
782705
580442
765783
703989
609946
104039
107820
278340
581434
616287
773885
554081
864625
681384
62563
84891
180237
535328
840485
443136
37933
388982
371615
479168
593782
259286
599181
214896
205617
751420
824761
254954
457792
536682
186559
315153
705851
634420
590650
395058
235180
894201
755661
652934
548194
276140
230032
433300
820854
672656
474004
486963
378520
742530
290389
687725
310228
570032
19451
687168
851111
123432
877901
7742
945912
94475
843635
943764
232501
11104
836134
682279
635979
520964
645174
473562
324609
797759
540919
976748
906098
412083
647177
838463
478117
778350
809923
319219
327947
968734
171516
584369
131860
825380
472437
969156
958446
37185
449830
394017
60251
109549
686435
801671
651629
21958
489387
611969
68001
599909
686925
129097
437910
470733
31352
545479
189928
896957
465629
986102
476397
163429
896707
330856
524683
560501
793127
676896
834549
330512
254285
52445
388096
654879
968103
272182
650854
269059
891361
878240
383702
635106
1671
460941
459061
341346
695444
716207
149877
632564
160024
36571
267664
365512
906564
794120
824034
151582
661973
405942
678433
21629
167451
43307
783354
268668
79333
591768
238536
583101
939852
574043
296883
145658
430232
947102
836003
317943
350034
673116
331488
195159
609639
685572
496712
252811
178357
127926
303659
912229
295989
32042
997767
408587
850630
907696
461723
778246
826642
133265
898282
542074
378847
114837
482766
732464
507124
201694
60917
891599
655845
370674
548541
211434
297789
790870
103528
574707
624968
936085
839804
201484
133626
943008
912058
999806
2431
456975
706168
857410
736416
817862
800477
400381
438735
843634
41849
379978
535503
148275
494655
963823
952898
309268
159
373680
903953
212213
38980
304642
715570
393674
483047
419992
478617
517628
443918
96666
60733
986413
846309
217076
263045
628121
386871
311947
391055
156760
980233
244553
160349
128511
14419
560857
341469
811047
927196
418351
304404
430021
843505
885630
370662
9016
89793
575053
277892
201442
896664
296996
454386
695853
474742
643680
308404
702383
604300
98982
379348
723048
169554
562484
142867
994984
36936
267475
601962
693838
631175
430825
402299
165419
196802
957739
193433
539332
173470
319919
102448
150134
634924
105311
466643
85044
256575
652938
637921
399532
529391
373652
522642
80456
946600
674254
176035
642513
593519
645344
793628
84973
120883
512547
790651
227081
278476
276683
106303
965394
527954
627393
360402
469788
598748
816783
33875
876134
459540
507701
189760
461493
60660
107288
484349
842460
741599
299290
737859
974557
682526
952645
914216
757098
801397
741664
15814
908484
99682
983588
356491
587141
5297
904969
582173
992057
769791
253241
639655
557990
11913
236710
345989
80684
66991
232375
189896
281863
829835
410589
953062
824498
706408
299204
271169
800102
45473
594150
739282
710081
933144
745721
697842
243713
549327
129801
585029
162543
658406
576672
274947
810520
313714
599201
384292
581558
505398
495860
813544
909934
210048
163611
786816
861043
120738
135587
77276
913160
487244
76663
565394
932002
492163
601231
719656
589035
383552
588741
160702
947747
488103
52872
846491
263393
608418
566761
22482
490744
27866
926995
881232
629173
442642
719384
370821
899460
847711
112294
45293
803953
165576
705432
636538
689804
626230
674857
737312
589927
422232
89155
60604
953337
270102
794485
200354
938533
624303
169284
725313
319380
204657
654616
289781
201534
712788
991063
373994
680584
738100
338319
854183
822472
742570
974861
90494
251684
118469
179403
666383
465304
999274
225733
118580
364758
509829
68652
175436
59719
678187
505332
907879
603248
458702
659080
794955
937456
402396
637533
538209
604709
699572
977124
581631
800111
800645
475929
23635
380492
195909
320889
301928
847907
42316
150800
605848
360796
483403
133104
108623
160428
663275
404030
64823
720494
845382
971750
30342
602221
174396
725742
578784
449598
716851
758312
975465
410762
600303
20674
577899
480874
494410
809591
803297
583339
793552
884264
272542
120560
15225
826181
533405
977015
917636
963941
698022
999860
510700
325494
380633
477721
860233
574670
929882
461623
760262
343072
175001
384382
367419
965514
886460
104032
899943
921930
133164
490004
975755
192465
523321
336119
858277
561392
715691
123789
944072
579951
751846
959332
831316
252733
516536
870489
663448
588161
756547
980084
586113
23566
885762
275247
590268
991606
594105
970196
615600
200950
349245
919876
276113
941262
894045
514771
542819
879668
964844
488017
206860
977950
232428
96932
461907
470973
718681
578897
199163
14666
360719
951001
105334
890552
356952
402816
395144
149449
948886
217897
784825
544125
104969
698396
536886
501669
113470
9002
409542
373461
716501
701160
550948
123063
498029
33942
417213
42941
281390
355684
366023
532334
788466
908682
996795
269538
394065
59861
382641
327817
723207
203650
373079
60581
748100
414275
133070
629720
949649
548638
111138
397463
423322
453941
796131
201086
53532
824736
610468
13502
352620
395062
537680
375473
863905
428523
921572
76110
690591
213331
509836
437880
869697
12101
409502
799281
530210
604763
89581
562411
674056
951637
102091
758719
701166
83869
502751
989815
146861
298917
393823
919301
788358
135276
168489
704599
38798
563936
498244
570626
162166
86942
498542
570715
941110
581973
617825
246629
315990
258120
869095
358948
761369
657201
891222
618512
832262
555651
781547
721829
836820
661257
555135
422359
894129
347370
620648
968803
439919
590989
911855
933953
567116
269209
740393
419062
728668
960725
439988
47877
534229
146159
866704
7109
821431
764568
537175
79310
974742
550540
889498
984333
797445
47
898522
554744
279073
375891
372832
191579
379255
417046
669433
791632
162131
474281
793426
90700
795238
658667
834540
308630
595923
604787
673339
938452
54294
665197
70177
114302
147409
79387
386178
365171
240949
471485
215875
283434
564425
84044
97444
85441
611034
199008
119992
944625
193407
638897
728317
637027
998024
778938
82204
825819
554051
79225
496958
177811
166378
115219
607688
665635
666156
688277
428917
430235
864598
130838
293071
653555
73758
212408
537610
188122
920780
690957
55677
761066
324806
508630
295037
202173
69622
116134
817176
996889
197786
84517
287083
803526
260647
195632
781857
987137
126683
606110
275656
218121
596062
315742
437969
670038
606548
664124
187364
213097
493890
703298
77406
611070
548634
462139
775656
109343
737636
514451
181
756563
904715
512474
82520
270899
508034
967463
57087
901020
838865
517465
861200
196992
329984
29113
879582
855767
546334
916219
902408
519796
714350
938467
74350
929842
804527
20933
75793
731213
706439
776228
248070
544652
992907
255804
611479
399196
440045
563740
228598
939321
69059
440938
97503
673285
430320
161610
819849
482747
568561
259290
215944
863549
612166
774613
402498
487369
793530
531735
796555
297546
857361
830015
974368
334155
183822
276784
16765
221894
637086
460082
327451
210011
374308
454775
247370
629916
158498
40759
872934
963397
683009
65212
68729
36297
289981
523962
242477
220999
402159
501654
283500
872411
180216
350919
533526
821201
179527
378650
349726
82229
776328
312911
771970
598790
489770
658785
989476
728905
481802
754211
993610
12985
424961
628486
924079
15963
129223
155511
140099
143792
354370
556901
688774
915780
570415
771296
12604
995428
899820
585053
738318
526573
271519
361814
343869
466622
275335
598030
654915
867407
291229
21682
956680
939483
864614
839387
68158
908473
648408
394289
726169
979273
473510
734185
173806
432969
710250
129262
641127
453959
186478
575070
323937
443121
690583
850475
927138
460936
568303
759266
958842
257907
934158
168072
227381
90096
150755
528864
393337
333029
500708
448458
619011
322901
106768
650374
445305
675758
881181
889301
332011
644862
232836
242624
356010
965702
765157
142578
653381
175399
324183
45504
648925
931001
221904
63497
480932
523323
101614
30777
883190
763556
960160
335015
957203
46296
741364
201054
13561
13110
376637
51641
258906
239758
513184
409576
440895
786416
210619
307215
162745
956064
467315
388749
1727
631525
686681
517338
414953
386752
101049
997641
547848
666234
449022
709421
631392
679126
234181
621016
300419
804518
296764
233726
695434
50362
404791
565113
628403
69875
621711
301158
434834
105141
127735
889900
752245
849851
378844
802717
243737
454980
172728
564532
191810
691307
299060
483134
826171
484692
331256
393750
371434
959298
41808
622217
276367
492422
375164
791512
685337
259922
727700
816859
120741
67628
104214
384258
871380
115710
880846
569591
1735
307850
294240
472159
305082
595578
841397
526848
450362
225749
120832
784509
648516
14862
56620
217212
618812
109943
182052
232552
395975
618771
559614
563794
928709
760840
99077
246770
776558
8947
861473
404620
12552
766934
470949
217966
662850
702828
730293
776086
589936
395102
907090
993456
181348
319182
306500
692284
267237
679504
834915
264654
343887
625912
173249
248239
158087
206926
760951
106529
423000
334686
846795
296000
683503
37740
533435
264516
368623
709381
857129
808035
267570
783601
533794
579539
350237
830341
102284
350509
31199
891221
503724
79853
204358
978630
218834
535446
639742
308288
113761
604787
344486
48131
47743
163319
949328
364881
14805
14278
540501
962185
171267
820749
322963
865748
481444
955404
258565
20280
107705
729012
712317
28042
156532
684074
838272
99456
1059
161195
857470
540453
564727
807499
993004
409189
920753
841430
557824
170952
496872
554263
88073
918524
221945
116278
985320
718922
159627
87612
942190
813867
81533
364915
125844
770740
177071
660073
27409
696172
967530
123859
541276
206078
847661
981517
576958
370377
170581
711103
971922
512149
487143
552604
34332
437985
705149
18884
50244
113048
194892
915081
268462
115809
416462
726159
642295
968533
678416
796621
43917
861452
138522
796912
827179
155472
290550
705182
681904
612787
649695
652887
146395
83005
117511
539448
542693
929021
84357
748122
395963
617536
593690
842007
717591
52768
994526
205612
827450
666228
345740
194938
730376
126949
965159
899943
52415
937440
691399
597282
938901
848039
118083
262211
404654
119619
471868
208976
743735
458580
798020
727004
489506
42184
933546
530761
369982
156138
643043
280047
765938
933458
942423
77845
512150
155131
194309
775644
920941
612849
681875
92988
409987
350057
866934
256869
222880
688491
317178
171143
594086
265386
959150
812333
232204
248180
200368
154820
677815
227332
5201
379578
450482
434101
894308
43458
920330
352849
580136
394484
435145
416776
731919
772752
537613
622012
235434
243875
48835
37369
816308
724546
306117
589122
805176
90931
344206
293062
915615
147884
958934
209138
43866
274803
272975
26720
341096
636068
981562
89965
635076
861585
263270
403496
994991
189123
392966
456613
573205
711391
577070
168178
226079
79012
809770
615841
443668
499921
571963
527556
746092
700452
805807
321335
894643
723452
261083
392599
625623
328864
700216
454161
260174
102232
611416
332501
506854
311929
808387
451688
448682
732863
607858
119129
544366
148370
497767
444939
446456
980203
402023
993649
469003
883408
85974
38873
901201
634747
671405
662111
439588
791129
825690
414594
833081
435118
276532
177619
512425
922325
521240
17225
852189
27045
199013
436210
175126
80368
224978
499396
805015
970341
179559
225490
968687
519061
341214
916058
967143
9618
40727
330299
472580
599987
293810
234307
757177
487733
687629
491622
244268
206972
522010
354060
259427
730231
48603
223041
542475
167457
238333
277712
570725
564451
569678
482345
908749
32022
909021
769663
639209
365927
946669
425519
364714
171220
887957
160666
919298
901395
997175
492051
861858
137553
61019
407668
493422
942615
686887
576331
624576
298505
942653
450994
503574
363337
619697
671804
115737
858232
795621
191691
892555
455900
357251
483647
933644
781789
541591
815497
124936
378410
644359
839005
809792
246649
244911
695494
610420
986859
768349
501587
632810
307725
884454
47023
823966
989627
98787
901263
605511
925023
885772
904708
294529
468567
75375
938864
450459
647925
573068
59477
540159
35232
197456
814025
787706
58135
291756
789254
551528
55254
722002
149022
898173
413585
218828
848651
38386
394269
856824
686948
190346
16366
904100
414124
805119
40763
804930
156485
477390
611262
267528
425410
816668
646807
537255
478362
204547
462992
55781
539959
720190
987323
599897
176878
66477
38584
427011
846474
770052
761619
493317
660417
474006
561994
642
666568
890490
236779
409938
13186
852503
44060
38239
993043
66962
98805
123359
944916
244560
716935
465454
474271
874474
370624
218503
304137
886317
169958
353502
905839
212490
205889
143646
579753
682273
860758
447674
259932
887652
303885
115442
955756
268907
748020
516772
898190
391828
312796
412236
531451
835861
965217
812954
482624
592352
935496
367471
88754
854897
683009
657395
102592
202551
98891
993621
772833
463197
211510
182752
823020
616819
461892
548599
254406
419198
941353
510061
734325
610776
379314
260035
896659
877893
291138
120511
645983
822868
174902
23845
346222
38383
689002
452437
724095
203775
123733
362304
852587
620926
896464
495752
495931
761242
919540
623412
734612
799811
984736
147916
202957
773714
549402
379031
351841
691605
742669
612847
838016
624763
160112
84606
760960
521177
263944
524823
324528
72726
574275
127603
511501
721145
817349
725638
318414
462029
957633
880125
507290
15215
97405
635799
492954
810164
113911
844253
442856
375673
628070
880959
465894
23688
810393
424781
170732
291363
300028
576206
543577
121201
766074
138369
359178
81026
140668
905006
529641
262209
722638
53799
471837
872821
197667
877920
555807
345267
494127
653736
707693
352740
109746
217411
600983
442415
227733
219174
109302
624259
705261
77135
528444
59522
242140
518334
35367
761613
857366
61523
194192
684008
54337
195653
621280
265162
446134
672892
11745
751428
801893
920717
286066
207243
452629
512144
51925
380452
871112
942494
956707
836715
693052
243820
570207
268415
122894
440191
300647
428365
802554
819979
477830
639032
56637
860076
571239
6306
717147
648896
402724
399450
545661
439583
188285
942178
316082
901559
958437
117595
57430
214857
282357
252111
452688
76282
245380
239387
87413
209751
337166
534263
975178
857448
576528
118820
284198
73327
152630
520945
871030
318
337900
530857
838746
498226
383441
749468
118573
429071
327498
601480
138467
194873
442931
790820
877067
905357
418991
507210
825907
467418
674208
599999
964906
495552
295282
38432
508704
204387
966546
193386
19946
316747
658941
460517
851618
162267
95923
911854
315052
40683
541194
908128
939091
948933
725918
902174
802129
164601
720166
849024
280109
150685
611234
718616
97215
596773
436784
458528
166351
650202
519230
863553
882012
148026
661338
269634
53816
27693
339494
185675
943312
10271
806951
951893
551370
917118
878780
670961
107335
638354
264747
779313
518408
475827
494679
608183
620268
924908
650574
476824
515799
488491
64511
917484
874287
308833
400969
476213
379776
674300
725102
217065
984959
216254
95782
153949
775468
577338
118352
134608
393232
287531
46659
278802
431590
295089
877763
19727
806230
384425
608399
367228
248412
814119
797399
394013
130504
952019
376779
65072
635230
136605
506255
504442
413597
364318
571979
458283
949149
49485
976798
873008
650897
813210
929138
113558
932525
440362
468650
562390
447201
985584
411129
68225
939778
690213
238796
300425
323082
636195
945895
978985
245750
748515
898126
394418
737486
61521
478105
208115
875009
152521
242283
227269
795886
536305
304700
93680
139967
409651
608785
883837
232880
721173
969037
853530
986222
684726
651234
427939
893530
391015
82144
165587
893036
914275
601518
107654
131316
385517
896982
984298
718076
48773
154425
405570
390282
662214
420388
20310
386434
105439
474171
431419
137319
907372
130002
221178
317186
570800
998555
859808
54427
227633
285241
438242
911588
958832
535155
863530
513398
657988
165188
689666
484786
243026
210831
603484
98442
861547
855407
153979
922776
817730
225069
888706
654700
697864
199307
710167
76259
63526
485693
11956
297906
32406
480567
761866
507714
486239
34465
453010
277366
811307
516392
177137
857864
685190
261102
560454
396241
137717
664033
724116
701543
873457
9449
774535
495136
480319
789115
190245
143477
785901
126027
817170
577602
651051
906078
163391
320682
431939
447997
877617
551064
573878
474309
607402
776096
325877
597468
163446
432259
657785
638206
58003
569617
497855
849461
717437
129513
413411
59559
726422
626268
689432
470601
441839
546160
28994
604274
870966
420673
910512
331146
567420
397377
503417
893729
284960
788255
644722
529116
904989
273286
222985
300810
234542
441532
695041
898004
827162
925163
846218
642323
949343
60861
318396
717756
211647
917152
803824
901302
528737
870889
502587
619276
83366
189396
2440
267518
354570
151914
180689
822322
2866
203643
251578
887816
390168
816651
85834
578315
872399
901641
427206
119363
771445
745850
914284
566375
488053
947957
888521
425711
803894
406343
108279
718280
882276
992950
698039
779809
328857
222755
551463
558883
759719
441545
499487
740989
418756
505954
117614
511900
941139
822632
62892
151418
452363
237176
396604
31310
851846
14355
375969
630689
454824
742207
305209
287105
598890
894539
640345
461646
607170
523375
991175
56561
584305
876561
195150
74989
970856
924708
231426
9357
874520
711723
533392
128957
748501
909852
249281
289845
623014
822431
146827
888656
889643
769909
920212
708795
939627
598262
94212
739977
211130
233395
828165
560674
383491
773178
814042
638684
781496
241911
433817
218722
379539
318775
23046
505616
411847
779208
152590
719265
753096
646781
667869
572992
505972
611726
7516
449722
446236
288283
469706
990997
93171
293649
964726
997690
550482
11814
496343
848973
813670
611966
342280
771293
202679
493807
307938
39607
969173
323490
716920
383701
86561
820496
977321
228468
200949
981356
877094
525571
34673
727584
878529
519543
112739
349935
911341
49019
225682
132409
6168
720709
246760
714077
86370
797572
564153
413368
276728
913846
686964
49612
733138
548565
863845
636989
926085
179761
113444
304884
242053
757401
338462
400230
443707
59187
167229
925295
724799
319531
735543
693464
235826
334536
149808
857528
198779
760794
718477
910646
173788
149584
882134
576620
688304
422246
273287
568999
573251
261371
987444
311243
448910
363392
212822
562899
38989
214733
859765
882807
951743
793550
853108
204710
349754
35418
745012
9139
911144
209636
128486
945484
724706
349706
836721
109476
281639
794571
146620
932147
870200
534678
316696
252243
630676
177149
304909
503435
494091
327304
387136
182313
672322
803814
720190
924296
989826
234495
676199
674033
374396
930276
929209
341662
820573
833640
672824
201626
42314
255368
121591
767556
949945
479237
110534
690226
40939
652627
555897
192305
582473
412650
546320
764139
803994
353337
460424
811362
87647
457978
285757
894808
349260
788704
390714
533265
731811
69230
282463
424240
241838
153185
628014
169023
737752
916493
891890
817162
859816
175494
318220
108394
991323
940277
830363
406623
152606
564682
68423
277719
189157
384912
223595
71307
723179
815772
154460
160073
880774
496223
701338
69516
646630
290715
242835
25479
683370
597042
832846
472193
599134
513946
502778
72153
688533
169453
191892
645227
305375
285917
55215
62219
484328
262789
221155
767982
46445
688154
632148
221097
529435
97664
53854
531729
146950
40249
770522
462721
683715
749240
220496
559801
561250
157716
661433
507811
42955
940504
895983
83698
525876
373047
689907
2339
800124
181213
844635
54438
476519
33824
981846
429973
640311
461013
909341
755042
807779
712191
954104
249488
872438
291363
929514
166424
766279
247479
361083
490924
119633
375800
589728
930327
170798
259931
161160
830339
749493
886939
995013
120981
159788
264241
828373
193907
70700
38114
791309
424485
665232
180082
682593
131737
920089
874294
741394
757568
580130
876103
231412
545111
564794
617811
395739
279104
108707
139277
236770
932046
458086
809796
223767
492768
472465
67538
659078
925284
489231
796779
999777
674621
559394
503957
829065
771519
684799
136822
735803
393495
261893
594761
885978
805896
633116
476843
222356
197712
529766
234898
359412
130217
832549
179036
344452
682475
764329
977477
251293
747918
658419
751091
652045
90446
98220
613996
264995
359335
471675
307815
528601
25408
113927
127360
680479
901028
419209
115844
614144
11371
437324
495724
789555
365111
922884
415975
474433
212634
543369
54352
938701
666773
857774
334271
36549
160572
272322
992507
858084
347445
577315
53709
225
391967
231161
420656
82743
648846
682326
579492
368146
458933
916008
733921
635475
465053
473561
969897
208960
658257
483395
354230
876683
165020
640211
486739
119741
538986
684473
63367
195391
176780
24777
672876
968837
512663
205937
869981
527064
636652
326231
458445
625022
946705
48975
86645
446791
265150
372470
626469
323511
124533
454318
248508
630219
133768
925238
299315
947818
857214
266468
514387
257257
222928
485570
920839
739387
199758
981123
815244
912948
904543
537696
881540
725944
772645
709780
667178
695108
365055
354032
63200
124824
679400
989851
146277
211712
908989
229226
789858
652414
665179
839640
229027
332886
768422
424802
764131
179190
232487
691458
761600
6463
672781
96517
545037
93428
964628
487051
794438
334526
267587
149211
975518
683033
188495
98017
99701
604895
993949
781509
136934
351151
569637
613672
732796
952122
226802
433341
346756
767530
935366
555074
419453
485998
625562
729690
651564
328870
376514
869321
542668
667496
992879
889675
31651
941421
203087
541777
681392
26076
372495
392025
275841
201200
468608
816489
347105
928072
745815
815847
270829
877451
614991
400408
920071
923317
689257
800627
886116
366723
143571
209825
836801
905015
720551
860756
169203
27400
184970
593281
457371
285930
671349
459515
271799
798645
917968
7725
661590
30388
127802
882164
540772
325901
237413
661527
334179
958088
883423
428068
818107
361725
912043
984168
417064
515807
940110
90314
465809
473823
268005
676484
84857
404990
266099
25599
473742
181810
692153
39627
295647
736692
743678
363768
985195
541604
996718
878035
300756
276890
731679
390976
275059
51018
617390
17265
767493
655379
982216
802752
220674
223268
422021
836207
423886
780619
785262
773177
739592
343900
895263
923540
560193
581946
84232
148038
309639
935877
222285
990433
187743
916512
778062
659357
175056
398365
847360
879248
397340
31240
607226
643532
577482
960909
120652
422613
502686
189446
41674
554365
245931
186085
815334
89119
859583
102331
919483
137588
398076
505635
497382
329365
166726
822669
434319
31181
847192
778666
204678
603482
766257
749873
72712
317889
489005
746701
862496
791435
817006
661411
394666
575327
754681
45315
296307
65469
346589
377066
62652
943764
121357
122993
279965
498433
303183
151255
645255
427942
294413
379174
91042
959074
849801
116228
709205
483698
92270
459800
228899
350436
548609
352790
88626
849011
791222
695273
885864
842436
546463
713788
774894
58044
67391
958950
185750
532668
691517
988527
368665
910778
977076
591939
105209
209021
930471
447666
844101
542196
556242
640418
442235
236084
150428
323538
826119
468301
534248
823947
500970
333703
685002
350117
192886
53822
458135
659059
708085
368791
23893
199372
807914
675358
440785
172023
444143
906494
94480
356786
913661
199196
692893
45791
682827
525776
269121
633740
480909
565312
551633
598813
320221
552731
240417
913240
946231
135279
955606
234957
214559
107496
236570
178144
975453
930854
595752
968693
754728
45945
823238
983286
857761
924156
106195
570883
553526
407307
34294
991543
78247
705570
58742
126867
226597
661587
108008
183114
379478
716643
556611
511657
282294
587523
40976
342048
976279
659558
258684
775216
86665
383171
421391
662003
670036
212457
137207
464963
401058
236729
332286
171144
333306
321157
761115
67682
477031
412484
145252
326255
767735
28398
605409
519609
826335
202682
630395
428991
236796
744242
346195
366111
746868
77487
957807
219869
263483
712823
896143
461970
105137
488047
315806
949555
391465
644159
252292
592253
471429
527617
976856
433146
365821
943204
568051
246323
148478
677859
140575
21618
322799
106974
879791
587571
287758
470162
526760
61863
975097
576186
927005
108644
306121
722113
283672
395180
257561
777186
126836
462167
650404
275486
696584
846368
771148
606745
735358
463562
164727
440786
318657
973933
768276
117565
609685
635361
462460
250367
120192
853189
935027
833221
991910
875629
133133
898306
123442
126118
426989
35267
484976
519974
41513
632688
730937
406805
185545
673825
491333
848690
618607
952794
109540
482340
526032
948069
933832
451294
117664
110219
271098
572205
9356
895214
684205
342433
821665
189062
895216
920278
591306
621046
766908
332574
966902
511370
279469
490572
539864
283984
608334
632543
989448
831567
254349
124682
814663
811368
952142
725404
733280
532616
693531
224977
123753
567240
965048
871028
315305
620833
945620
229807
611091
538639
429660
147697
817713
219329
655338
545786
419420
838585
591323
770374
837479
605830
322687
445588
718172
145820
364969
82129
383390
806541
857253
767078
677101
250086
561481
836955
756936
283304
261092
694502
46957
291746
469972
552468
571644
469416
431412
191123
433978
772146
918066
344985
843889
72722
338750
607925
83828
651283
408670
323120
762239
338667
75358
301471
368701
621790
837029
545288
643940
783279
867683
977775
539580
336770
822439
477756
893629
909011
388493
494090
388565
321357
590036
591054
320392
123592
390286
74210
238066
689442
700848
403117
115176
225145
363017
418225
17341
475202
974736
573297
62176
332233
921110
85245
166115
803845
472858
773788
816150
525847
269115
843796
251666
190239
866696
315160
930129
656123
667891
223311
451578
633629
639013
397053
430844
407112
358251
326672
342992
616935
149069
314313
780192
78538
294271
5893
547526
5566
126705
295080
198893
828615
366145
839909
185876
245692
375889
773483
845361
118400
487154
775087
771506
681048
127167
749266
309406
798958
628295
743856
354842
824225
592034
948292
454920
40647
18532
868539
193930
729984
494704
556628
702628
936632
884260
906928
147008
76472
858546
879803
567434
426729
551822
372343
570107
836519
470275
30306
608372
418558
488929
411908
22080
928580
977
97239
17724
735891
542601
904530
920979
739552
68122
703188
411617
124157
685286
826538
611065
647975
420336
34685
281666
97165
774668
36123
427836
71198
982197
910432
993376
490253
78589
371712
100070
957348
389663
5428
400864
541058
910576
474815
406148
152435
674676
696988
748231
528490
675597
158790
484
238685
803151
284963
325435
397949
601007
458190
314647
169169
826905
706112
586696
582510
625312
512666
821039
885717
928208
306385
764440
683177
306655
288758
626753
997067
426050
883937
741753
927188
740893
901497
976612
537838
163538
424547
707547
970383
373563
454277
73008
69139
89522
594166
422607
136566
870349
813316
158400
413931
964647
798305
96456
347611
453593
269098
659887
550973
929672
163797
752925
260814
323032
554807
176734
508398
485439
138096
708101
85079
552820
770868
166444
57530
498885
915254
196697
611512
168264
759986
988284
871289
231593
871640
862420
645293
959587
157712
913138
16349
408458
957102
585366
577645
831684
620212
235573
345840
819992
922494
13276
13800
691294
216270
697070
973016
510742
694068
305673
987656
874517
619802
824711
759829
234522
428778
577121
50098
871743
603996
880749
914495
117515
37663
405576
272964
443300
759459
153230
849418
774114
600257
61446
160598
518014
530760
852187
33539
878953
667109
533957
435387
729657
728174
935623
261265
628926
972235
295121
695358
308787
673921
650693
202551
185168
965596
147926
815719
87741
35065
78413
693006
891552
741549
244326
733686
38551
31958
489047
452749
169090
559868
677936
276900
661815
245154
581597
899971
524377
86831
507081
656870
784002
259956
2589
854360
136477
320538
760934
188011
371281
228969
438101
337362
119192
932855
450271
398619
65390
548331
566917
64459
890852
904301
718894
564375
520403
926252
20976
300029
195694
737547
183725
95038
607409
813545
740186
902008
488246
346059
840411
328291
752678
308200
835338
129384
263948
150482
913559
53977
247493
742396
429897
638417
794900
40300
515363
81833
260818
296702
252130
967508
73858
863250
29410
965272
363715
723731
163743
72298
895710
550885
652953
836452
459391
1386
973329
108197
534913
948017
405809
137413
210082
74876
322568
883955
501078
206509
978739
447086
60343
356556
38487
748572
372953
786103
366986
456714
600316
822119
744273
982017
436123
884827
62660
617217
918497
326051
765902
129053
527035
650506
700689
890674
546440
576801
174630
563205
774702
364196
768322
539257
819654
238284
990836
796457
833335
14960
297674
97320
591072
501272
388628
666514
542127
387872
331840
818127
215183
488390
892516
497828
871806
427984
478875
965685
370876
73245
330950
710427
487071
463302
567732
91806
726340
329776
161308
567119
682592
184561
73991
972805
761076
672028
971851
895986
843103
348587
890353
771232
614989
570312
703160
537806
715021
924792
924531
113505
370881
469732
321677
575369
420270
56005
749933
545713
589555
382572
112884
650786
196375
584940
616867
259125
638139
105317
493082
759667
303470
484717
750011
65867
728095
105308
535085
699758
508717
219188
762045
475979
936795
490283
224926
672738
592671
836119
172689
715335
785753
634549
369760
788790
411617
728534
729476
319757
563385
776423
400614
521386
785314
600411
665602
206881
155594
990647
183208
440794
466658
306042
49692
378502
561742
576230
69534
6652
526838
42351
911684
649012
942842
303359
506755
922526
570434
925732
135116
952992
928562
528343
573202
710315
907965
298346
875562
567481
163345
739341
43980
293669
948464
909820
250038
209126
547999
720329
699568
852137
38135
689281
575018
106123
235416
192446
70529
394992
585597
94345
982880
14722
557995
188521
503235
999434
201092
103053
393047
116836
34040
650193
798462
221218
990939
951472
835247
315136
885521
396231
293369
809727
900325
276674
6311
39584
32889
635109
623487
119038
851160
963065
340901
962312
231719
586449
136157
933658
169210
737271
654638
187576
414148
154104
187105
546791
702630
214793
972905
18663
469608
5013
860700
933456
31877
293796
216351
47623
995168
518441
168545
29022
460181
443432
641022
741254
287851
508290
911747
765809
198757
227742
39569
919944
626487
791030
487258
751558
420054
633979
165001
617071
974376
417062
361726
33841
173723
169373
88887
249237
553938
194366
598474
819298
800313
42954
947534
305487
464249
68721
847194
273058
213063
713078
262949
713129
272023
716030
16973
749716
596335
878779
712691
920621
516310
834799
705987
537910
473259
16544
249553
292446
488657
503255
591519
96927
687304
832276
471675
316983
655895
888977
18245
132160
366117
15665
737614
430
150120
803269
759772
710437
582324
593531
970699
487477
104437
77796
20366
171379
559800
372512
421522
237173
724643
37481
80643
821225
196485
486200
648551
544402
558728
888343
434985
209761
255299
530116
195505
835372
951660
991679
597486
743245
9323
319345
427509
683418
749769
992505
248003
616124
657095
249556
264414
440110
225867
197415
38234
157524
64886
460524
492536
342901
131089
234679
864745
124055
885477
261284
826736
932470
270633
999647
180389
999328
162390
70160
156949
20656
426775
186273
467143
891685
474716
533549
248986
477726
207950
840198
997962
970612
438493
595555
711313
447476
523380
973797
82346
427191
86670
211524
227248
486240
937634
830426
889061
930610
889850
239116
62864
354059
661410
180305
122685
908289
816379
373728
564136
522200
478575
851770
244916
379549
26623
437201
418518
912865
308984
334228
2063
771605
68612
982936
766038
961215
220892
293732
368147
801239
85147
511641
946120
807424
971182
76220
428619
613094
934440
821858
445230
755504
901874
697207
775615
17570
85087
17450
572330
556307
52574
612728
236925
213445
108745
114388
342724
594790
734746
638192
184531
226018
155836
625195
881058
622563
386839
617746
307942
19558
462629
214606
687355
637403
410672
508045
673497
519043
770658
176179
939291
892267
898695
637847
271003
213601
764332
982944
936490
182944
781747
188232
222889
515875
233847
479682
123975
69914
766102
525816
76695
18298
842527
63533
511308
84847
243545
712514
154580
69357
490990
623636
590543
328356
183091
161986
865515
77138
997589
922188
616414
5618
169249
285143
677886
97746
521391
948941
671744
943810
772396
924833
416779
4136
889923
579056
11896
308977
392424
176195
243433
298530
843905
223665
768003
509516
953457
720929
918857
365278
999681
494766
568342
730261
678957
43299
226039
985998
919305
904933
795426
168699
374414
609008
529367
523572
35525
659449
830034
464677
228687
523059
680170
529318
951503
33582
207305
307368
657076
972569
800904
879178
895142
413096
63783
128267
672588
161937
675558
972506
220408
176432
218050
917386
196080
426122
166607
299425
422170
527406
893935
153168
993475
463735
173228
99260
630028
225199
598584
888507
584817
896590
531902
495642
977015
499296
135268
788059
126962
806788
364320
135036
568432
267216
577460
25010
569413
381650
653831
589109
298612
648178
110178
98420
896119
4531
697027
280490
21356
856792
762337
427720
623132
993507
187325
535314
991272
258040
326946
944710
360146
357217
928825
82806
457765
193259
586827
40503
391874
786413
665043
801970
502665
778152
769343
401944
292448
651786
138435
672050
974755
112845
422810
514902
557544
234620
221275
940725
381485
836310
416180
13586
355553
339723
554501
578189
190860
273059
343451
195485
242587
927934
977159
222557
95628
918390
793563
634109
266546
673504
681024
421017
371685
531378
778551
572326
80778
537406
894250
202249
653819
340765
880686
642114
262290
936807
285656
276357
731351
998494
109433
483369
819395
850730
559287
672825
86065
882239
567817
954793
677920
676443
185294
596002
102759
84587
186827
31038
901430
540877
37695
355536
87812
189168
754917
400154
297243
198552
71494
906466
531196
505982
691576
74142
118447
594900
542646
84044
370284
833318
678557
521502
259295
338588
790337
62419
987740
312476
449002
484897
139039
488140
733614
497934
83838
623221
911852
824990
503277
182403
35298
636199
753518
611817
358572
872064
967315
60001
656346
622104
696753
757713
236076
541283
147107
555209
831597
157294
994872
342505
955049
571028
205242
794464
938507
958153
438108
869903
184984
882899
425535
410123
479682
296089
534881
415106
841066
539860
751586
359925
60149
722530
879924
651811
71497
28345
782751
478662
208997
545720
239727
929526
330907
991449
585787
820652
251306
632067
672594
882466
784892
523708
447619
187541
500536
270844
61513
530284
803589
953245
44049
672243
963229
613486
5290
480832
66569
689126
573576
749750
456703
484405
799733
865384
363220
515830
461461
717461
174687
161089
808852
311697
686828
299102
209390
888645
467866
766804
750362
789133
13842
252767
878292
872895
803428
748479
400198
820299
776319
127533
113938
459326
263245
110249
406334
343393
106793
739886
360701
508030
291454
538311
262166
89538
829245
73916
651955
873534
533562
811812
695049
121416
853028
293278
990302
305598
147103
857883
628604
980778
282624
530450
813168
334145
725988
5207
403775
405062
40493
472070
651111
437580
614170
524505
597837
46744
668866
186713
627912
468836
522413
82162
667592
970432
621647
174367
639076
565524
149474
746628
251584
70272
889695
287898
632663
718372
990552
786180
36459
145467
602101
130625
899142
717730
849865
844731
407787
855479
644816
866876
204190
294557
882760
880192
64909
789083
186344
717477
427930
934052
251905
292478
997318
187057
756144
60744
99067
615818
722685
938484
68342
517221
255252
350691
264911
799717
772573
776560
82022
456899
933882
970150
882988
195530
987677
618834
247563
587196
840451
474932
704819
566162
988752
674127
794946
1121
179656
684960
41039
273112
448743
256107
181844
991206
222751
732592
732469
460472
994604
617021
282161
650144
631189
487069
613412
428113
463105
842350
339638
592071
87346
685648
447012
204996
933027
316218
832361
466036
269178
719654
954952
561970
114154
9196
774201
783203
562665
603949
728046
868544
911048
926694
629952
460658
869172
984292
237563
869718
964615
204950
35330
509344
88460
311806
724769
903771
235278
547842
732589
435790
622555
184479
839450
582267
92250
587517
984281
871873
198214
86493
220907
77345
526662
136174
712327
408285
34923
688000
760036
287356
399365
567376
186788
766251
550434
22209
231133
242173
948452
461612
335876
895699
489790
391758
880952
580567
25547
616416
600489
615330
839499
13188
630435
367422
906938
511451
301435
620101
703823
532915
371988
276200
145742
116766
529486
387916
309642
93086
743565
229966
880571
67964
247521
163687
941751
229623
771543
376875
372112
287130
231835
708140
342667
313574
346632
630523
60600
932591
858510
522894
671539
853379
494847
838909
136437
440964
221558
503207
806807
517207
717092
606961
618917
2869
376952
574830
557211
212831
426859
819419
980607
872174
360101
220545
59034
700360
860623
20925
962644
547695
801782
536988
473387
589107
545880
471456
520976
691528
422543
320096
226270
415986
874711
313867
212855
145245
660798
201677
500861
697161
107431
714954
755946
807906
171514
396359
523533
660717
639404
164904
943394
723807
960102
193108
263692
616648
527188
438772
191665
282924
653389
246939
688882
496370
863898
875840
544518
271414
908005
639590
701426
312441
685312
172636
807
511224
171406
598496
616760
75866
126930
186527
767158
938498
888722
603416
469929
530117
147239
622302
856301
98677
810340
65020
396968
72348
910369
989618
260004
651973
312611
213406
969805
493747
216041
70582
167880
828853
741909
111282
648109
367377
874998
775239
109603
804893
821742
741133
970391
96686
569604
491970
974297
200999
960073
214311
963731
33139
54303
441608
904806
38541
23146
249113
635554
911100
623191
772476
804322
122653
351812
377824
847106
271768
865867
4355
561215
233589
519406
786903
497577
710407
694240
682755
206855
145478
657902
97792
662023
310587
867465
876708
652448
756436
896048
897660
574342
670295
720958
163089
168585
536563
742157
708621
390283
919794
62790
707703
258396
629899
235719
152923
917940
389973
582319
146629
861388
733845
661705
466283
890265
842296
236434
734570
335462
638172
920168
892969
400908
288328
832978
770330
196049
350525
764006
974303
607323
249700
472411
221641
909839
744358
31852
90171
515339
389274
544420
458157
686460
888153
201612
985356
492316
33966
241199
102015
324299
481130
661767
862085
987593
211028
781894
271610
751502
646845
257346
704185
435334
790576
16829
587098
934189
525832
791632
71516
438274
868253
692404
695454
759083
446678
449197
686536
810853
782882
452692
798279
453861
509570
896959
667637
566608
137982
24207
603094
393940
900024
967701
168958
52385
910493
466593
600657
58376
111543
550121
45347
216238
562079
187347
958462
657132
597584
255008
698689
692807
837079
358388
278309
150791
164583
944518
204315
772342
922378
476000
355153
231990
460785
569299
869204
13887
303916
601595
842000
478197
499573
491562
210354
407138
59686
565620
978926
338581
816075
536535
929116
515734
395538
272260
801597
124740
610975
506254
293084
751054
278140
614766
999632
324362
447214
758641
557086
411637
42018
981951
66747
28616
129350
358536
980975
895603
146037
695628
302292
240440
694026
320071
312254
944231
429590
372792
419061
874866
375852
691405
513053
628844
545625
853869
76279
236323
79153
872865
598464
790422
698756
946784
157431
334548
693680
366965
572092
773300
171984
714575
110356
953707
567442
80165
720649
478349
278055
94532
323566
113123
253203
712118
98368
112421
264612
996881
988968
108500
387007
643929
384542
603638
203349
673938
759975
618543
22261
146791
225343
288377
4220
243056
262993
830592
905575
634852
927202
313821
963593
294875
273230
35500
536408
664829
805483
480844
805857
62669
662986
914418
749340
928524
632988
655402
252186
533003
92784
776364
538
770257
538330
540439
100924
63332
620912
102348
883405
854840
549806
543338
266433
774385
639993
124513
222398
433687
845440
128309
842644
255765
230335
615889
33803
606510
705886
238277
865366
466557
990390
789342
109091
576934
115315
146529
971284
911903
914516
831268
944711
26581
210767
571528
617425
408828
400146
152470
190922
261622
302885
14261
815490
693023
706923
637958
854290
487795
268104
970076
19020
148381
439836
404635
645524
766237
444716
136300
891528
964692
344738
504090
417691
865775
194987
452748
101311
249198
750142
232351
839104
378064
5629
762655
302254
791901
148723
725347
594931
773263
511550
391682
4035
202590
31494
472373
788912
270311
490539
334539
70237
789368
17405
394179
539403
250170
643044
860809
312015
847931
246112
782032
789220
941464
44459
537736
865053
545860
283451
503996
419507
687671
752548
551372
795132
199733
386265
714242
641085
779961
314387
554642
422998
572030
887562
983347
728987
733611
471968
145044
899908
356889
405149
176381
888250
809538
227157
118019
220817
781511
588518
587623
113109
503069
595102
964620
113661
164758
850041
632596
946941
665416
444103
181334
312695
163868
308396
897725
687953
550453
151041
305728
454754
884218
542873
607033
731589
787842
470174
746789
568528
851931
458969
742199
458271
315959
787408
109465
49801
927348
295369
301952
177140
50118
240301
564330
546309
82051
286344
158007
134767
597451
787053
153953
498861
721106
392887
15578
354635
706060
902505
762561
527517
958900
723575
177216
763475
280376
422238
199236
443877
951428
124974
817370
165928
713961
42216
350307
173827
814250
693634
976436
13691
775203
646343
456268
881321
278359
576987
201714
474318
292756
743708
842539
912317
231429
250917
960277
155062
914836
183404
39907
179923
457978
513291
625206
202523
149540
893212
109460
92725
881155
670653
548039
337910
339761
724658
132949
733403
860155
308202
619287
676498
204879
443162
124152
987763
949571
419974
813196
407052
28735
354334
197514
303769
190537
686341
543464
422931
29611
849388
900369
36319
947907
731037
225094
376103
195559
499092
604558
439494
696690
879175
765531
153309
528688
77127
4987
658755
138978
778815
325751
985305
722606
68952
635724
151482
277798
439615
566403
589906
213107
64062
645807
753222
13662
213191
169475
538705
584058
244176
995917
5679
264946
579607
709139
222833
49899
7047
657288
74865
245333
887923
420139
727712
327955
644799
794301
589755
804292
341470
522269
591580
293166
357237
897793
603373
297223
663455
970003
254775
811807
268426
70118
574680
933741
719166
793299
594963
675124
344702
835316
653250
630481
482439
618621
189670
617188
321973
72306
495583
59929
109125
351752
524471
101970
44597
929948
861528
70002
500296
286730
319646
243401
525733
150764
305735
798807
46751
510255
256071
328191
96848
880915
130872
213834
302686
274431
76527
404052
437151
268542
217066
399511
572057
337690
782565
692178
316898
768147
470028
734101
93798
263996
782218
981036
918279
127091
786367
489317
20511
452731
681617
95872
149409
538296
936922
484531
145501
540486
537535
799703
36130
910389
757152
330162
938813
922789
377963
955041
846176
999419
466315
913122
740638
715709
466558
259900
39699
414608
38021
907
696225
502283
183924
44716
996565
868919
45481
495361
231015
137829
768793
55521
52256
507180
520262
208735
585814
445886
169485
551606
393299
584551
277979
173646
276372
850465
869632
464749
256941
613078
857372
598269
629962
545459
38837
25653
694928
590052
311915
325543
208481
90802
641219
414374
243518
306423
716447
101714
633224
564346
388238
62338
773151
285419
339712
341196
910251
932412
693330
927731
487097
570969
300552
260590
915453
943238
747544
215121
628022
513428
158691
623387
961199
131136
702911
32283
728225
876456
393839
353215
206326
13227
554804
966202
723048
775900
61436
897809
50184
965601
367097
831043
476443
663598
84813
65747
39519
626394
142689
807475
44907
244059
261269
421583
115892
134179
10322
555699
475563
224662
63227
766425
673284
566950
693377
740051
30674
334797
438485
39505
252110
601510
139449
890832
709047
928681
2288
346271
133843
780609
564244
698639
761939
724428
132486
163191
769428
642286
948287
638369
649474
225746
950917
976789
797335
755966
937530
336511
343233
91538
692815
233599
839394
462493
578325
145934
850289
964636
316596
6088
332222
706576
846964
484570
285842
875323
707001
264
436340
485751
460620
630171
907400
552882
909139
954982
414419
563913
367523
880308
974490
566464
556268
501328
548519
361372
836563
593265
852653
169949
269661
321599
171331
917020
508422
934598
67212
532988
209778
205046
344504
7248
589691
303636
363043
17033
889321
250690
829019
3674
886399
128613
491135
567658
970418
618552
393858
969653
613621
731821
949263
777984
375151
903547
580615
663415
683214
197833
560869
228197
671797
435573
820803
769358
524689
105281
144246
376428
138313
235354
833555
451909
164116
84423
395157
447781
10212
205291
460631
127165
496896
182262
505915
683800
920239
397934
752173
895862
610576
98901
612866
7
729799
146552
443194
94533
24274
26388
229348
488814
375737
249253
511393
248029
267620
119244
323904
782852
191494
537116
531401
273288
97399
633345
146389
484665
319392
158413
763290
103597
129807
68640
974469
116856
877035
240180
478976
244745
151681
64003
493139
933860
243324
165781
16230
535287
260852
503529
156837
829276
584093
827135
575356
715818
754336
700416
187201
606904
611078
10571
78962
490544
598289
647773
691859
995851
194277
443996
540410
276974
613155
686912
933158
109153
735383
278303
233225
497128
941639
28179
927398
984576
177964
327946
587477
570487
844733
954153
541860
319400
224742
922270
741656
645970
202840
305409
786321
833173
15482
961381
395723
374856
761661
310081
105600
181881
933965
767734
449195
606722
777443
648253
157928
379204
538551
191599
872248
309187
112915
599727
672928
964254
21507
929399
957424
33833
471656
117950
32161
465385
524652
718275
128280
790763
720272
133817
708871
481409
594338
427279
322803
49754
716362
988827
712272
668285
460482
345762
448328
724130
376102
777158
242522
139501
121505
320525
401951
428168
434311
344586
188648
556315
189249
497002
451140
943915
752611
115293
991198
394700
165978
869790
863810
415108
811457
585633
744384
307262
681554
95193
643049
853544
511481
773731
712503
968169
292356
658706
341193
748930
15031
928599
362379
916736
353725
666317
271668
416347
105785
402911
691433
539119
696569
639447
777727
173268
753036
373379
844509
511132
78698
575877
258816
323304
204946
145016
577689
450215
934961
62203
53713
196716
721214
280795
725548
149611
473379
733153
993291
850193
296597
517492
385676
52541
524356
740653
786828
455326
181550
425206
863116
893802
636814
647069
216753
264568
14003
846075
679589
802682
401515
740603
583964
918747
434398
21449
397361
944497
90102
490585
67310
62943
190396
963601
785322
644490
402558
71252
316557
37942
359404
5228
768879
562108
637955
537875
99295
549226
643297
722206
55040
431799
394486
920647
666445
39137
561883
618837
230396
730213
481149
52906
700097
31322
104946
940521
22697
699179
993900
240258
609255
661615
688779
257755
766188
504423
303244
349980
490159
85011
50655
460823
963468
827889
410391
413011
177032
442451
676347
822772
662003
943964
918969
3272
424806
773015
739642
130544
339052
655923
764497
871657
301373
620319
588364
307702
897638
466622
171501
543852
115140
10183
380211
66393
318254
706684
68305
85138
75315
215877
163264
576472
601465
175081
251248
781286
795780
449832
998937
652314
243799
539575
633393
227325
395317
37272
634358
932273
455104
475478
734378
568502
9219
431514
13471
214745
911179
8045
548584
138553
906799
713867
839983
690743
735025
376160
575653
313977
365693
466850
320980
764443
206926
670218
184976
832372
596656
510192
223884
225600
424864
496578
520776
507439
837327
963744
61928
515977
459205
75671
465376
448828
443299
215993
935436
545540
448449
14230
587612
403061
301750
211225
318701
642984
561013
39232
538930
419584
693140
508089
306449
736536
94121
739670
856010
966283
274125
426797
75730
271199
993410
825039
267582
553422
719665
403491
205019
70195
232843
289310
669978
741134
480850
303328
311656
196595
714416
864622
815772
359957
684613
490376
252298
115755
756990
935015
37556
878461
537440
311765
546720
235981
619301
59624
40901
604068
757757
749148
824351
620216
93557
194892
655714
298615
962165
487565
850187
406514
959587
845416
776273
510441
85542
359281
788795
883183
163653
486088
185547
167034
497069
888300
627544
616009
455761
128183
1849
770802
170412
209530
934557
747207
925986
292981
718008
692452
487748
617267
64920
285976
978099
562624
958358
384238
298588
85512
40999
959447
36257
397070
91602
161077
388184
80773
259580
298374
108908
926543
327455
421227
34401
59471
515481
349012
992566
200237
547873
670859
622179
697509
492244
462553
686082
62924
151405
869144
258890
314401
672980
997527
680821
625740
193357
966307
165508
985846
386129
249656
742809
175044
29754
522500
545281
283633
295959
745684
915733
854086
110111
834526
11445
472953
176067
667370
580149
687008
720860
170333
280212
916368
35204
929379
345767
407382
547328
172024
978453
191505
705243
567892
717819
942378
813134
883953
490288
208434
122842
488506
26786
6294
686776
55633
575199
237121
343656
945341
940080
433487
335655
399279
361120
197737
92540
312751
127386
644353
862064
283368
123504
188460
442397
832140
342136
157655
976479
687845
19473
723751
719912
774714
459651
463793
498992
231450
785540
990482
874121
386759
146455
181933
94992
870786
987344
474111
711167
409328
556530
528288
111392
751526
797433
648409
564700
491478
609203
139932
298162
278997
136776
163236
69059
529864
84187
524266
132617
539499
166601
467137
693800
900029
273295
902415
410781
398988
230664
336808
242451
448600
830355
744328
273364
49383
295059
696557
243868
100644
597392
181391
867722
275253
620154
356157
632304
965080
20878
740757
509577
256248
207698
993952
62410
571154
795642
724168
452945
563070
409389
249142
14778
819293
627169
711756
453073
345118
458786
116412
15457
660524
404594
311491
449451
871416
79883
756102
32562
612638
642240
815623
695731
397494
752001
636548
818803
64378
572157
23468
735920
259407
528994
868479
638713
315698
180800
570177
327386
384768
539979
614234
866735
190818
712383
434893
439833
627539
511326
839315
836879
993039
188309
339859
770764
504025
864189
210433
484774
224041
975357
821584
333439
707057
735308
247189
605652
344267
323604
103994
326387
358273
926578
335899
471753
440248
786970
101312
578905
319865
887768
514487
118537
923933
672625
727182
501911
699925
689960
644394
746728
455956
747804
750983
718145
1305
711374
14093
314255
636060
821697
59595
234848
876372
217146
123282
740596
894371
273255
878065
451694
694367
313116
802184
637989
558654
565816
313611
530648
445213
278182
627285
442558
87981
104064
815270
680442
826235
341581
343611
939437
533914
260587
688265
981350
578158
579400
924949
228404
306456
843914
191027
743581
60921
214671
493017
449831
837669
835086
397086
428627
593830
493020
156117
828265
379306
911435
651968
970287
329802
999341
62003
467507
170999
575862
361671
363784
398531
135039
462711
145997
173129
608871
251930
220328
12091
95764
689917
899666
349510
983319
730012
331980
531492
692462
883901
317104
378110
698211
203498
920098
190651
552977
606729
384549
773161
781446
831321
995210
786439
14596
85195
910147
634988
928866
584891
429333
564312
812112
747401
210540
990166
222072
599000
314056
200650
594943
721635
661973
754972
838826
890999
856025
814721
511518
835473
851079
401699
310207
527892
538928
132077
438586
295527
680985
223860
473055
992105
674599
587205
408038
62226
942903
195463
546067
775783
369226
205325
43187
468953
930462
706683
821254
483771
908568
272657
339639
393950
529948
656409
872262
151691
425535
792041
985030
596829
439060
813014
746114
700536
811043
910005
476411
875498
462392
742991
327117
538972
200535
737632
243568
568116
988557
417548
403865
216843
291425
236191
461568
64198
64042
47999
219965
106771
630266
192625
883276
913730
82232
668740
212207
431421
149004
330589
594803
795366
862899
774176
587530
697803
36658
682297
517143
821256
842406
623812
305481
87802
750778
237087
885086
802459
978291
650889
718025
873343
481381
465655
10543
331690
643977
802995
470218
232524
210790
785265
285360
396570
864747
451312
465902
974153
801759
993801
493518
427177
390639
186520
268537
238237
613606
539524
612597
528627
362300
490796
402062
158436
594245
842351
365715
445033
400714
911064
640312
36983
695541
35621
18201
573274
684517
605810
558622
615466
863714
702471
300025
268843
551082
349243
590028
63495
555498
106115
541480
187040
460936
761755
842289
952149
320093
965263
376669
22803
35136
544870
605531
115733
681661
319916
287568
903353
814565
701275
2812
202432
971711
291301
357243
683938
863452
389793
123688
54220
222217
857231
700572
656951
78237
614409
397524
492966
287793
441865
488625
250620
499247
583889
13784
321911
135683
103291
666105
831373
388655
853213
722413
203937
419387
603608
359161
904354
433737
22206
200880
268097
930503
442205
106740
803533
340221
969964
986909
556908
460294
930705
167794
388472
639067
680077
782035
98035
76939
341573
30010
764905
391879
901934
579222
890273
430041
219539
88599
429695
289141
192710
55432
886201
993704
820193
663253
443956
238317
839991
506670
524922
800414
854749
833220
357338
100808
614862
164657
340573
81367
327551
115124
571296
874928
705600
203417
764691
538462
297996
933623
749580
689187
142317
167187
693897
544880
869262
5283
970368
564401
606495
928108
35749
451327
614559
458636
807160
515065
728265
454804
445511
990189
985437
923789
504135
208879
133641
565532
451339
456460
854708
75712
287391
781977
830696
44087
933764
279076
739737
223680
822535
240908
807830
40636
769856
42733
141259
266030
179044
995187
31152
151841
858504
310544
264146
364521
464755
697160
920572
940481
650590
836905
603842
26068
856330
667545
110313
955671
599422
398727
915638
954131
133724
362692
15698
712512
237087
929962
720406
540173
150708
397306
585849
376253
256945
17220
625939
611627
726134
711679
547213
482222
34399
939704
203048
768279
755171
904487
294566
654167
199500
641758
242393
475390
291667
150299
152582
476510
858903
722300
737396
18510
141562
796434
86231
685194
73112
431886
404948
24696
442789
284247
851505
125061
110946
778046
996635
765486
310908
423689
959826
47003
413441
512812
858869
721957
156415
843926
769445
600569
21627
580710
759193
434708
135627
371390
993598
586478
910865
470704
842824
10035
270228
673110
568602
291820
611068
231998
194894
508477
290026
238145
723233
726087
152050
499061
612030
658669
95158
730808
411045
901620
358880
804781
406776
153924
662203
440387
2850
551307
107183
583920
641445
507393
90519
933822
829502
281478
909376
995196
649654
542759
527745
788821
90888
95679
640690
70909
761450
86074
190282
662343
6906
109813
972313
901651
727430
863617
479902
840037
678904
143687
736326
933010
512860
451333
429186
785364
876368
12726
320003
5244
386119
36560
942229
890374
863545
807975
292757
634568
715499
971247
9680
384517
120982
426846
12346
166174
194231
970544
32904
618536
259890
263044
373290
390617
279012
374244
461864
258587
899908
414306
492440
936131
410804
147933
963002
829275
743530
797283
122160
302235
57397
496817
706909
227255
874159
216469
164504
455634
721726
504244
479757
425104
630598
823656
70960
163593
517743
984001
777695
927321
446286
753005
714708
363668
144946
129010
631747
258007
237517
589207
44182
581433
151998
217187
330755
508961
307191
856381
848582
312177
537744
210354
141568
180896
560807
194453
841836
304230
274929
268801
699770
987216
527842
510330
832970
607411
683061
680306
215430
12733
989464
757479
100892
398311
944312
63785
562775
561606
220260
140538
519641
410625
260704
666766
940983
158749
48457
108337
222641
393652
224799
740168
682444
949957
303348
164143
431310
376420
709680
460418
491798
308818
794943
655799
607637
458343
371479
228585
468013
693036
551081
908271
616420
804933
512931
622315
162436
180875
476768
102943
761747
400824
929069
588665
109098
119804
978425
264239
307829
411628
110424
911173
998150
441562
12916
715564
740438
137215
64593
60164
353560
416981
713274
289218
964411
467330
706765
841965
948477
192686
261728
176194
302055
491701
740495
43192
905129
750904
726436
118558
629138
513806
502881
303584
501547
184920
371500
116712
560817
512883
49495
288993
542190
234758
571404
593302
120691
207866
784914
560057
921140
536329
509758
391552
55872
883184
445496
610282
584091
437886
313193
904160
864826
51791
167486
452086
432282
858962
327772
508112
448829
509573
253792
232545
737474
324930
761809
783823
428128
723123
846181
152627
604798
665762
485868
116284
958898
549099
296477
484275
239893
252626
840252
421529
916672
889009
29028
231340
22437
62602
599542
584712
973515
699323
12830
395051
336679
660751
101055
177361
11348
770609
463803
737918
908656
914363
608352
889306
332562
683564
783218
902902
357675
499832
577553
691885
60536
757562
619911
343077
342305
526021
218480
132469
655217
182744
963654
465312
949619
388399
438280
694080
743717
792438
52679
577726
541532
736793
966541
660414
890868
820150
212202
222807
54385
800564
529116
295935
566647
501549
446874
656582
689058
112007
591677
93561
779779
610976
356172
323623
636344
18535
209634
851200
312679
632008
896510
472345
904534
68799
5351
920715
22890
290190
541370
260604
719803
343625
957266
424821
550800
382415
404882
28146
742460
35091
280785
1273
424724
803224
719587
832290
965259
107579
658624
757813
485037
412522
674772
727408
883316
161267
27235
139047
354378
434999
990102
935622
54556
850429
770725
319667
151127
671778
110819
112398
170947
164206
142433
369754
119096
636291
560512
700661
888192
72431
405719
401923
921547
279584
747708
859625
667273
983159
828211
377013
166760
961013
551793
825371
508586
224082
289483
292507
354017
338988
284352
136254
390282
961372
218911
133310
362436
235365
318231
584709
756011
43974
265625
422478
93334
887407
326699
292648
501033
66000
955084
471641
29847