100923
750224
454519
363148
680067
312756
810781
912629
589629
553806
725444
314753
226111
315040
891104
550084
128151
389713
426729
734849
665005
889449
562127
59826
575364
827753
184394
208437
603039
6789
393487
881619
634496
521407
40158
657389
46476
16609
122168
727173
162186
864855
419695
943654
689098
29095
170965
676337
206370
874189
804950
116294
599508
667959
382562
346763
92619
754649
557762
338012
297220
700270
753548
154447
425738
386893
483570
169058
404633
251684
118580
315524
32164
267027
236086
687292
64242
175975
169708
74362
316963
339633
448241
480185
762385
588674
677623
139149
358930
920006
491929
418638
482777
275835
793869
36705
998396
960396
378805
757792
171728
571342
587348
581477
497968
655638
236125
428984
25885
922548
976487
417810
305535
184849
742974
983630
295050
367713
30547
541611
839100
404420
469907
733824
944642
380095
904725
185149
761914
1233
946732
388569
820244
822133
30620
121181
984402
696436
960426
712269
829870
975011
940300
430574
144730
643520
299072
519801
367970
110053
298233
960346
975150
785447
791091
151781
939811
32974
787880
484822
795882
28528
231323
544579
358088
876524
710353
301472
862316
29376
825951
414703
414280
881608
645919
419906
732695
572820
173436
264110
783676
599204
663149
248078
201547
735234
631615
279345
347809
321276
140810
832097
967149
559613
622149
502225
973586
722184
77174
485218
742053
790224
284930
10130
969681
163510
3490
35713
797018
318879
290486
306273
452030
108657
423667
572602
115831
257835
319033
526232
96158
431583
292800
465746
670505
296204
255600
111991
907285
943964
390351
400214
956703
257206
781588
193962
138924
204993
670363
350688
293128
884599
95986
888071
94027
84513
846416
528723
128216
340724
792101
886862
151743
254856
174989
555164
705794
418417
160542
670377
710645
627836
787040
40625
166334
750088
503260
966123
817276
873662
553869
650259
842756
527150
407988
923219
203399
898951
371527
490125
488591
442227
725833
148871
885288
297677
111477
918388
876699
761152
929876
683227
509526
944957
993582
711974
955815
236056
863901
142409
934951
710656
424316
190541
281332
723225
951999
377656
785814
154744
879901
73819
374275
229626
194471
335544
452669
34369
140604
899149
242329
163724
5717
720130
40092
353906
2428
641386
651710
671675
814682
937977
938064
523867
700141
18947
212729
113036
740440
128173
323164
766279
149844
491698
969621
767646
646917
509524
549347
245625
477415
406429
476000
734571
523175
258320
107754
901296
521934
280433
263590
437189
919704
201262
251995
681956
703011
246441
509433
230299
972803
616035
515453
853256
55602
531014
475564
957619
420069
875854
697980
765320
88057
113046
589394
707439
316812
970491
982054
656906
613801
493359
382788
154058
677019
465308
312363
909487
888866
545970
114392
178266
361860
880847
894941
247376
987962
291146
660074
845261
466507
729948
974573
83010
405367
300396
534998
212654
903945
616566
600115
279892
848655
117783
369083
45790
186534
133175
807334
586638
65263
422675
75705
738909
496926
520230
988960
844402
755121
549299
789491
760896
718205
672178
71579
1788
189091
927636
206606
770682
728738
412085
255093
588707
67527
927134
11183
682005
63231
284531
291311
713559
199117
292031
366657
330039
567766
513370
936746
216387
483609
529653
231596
779232
599165
700098
512104
602762
978243
797954
30686
537256
252315
804332
511440
458315
112402
802039
860678
167683
533736
812549
591722
248478
563584
362476
134803
846526
158256
970401
269407
258582
385016
268739
276025
527937
657744
567298
619322
715838
106330
400234
759595
336204
983543
921296
252329
590302
326198
368855
686945
428220
72550
665631
70843
757622
540748
260555
991124
996613
433392
98478
45795
907199
973714
737106
240893
799414
995066
19876
571571
762543
504941
945919
822937
992890
159611
846611
404834
610291
211125
977970
474727
776147
443645
288631
713414
824435
828854
525971
957159
842463
879706
773557
569754
793747
764841
106261
215004
93141
616895
266846
376185
105134
939391
532214
560651
840902
465387
600043
117408
587291
183510
436667
59001
24606
445232
267008
487535
770602
690880
201974
772337
482977
857265
845227
110440
323045
292483
834
700731
797680
679714
393571
183726
735057
549076
435074
367077
209220
500683
943947
844039
364012
905242
245287
400638
595055
510853
686830
113114
750830
124017
557289
441045
908128
352250
367362
720369
884042
287971
601675
278014
466781
209320
394663
782584
918635
787184
724761
233100
370055
57374
248103
364347
825465
999111
522538
433944
491867
431870
697717
136299
963220
201290
674464
656248
446510
893945
176304
860313
935253
498510
283236
652680
186094
66453
829790
786809
829265
763224
298604
813732
565285
824298
991219
63200
945815
602400
401399
38635
336567
165216
144457
215238
945967
654225
169742
397437
900768
254066
943911
769093
608538
149574
298114
954813
935864
548461
935421
4311
489686
952207
269042
213904
591665
385649
993763
728027
257177
206249
212291
100060
752597
500910
597791
940751
407891
758473
524647
19593
276234
408616
480029
189271
351022
792913
283289
545347
724111
172596
843126
563701
766159
724889
448733
495925
301118
32696
516396
638350
129364
267879
38722
661134
326090
461998
421162
802923
530837
846006
738401
836608
295552
20448
26181
190580
470884
634803
944349
432443
552263
964525
999103
639734
738127
310074
511074
257974
725217
516162
442560
107614
569691
239389
125607
260646
917162
531554
40413
78140
969416
251101
271918
359237
310293
347870
831380
963713
270353
86382
463297
999884
183988
673757
363211
551872
407210
577975
247796
901560
147438
964757
941141
898992
604802
304015
78311
297864
514504
579407
543790
476519
289921
366529
345347
994812
162079
255718
235516
162784
598920
121288
633402
796183
877290
879816
554510
297910
559669
255635
83720
198942
734202
907891
147870
28070
346078
947201
561526
1751
473210
197689
739600
742480
975763
970022
363667
303370
924337
38012
2163
701814
411998
142788
750331
897347
272636
927218
129148
140604
255619
479762
688594
320589
211799
333729
261391
406821
153410
849592
141703
622711
295891
219747
224056
335836
551954
275408
277587
846355
462750
761315
126251
648936
847909
207270
197625
552370
277056
398366
419210
498549
537129
716217
813382
195304
3994
851427
919709
456210
868099
163895
629327
581774
797030
484371
259608
778605
727059
868484
686967
9978
523515
648608
989274
25560
244916
822643
755752
500488
136968
800785
922154
955463
377530
565963
674583
493908
382806
19516
82490
76431
758580
401091
244610
293245
294281
495947
245222
533288
7017
204037
716019
421156
640285
787639
342195
801388
709276
390510
121851
120234
506986
923087
734866
541013
587978
970380
693817
233013
308897
164018
586204
971330
953513
864030
603155
108330
666638
297232
513493
834290
555369
503959
147386
436212
405398
428844
766698
147206
590644
66651
218471
217531
125688
823516
669109
130051
743214
204928
621922
133166
474446
362695
8885
912205
136759
239438
8695