18109
326496
777382
167185
370153
242277
166419
500237
174541
459630
741372
140017
843540
528830
615219
885377
165934
54614
274205
519938
918982
237282
816051
324131
662020
529282
920617
575422
997167
80627
85028
851169
896008
61568
734384
754293
785924
397222
179512
18804
965648
926375
34841
820412
576905
505513
632302
516869
797442
119124
171285
973337
140488
628639
830028
90010
746662
394898
830399
142362
336570
642832
495906
68822
55819
102074
671865
896339
788885
153515
486995
81207
644259
439358
327323
660688
220530
652999
66140
760389
951520
15128
47823
183006
298329
763698
58730
515969
807123
837990
534933
438676
83709
820751
554445
684438
549447
117452
740662
417887
437739
297979
64137
625555
866346
503629
671345
485464
977987
831058
292014
580989
80160
644871
480653
254931
434852
841836
933270
361637
849778
192238
386890
168183
505023
17687
157320
180022
512417
629717
199710
222210
549737
149820
686810
194180
537761
559088
491444
534250
735467
84427
632535
579434
817121
318347
698163
686791
464722
790612
494444
194479
760281
62598
685655
43826
194592
798965
988869
158157
422669
686306
565452
479767
990719
514726
612152
903359
135526
215832
796086
212421
414322
159419
100808
524432
361716
551151
854710
681443
589962
344872
198398
484520
749846
685651
14253
663658
551674
533532
389256
999232
609338
782933
11261
66679
215150
888974
509231
663047
279124
739515
639579
92198
573603
270517
393595
134857
112604
112331
555030
710390
964992
375847
972288
949073
51546
539956
826253
636811
508248
285561
472636
768667
11553
36443
16846
253203
56163
913528
639709
646597
551787
786690
833986
163619
262598
116983
134485
111983
551578
322237
628660
327265
611666
470259
519949
147465
866595
206401
282687
959476
506548
956052
495316
374141
187218
607656
267669
642214
765596
78140
288507
10493
571785
390168
911037
335521
123375
149455
367048
421702
377353
600377
154344
231303
584314
759418
877553
325764
560640
478556
338967
640878
726607
674431
473926
972817
571806
374227
804362
357677
304028
675453
444466
864069
313715
194363
334048
186513
743315
86549
298010
826754
889355
263263
734452
580817
384778
998325
219278
511507
110051
723021
81789
579254
563793
440155
53576
628572
987145
853493
422136
483125
880826
5105
731017
489244
679790
940652
959832
965955
257657
681463
290410
668958
621513
572268
19391
556679
627455
894777
912970
858424
798206
489783
316060
687829
356348
14311
626023
219219
400210
375323
320199
750135
744174
827824
586838
810240
321129
202718
750613
844931
202034
738573
106763
901429
226043
31474
482022
175792
954330
688462
825808
241163
161785
372563
401802
270793
362930
61220
697836
593735
931909
504974
1167
476806
221122
69535
696524
113317
709042
371907
735940
417229
615012
380043
402232
370814
607244
935525
442072
354569
200023
980067
879967
100023
187056
119167
341070
649277
990148
540034
508560
979491
115875
715941
420482
756235
7616
775462
671245
16492
456327
892578
224603
450316
390628
562419
467784
349513
305279
167478
340549
222409
806821
810375
858283
535675
756164
991844
114865
37327
270105
346346
898875
639475
407251
312807
385822
894992
708544
314225
979419
689270
888551
747452
266545
886316
880934
843234
223358
317907
129972
246655
264155
685175
489721
989371
459915
653889
343422
377629
270051
667888
587933
203780
428769
779517
941486
604094
206516
101599
627773
831945
127365
322372
865343
192968
364777
92984
748530
397611
461026
996585
44589
626494
719702
238666
151467
675338
606013
160265
961599
648702
756266
168771
659336
805604
745694
705520
543115
325120
592961
425006
808184
956345
89977
847455
851685
744634
437291
364685
69107
284858
338163
628570
299634
242402
658523
32100
47591
203963
995379
204954
358208
272733
12835
188638
758126
206323
202734
230686
984555
310844
806032
943064
321719
750850
991381
906846
239195
412374
28977
673370
683984
965080
120605
511546
816635
309603
750890
181584
201451
167436
910130
477387
461798
173241
305688
272972
193766
463286
726769
332737
494894
418719
56500
201009
809413
918692
35603
73262
917421
185885
773532
669550
802648
65770
175816
780085
821934
370996
910425
333597
69270
743555
271366
551001
78239
339938
314272
990059
38902
528285
936638
61150
518673
701549
154443
899929
271435
257008
687232
319544
95130
769984
105380
933278
855295
398418
216050
437872
730474
595000
68515
478461
455175
274822
944832
477969
837014
689085
968463
306959
106910
389156
511303
694376
724685
830333
408659
835250
107130
360944
102084
738375
371594
569964
221581
475119
595363
225108
791518
639932
279589
323407
198726
13821
676236
97550
296580
633921
387508
173843
535485
215490
179431
461383
808015
147071
264755
767120
776085
85205
405054
577753
807866
512015
57882
926942
293748
487131
452080
775124
33551
224858
912797
869237
591217
58120
977506
620961
998637
812673
845295
144625
956818
608195
483909
229698
730473
627321
282537
687864
261208
449317
483016
210902
634839
132019
748146
603212
929961
343843
132993
11546
647762
497037
413581
564587
377156
14077
197060
656291
84667
570955
488429
959443
435119
404327
421133
139682
846996
543871
672294
155267
565478
136869
678116
974169
896484
868972
140914
517598
886678
853224
476515
647856
157213
258875
789186
58483
303129
382161
681030
995887
255633
823136
703734
844269
271129
925822
542774
739368
758681
663345
87698
541639
986723
705387
386782
695748
820165
492210
110377
730801
30652
757669
554462
414539
395576
93026
404404
864729
755560
824071
448653
242311
435466
685951
183089
3375
950592
523275
778926
70842
717567
517482
200609
701747
568565
249110
354813
272346
227795
239547
27676
680757
550848
484969
24590
575682
250301
894616
365363
159765
35122
476209
607300
887444
576725
573226
369721
979695
481167
451917
915643
311843
494804
60353
209870
895662
499831
837473
217416
873289
466495
37005
332196
667983
420348
149290
733135
695578
655777
653471
153317
830510
881152
513160
17522
641583
716263
540609
154492
265169
979343
997594
322479
667368
498811
575596
600095
961617
763970
203580
289244
394623
589265
968537
352848
590931
108274
802150
567354
655326
836495
486345
508437
772223
246061
961165
208085
12544
280888
880291
822189
161099
507352
852738
930026
511270
143444
833636
150457
738857
38464
682680
604438
163212
785641
995755
379368
931340
541698
933392
558061
919436
800218
919143
563596
436346
319757
761602
541013
134768
643033
965735
247814
888498
160083
742351
457455
777863
466160
498916
193476
740486
844245
400646
206663
890843
62365
927655
983594
989587
317556
222167
232167
52424
81137
419151
228160
628361
804050
84457
626623
848415
926415
346405
342870
948443
401998
299975
890055
603519
996179
787121
123812
76325
945107
712449
689148
878328
174045
640349
590767
370036
164563
537906
215223
485420
733041
177261
821777
555638
437070
891805
988566
28471
61700
92488
751652
732428
654044
193672
206770
218275
872650
372406
157051
625759
997121
890636
984727
469603
803823
546782
300811
716396
655128
191295
83951
532768
572479
140195
958168
125291
767683
751287
978867
163847
92169
389624
797537
382710
130569
501999
357739
87431
212812
544620
338493
460591
448047
63808
405875
755829
994034
316470
959626
697065
167264
435257
468792
658623
671924
292739
678913
492025
179900
899581
942963
186482
729379
383630
679272
902668
926233
339988
491835
303151
730163
616538
801945
517892
686754
405094
934750
529499
826873
845215
480377
240486
96507
215923
406438
993559
102939
189960
837241
855990
167295
555884
634741
550446
158830
275231
917262
517148
352924
735116
434207
226067
602620
581081
278506
522853
442626
570627
763228
488532
355062
474841
414783
20499
317828
173615
942376
101167
929336
739442
731819
510632
857420
485388
881579
561036
95629
664779
49861
282820
526675
753289
413812
376879
590685
18546
855360
161639
434982
388025
82948
690382
782506
462916
774406
191691
897547
893814
983422
994658
450346
233503
990544
140545
786214
812753
499383
953883
90150
146988
579660
948525
204571
874812
40964
577959
405606
253834
984562
504236
272488
794862
125345
256133
894967
702479
101938
374746
55246
408145
400267
403463
693780
631431
704327
369322
922422
85589
457629
724053
83702
155655
169777
65630
871670
620371
534861
344949
327548
763673
741827
677306
602569
27149
451694
324605
740719
691766
792493
891800
375685
945349
380008
289835
159193
91702
810885
557406
942006
587926
294400
205146
214195
58389
90144
348377
77913
427006
201137
528363
73748
833848
335322
787036
510829
57808
493146
256453
561219
753939
664895
251789
270715
932258
28694
615451
811048
754215
728531
849943
752561
903695
781423
398397
871797
501334
913797
284236
25040
774088
159390
205192
916687
466424
864452
91994
170459
285149
340766
88272
971766
506811
782966
885806
691192
244777
223860
358016
321883
772510
239959
474633
267729
730207
839114
551784
4605
3902
463169
994257
403501
559297
320728
820503
52248
536976
328649
425976
741652
471348
785577
236694
392167
582570
526818
132446
88893
708856
717072
777859
565470
596002
626038
289581
431610
941621
701611
989121
674304
803494
6371
343420
479376
724599
615305
579039
217886
201813
886165
870859
521021
930921
608595
452492
727405
597513
914137
473161
628426
851469
486457
934538
359983
502201
49599
581149
493181
902429
331818
189164
861836
950229
703488
300987
431282
132220
469861
86825
560786
555206
362857
679452
341009
969204
120869
24683
298294
371762
171478
17612
649147
901589
339251
453444
461162
378946
189223
111809
530705
30930
86438
114715
523058
651668
302866
550856
937293
690624
535262
242766
756030
536614
10977
448350
219306
570825
953518
234625
22152
399002
555550
239019
377076
41165
764335
542397
805474
756623
123031
417991
226151
612702
631018
791717
894413
867547
87400
351907
11851
730489
664035
380248
374763
87911
517963
540784
258259
338185
97777
60124
843462
566197
424506
959514
886805
906100
34770
258251
3280
90399
462472
357937
889601
864086
104987
138362
48587
154494
70823
648361
92680
630686
137914
658743
502353
560612
265224
759471
794290
679933
195027
129533
414531
123324
559231
585492
313417
337225
560343
23496
81997
292445
736115
909553
733670
245658
536692
44189
700180
760764
443996
430125
377700
694251
145372
705409
606558
373100
836935
269468
797310
249441
76840
925851
26165
903096
734637
592962
314401
381277
490101
392857
479265
514163
23436
218260
397916
25707
508439
699185
261364
970962
271200
343148
411943
274367
509164
506690
655690
917852
778818
771022
520131
633282
555017
240830
788320
790690
540942
262897
781561
541876
564891
69898
286108
178411
838606
894845
723257
93709
71531
172890
147551
700768
436416
549767
924467
150336
663866
549920
486775
718666
606941
922422
397878
289708
461626
879073
60778
443474
454967
666591
802933
280502
219902
173622
740099
261734
264281
563312
776384
23808
911311
243495
333055
341667
839627
839068
915266
153557
883413
214921
423724
837889
66499
12852
197410
737122
939041
612135
133804
260731
161424
901006
874699
767469
937200
755073
968524
826586
335393
658736
124175
388289
762196
476947
156758
855674
843094
987227
992188
43505
758638
415610
145492
533640
640604
885240
416729
992561
979981
382628
158810
603387
124200
574123
363104
882903
848270
563940
981547
803559
672936
475113
358107
321057
72718
556045
377770
120059
967655
367869
957849
633702
924810
491596
804242
167039
309081
109112
934392
260166
217553
758317
329024
263740
407653
540296
216363
467721
586552
65153
915375
23608
367757
463209
868675
331111
920564
859550
481100
522076
839008
812416
646545
167701
39178
349783
393512
359434
557247
403441
908932
869664
965283
636229
310148
185183
747896
885605
926580
824602
389984
705489
525416
500281
114344
778419
869801
366022
177614
291277
233314
803690
384004
720441
11168
945055
8503
855972
366377
399627
634707
309500
928266
464840
507164
196749
921028
431931
874088
163202
741663
468970
453539
430174
929453
961939
594617
78609
673250
125412
924980
359204
488199
156299
276934
420016
460118
197300
466603
476463
503614
901100
64143
113715
409112
442018
637688
107721
64312
408750
79724
878668
127234
129965
531763
449481
600798
633991
111714
571974
213047
624424
118046
504571
242433
565467
635817
778066
444219
213927
501889
169652
31866
709240
400098
20514
246401
638534
451890
978554
907120
330681
43922
225362
478548
1424
791316
255335
611464
271113
473783
314889
819884
7206
501505
680981
941242
405645
968691
60723
293633
718361
634904
527642
991803
58571
237769
575180
712694
271215
385384
64321
311703
942768
902711
69772
82401
242854
913509
887912
125324
439479
127767
759759
245542
610382
774402
183501
34069
284901
369903
43672
304772
493935
45862
167835
856291
979974
471798
336702
607593
124852
504401
219861
516110
489784
570327
186870
329050
730410
446847
452242
141277
48986
543201
552869
937300
276532
5169
727766
780237
139646
966396
372505
77214
259872
52191
374539
398555
957918
805054
800627
657158
990682
45835
103878
64853
935959
310492
745459
174123
57873
409562
884810
486411
135481
845990
582240
562351
917667
296666
779078
304609
579358
613996
173076
100617
797254
836067
990567
810340
837685
507429
571911
163318
354860
207273
633048
989566
434703
557712
43528
850535
787625
142159
970159
59170
892987
702209
275477
782215
328705
701219
131509
903259
481312
843708
911846
591631
325005
421953
558839
70077
982596
424625
787770
903287
336937
187039
686116
239676
48337
988560
493600
830402
951624
409947
607488
322515
955931
451883
147622
277152
250951
385660
737004
599131
835305
57998
506241
580816
125866
904144
713988
561047
681240
236942
790535
278979
878338
474234
57998
363060
717815
842967
858090
36954
802384
755588
327259
47088
931369
492782
599005
20582
685568
46368
784477
947705
838384
977086
684998
249552
422366
924300
823952
939546
804697
968066
50499
716418
180835
388771
663886
436716
482456
495514
734648
306451
813951
101626
57793
304378
181213