528285
876362
437141
837754
953472
270435
16665
76746
43891
613925
555133
124144
558852
246862
941961
898599
504915
21176
155876
576208
586866
687191
612164
23485
995045
260431
305469
438684
330376
828848
423803
758078
244048
45071
340491
140291
459369
899970
421587
166948
793983
619319
372706
620445
468057
433073
62050
988917
328799
328417
717034
841515
173756
134557
839344
295615
893214
153471
669212
416410
657242
263261
314231
75290
450413
866720
86722
790078
873502
216835
524323
372843
222399
354154
675770
232537
90898
703516
387219
11997
848839
865951
458996
494995
533795
234351
297493
615271
517629
91610
951087
186112
361507
471099
944045
353354
699609
683985
384895
983199