22289
434936
694774
812979
496095
408352
157473
635774
974453
220062
598107
549671
38939
425373
52351
87419
661569
888698
141357
895060
121796
810908
545502
563387
346063
711530
263192
65143
995998
226605
251516
92470
526046
247812
110077
417623
695089
420606
433195
860882
472589
988952
882925
773445
533060
364242
166350
941659
306910
659824
728814
265371
458146
132938
834969
939147
930548
927568
466420
56190
593368
282654
894995
201281
350676
797176
404392
993246
737652
206946
511959
858891
13799
370591
774565
847731
374983
244612
818382
965982
204406
820215
637365
341759
108516
464201
872566
877082
119084
128878
655703
258320
6238
313301
667550
679432
73496
516136
628284
150716
837325
317602
732711
157661
492967
129799
651973
541604
445897
717893
453508
58742
921901
743653
44294
364403
516973
691822
711674
392092
629405
407894
484358
727710
78805
736741
183520
790719
30668
20585
629820
685284
929503
499600
844896
880765
478066
951781
855827
74509
806573
717674
315251
146521
192104
224078
543078
49453
110561
281291
94953
340613
651050
5278
380292
47327
329568
20068
516382
793819
228117
302606
105644
615179
877967
257089
338629
306653
628074
95373
204114
172450
932632
560135
906593
792954
784585
325764
941464
401630
252197
166965
416646
945290
634870
577754
640789
85701
990627
518628
640412
732622
930199
414700
614225
527269
93249
249289
278364
405299
126004
99921
585222
157590
764398
215984
200592
315149
410101
849950
186976
704829
607133
573120
59286
971806
517607
841437
410302
12869
699780
874171
165854
56014
831479
928789
300014
324453
17240
842748
741607
381554
744948
476936
952116
165919
672914
593848
950021
665862
497169
159725
547203
301692
533996
638208
559198
332405
450400
267067
93761
380690
848868
909819
403751
972430
971671
787936
96135
214720
437880
788654
212075
581517
478286
4419
361311
685742
527976
642357
844740
339610
131775
170439
950212
969424
373047
904264
440735
406979
831556
987209
103844
394913
101290
116537
371452
52098
135580
612703
925409
167338
670086
799730
512492
405627
704807
136792
994699
871418
165973
12730
866193
462779
483812
116608
965287
699052
889826
478702
584992
339900
490425
853466
396587
931494
631160
538313
447905
80414
28907
654950
125182
708822
181222
605022
338989
617453
48801
272218
193468
243317
221373
794778
744367
38495
651365
484331
558256
972805
1551
355589
783588
956308
626466
287427
118936
581141
433522
379647
133146
191702
553510
918857
256036
473465
853883
969668
655284
77464
611553
848094
474871
515860
547331
42346
259043
211961
122532
883740
454436
510351
593509
664032
88558
137792
383075
118103
332081
438113
421629
815535
875819
737758
662323
347613
650647
159047
889450
159866
884675
519665
995916
195832
561087
360842
196172
921215
225265
821373
236871
825320
178054
62206
847110
108756
118403
497394
725664
794858
846713
531710
111612
203629
455831
436779
411828
79222
797465
400627
283542
823762
831007
687787
251332
223802
907288
782476
923579
803051
675933
969311
584496
632482
928218
992133
978070
50358
643879
834144
307325
586833
781237
420258
930708
498892
114915
224368
175951
480551
46320
853298
458595
448354
364747
867194
30190
408634
176391
525838
219957
857923
244970
199828
19269
258014
869732
619289
937210
934360
744413
854205
900382
157855
552039
976831
407209
874210
497043
901281
410342
570628
632479
291127
951991
166908
1549
37970
115567
549260
343823
515267
963613
429339
296670
506702
93288
524209
907625
185837