477416
911185
650722
103226
347920
169533
953968
667275
426038
67268
299318
469984
957223
419585
650208
87334
243818
657458
680030
361271
172126
332856
180505
699750
379839
696748
253312
660007
229383
232280
92225
506334
93617
348633
41940
951874
241112
368399
553841
800686
61822
53502
402722
330180
900010
89156
170930
520062
725673
85175
562629
80274
664756
752282
198401
56833
964914
788796
23594
552445
436628
896110
306316
104181
448478
85471
611985
506558
158342
347606
869746
409695
993269
523210
937546
33337
546474
61537
704263
675409
227134
65156
876473
831164
391746
423067
715789
906854
199300
712746
161427
393278
372401
688199
651514
669442
688084
806839
98078
145826
508412
616357
870712
389908
844220
714302
342580
398771
952844
452460
539040
950612
135885
539692
632640
287720
56874
517710
50750
752647
213338
36553
850238
125407
297025
546808
669328
207608
827318
70197
526015
270243
506976
616144
191878
885951
637945
483501
944354
853991
781109
984119
3011
301947
397051
385092
317660
229770
171858
705479
530970
152153
282391
402220
830449
1298
736298
708436
420177
850892
199977
729773
135799
523763
711316
456492
617952
632724
537168
869418
600089
662280
225479
389017
844531
171578
330156
108641
460754
446934
66844
641307
951396
446415
56800
966377
770926
225293
843215
404399
736897
936882
372368
83315
215244
138888
942014
138061
565003
861896
417636
489802
651357
91593
506471
543843
891444
215428
780483
7957
267366
375424
256814
165789
384800
505502
365464
866066
854777
440835
812692
962142
299300
922653
288016
803098
746880
75092
45888
652102
655242
417359
435290
416674
642866
11872
543610
493483
976779
777037
85029
149045
551387
307836
971114
736097
119762
325370
916644
294972
452120
680
764061
478261
140799
850370
523021
72888
348376
928205
143936
789291
388257
756061
296149
467396
835612
917312
934114
205061
978106
809611
242037
355797
348150
754239
620662
182460
788031
773462
154152
702971
523533
82032
931278
863558
8789
550229
805226
639967
640727
567654
655136
53840
290773
321317
454394
169861
452446
926109
888197
146691
869000
347824
444184
920073
211643
958011
781108
81090
684714
119848
781831
24355
45085
584655
779
714535
124394
911241
94987
942309
909955
511956
837958
705226
711912
252444
660332
816569
783421
205164
855877
210748
138870
976880
913457
454053
872366
46630
179082
452677
794199
200737
606950
545736
778508
972026
724344
785836
730563
987475
995158
732572
582110
195593
42325
807085
96992
917814
887504
356340
441789
372255
77704
396417
421130
400385
550629
365053
932243
722739
776155
691803
427147
14712
149992
253566
481182
215587
646905
223719
588579
975911
42796
711833
122605
712506
577392
149004
906817
365990
60617
989385
610593
257772
892400
255016
907975
70869
239255
472612
854765
688278
241418
207448
177673
689695
828081
435801
10327
714752
76658
400495
877390
291384
108083
725552
199796
647196
257085
913851
499149
51233
195324
305678
276399
192966
386659
258117
940785
206560
611436
797104
704769
674307
38141
810767
393493
78858
101030
665068
801594
65284
268231
928213
845128
218811
478735
1973
723831
415138
463327
381519
688394
960730
887885
937366
551721
239521
965380
313963
387148
517976
82568
974259
85331
556719
480791
846676
482612
210927
576555
585037
823628
476387
299100
953199
961558
407780
986211
207484
215161
494592
50554
763739
783803
499846
602206
558260
17300
265777
518774
788462
324317
869807
53518
390275
726183
692108
275324
621756
314728
369408
110819
561934
841617
650641
126358
499025
855419
329958
595412
420505
48319
298538
153457
722483
142372
426265
437590
913726
538611
644138
222495
576355
829415
554521
545314
779314
367361
241424
644304
928794
393783
862705
417203
590213
640460
476163
853079
24910
170939
95222
323589
177056
476301
970708
352362
921324
461898
894983
79383
361158
716684
147969
901922
193309
690543
984908
583017
188757
359780
328238
967990
514819
543461
135736
154046
677828
204099
919979
207748
261498
307355
230600
73691
885796
79271
723635
807240
678617
941552
519491
812102
179233
715041
51433
382306
81712
708279
63738
881287
439552
397525
603034
781332
580362
43700
23367
938857
387552
109176
929855
782337
426
946781
785231
993145
543675
961168
166202
651247
366223
84506
674626
715462
100323
302711
461525
533893
159409
852677
972375
762783
307143
97880
93064
32205
156803
182058
214546
390551
890605
136496
406514
254515
873841
79559
528960
616260
657527
854285
107804
418307
746529
113357
266551
759355
513568
789714
754939
335598
843764
657820
603800
960021
295614
196721
170797
146501
711171
190666
54479
712621
176319
449646
733368
630140
505955
817949
248015
113823
949934
553506
999183
730216
87715
315020
744407
892426
923820
498742
279822
986497
638795
726593
414577
715471
616057
911779
546299
740000
367389
245209
393968
75407
290474
926008
507461
437185
40085
576481
912303
679151
401842
160403
653638
468738
282730
63835
30038
767959
113947
325542
744131
683042
779404
767351
437590
52526
790859
764659
25384
718850
132966
718682
842217
735520
696962
734800
82637
711015
750299
204185
710869
635800
948632
238756
735734
272629
99338
904958
205735
12421
981249
351847
803468
895029
471371
511874
713722
991897
847754
792741
808039
59535
513201
78929
615855
372612
668123
936699
961093
709072
381383
901705
475316
747133
94708
714520
464977
970597
113749
570682
218176
196729
44530
318077
721055
209182
57627
746982
367954
455217
754249
252541
454508
912043
647186
524610
176950
163296
380168
879549
480800
220706
638832
57587
716673
116738
116122
719924
152397
371894
193569
671506
242258
350166
821505
410220
972462
351361
943824
325544
137105
48669
925467
392831
973419
382523
576606
264945
81714
105112
873759
648346
867665
253567
858087
967581
272240
774348
730782
698364
952092
927436
82562
483658
61140
627969
262404
226615
242607
612866
286655
29515
476589
17470
906965
941230
28504
220897
291048
923427
552790
979535
883186
213205
67214
733389
856514
891338
598581
16127
422100
355316
798516
846668
730955
666086
589816
5213
374029
607972
400213
69829
121339
706707
216919
727547
261772
405839
300071
573506
389765
297883
745879
761257
465303
147955
842890
998574
997332
475774
870723
815998
517647
66272
271304