746372
796446
329994
32457
422227
358599
694851
187803
752050
906810
566768
616110
755843
851087
792303
414368
895476
584614
548776
338189
386246
208504
773666
733239
495144
870873
780979
503439
975041
533964
823760
775394
125325
392834
107586
61091
664543
555377
884474
475025
140548
436750
780731
337413
143176
361319
812725
136986
777106
457310
597490
719609
135530
925509
687209
671551
556379
622547
436976
407054
863924
938753
896911
201645
462312
106436
108592
309660
366485
101479
867698
789241
492002
292676
441308
862024
420225
960862
92270
519587
303700
673438
373652
250877
416492
870505
497524
750100
543788
708250
935526
948787
221516
408481
628291
431201
584569
486327
67478
352298
744026
989821
497840
667271
130350
213233
88536
333484
936529
274827
767839
303598
768541
569274
732432
824464
82413
568566
738566
605865
293117
63938
591769
683059
544941
458944
601712
514162
180773
259184
914042
464702
304722
1991
371576
679151
819725
299304
380017
547045
85021
172225
910473
315634
120019
466245
39020
6372
170580
308097
481829
432178
352948
910813
708939
296769
137788
172850
776474
842900
336206
400130
165279
213263
136544
417304
167949
891750
397412
507261
637934
840807
148424
203156
558451
7008
933785
323667
721452
98926
576898
621534
976147
976675
46899
49921
922306
386323
171037
111754
457221
540027
344665
159105
911114
234191
207528
573254
540789
160095
347925
824069
425360
99429
559223
482903
124768
965549
369043
250616
706450
558817
383326
586465
679124
466800
184351
513282
992385
348955
930355
447710
705332
16604
375403
751874
266622
820595
770895
535523
371762
668110
987718
153491
959133
710355
86093
699360
633427
115726
112421
167817
676324
316018
776138
394654
716334
41166
834461
58675
207500
966669
56995
56448
802860
762537
482214
490200
869055
314030
650169
841412
642249
107751
943833
465916
2968
501799
597423
730881
10001
440117
789619
67034
372389
513365
715114
192425
568611
624815
912207
53672
817384
6367
622224
255430
288817
307224
402159
125720
775953
787637
858697
967293
600445
976734
504820
790099
695237
535123
751297
420176
619230
676632
684768
485886
490522
212413
258979
639893
154424
506569
664219
236022
76120
447171
515487
241794
982599
896028
696427
985813
989816
984700
452004
418531
547284
449255
36665
755949
824296
107916
680806
147935
856893
798698
640146
743689
172293
872799
59993
388728
820209
713103
548388
765168
250720
756653
182451
756937
514353
820649
262588
970339
834809
581494
132781
928968
982992
528823
369102
11932
489414
964293
154882
405891
472371
340383
132780
680143
349868
961391
965743
115236
980498
470645
562317
764587
853508
892370
840305
967343
489652
498035
25480
340375
476375
221912
317641
380992
790710
61504
312342
357047
791010
199539
734458
71504
494533
922732
145874
285862
326739
204128
437257
21039
862238
175983
769340
89850
225673
254182
846716
957576
481236
686831
228401
720645
809239
261910
792987
835169
329802
260216
980660
100239
808385
502794
887794
551258
888309
788547
86312
286687
375740
359
943500
503531
284443
422385
469587
587505
377330
329181
676857
701160
334933
419663
674013
606527
4667
31011
316296
633278
17168
474962
860878
650747
188517
930557
650189
756405
200135
505690
46035
587152
671021
577976
172188
97709
156491
371312
52280
96037
244163
385514
988683
283875
720891
654729
696366
404891
811657
542004
453684
290795
883659
859650
687687
884940
538708
149057
693808
463668
646657
998947
207605
314892
975657
180230
380508
784009
913650
375263
911310
970346
69761
891522
779927
382924
933577
94160
566282
528557
648197
332157
199361
946427
167552
546492
63874
678680
815825
691082
360126
410285
996069
12052
364723
527976
957557
58758
398641
854931
89494
815602
42041
766546
884398
271192
731456
449465
518852
688984
144212
122696
930097
818033
413142
953924
654195
488053
272933
281586
101153
1803
331419
806707
892728
767456
881265
621303
581139
432876
256830
892959
119865
256925
217756
999347
462353
64802
60587
16188
666160
859925
384687
648640
575443
585605
105237
161752
797992
937695
483731
889519
404550
309753
552301
165401
236030
474492
569043
977677
127305
869547
563368
594689
505760
300052
945437
125153
859307
974929
44412
355435
427793
339387
120961
844906
910126
455597
859234
753292
459747
564976
631216
379106
788807
57864
339349
932852
642810
747866
487741
89023
354586
596920
55186
320717
724111
686155
419423
434223
75458
121436
118486
647896
572459
892799
864749
833049
650886
804252
716834
454772
975399
78619
74720
920352
523301
676011
387962
954009
709298
678320
245332
634848
288587
107719
735841
975382
242762
812086
607238
332081
200601
796277
129181
149016
396737
981267
526422
149793
740384
626631
298873
9381
872825
746068
514055
234940
106917
560791
705662
838042
291176
879024
737018
63557
636255
376075
186104
546866
505365
653450
143990
399163
168564
459985
612343
735168
687192
303597
59106
603863
423295
18850
159178
215345
305565
773455
199561
118154
771212
684224
638853
123852
1441
216848
901012
836673
246682
233401
207228
624307
85875
425914
162707
3235
542679
237987
741957
931170
542260
959488
728884
764750
527271
821088
54586
328300
716375
967681
432649
704607
885534
605913
826036
699715
922593
486659
716615
437545
876608
423109
924240
862703
976489
523450
384193
493818
361543
462368
919597
932051
377496
877632
923376
505115
533981
581430
866028
700588
668650
455132
680429
481230
358749
48727
597294
153491
791339
352253
931701
42960
322582
396130
672857
653752
398011
63998
822692
80214
113927
491452
870355
40742
405066
217825