792710
898218
277285
281939
96824
616148
403379
382036
28564
236580
112682
376159
174099
58409
438528
179400
307324
634364
321847
392420
702694
906509
413100
587691
670235
147624
344269
966793
458392
662474
833640
792705
983986
989722
913566
325694
886546
336390
854518
583992
204001
787323
553357
609023
926654
473664
533548
868647
143916
739696
382066
275985
143177
189458
157488
764049
862841
83479
590611
667841
197858
692591
109884
828898
445263
5000
419372
889577
971512
303588
434907
349166
963161
705365
400295
253741
121214
399832
281834
624630
320096
616844
15844
866167
326889
331789
103703
108836
11092
407025
770482
975872
199344
446046
99045
75275
185475
763398
685267
976392
543755
548033
488422
900074
79008
971910
33148
237146
128181
395077
873278
250920
63741
93795
201618
326283
297642
371666
553318
399830
758672
563340
470253
315130
679977
772909
930727
351282
517425
555755
417688
577167
791538
804723
230746
987744
384730
156192
111310
427773
615367
255706
990126
764848
282661
754121
711678
628161
313839
279413
880737
829405
406353
439484
380744
155170
919726
628078
620677
84682
274109
815497
857406
891505
225614
695308
771261
212036
767723
58042
512931
870792
431834
828141
908476
793732
250622
869843
540654
827917
815260
362058
176012
120812
302524
161236
385992
648045
778022
227191
756228
817863
785419
843380
706313
483235
271046
245089
106577
882251
744951
515941
656062
586480
676367
849552
457838
335831
761131
480853
151590
246050
820631
906532
442795
859447
169651
442600
781167
765327
364019
134810
361641
269917
873408
33344
775421
47768
775164
764294
343899
94439
8674
475255
238116
157673
986764
879128
874886
268126
301519
140705
92136
613813
236161
705241
27841
977138
173915
197197
452676
160443
314937
379564
561269
598208
477118
250114
873887
147461
232020
129807
255774
898062
37201
221956
70039
76966
628213
192601
646088
186123
113040
907085
42810
993081
78528
173115
23891
680337
610648
87958
605640
949094
162653
788993
69807
411941
132458
740622
550066
591390
243123
111056
450208
97587
126950
556382
67165
203036
253421
996327
630074
637652
173136
449581
620895
826019
576120
477856
289637
47689
202127
371416
264256
280388
373762
645677
414938
952510
375976
935542
877371
201367
439932
802013
323107
692490
71302
452636
498298
74814
945497
924758
717918
557867
743605
336724
230876
627431
799180
196250
573883
777165
592930
163942
443441
924168
896141
464964
438009
927745
454620
595345
222972
738723
479124
260874
142444
468551
711702
625295
391472
916545
899868
988282
256825
614598
259170
22102
88756
872313
102817
950974
289496
896912
908598
551636
838623
903783
346274
479514
592529
643745
181418
231984
94011
831799
81375
837610
980159
613087
168248
810701
67141
722713
970715
222695
44431
303960