631789
584758
990556
515531
975262
679902
880694
316153
657833
335621
107425
758139
7504
895490
960118
140604
297639
290145
90748
645368
427925
497089
807228
968614
342967
535755
173361
672578
841251
709967
422876
420470
64201
611773
220980
503268
68406
488060
970105
60947
826482
401258
663977
488371
77898
857329
73420
269006
502248
564994
221546
881806
394142
532209
9053
420261
71745
985133
239105
543452
150066
61274
726151
344572
401272
916941
826217
232659
52425
226019
122424
612963
715304
900606
813841
24749
42727
10526
146286
836437
738318
138584
140760
623538
948244
644469
998906
875892
993866
577321
968593
602674
480279
283053
395904
477840
403486
929084
953664
97865
302972
677159
709045
208351
857837
14870
789275
45980
245198
310940
287199
323779
530685
764085
543946
582936
635548
61215
268760
888649
588149
466386
60647
649400
558647
12252
450315
989158
545567
535773
180990
258173
417522
620253
130933
706298
594598
264581
907982
700725
88481
867713
511076
306254
913497
438575
912453
591158
337434
729924
967867
562455
356134
964796
780807
620065
289526
548731
78764
28274
565215
204485
936743
825697
798544
424663
997244
406184
733816
628448
837739
419627
670852
296287
42690
410601
502854
67354
54540
126142
908977
293496
890791
286482
998977
810428
80563
505762
534839
866334
390630
750889
174978
720199
499325
296490
133881
386793
489037
392989
294405
684858
907576
984500
786204
564811
724282
585352
316072
517513
415907
242341
421190
736206
456031
90798
96553
712677
437809
881327
737887
700825
237310
625854
260844
313976
250758
803340
385362
26345
420973
564109
7602
125415
109175
661890
449996
919129
458515
458719
621539
515152
810254
258462
880508
671068
868008
234208
448836
625163
971012
271611
754193
711231
5880
602788
15041
440683
57861
899386
190975
476650
324576
955501
482596
611260
46703
626505
274233
235741
821007
754851
469787
899140
370194
494110
298168
559477
106118
380570
919477
362947
340016
809339
722418
979686
707992
241681
620965
784180
424574
294249
938787
96448
909354
559919
581757
779404
322145
899966
753415
486059
257268
117830
902324
234872
336434
568217
556957
794284
97149
203538
458016
77152
273402
664738
782565
970208
334754
153848
101244
558824
738998
88269
574562
979518
865615
731913
525283
944683
705555
95765
563033
210391
736643
477694
259922
300928
132722
295426
242320
296919
878289
383547
977129
492343
529637
283109
161295
760579
859673
823118
809130
71130
775215
410201
113825
685754
175954
633966
689080
369966
224456
163202
121876
423349
252291
471358
619609
1137
828118
307791
721780
206856
779973
65929
121076
903195
870325
394168
6419
831265
958530
901893
442771
865183
322544
232898
953028
484550
284793
785746
1250
395497
554500
2936
232283
176153
130999
758394
847469
51423
819619
561841
574254
725397
566622
842096
372837
482977
49006
763919
941334
29327
475425
723923
539292
389834
553210
814459
819758
172471
96710
105450
260740
38382
427404
532460
49618
550358
672674
38886
943667
26652
836700
701791
562017
248016
277088
446565
790817
31196
812053
881821
48508
801953
638458
873707
942695
53424
33811
997241
71108
566753
545405
217768
407425
276
242019
74129
449822
210370
697801
769911
257997
378494
878790
209995
690930
232782
408526
722330
345866
320480
817005
743319
56551
761579
923472
5313
947801
865699
475198
714096
114729
958616
376996
508674
198015
112492
692685
291228
955107
420079
842800
714911
612128
715161
729379
511657