648138
896285
710736
567183
887774
300355
186192
648434
664241
521782
74932
491328
790028
282817
589617
962279
836685
678902
618592
176931
194575
899495
685045
881480
215784
854718
261385
540015
593356
920698
191635
915131
359054
815110
56821
129031
570887
759287
656434
825006
26319
368418
683454
285494
737448
757848
135598
901657
805947
29888
326863
99058
827194
395087
790482
834049
455780
240358
217316
965211
849639
737223
305244
34929
239647
264309
682254
195898
265724
683304
134781
290560
719683
868778
439341
512708
666219
324305
446613
806479
463719
673881
184179
371991
727235
564062
685562
74186
305512
385458
970855
430778
403258
264353
533618
435428
361696
161727
422623
204382
822435
2089
483891
698781
343663
323297
315268
142688
886520
631360
210730
569341
260918
663
832529
349766
9040
783142
98608
738840
775511
268152
672532
276159
504233
381145
440662
785481
697654
779830
296491
730598
719327
404815
314074
106360
391802
424219
988744
369149
884658
386872
603631
630230
543116
939020
119661
889716
842884
609790
835577
962398
645909
853515
245680
30433
809688
9349
368846
60116
248580
319150
777528
756422
289236
496813
55925
245511
573318
387627
473533
753168
524607
183885
326634
58383
819852
479118
976651
461139
447939
884792
634136
728721
790728
132350
488191
65041
860587
876345
960029
483320
824879
589565
876488
667058
45350
221592
736969
747259
190135
690726
872487
562571
522818
24468
333214
82332
655770
722671
819631
437977
571953
905704
625361
610277
821073
930470
748357
222276
669958
428104
653959
567914
450586
508534
36512
695966
70328
766754
792792
606411
285490
548641
215625
252323
814238
282720
829263
816880
409051
137348
857756
997177
970545
471458
471912
201613
396631
132184
844293
579567
105934
503174
11280
477982
100330
452461
1796
388543
635696
637154
451368
629993
717275
94574
92585
337165
707961
299717
543618
372864
369651
437089
310871
717415
824169
514171
859106
309118
241595
59814
8388
156804
968037
640328
465149
841223
830914
712437
852407
996807
917233
859113
53757
611018
453909
234082
697353
110908
417718
450328
690554
98432
515909
633946
344100
652695
350908
667527
400833
220651
476068
529061
238854
341241
662064
49121
831953
367514
925447
384868
12478
572716
260767
286477
209625
969377
474821
882577
922093
954212
832953
841965
235259
882979
670965
650435
68743
818877
742478
873304
447436
378634
102836
798761
381967
320833
764436
214117
414161
597258
850332
464588
522653
763553
354654
488674
692930
118051
664526
582607
477723
972665
664742
517910
851274
330974
22824
750576
423619
442510
779715
408133
988292
198413
293263
229190
366690
38929
21619
358249
633343
808780
675750
176642
187800
953114
691026
289659
656059
780100
540244
184240
612630
641583
28512
776233
246313
194660
233538
884277
737181
171645
771263
948383
776495
93864
312218
63696
653637
804571
886194
343617
451553
506452
21577
641370
570739
72268
933727
437932
165896
612728
293245
970632
694625
846522
41869
895162
16543
709355
42854
432165
359385
663421
720806
702460
97296
262737
823865
140890
672890
875092
422582
398719
741114
264086
139752
745448
861233
304361
287593
312970
640110
651314
180074
715882
554561
963215
637200
621212
516397
442341
42745
347414
268667
68228
301148
286896
274987
162873
738383
377338
672390
694321
651297
28410
442767
50949
300071
411648
943831
845542
94548
893544
343728
191334
391042
671724
78713
202401
938445
482019
224152
789638
364638
698010
166919
308870
540486
898765
274501
748183
988608
115395
940716
168485
942745
37699
704931
265878
279723
427382
20841
76280
463749
664346
80274
424842
137766
68256
209999
157604
9256
894628
573989
470019
472122
89671
935104
354421
864582
780970
590497
944541
331249
306952
375026
983268
751424
705584
262266
966588
894616
770078
368747
434962
128542
751797
263321
449424
152573
576220
485381
454284
8709
614834
832856
437968
997169
972847
642283
805446
203969
722200
329283
721920
659782
562334
135962
507618
399676
818004
279000
258029
994193
73100
617057
88232
435588
678029
182599
227949
537769
152498
596576
732749
103944
818466
960179
22817
132773
928487
562444
343086
653275
45997
800239
119028
211106
904282
553
804115
718192
589188
595074
810522
785467
359571
225998
237998
880923
147828
781346
208212
543118
461623
101412
216091
208598
301703
897916
3177
520061
190723
32167
169376
130168
667197
561706
766060
251177
583310
253027
611628
736063
89299
208122
602362
620537
112969
904887
355993
425351
519169
464686
991482
13329
680511
413205
513771
576273
149813
523318
194973
240859
311831
897855
115216
971965
957595
427319
778205
948737
467343
404427
16287
194895
11414
805447
177727
276847
582912
745696
22299
840429
921157
66413
177299
992661
715678
169718
624687
219806
426817
417573
138288
788387
416951
320153
452146
629964
358875
730586
245370
884619
976369
901095
127458
661507
461152
982762
808926
439299
878669
460813
142378
735663
826646
716005
191762
286975
516264
716620
561437
152865
78846
682702
781463
176122
117431
135226
724602
883210
190289
844248
190776
912686
689480
629241
245800
981054
569285
512937
43146
904022
781509
558017
284409
198066
501191
994841
390188
830067
701425
552283
821224
424638
178560
417716
231302
992068
661098
671331
220572
502812
236307
794355
896843
689035
980583
892038
330661
263334
159706
366919
153528
402255
410170
299521
944188
112923
743149
829134
561493
523796
767181
919783
863492
493210
932316
366939
16880
591204
610342
926043
240717
468388
78066
96433
765351
422025
712036
829969
214285
660446
691314
653832
105564
113167
605185
630929
381287
129612
81883
868295
157888
169926
673039
680372
950566
490135
512038
940167
386762
200638
240765
911332
195200
216840
106692
751766
741119
388682
55058
601120
697108
873866
287970
927729
231594
862205
584558
214389
350062
145131
816166
952840
122530
686447
909965
628485
60416
758298
715249
954045
185224
261047
49413
712131
727912
828778
894876
498469
41032
671922
949828
651893
971631
354765
75069
831749
67797
942971
383701
627888
49093
628890
798113
584085
729902
637616
46233
826591
515272
117448
384401
483648
696478
615411
434512
778172
988539
345392
603151
640929
995637
147814
463439
747669
280209
521165
957015
756104
317521
173677
83081
54280
769249
850751
802592
581491
154970
695663
689225
963334
911280
213699
621658
664212
100607
901333
1139
962003
546477
441212
424304
715793
294203
693641
467400
446724
515885
60781
930245
637246
591572
511736
787424
136447
374645
532092
60408
94628
989656
448912
990511
796926
51438
884144
377442
603070
897503
856066
522050
143116
518000
841780
448019
121846
244238
64256
212993
46661
540793
989073
189978
319916
627664
33728
843565
354906
482229
818359
795196
966319
4444
494390
952416
72778
244981
638132
801722
627265
458868
308765
40785
794474
73657
482746
530957
684566
434465
120047
62671
810590
833129
792989
223467
223893
352250
342696
907971
636956
990613
609234
538561
835925
406363
458630
925040
10032
224506
186353
805560
157729
966448
536395
146292
4338
453245
381172
201522
700916
26729
723193
864582
247569
531567
977077
860491
893757
970565
889876
736567
841099
693065
20979
834458
528412
243977
401059
290291
229618
200623
570253
614319
500898
576455
888623
873471
440488
197487
928132
471956
337044
287834
305666
803258
640099
193792
531773
179534
402409
800934
207401
242462
54761
821509
846653
303579
412487
923226
949362
369085
382036
279626
888298
982068
201481
453871
194606
226182
384207
920003
762704
299594
55291
848423
850799
344383
560471
952465
483929
403913
637595
751761
88139
792330
316347
289150
279315
162393
913690
739457
464599
97314
602204
855165
524462
717786
345369
218
53228
358876
608557
328685
99963
242853
845036
234501
834020
917353
863091
934357
173293
718992
474906
895609
160157
450576
536133
602471
214875
938663
833050
683827
421941
245110
696716
395646
522620
585333
907350
885820
225355
478807
228292
205601
574953
478971
580971
995176
740676
430283
371321
527872
192990
432181
350119
849491
408324
651460
423243
668083
268856
674330
147721
618723
657648
52044
125482
754688
495863
933466
499909
955403
524018
276041
688409
218068
89725
49183
570749
233859
928564
620923
720174
528198
186766
733902
70856
154131
574179
80634
127824
236248
307406
4741
871917
727559
642349
921978
264823
360951
649029
215964
264936
323705
453763
74056
462704
688248
339869
654950
328164
702987
100247
272715
926230
385563
114018
186863
223808
426732
535647
919238
307545
722890
208577
979965
530634
13456
842575
886674
981306
349272
368841
176400
650181
279034
504546
89894
407308
612163
500716
459619
503014
753140
185490
685009
884469
625459
887934
299947
206803
127187
532315
682939
941994
635579
301364
409620
595555
392437
690363
259881
937974
185621
345510
504777
230496
507652
423732
447608
536819
218984
371022
990187
971079
845681
735368
655583
370318
692099
644934
444886
372805
516027
886908
37999
87751
410720
740685
949793
533756
835496
255573
543828
211310
717028
778306
642460
479228
60681
142621
621394
742823
812443
94567
233809
113481
17911
759198
37450
837798
414782
805471
726725
347803
225818
572325
179572
963123
887406
338095
615349
982105
235998
813696
460773
640615
584503
276096
960860
166172
190909
164736
730120
967725
956304
757467
579689
870642
813626
138551
840678
141121
159128
602603
262475
362520
56994
242171
768800
260979
578008
197630
648807
854590
227850
796257
302385
37157
224452
129284
800989
542151
801301
510530
392366
353672
170875
792334
504776
887493
198893
869624
104711
248611
823237
663567
929916
339777
387143
237665
752261
987468
222610
774686
716488
640752
278049
87643
338764
60331
200382
407538
723252
248254
475973
189254
752984
461246
908177
414756
843201
818823
426885
948101
54081
232911
100473
444656
8237
479320
772030
861820
871033
463423
623824
354483
75694
120690
115543
155474
127050
51711
57690
298094
3636
560775
410305
325360
102874
750673
390981
160961
512105
954811
404278
147777
122728
220811
652584
104624
772465
114659
192763
728111
503054
302611
52870
790049
421996
787529
630688
592812
363326
921635
476042
433372
183537
197285
21628
132198
219335
714566
475786
326985
304851
392229
72115
761808
425232
848281
65799
976693
430685
969253
462002
409119
809561
618058
197672
405068
354711
719159
431151
944842
52350
477340
108356
426464
153408
621916
8107
638345
783285
404001
183446
574432
526163
976777
608369
433943
285964
864446
586440
282849
211268
848227
792662
610608
534958
205226
100459
378264
424386
124738
966520
914707
253277
483502
586554
199710
126516
362737
506433
843008
517046
409893
351837
339626
341822
889195
357540
337914
444082
953341
188577
995802
14907
598624
74716
710981
659809
920565
571970
456170
282114
242349
825713
17320
274030
33500
246626
266426
506274
246567
697716
395116
915359
786776
374417
442059
290407
420752
934783
930460
251028
704604
519301
459586
380181
505184
732727
695363
387141
4207
693281
696484
58025
74941
955916
932464
278150
38636
987759
773016
447453
744002
93941
897716
115205
79036
708007
659751
189475
490619
89783
666977
543879
154781
77928
674175
628390
118183
324188
36813
171184
728862
114364
827243
678094
993781
250558
338573
823930
838752
948886
330716
245562
231879
174523
736058
940602
126038
335636
209571
687429
738161
777855
192686
543904
92037
821886
789683
511235
738810
685887
553927
373749
312964
701895
349155
475523
951257
411642
92963
12252
669181
737545
222186
550924
300536
736120
916514
118931
486057
449547
907041
464545
906165
23500
980071
300145
964184
392060
362692
750335
114587
951892
568407
799527
839910
369334
155632
740444
241069
828277
147479
886849
732742
378045
430438
378215
43931
174305
429201
574116
220859
285504
714758
923084
348043
860370
23599
838095
419289
961044
658645
145007
628817
472398
620766
793628
794376
60030
961399
47853
416822
16995
39500
475965
906049
138983
977204
424352
296436
831337
268586
407681
750030
562791
388534
363033
276919
678149
980715
787982
515021
537340
847177
892006
183709
120546
936962
28710
670126
755985
568922
621963
561783
758135
471207
151844
272880
203962
83640
149130
466949
373893
879698
538429
33255
526452
28502
548829
622333
645848
755646
136386
142329
957863
759878
473528
290117
565507
2215
978266
678555
443429
688702
766218
880564
244966
529612
598922
357272
934250
222231
713274
286996
236905
713261
480942
404106
627931
826056
957931
112482
411200
627597
6526
987038
369097
377455
953402
556620
933542
918448
759372
626836
38637
499272
42300
125617
412516
543902
34434
314493
425579
827507
162883
607076
64649
271838
200935
633659
938769
68594
289560
611241
72688
370811
209048
803907
782102
108263
194367
516022
886271
738114
726992
733277
466781
113882
416695
763891
795492
387330
619490
141858
173233
94193
20345
172410
734296
781258
272955
260093
6473
954550
204342
451799
296861
206445
43491
614123
763331
116372
483548
982024
537857
712449
306938
644986
602921
48538
639887
494653
467803
161691
155261
396493
998577
852405
23537
381528
860363
869396
500480
566357
25206
117177
807772
221294
740987
7943
582834
829721
101186
473689
595364
30725
985634
450704
162142
588975
267910
916842
174871
605587
256445
162829
806118
96448
83869
366756
304190
89668
332565
223072
838344
791111
481358
958624
880923
960308
588286
207403
176027
850514
575689
459738
778987
126769
967059
477459
15824
398527
766310
675248
776547
98298
291709
294141
820466
899840
333931
539552
263605
296898
530795
415828
842984
602199
113925
725454
338634
264300
453913
890048
786416
326298
834699
71035
248646
874320
195531
799023
906083
934639
864767
578766
136776
103029
348112
761103
598646
49104
264334
292623
371177
44564
377281
164753
359604
705288
284365
329062
918586
930715
854464
236840
809798
636852
824188
743520
885896
298215
404284
737095
548333
866371
312388
203434
213017
193608
750569
148390
340292
724086
765498
902291
143918
582016
33162
692798
802560
296800
177627
972942
679617
377220
80937
57095
499441
37222
226960
251885
222726
946169
487386
385984
129152
133695
932393
277350
589931
926199
293310
425191
555121
898612
327907
62034
16089
676233
628475
683644
607264
70241
445348
41192
600114
121963
118854
701954
387077
857266
37179
305606
956755
423050
348827
755326
724338
965478
26850
316840
73617
729223
920256
136885
636817
318479
241342
865582
455229
322548
54792
113138
758952
66831
745627
663066
83746
714836
906444
35133
539798
948253
143346
936335
681859
615391
848689
536356
82965
579965
32548
332819
286111
49787
287334
139381
783992
950219
222525
1357
870191
81923
693156
836801
140140
177648
77812
185927
81636
985476
770798
849947
518584
249130
628839
418476
928875
93242
588240
135447
133758
825928
489953
793226
361706
949399
151650
552523
918842
969515
500438
416401
961794
786620
302788
570256
307775
908295
530211
807890
23757
774974
169377
310913
336255
18079
368336
79233
192798
38754
14126
814842
824769
88075
99791
943091
970566
309024
191657
256154
149098
285813
748284
642592
152906
323363
328732
462209
89079
827799
469980
922657
399472
696902
478681
259858
600702
183742
472608
641842
753713
384792
623101
486193
619954
133130
805281
707697
149829
32473
490671
409030
998750
606571
603939
141405
977500
333946
370271
772920
705190
247333
564180
983767
245409
734880
702729
226483
624843
943500
127307
392867
615031
996642
936817
193058
943525
122056
831179
240808
978365
440902
163943
222964
861928
972306
69759
245547
294412
58759
551938
916314
131746
583156
144893
270360
184373
771345
810470
656263
787256
350605
600261
980793
235461
547395
413632
278894
183086
726474
748481
539643
255234
18475
969222
825223
643806
896686
337348
151856
133036
483277
604345
352843
19965
982090
536333
205064
371583
567324
796772
810099
696027
246468
708163
940566
247469
469119
359388
727676
156897
796756
44983
352080
923687
479949
158975
16420
559250
42818
8039
92815
43602
692880
749495
649774
371020
663913
209655
835018
475603
255174
954102
593882
832198
214519
968119
947551
34886
565018
546297
673645
238033
101610
688802
19786
335360
607663
316103
541807
282009
275667
934554
395819
79378
46997
394033
457639
254563
460886
285295
21636
697414
635153
449553
830881
316558
232040
724951
215672
878753
213721
543372
501928
746452
815567
263156
195341
521633
959509
849554
480075
88135
995941
294867
786474
250751
430751
561562
686811
731478
41493
575593
957017
177004
534019
47145
78507
254151
990748
414294
592262
315157
685503
173193
249103
743228
332681
963299
978941
690720
346308
538835
210973
997104
751996
287237
743151
94893
5810
198312
83886
369849
396714
746009
487213
987159
483807
70065
371549
685765
333591
866856
476971
192115
632401
549412
78278
380127
409882
811874
314622
666510
598398
771136
82184
809064
584156
573796
801246
233649
489683
185165
975491
514208
43224
147444
565924
547486
429930
606302
993434
502684
876636
166721
208460
873041
657553
469520
988722
716751
283719
605605
518644
651265
716105
794634
524209
558019
712456
410724
621275
530654
836100
124925
411903
566239
489125
283501
645858
76562
308518
470563
690311
197344
296241
67157
987726
106562
25733
741186
632694
772897
920531
694880
903875
381004
244009
566312
28027
639125
473157
494266
973962
302088
992908
32173
59845
18761
704019
334391
135115
13385
653081
246070
396808
348325
219544
91289
105683
141019
2160
896558
334135
656041
305412
429256