213585
997668
216262
663429
260341
265038
344601
334018
520164
48865
74356
159948
932890
78265
785472
161349
190556
255668
410840
254332
658000
760298
970492
888371
834952
928202
598430
331147
781023
698578
80538
929550
173866
266563
336025
837940
594910
621401
514084
591244
266295
97366
64112
192987
124148
998247
895499
74702
478826
379064
309571
77702
972277
212456
152869
372892
216858
39132
967088
861636
741435
608367
859227
624079
740917
650631
150272
864970
833178
212163
795492
120708
61510
451216
159651
436397
828640
37083
849853
583578
361839
258529
94007
870502
54486
117538
524847
643314
453422
910579
882560
373196
94398
979379
808589
36973
731417
333013
764910
963356
140821
931997
802613
330481
301347
846822
151068
636084
430480
501407
532684
354852
548375
446230
553612
843347
877984
474348
57412
988974
877337
400873
601709
875419
106416
501672
311704
265467
98346
458931
573335
743439
608099
192361
895756
794935
321826
664988
291852
643732
628760
834935
107567
636815
258358
568028
712182
453427
173608
861772
899034
220854
805809
157376
474669
114069
685668
373012
222639
198045
57212
811043
432496
277701
611737
160878
448284
829624
429143
713525
203496
930802
853901
617384
114520
920576
844959
259447
864874
345385
421121
923270
903202
280811
823816
36540
726259
170590
387374
43131
337991
799926
100578
284330
916588
620580
93194
193133
704475
183451
119510
19702
200357
523696
316866
949173
171196
114906
894888
417259
971227
67161
406463
457052
558931
235188
825524
603363
848755
552858
954531
154399
681044
196074
426802
480651
641150
574030
310538
860076
574394
285506
119411
857699
542070
391219
447627
801762
370126
423810
777315
88827
669373
673575
731063
587220
500255
824819
648903
926071
891234
27373
478550
188230
509513
844190
171966
197516
693724
662697
544110
83886
198832
729938
628354
745984
355342
156959
628221
591796
754115
734043
154342
348589
718660
122999
407484
979697
630907
189388
300118
858813
609330
549180
914716
369715
984923
506806
23324
709487
553145
838487
144970
353079
65711
413614
931095
65232
319779
845720
962220
106413
356879
221706
940099
616067
769124
529069
21602
491960
246235
17380
352886
364857
995225
678505
152136
114475
729085
476885
570526
74617
180810
329342
53488
176908
994668
297338
696005
875097
637545
856770
207978
619668
870885
887027
188687
706306
239249
754542
432062
802156
574066
255902
101113
229679
766153
611481
85678
315504
911397
922656
71065
782574
600577
668353
758839
4528
960538
467036
61154
573533
250706
389378
199246
138090
880442
988088
528862
641965
455168
278428
552612
570129
123508
442335
141236
716451
585976
83120
627939
721288
255940
133114
567969
780625
552532
96003
695920
932519
464879
171317
53696
951201
727955
324090
625769
477620
336450
239232
462148
779594
898147
888924
57254
192299
772823
465035
289594
356696
827033
368019
304954
990391
579409
366407
258186
521192
282549
397482
501425
909877
197340
740779
698869
121128
144289
876431
105041
116855
851120
392045
691349
213915
811632
329490
913563
310463
632525
978565
609377
421715
581409
800484
144776
549887
667070
919021
213224
772789
823962
694873
805453
149599
663320
450978
429587
130872
368431
189990
228505
561527
397881
228195
345189
914533
236698
58146
126228
561616
229323
280689
994620
241752
630722
228872
895072
450406
908480
575822
546703
387133
382326
707123
300505
554088
232277
299837
283759
580755
957681
381793
833494
641910
896657
869447
684296
689708
54229
508977
825127
728866
948932
843892
961886
75114
279794
571108
304663
606767
42314
633742
737938
58563
277694
997598
476840
445268
603272
761441
402205
22718
558619
330853
831387
550394
524459
917757
350481
915251
939158
597665
178088
871737
832429
661490
162525
759631
83427
402522
799487
35231
693649
757266
467847
294349
473636
558589
922639
694056
593060
258034
667121
201725
653601
500759
163389
811974
493116
10664
417494
25088
190607
598423
99113
439322
533370
509902
873675
692041
888011
899600
804271
959992
183881
440253
94528
24477
631069
965172
3105
670887
21278
902739
321023
626835
74744
87193
345231
445854
134072
723117
534121
832341
637622
297656
199553
9992
242911
312940
307966
811741
347997
495912
393208
948992
904166
914036
641171
422328
846942
964135
522611
693717
271018
764264
111770
501190
798290
35985
237605
445511
352210
721071
417824
579383
420797
2662
665537
334087
677583
487666
901960
10574
757197
893960
586352
820858
125019
596442
70802
201314
754202
919674
184023
682614
462843
885974
450776
498008
892005
967841
725652
646084
321343
523155
957069
720297
169626
376134
796607
552220
67774
941313
972350
96034
805904
723794
942315
228331
853085
823572
779026
384030
888389
308625
678244
795471
435014
474112
646348
346446
841060
39023
787695
361177
744946
768828
598789
661233
702912
576637
405199
781962
274274
951680
736436
82395
652824
73900
345724
431062
542303
351430
86183
285746
29971
105168
956459
950179
657279
709579
52105
779819
477891
61534
825867
792522
227745
676367
795484
586001
608548
773933
138948
331093
323757
829392
216702
617022
439195
185209
156407
163135
368598
591251
463845
199328
133432
247771
230722
648054
598041
826971
872292
908149
421366
722769
65851
307164
212542
654511
450022
625102
379064
937596
336818
730177
105043
300120
705904
218255
215820
501020
906161
369834
489782
223
629920
130989
330217
799382
510077
651021
410633
719059
849458
724142
923698
933870
604051
487506
27901
842305
158455
404332
779378
451404
455213
973459
451594
832186
854621
583058
116063
912763
873597
908316
221810
336720
443500
786524
453017
320677
28527
738027
138371
324888
59973
164315
324777
310232
909416
81584
82835
482472
614051
675183
901124
131843
158730
62734
933828
69658
901083
353418
39880
328953
402800
666584
651199
456455
184669
608371
699323
551020
143148
504532
787770
641421
271794
918016
496017
846130
717965
529979
590580
706633
325693
906586
514596
941572
235613
726838
37685
210845
621565
756284
198267
890937
903836
646370
941777
71274
150407
128564
849029
138959
58632
822988
207971
969750
181133
79008
179037
172450
832919
138230
923028
572296
817627
89266
361989
688754
275961
476815
503955
655782
874006
833068
390764
642657
564376
915262
783259
81565
20989
307108
974122
615026
120089
509912
649010
654041
793130
610369
59137
943115
55897
276837
141414
609799
372496
272507
460827
355955
338162
738590
53840
853850
764091
542686
503120
298132
906678
71793
599570
126019
189653
55431
349599
159353
383216
6779
930074
283959
263197
750053
53745
902737
350760
546892
896031
555629
641263
927993
315995
996650
600093
550246
857056
551197
986305
421462
443674
332150
22986
579774
95210
999361
797345
72289
791062
931721
269091
202105
188496
226327
849657
648017
368353
632024
491350
653168
247474
562972
214669
144175
560183
195898
613005
624236
320761
820050
369210
116567
299902
815851
41832
164649
332438
222010
181686
603125
160837
712772
12677
430871
565768
620250
712596
944009
381894
261827
909178
726484
824212
245817
741439
451490
601061
131337
703702
425138
104652
807965
948539
378214
293424
608215
854501
399223
662859
248787
645480
577288
431582
205775
130539
66071
179957
348647
405761
544208
685138
61176
639461
804476
221817
36775
393559
608919
82392
132922
201421
939390
5968
883427
760856
736071
464612
161629
556053
514923
836989
640239
992268
603294
722199
2382
714984
189504
100556
309728
345491
953003
915835
444890
819949
728940
418389
960202
361962
505039
999043
973809
492870
617172
5239
985032
295845
758334
482702
167011
211914
918793
419167
225843
512244
54523
571107
307046
812816
469139
707841
213929
711071
221854
877684
273421
967974
783337
849883
751751
346444
987729
462429
78226
352915
137078
829110
850671
571062
158542
120099
525580
724571
321557
249638
164419
251572
816738
116406
841785
16056
115734
989255
229863
518330
904237
874289
252149
97699
746870
50687
746050
847056
808351
734295
329665
587082
375658
477697
933949
316254
615868
270421
480316
542169
636820
826438
643586
503138
609689
415301
444205
268084
947915
736659
155709
26550
242140
777894
910326
262776
557912
954103
274334
96908
10943
427302
123106
15103
199731
334411
749653
361907
697868
696154
492312
114394
458633
767154
894676
875025
650402
382978
911268
267286
85561
66136
792464
900392
809582
25672
228532
4602
557521
659957
281152
345491
17651
359487
239576
184517
849109
403849
390108
653703
176578
320037
87490
26738
342905
641439
781278
449621
210690
641827
921859
53429
300705
551243
555204
672420
871336
23753
74708
480700
309607
992942
451019
136248
413887
157269
481097
425328
305621
870510
437877
954864
865314
762410
153887
365683
216230
334336
899460
422337
647164
669979
303215
936802
480393
64352
671740
829822
198670
224095
994360
694931
386717
946325
972388
32785
240425
28699
324185
249173
638070
432752
82053
43584
816111
807838
791059
958516
425046
845771
88105
510826
227350
794782
990603
799411
681652
649675
586588
979721
567588
641789
358405
407825
830584
400031
876974
855664
305331
736199
137514
958727
817148
506624
114543
794572
168686
797555
740866
164166
108428
71793
418225
229349
944658
871136
3834
935163
298406
718847
566794
377051
877614
750871
577759
50637
61947
338560
114510
720683
453794
190477
967201
117979
186155
557781
613592
173928
810979
787679
657808
55039
564044
636457
755905
999044
227573
517333
895010
680335
918628
310897
865895
629127
240495
147617
962986
352216
981482
761515
522984
300308
21306
440159
468002
363556
623688
368673
572707
569065
44050
796756
607906
731635
454107
607333
189757
574300
506883
937649
664037
132098
293425
93012
220569
860896
271212
977871
650699
518665
36361
28565
632415
723072
662975
53682
304017
397046
623766
531929
700469
613728
222078
106504
890778
995445
167996
130842
64712
755969
709823
204329
14569
173673
349201
327581
389060
860668
963369
968342
854884
544049
863453
544178
880471
245187
300788
995003
244370
965542
904410
748208
34930
282660
396716
848110
508509
638297
312307
278267
847623
584199
259438
773488
790289
424023
860808
358016
891467
300973
54313
516265
505114
688358
447209
745973
596213
141873
577822
473325
695689
892359
450006
350235
892413
30408
354784
27259
604880
24564
422981
582654
148253
687298
222869
911354
39040
755808
880347
831921
471699
972616
621810
670459
275090
988411
534065
14611
461085
207390
848641
123132
445915
677741
696592
729422
630906
650720
209374
416481
871509
453337
870261
786388
88431
593862
677429
838075
871772
541657
16269
959395
630463
577505
137734
687106
514414
419653
299897
403648
672626
638301
643937
289052
910314
182445
536459
890557
67982
761855
351594
820822
538833
715356
953031
345076
179424
848103
741973
781863
465672
468693
115298
188554
945332
887500
753322
156785
54355
221719
404806
160111
650840
361924
253122
542913
490715
332251
465676
523547
425885
398011
988423
178124
333993
364498
636927
109392
260053
892216
146168
267058
764008
277609
376415
621852
978197
141917
525090
895549
433190
195014
268251
228565
898228
911526
297511
920096
436946
323594
583637
556060
833034
324774
492154
712505
474495
314830
547234
861341
844914
366415
112225
796177
483680
324712
671431
143947
838983
327400
937713
185240
446473
357285
764220
415078
918826
197654
806997
257259
886900
13646
833644
804982
770938
427989
950407
628112
210553
86821
572851
348622
369818
241406
741845
765878
74195
166630
977502
675916
16622
500225
687709
745144
116898
407688
169454
632789
839965
179049
836368
380184
892451
713404
415637
206875
306448
761245
396914
666757
239673
830058
692342
304216
723441
172314
199256
325975
245991
66104
950824
493842
800877
154491
993000
340304
119891
616260
851828
258327
962226
174964
683228
294874
624005
165223
989010
918336
7793
313936
308287
525965
866149
642289
509168
964079
316444
881272
399469
406951
286655
873265
30506
902674
873320
83692
65175
801043
497986
37228
957074
569823
175628
429897
965692
228773
11836
472419
662057
126168
809472
339843
716145
140890
901983
534159
943587
955591
83966
146986
976282
174170
979199
926118
330791
909056
70916
320871
525869
711863
281874
598677
188492
779427
173200
770685
981557
773357
598766
631557
640669
309208
560930
340874
232397
892066
378125
141208
51989
847635
640060
372037
886305
297765
373643
679338
448995
634959
416869
23103
149360
413424
80102
646866
68647
696469
596193
646820
312780
262375
895037
631264
761779
111860
360570
709433
42711
611608
448082
310494
231818
456967
554810
208093
547463
936634
29831
581201
127203
861108
127854
918217
385762
157552
444644
588919
359462
985129
976676
230418
711426
865925
330063
22921
104301
87519
351533
607715
813138
646064
650897
238264
775940
816217
110427
791557
293391
668943
728023
548016
829674
278499
535683
793945
857608
673453
721455
317209
513357
954644
95420
350362
812702
240317
222726
705043
484817
217230
73886
825758
761156
37854
817456
482231
41545
479931
532868
102547
395007
202135
650720
653979
559548
804303
403594
451203
22566
305177
193258
568588
119265
74826
104462
969746
31330
639042
479368
16018
128866
716469
794930
909116
345519
828758
368850
655729
837661
910497
153368
803482
234457
800517
483204
934884
754781
187629
673316
216155
325887
76650
772731
967202
26853
958719
646718
562893
899475
350600
695863
655003
645221
617159
494029
847059
833112
612812
774427
382009
910850
234817
176316
299117
177058
204944
403560
956321
907026
679665
221239
981813
617113
426067
857093
231089
432925
70566
191215
35678
457205
244611
954681
427521
659421
703225
825553
579445
451907
47733
336494
963108
878462
629901
213523
694434
530206
753705
220336
77478
579870
928270
783719
775717
474742
155272
249452
415181
515213
868212
267269
512731
698956
128423
91441
204761
299342
574207
154597
835192
839155
583044
200113
341573
900308
432057
621058
555723
782032
832005
170752
701446
313541
969657
185815
308095
729755
761086
405076
834441
289978
768924
208613
184278
490780
48489
172803
322038
889084
676876
119851
18350
690158
859309
173191
744049
26824
554875
438956
602237
763518
653465
997373
515477
412620
444518
575660
46102
60620
916199
97248
23417
788071
595
920371
470820
510888
696571
411154
92845
331372
46677
236552
360364
538742
193252
738964
101371
285663
16325
649846
4813
286570
402903
201673
37864
620213
943944
962250
850304
689036
201209
891702
892273
36568
694605
901266
763801
889909
15443
290628
860177
829089
304589
542943
472774
934544
603165
427836
699575
412060
774667
720323
811277
607449
645749
379849
736530
126087
547092
791571
620879
598112
215142
622393
468295
842514
994878
805030
647625
129159
974820
129916
98038
811679
429226
352212
976784
137535
698188
832547
574714
284931
287939
166904
462482
817103
33318
513505
454247
912195
423229
858862
440665
949388
773604
675853
284812
931287
794137
511764
403336
685921
612194
856414
50225
102571
13278
949836
689885
176649
911654
499053
105879
457688
735071
699064
820656
671311
405535
146358
307452
177455
789049
710141
276976
538644
1767
146070
708438
370734
100819
32832
222570
614729
662146
217166
484693
356871
451805
429099
601923
72816
663709
42494
417443
74656
26003
641576
321082
249631
640466
613930
571557
740173
283194
347172
631209
803388
580385
510520
208056
219096
516831
794893
670467
679425
483254
233840
887094
223737
262044
955668
924565
197177
318951
8058
12209
235038
473428
581100
766918
119553
868596
93859
876340
330404
761460
68872
296280
483591
370311
13207
947655
203995
149746
208416
662631
455822
89844
545448
384361
295365
14927
268460
733990
571688
138743
473285
82965
226134
802582
808423
116519
780409
982970
709187
904191
212789
476508
936269
127249
899514
608270
85208
608342
945338
413824
648028
534441
101364
514030
995098
460289
715245
38378
478742
399564
592320
61249
977027
604004
334925
691853
821437
364848
677901
965015
517680
12890
699334
227302
955670
723560
653849
62888
570333
312186
176569
134652
782758
330079
984566
592730
169898
499283
187511
993952
138231
507609
211015
279930
738904
682801
430790
298604
852691
580919
432960
22591
70476
295832
90778
827654
918087
320689
728936
827403
341131
742533
738780
960859
318113
765659
530522
830251
603132
187506
547430
741606
736242
87522
187391
395028
460137
593553
126597
734056
228749
457550
608533
609126
725949
468685
278965
93551
924165
11648
779371
843690
916230
686286
278824
275665
440882
59250
344418
71381
994996
611379
765695
332527
204204
267579
184749
716357
643800
201687
710926
974325
917646
17162
854225
156864
565605
873358
621212
698646
499956
112488
950501
291898
239090
903463
432864
768337
773885
173368
165586
635597
546550
729833
546565
35376
594505
363896
386772
688127
947402
808599
273126
884038
875451
764479
908983
207554
777770
726638
181330
868654
561719
537535
892315
645997
654324
484
197576
505488
647909
636930
615920
39749
828582
609320
261692
457885
217644
817325
89338
432376
989475
681702
435984
545296
515511
609729
563405
355358
832623
904386
340763
623788
291699
573335
619345
13176
398254
885465
106917
244034
720078
714274
582591
371187
796392
548933
124968
21994
790201
47150
263969
963491
253896
906583
313936
182854
493159
238756
512789
907338
288535
584861
390843
343748
961035
440325
893003
237264
385157
423451
309114
727642
360349
571884
75010
510986
790432
321107
55886
214218
753685
218127
514638
939573
382811
728255
726059
976413
227566
90108
38996
585081
422472
911251
233527
233577
696356
24286
671948
253288
507742
222718
383819
126733
97014
955702
199742
844094
682867
949607
365681
705906
989732
342564
137029
215712
665409
57905
438372
920073
91889
458909
779278
747679
393573
447929
357586
308305
29985
977268
633945
689716
167899
875732
477725
560079
764924
251667
60599
303235
75395
119444
681045
568853
706185
877504
505737
835994
333535
788866
759039
634302
405971
175003
160391
753968
328914
721314
210704
598573
622759
504668
929270
205480
321697
43763
762098
276307
147
540503
293040
128653
577589
476910
559806
7976
784936
591545
531232
245653
85847
630916
195584
126959
613689
309769
436034
813408
778930
70819
428790
5876
123289
554474
293031
689144
303701
930735
241488
818894
731680
68437
941998
667281
136494
626954
376881
189343
202534
475809
961100
719943
386127
15438
399596
55888
681094
71677
36741
427172
840299
937231
10247
378776
167132
78194
487152
29337
747289
568027
720827
465524
339719
810275
719286
502209
28496
151483
516657
519853
527015
440909
849170
718819
506473
453489
173446
456919
326367
116041
326866
30447
935904
173754
700295
558862
159572
275719
101268
812733
55379
70283
352629
520120
876395
768531
310089
268755
771648
128790
253890
989575
389390
927250
287158
105501
893707
350276
764498
424374
823400
657986
772141
930612
327669
663673
122
942025
583844
9983
748696
207770
614309
120404
179076
10063
469425
12090
189870
55546
765667
190254
842921
129249
64064
432130
689723
741802
247959
305240
352148
355106
702596
515965
63388
577449
384590
444319
222565
715134
60272
878508
6848
579683
623541
909193
286891
170669
173756
836460
104808
139370
917787
823447
524329
415982
56608
499250
87334
496380
859059
999363
109777
497870
508951
729548
519969
292738
871055
235777
787083
320609
610717
879908
687312
389388
54053
951359
957103
269445
202353
245309
284666
821399
447246
918182
543686
679651
284115
879734
292668
146121
753217
469976
73996
164335
555462
402116
63874
521201
735644
377778
44912
498277
26767
410233
144715
438153
673499
192649
976658
413836
376051
586305
613545
950005
577502
173422
604100
219124
230204
966241
107518
43268
581159
874668
621514
310841
21237
437945
440832
220715
723993
753094
761753
522431
345129
501441
653622
585423
912634
26043
428570
986165
632423
861068
369529
708473
21553
747140
978024
755668
176256
653321
468659
839201
702088
355282
171533
618271
208455
569599
979362
839269
139306
537362
712393
179683
721103
389710
307861
623120
569574
697194
578507
643829
721008
836594
889517
572950
871337
832443
922037
63480
21763
85313
568797
941268
656263
260191
77531
975382
176736
247017
80491
751314
779763
517161
965572
745796
213030
260469
733164
590402
486146
4458
272615
44800
375795
699975
417419
888128
698476
378536
267247
568212
50087
346844
432834
411793
833418
950310
130103
623762
372838
300557
892574
895334
638040
652768
117262
252375
899410
355978
126015
434200
545716
486285
464500
942154
739476
194462
393877
711275
640861
221597
829018
491803
897811
942768
436516
763660
882612
512443
380006
542726
768570
145598
520576
870805
745022
790922
377708
883344
586870
292321
524049
986310
126751
321449
835189
134726
232246
168013
733136
404811
53407
491313
25019
579778
855017
351503
894855
99962
932393
89075
506859
528551
477698
401359
551253
720019
775623
73212
606881
563170
269047
706254
213351
188160
845159
167570
247919
819497
188733
21414
221311
235604
824536
780149
730837
793085
918221
204302
978481
633870
68749
17377
475338
29993
332002
378325
47392
587540
315160
494472
556529
93122
627256
562404
105669
919546
785071
941403
139300
185638
553934
797823
934504
886331
740459
235455
925677
582399
239652
734146
699748
167036
976196
682777
318791
710847
936317
914469
857959
195341
273365
673157
191457
610083
347486
953849
768879
853033
51101
308504
32730
992050
52941
492010
549389
973554
802620
734435
608325
225085
198354
170685
292197
333752
581937
599984
628583
670686
780856
432913
528108
679217
155170
255364
668339
44347
479180
334111
41832
232447
776340
663709
537236
288449
714013
66428
935283
896111
338222
145460
274275
613803
998458
535636
176120
770934
183290
273978
236268
7098
668983
962862
296180
110068
381028
79900
910126
932668
610343
406060
302454
291506
451832
919104
83031
832519
283682
686985
991518
304677
482151
606854
990155
140476
307521
802459
670305
701034
29122
255754
85149
3398
882140
414672
337731
507274
849533
362526
837971
132186
986323
925874
189403
14773
646381
651986
913574
421687
315330
149285
249938
319880
902922
892014
284031
679077
454730
456485
937059
924425
548077
945332
712891
592439
45774
236427
645596
536935
745811
772064
198760
20426
608435
131206
42395
55100
211351
191145
494213
953670
993182
40932
853522
789836
416379
242943
731141
951193
120121
517448
222467
995781
965407
236684
87052
511297
216047
357363
509828
120447
559496
492981
17455
47104
629099
502653
894204
26107
679578
932312
144632
565159
270044
61594
169315
41510
908830
388237
871840
55822
132724
864343
584645
620628
599292
197351
920851
182999
249315
512795
215423
727943
635905
565362
612335
157552
341280
861993
501440
402087
861850
690036
55172
852111
485728
144538
810185
958920
115223
62189
694164
480054
857820
506341
146157
556009
865897
171737
341844
903598
876047
855897
856273
712881
231139
923946
980329
247821
399029
91167
574189
923762
957627
246032
494252
717234
266509
154170
839944
71528
157706
414003
710246
692229
915160
254152
219967
182264
192840
49909
106260
109113
992087
950975
817854
717043
420496
1970
869155
942348
632336
253427
495365
382546
863330
384897
530484
233667
225416
417740
321892
616633
971931
826929
303001
699632
747913
755666
541310
840566
92350
312911
198933
496878
170718
86307
408841
567616
59886
615837
964832
272480
93074
982392
206220
557818
674737
224410
847776
750327
205173
414822
116128
964783
10094
365886
313841
737707
940822
481112
340399
514517
528367
210875
848094
808511
522889
870359
677816
891852
600543
29055
798692
873791
760673
528004
65224
565406
256141
516847
977013
980738
93046
653786
20289
51902
799015
700395
449714
374762
356385
72494
906582
957387
541439
848462
958448
336480
582011
245680
797133
674763
924041
584429
540852
953434
897121
684842
36603
326386
454554
81365
366006
202711
858226
287805
511883
690778
389418
656014
800353
780896
503886
995368
189559
712458
651218
886748
89937
674054
635032
269827
729996
436274
579663
162682
742099
743592
545333
442749
656042
865322
962428
919967
669800
121387
546635
466915
513922
954680
947675
208379
305665
961474
340930
881946
761237
899144
397
537976
756676
705189
176197
764898
431995
449523
558420
692986
347781
437531
873090
454418
907801
761531
374488
948193
461005
810418
14629
298784
729449
793163
885918
236548
202519
540355
726048
816792
880054
88440
759890
242166
206157
223345
29094
315874
754076
611332
404030
457218
176462
866472
333291
708926
362636
560600
278608
696816
644139
669343
201893
127304
417605
367174
167320
39103
3429
573080
205709
26422
334172
296975
373574
185643
584048
502813
369374
6742
76212
190296
795120
897062
735987
240834
415061
22227
743494
691764
540809
340832
740933
622631
463343
452591
320346
518239
18923
224000
520049
393461
164973
995144
452556
586751
933454
952362
710066
753694
899410
185300
897223
939619
242382
345657
373495
730398
694819
766310
817420
345541
787816
666755
461408
753150
218214
136105
932588
956938
434108
295770
705982
588237
214435
337633
443977
430654
943436
17159
10518
627495
112934
769519
867865
440409
962619
196687
344606
978032
380090
931659
68066
471678
403855
301808
145919
242711
363822
214473
570175
232633
17199
714593
256977
808917
842708
843031
289432
487422
729894
888151
127329
737197
620412
262458
100205
293359
965853
416252
281965
517740
702333
879318
727116
606548
241380
881400
911206
197991
137324
449381
683158
677217
617705
38250
965036
875201
919651
79548
995198
724149
757182
992941
847253
515364
819131
694283
600137
188055
352023
139349
935783
609925
318865
426267
233486
468025
9545
543921
183769
718114
905668
166031
385142
809975
855756
601352
248149
650181
981492
203301
431997
13654
589946
442910
511352
733887
656709
756468
845359
238919
337101
994670
411856
980975
498393
169454
469675
699939
664036
331118
551708
978427
43801
729565
424163
716462
469886
244752
81104
690772
301293
876711
51161
13973
145916
828733
744654
747316
321086
510283
486499
584306
423395
579418
681580
496416
413754
594082
262376
514820
121815
883076
873076
523239
519056
211937
304225
790394
327073
163989
454751
800738
290351
391124
670552
940967
759018
926687
895001
44980
893131
123938
808171
415756
782909
146093
524032
705674
669208
969613
372809
2578
428168
620550
735396
992986
47436
311216
233907
998607
582170
160748
785416
97317
586849
866305
72060
786558
434854
566998
530463
912246
89232
765774
698697
303113
432063
857532
805455
353122
869526
997313
234962
206656
215961
607433
171697
158471
792562
977694
774686
992673
787022
627815
467214
758415
573540
654146
701578
364688
916502
733113
711331
851500
835696
460707
928834
204509
939597
966490
707165
760731
587160
663764
118150
964227
198960
31392
825822
324131
800037
743359
447142
841700
665311
969757
727350
636244
99039
851946
795014
221136
557149
470170
484201
373899
933135
749877
390106
517501
23947
850907
643695
627946
174979
558488
939370
997517
859248
717472
694383
5665
876362
241831
906063
964621
935219
560863
140674
35178
111795
954511
443252
18226
323166
409933
438070
674758
683474
150040
256597
233307
618397
973716
325576
219523
107899
201314
696194
834580
717756
874331
932456
656567
235972
464362
73437
716366
216045
400451
479928
486851
850503
746628
664919
136234
185791
203046
580621
974034
959773
448863
975543
66797
989223
894552
930604
101401
202787
415622
516754
301322
897018
938856
301325
505494
658232
173595
389395
304349
466288
109213
807003
460563
627069
654492
385396
396844
224995
535034
276530
675043
304083
963488
763139
336742
92685
42492
387039
35617
654688
194968
650398
522853
521741
359064
483747
893493
765386
635152
504694
678957
54754
171968
769072
881616
166009
468333
5391
839788
507501
500572
956906
541100
500825
857006
896446
625594
599475
573395
732582
554062
729301
131948
271657
881624
640537
286081
204781
885574
941277
408860
607498
368818
912166
135936
135738
839660
405600
7625
744940
752351
226051
626913
21559
919330
47378
98076
994156
353053
772477
504625
199748
756694
75559
791382
675832
582999
436418
138999
154736
316734
305621
6866
158995
290081
701343
342834
671869
588635
437206
608453
675087
752056
612808
706524
348895
269817
329123
27520
642512
129156
750352
418027
409725
657771
792569
227498
222479
628567
343979
366221
750382
79632
361751
611399
746964
402348
616947
296361
669693
965651
906366
135222
492283
475051
15904
795234
31334
421796
946415
404524
42800
824929
397006
472981
514646
272897
51248
412731
703218
298762
553466
406743
181933
846706
183559
110351
962643
436745
236485
981753
718463
970630
584764
618286
496821
513900
11759
568646
849166
37080
360475
674293
324110
684202
426076
438657
775377
835854
470319
196063
522852
723110
486930
618986
749233
99349
792264
290623
715666
954283
935481
853431
845958
634088
789493
742978
797633
346607
418905
262300
839133
702409
272970
166255
41199
505810
287519
69061
924213
723524
177819
369192
723051
894365
14103
860505
65468
75184
6974
767529
735830
410950
902962
258358
734038
241902
554957
702917
655714
482344
314882
35513
601430
7018
128289
546414
370326
317901
583929
529973
930371
961559
979799
196844
302985
704869
640365
329592
33748
375221
66831
555618
931170
167566
753814
11147
855092
815500
684775
388365
282846
180172
314382
369904
799550
503856
545731
683910
359369
318863
347087
70564
713921
470844
665480
440445
546051
910449
663352
345180
625788
718041
243292
506365
416508
440951
159688
921225
198882
367286
490920
200493
419191
417165
490721
407958
816791
205070
194517
739019
908618
81420
942342
812326
549938
894695
164882
427696
898268
312758
523676
257816
498872
739407
93195
740112
529126
618101
593132
988101
371238
444191
445555
939065
725938
298721
107615
842622
572904
575610
794939
214416
322206
154169
669696
331728
68250
264972
646680
680921
499930
672934
706045
625985
447629
906188
832768
461230
736933
642493
639334
65042
381252
962812
487405
348740
211539
816379
706860
263292
177266
413926
915160
744235
688329
475336
90851
262069
976125
503646
919486
525900
334335
360055
965311
327274
14206
541124
803358
898346
377148
763394
872026
609092
669502
365376
240825
967716
87453
982415
293740
503781
964218
296198
345104
813679
182927
536815
85649
205417
696672
992210
518633
226781
866256
345371
488455
385832
678543
412842
58122
464282
607601
226488
362412
448560
922906
485537
20220
340651
141142
893714
460099
930316
110213
940367
527624
118319
685811
942177
503664
278209
344646
911131
383805
650528
879248
833224
832439
414542
76229
469427
40424
655504
90438
458323
654144
636841
614236
800400
34585
664750
440448
139702
121493
829638
600406
584629
788772
50176
516474
198610
676002
287057
683379
614446
222173
424744
835397
754097
412468
126320
247395
653587
899546
138594
601024
159367
436730
938179
262854
876036
475509
832833
300512
557809
126599
155366
31794
769388
239815
241719
318824
484599
424141
119980
837356
258047
593198
690443
335793
443403
217058
976483
44013
795965
832711
994466
271139
825480
234046
105427
518238
166511
387059
360504
255034
980149
62459
890816
92827
748135
511062
138534
65601
488002
27091
415014
436852
561218
162579
315483
201561
117000
73509
939642
437415
139111
162513
796773
659251
727051
144112
51373
415655
39110
804664
259367
551697
713272
833878
770089
748759
105563
92020
211682
277129
350697
620186
698963
99983
240106
998000
572142
171969
48797
623842
934025
598678
488642
407964
299007
684019
865602
175733
844772
389221
669436
708584
179874
37482
525485
85820
164660
489002
717179
19718
296831
843395
650910
486789
836232
830465
541740
262955
536982
575917
126847
334779
700453
297468
831557
25549
341316
188649
355363
734511
305612
620637
646342
762726
631037
84489
949001
236434
713782
960086
752636
722415
409553
27764
492119
10551
693081
269135
580795
788837
758632
202272
948001
865365
590370
106464
745249
758344
947784
884823
167841
574915
654009
530834
414040
868054
888011
938354
475198
418490
734850
595233
118674
113364
203755
139424
80583
193558
883032
795772
129740
175941
615161
790751
454583
239701
95954
956931
757325
7984
290590
574657
981232
869013
307392
509192
456742
435933
41954
460009
130114
645914
344877
531406
429425
970776
553443
322059
958499
162053
211356
550093
342547
190957
168283
460014
11509
991773
838348
401771
881659
945513
99356
588717
262021
872074
51445
530947
320483
606879
188693
584369
459399
627092
329226
202850
285516
469728
614092
494904
791197
525480
847862
270340
800963
111617
510946
403473
574479
762579
461473
327835
654304
161432
2772
567453
65874
123076
457451
881352
861124
91135
243319
878031
344451
581262
754157
607647
858520
483919
105465
508140
613738
723107
617020
567399
141522
564070
611748
555020
749562
58649
722343
375703
476464
891105
962588
491414
488973
856552
640694
637210
878588
438306
926301
461063
711657
54506
293931
734411
38920
104778
524992
385259
860479
420186
500034
49209
841585
209279
234484
875298
976552
142741
166834
194276
293790
393831
476358
505820
256872
171355
330666
582205
879168
994219
924571
995101
170925
706126
850775
727401
405777
479477
549875
779769
239567
630064
352346
233535
200599
405809
870886
320472
185487
667689
452884
533637
615455
939983
937960
477555
709081
737791
700572
3510
838532
319551
609670
2836
998276
676380
856709
662718
923431
219123
49639
969818
808654
82059
669595
507259
29430
656224
650381
235314
831650
762555
226468
623678
418599
886396
734164
928286
692243
98170
541344
183816
511035
615809
479920
933682
433248
473658
384586
128333
361789
642216
25776
230673
59056
733518
150742
259571
338690
226095
844799
10548
181717
992749
194035
841939
327145
359827
48031
150947
398091
440302
227657
258295
256090
776598
774125
717433
549303
795850
391929
349786
345544
333561
841698
548899
652073
43997
473185
94378
898673
383106
284686
615457
363932
190693
296791
765321
290458
61367
947421
120580
273523
709697
930347
54407
476245
28001
613075
358446
726460
936562
839399
636073
290492
178698
863441
328852
65646
360924
538000
732965
765557
325118
952335
74622
604012
676806
368868
961955
438253
678925
918690
268421
613824
867669
300699
525565
441503
383559
894325
985108
827747
158229
909351
338495
936076
942718
776209
957224
540337
616432
188790
414119
646530
793735
937367
590992
806839
416435
642604
617893
886296
387960
528897
919532
391527
749776
655852
167644
339821
949995
780199
776305
879776
617366
131726
744159
183278
840953
475190
261794
321192
652027
786215
566260
263886
860480
987256
645784
807539
18066
155974
420308
365517
960285
886032
593659
284763
455700
348658
800424
197491
531186
390012
990343
587943
838491
28271
384333
45075
457825
501395
926344
682566
723618
772472
460688
558027
333070
649351
457309
517395
118406
392643
471731
736512
542880
96930
518712
843152
855815
122306
560806
960292
952063
569162
289115
257644
543943
278558
728397
967666
853783
633534
185308
961407
314249
156860
169536
824045
399700
778904
638625
608331
674163
536761
101062
745702
397604
235786
7461
434938
661900
871407
162840
509941
262519
829731
262833
484708
195902
306224
939812
780605
955010
959497
638115
111879
29076
893191
890375
785322
409783
703998
893993
673999
124349
731452
483601
281331
441741
179550
530502
782606
549126
329358
885892
357658
144894
433372
668236
480770
410660
903352
952277
403240
131203
136586
728800
333843
281703
178286
673641
51636
278234
821903
848761
27539
8327
599199
92441
871131
749440
84720
103393
312446
874907
835122
378670
142214
750519
194761
318321
389882
470620
373194
26148
729129
507073
680403
828953
869845
95463
256772
33067
481599
189730
786910
434389
714316
872631
831350
409825
549009
723169
18453
17208
27200
965358
608047
27864
452270
674439
296511
365413
952640
290316
580219
239510
364850
494621
828025
534992
228803
212406
81566
893520
995008
312050
645950
406913
455660
600816
294230
986221
94217
807827
878241
170704
774406
31331
651162
920648
936837
359185
824655
39529
96136
447447
67551
426798
899639
640894
11600
117834
94544
768185
898895
421852
773163
842095
114757
387840
160425
228310
400594
308417
672249
940283
14952
876717
586886
553950
129799
528386
158273
153081
995472
361860
838726
151585
114441
503024
62125
82054
938924
572426
693744
856405
303468
744211
360052
511932
703685
103895
753078
435021
481342
466274
619283
476156
13630
884627
706355
848770
895048
311240
766100
895716
939349
411641
87919
343310
828429
300961
505992
861977
702689
852374
397783
44396
218184
546362
700558
525630
16787
83786
347591
686457
840815
112147
889996
335674
726711
66373
326338
615797
933492
847776
413362
445366
175986
371915
883893
214658
144831
277571
933692
824476
496707
318896
136826
360227
245879
11412
79534
956121
515011
586524
541648
987198
426808
349785
67159
561371
530407
96520
632677
668122
994460
369101
575568
413458
744762
292223
438030
729185
991732
667996
750972
951794
393510
211357
694987
714783
11022
673253
965192
409328
772778
986771
572998
348288
504302
621558
354729
807424
186338
697760
785362
162773
692630
46931
464994
324637
477379
15705
584365
759567
682432
123248
190269
662272
310685
913889
268672
311426
938848
25649
269711
795495
296793
908081
628827
768867
656484
401264
459766
593680
57147
847761
877819
428426
206389
842807
462044
787642
376607
888540
673222
159409
571510
213697
383155
168746
875070
759936
873291
458034
344577
275965
546872
884131
354599
747771
17285
448075
658671
689035
228913
393196
992776
584158
902934
811677
967886
372860
125617
451534
202724
699213
746958
805417
454698
932629
483409
214355
606491
600189
562210
850257
639942
109260
541494
900744
848999
531445
524727
125661
679522
697353
173712
262459
760027
287245
500310
767346
14260
817382
622422
129340
649700
203889
641527
319068
683312
65583
673740
869088
417609
359389
395961
806213
751683
146082
224958
358137
136813
93730
602405
554747
936913
51760
364932
43487
469833
77152
292016
836525
748796
166073
898814
354217
212724
45130
468279
562414
120605
559764
157719
285492
433309
3684
903554
456048
206410
541444
215236
543962
442572
105031
640771
70602
66641
633603
117636
174012
966054
41564
614038
770547
912313
671610
140766
168441
710888
773084
21568
427843
132805
824646
747944
900659
740649
398742
130546
915640
878385
113973
3132
726481
798298
522600
753093
356974
560245
839366
627010
749431
564807
323204
156349
255270
448127
122540
492714
181391
337684
612845
435784
369280
520187
385483
694128
211843
327554
963959
244606
284352
436364
263417
373721
402111
931049
691401
548576
824780
882961
514750
845874
414835
402494
325278
96794
264939
60899
775444
129942
507535
111948
432383
899010
161927
580947
115174
303654
449285
50172
479050
211481
306795
453358
287508
339664
875659
291023
516462
414790
122950
79034
952494
312970
155989
618015
874796
692640
787430
701752
73716
557141
842590
111332
973015
616099
468861
16994
720924
154876
240928
625451
6868
577526
244191
182763
585291
367828
882326
412958
801370
855021
327041
638916
885082
157500
18497
594624
20211
718787
375291
747283
607378
776860
615904
720687
247737
664861
734279
390779
874672
717351
272437
848611
452249
740876
926079
611864
678049
248602
960647
65259
11091
655048
194594
853825
24838
734332
464282
585012
721527
945399
68175
555783
375857
69662
52088
793795
718440
297894
654663
38514
49254
466714
520875
319479
367901
329164
44335
469128
665755
62294
899903
117962
880795
333771
647307
399496
795127
820992
885188
814287
658363
11248
75652
331816
226390
807696
923338
19314
542890
653872
107426
50780
580098
988234
254756
681149
298211
262123
562131
221456
50171
402683
69285
714767
801846
874219
770914
439978
961776
347193
204837
580644
577669
820131
831423
139083
13635
814566
727355
461714
280449
620145
755581
160460
269129
58667
738564
80071
853744
593694
12366
378051
411719
632254
43547
229326
119210
509466
139977
444285
939253
431454
506782
768521
144919
718530
873317
483267
647486
242259
39599
241013
85810
431836
880954
181719
377726
618673
318128
654827
905416
267927
714822
398709
420290
943635
339333
976538
271417
599630
562278
974037
95179
688609
430805
294032
753206
261763
996568
977765
247627
961676
291145
289392
230657
291429
89663
356304
129189
403407
465163
501051
476655
687116
464542
843323
765233
518125
480712
642697
162088
465657
148123
732996
147829
7927
497390
191822
515685
892185
781949
866820
88172
51973
590062
893783
342257
175809
148015
349004
18499
267450
849850
959372
722537
481136
720698
60392
550102
294210
397384
601454
570235
634321
381006
169377
111031
118484
233036
339863
150506
9656
495289
925876
877991
319857
779073
766270
806471
794594
723373
986910
246042
880485
888929
215986
639609
736183
201278
312977
828599
480323
930088
948636
177654
752585
447777
209213
299349
461611
674708
472831
950983
535828
165614
88522
602175
270533
209703
286009
953095
121470
222751
262298
762416
404741
289123
193537
829988
973782
912846
247433
252439
743015
86924
677609
118748
913174
570170
26158
847956
563185
224169
382490
328129
419746
165506
868889
797305
690357
916227
883420
921973
560456
601767
595669
764233
641294
676
434509
28846
974719
135182
381349
893115
910432
341465
933223
761907
969642
628540
73160
972663
516762
881456
341244
242204
571860
453719
641462
969623
811956
55162
661307
213333
815987
689579
780642
506663
739891
780681
562346
235227
320552
455458
901559
142886
547426
747187
693739
431549
426171
270602
85149
515714
581017
279181
229049
370139
673952
320019
716340
348895
378487
548335
511082
49706
783478
549582
738069
632400
697769
617462
382252
475438
459907
77422
579478
306012
980579
60989
433225
845374
316859
312394
827268
748090
888035
677730
269029
580228
130041
759577
173799
203412
872114
671367
498620
323962
692738
872436
435651
464520
552804
150286
977958
267885
910598
278230
898387
654753
711189
715740
538965
492284
463520
624223
330446
686498
749547
212246
728083
593625
696979
349580
977956
686907
223384
813030
294279
391622
788236
757696
100416
586833
914711
695414
513582
204122
306660
591231
781700
790074
245484
801907
415011
823609
17309
308845
807121
503358
492262
35083
997273
698399
288738
337170
78655
664855
521310
147311
937949
31061
647753
207640
178462
100721
478007
103953
515094
165945
359186
685451
631293
565226
312797
832806
955207
286907
149926
848279
250529
869714
21960
840869
637193
741594
107546
98766
498122
941868
400568
927302
419347
568106
234092
427935
456755
554987
36536
709700
242420
338576
531266
520095
835985
568757
599068
67995
702357
173059
610416
91907
968849
489251
883973
737993
32057
17229
170736
425187
85723
730110
265881
273552
305917
266632
388968
389561
579347
3139
512461
108786
737370
630945
110378
483167
269972
752160
672093
169332
795104
371352
947885
631444
933749
179700
405264
920923
747131
366909
491478
661815
708422
257170
742582
616945
153263
498036
674420
550410
594833
929918
839659
676480
864093
473842
27580
66736
614235
813166
101971
833429
280830
872445
83475
631662
129186
949129
110878
303422
592996
529198
877250
543725
592990
778475
997059
988876
348733
980466
172737
518006
930945
592671
508742
817681
443601
672325
525102
879156
118841
11107
773299
756771
52737
728373
548244
949877
485675
652327
476706
403543
458568
832420
29351
565737
169335
212813
283379
580422
351995
345990
19460
322849
14840
297386
868369
791050
544330
923422
734259
161232
933506
188867
196337
191681
702014
727749
972198
711181
76452
289233
538385
673161
752827
587171
292857
982031
967462
567933
778043
181506
368765
424691
960306
534767
640649
671331
571841
77519
219612
969859
807423
802857
617419
972179
722496
671444
994186
44337
500860
754202
735586
203595
385567
628344
680721
920366
27756
275267
80958
636413
222671
241892
807063
176830
771965
120708
629897
353999
910794
675267
531995
484470
771015
216417
348136
979286
726101
908031
260535
600828
685003
950848
519736
87193
414207
358858
611422
145483
859445
353385
167763
899859
436578
459346
813788
890987
928859
47428
592011
4785
679711
324618
926363
976188
285373
677981
342443
757008
10595
924391
479130
856940
396037
494691
977403
171712
78694
871200
731701
607035
837830
150500
533818
768771
375657
440557
495714
612030
846335
723731
173923
441549
443893
790217
373551
524825
994839
237826
361835
792581
442656
228528
591047
443523
829024
383463
425342
971459
852936
359841
308012
224773
606613
471834
270343
867215
741015
758428
704443
704251
820765
573141
278950
63208
854591
654884
509933
439313
79048
386162
462649
604730
614526
803901
218770
57478
335118
582768
450710
566566
109529
246574
880853
381292
546581
210030
343180
333053
264737
892800
152957
775141
29738
995182
192999
756037
883955
458174
383975
391911
230916
353619
928939
590386
316017
657971
521679
268089
923397
285795
805910
371629
789644
631726
838918
960307
667450
452677
866592
162961
734715
756864
867194
152577
229144
38850
392635
796584
590786
510139
264179
828704
221375
265032
868244
787121
34734
572597
937361
714975
206584
723426
758098
739165
56405
62531
23633
310111
735352
281345
943572
442189
376473
688766
230855
206291
477661
366582
162357
525717
773411
951680
570339
856064
119725
215412
408329
38396
233257
59751
543662
988542
852635
881042
700575
656057
124522
713361
327947
841332
534404
978183
330878
135479
523118
708766
652664
804511
205291
381356
795625
215505
702408
71857
833484
83275
2626
428157
785757
460054
170901
970030
371960
967448
996579
504087
186128
52805
73405
399485
580232
582582
912976
54843
997617
893522
27823
979973
343201
516776
531320
291465
735916
543711
256806
355441
360898
712197
220595
204613
839205
342339
51496
208366
857541
551153
805378
43030
254969
107654
901954
904554
135004
370408
349586
107201
926786
355170
997135
730838
426774
82740
769719
273009
268818
875587
42032
140261
766297
779313
316659
955890
361908
869511
101267
233354
143079
555151
839534
17905
282735
196223
599535
239741
748763
317263
434301
492413
195908
883436
783171
734070
901227
12677
405981
471945
670509
87874
525788
299120
335909
964948
920758
607783
120478
307687
587213
598375
68275
615733
600410
707789
992262
319668
327798
700250
901017
691759
902469
282708
398732
862643
329343
861769
547251
453983
326812
332787
776467
716447
606619
269879
292410
685682
329008
989832
438520
944870
216520
825384
528957
355558
972410
776207
501776
112938
167755
820772
243818
429772
322334
139624
895085
978427
160502
680626
234692
738440
201130
21589
719128
678878
618660
175517
731243
721231
444245
113848
577429
950153
411065
255090
38681
395239
785474
770521
85924
946019
592164
193727
332961
992426
662012
432286
270971
542536
406493
25238
596592
711810
368633
790033
471311
771587
448937
390471
69262
608174
532249
83741
780106
214034
191891
713449
594395
272891
690662
8209
489555
88933
339635
22929
356884
534796
830483
243418
241291
153311
273896
258648
100237
227859
461439
982860
427788
290963
476383
98840
747509
568148
921009
182234
882922
813575
95371
801711
293655
46184
737819
853465
888947
355252
112172
285307
474261
774327
581592
652097
697392
80835
649291
863836
67693
842940
115055
371947
119652
814609
590713
782517
250102
202885
188624
654291
754121
171243
477333
839275
190497
998576
913491
864343
954840
907474
707140
431843
854970
719023
6526
355189
164543
987768
248825
369608
27941
805828
379709
748176
672490
819137
614764
799298
959011
789125
621289
798252
300476
773187
718052
495487
99085
864536
537540
879277
497492
89989
260079
278317
395157
611704
807545
630940
51403
662275
154022
476605
953097
182702
573854
192801
11826
261863
224940
341858
939409
144152
578162
73801
751318
483089
913325
623311
374382
191652
397985
425089
795326
744016
183585
951612
782843
668629
127485
157592
629544
864615
639176
66786
22445
211965
66948
286465
263313
64456
889581
904953
364692
901889
930079
132110
961772
160731
368292
618432
706010
836184
228190
580725
505575
262712
184333
927733
74112
132299
742270
43343
452139
55016
254161
994776
74341
441398
340901
899603
31002
560487
723682
297004
551936
581637
732194
313759
91473
581796
28284
725494
601699
915640
209711
162479
127717
481087
747240
223483
168888
602270
358256
842147
404584
104394
166133
599174
167685
513373
562548
855101
739554
426697
361535
61791
473513
198184
676144
552480
786137
342257
941354
673556
138654
58311
46408
364946
761484
338795
861286
196211
830007
516626
560008
231802
194289
147986
403818
93837
896673
150646
402084
819490
305468
414640
745722
862773
9955
631854
972350
328437
218265
64005
428898
291391
437215
528074
998814
756161
221422
410432
859642
399105
85521
173099
542777
194230
86876
774659
746210
744532
167948
470084
329836
451941
133885
664162
934021
990099
162626
539930
397375
445570
48933
3300
869719
550106
82299
646149
424356
81314
995106
208704
723481
593608
592537
253676
979062
341693
950717
293729
513873
762045
280092
398860
773437
879916
633720
366306
437140
601308
360474
93425
804135
891179
863183
58578
741246
454793
521860
55419
794190
198616
721401
289713
81846
333740
547813
790746
604469
712497
613287
533681
70061
144172
596323
836818
557132
785434
672833
844533
861789
797300
955518
91703
411626
35924
42861
50260
692427
494322
576654
863474
863056
594823
734409
229206
322374
191186
945416
349305
3050
294392
976814
554869
126312
103366
388727
568474
946766
465171
715053
247006
764434
268481
681604
98672
295868
334306
465875
981677
390129
809334
443375
660908
570462
483858
356390
819188
718205
101341
348437
585293
13831
952053
543846
861427
888694
959599
726634
372135
813366
984826
668303
330145
679591
325220
720126
375072
372945
496375
322772
637409
946277
532860
129210
222126
774764
779423
674595
135501
312911
702962
171297
889178
467649
114956
87653
756079
426765
331466
700049
329599
853367
143797
963644
598530
5970
563908
957953
217866
132318
61816
112580
31925
151195
234661
543299
793979
718574
389073
1684
891175
141743
962293
247168
52835
996109
836640
797948
997931
301407
916411
556416
398372
156360
279399
959879
987014
452677
270147
656097
259251
633302
445257
788664
261036
607814
152664
52317
936089
163545
931340
918158
177093
858066
241737
102215
472621
589086
679767
571457
86829
644320
347175
754187
86363
84186
201524
480964
801071
310580
137413
310579
721823
833580
514767
181955
203658
802907
11767
13086
498058
936352
872436
482020
357612
728811
620307
965896
343036
773416
358100
712391
981497
783813
637362
347974
585319
79330
32256
678984
879236
447253
141103
636617
339026
377110
379948
992441
110035
660942
982566
383768
213779
562295
987885
20458
902559
355247
142262
906328
968339
670943
818747
424931
378833
420354
507007
323205
777806
948181
659567
62630
268486
479898
629924
32439
9744
1480
974853
541679
72972
387794
972746
893856
720056
375506
243739
474293
504994
409938
899286
218058
515704
997879
48624
519400
877947
283019
493491
909532
768338
811941
95973
334898
317947
671863
219849
133715
52764
371956
817791
577208
352824
797084
796742
580170
970301
553253
617186
4312
520889
549959
491801
98420
304557
427173
255767
557611
352506
917459
360689
350
451576
630536
33030
945345
801894
170657
905410
76528
646331
247567
337020
452457
585499
57183
874303
528810
909029
306725
689574
52264
112809
379012
323808
412777
184631
153819
422036
630143
495250
954767
260766
394465
441156
492273
137270
837095
781195
256972
810034
720162
867569
393998
85922
325845
811513
273680
807321
15828
959669
479556
727883
180088
362677
36730
211474
682940
901146
496143
34443
703608
734344
381042
259613
13047
970169
411092
640089
6519
75823
549676
833597
931260
949698
861220
556755
539153
518871
139683
772983
239388
518449
106616
669429
331101
637601
836896
988752
909763
999641
379892
318688
919979
870943
967730
98579
873334
832157
791462
734484
323077
122964
738164
840904
154835
688177
589701
204021
276720
892536
774412
24125
483350
98077
642164
366089
418474
146802
630952
295937
906320
717945
407358
167671
465899
310619
571840
287139
619376
777394
531673
618569
416550
733633
205273
296439
268668
901123
283237
680874
371206
561376
727742
140496
486806
961148
17452
862569
786611
13226
573254
881607
530681
515903
613089
474100
688396
793984
113299
497266
293178
237117
278435
960413
20653
816631
242959
407341
822665
202172
192120
801496
677608
617108
623982
805460
532463
952404
334996
417850
130637
19919
160688
152902
11024
977772
968145
256187
937187
655763
520285
157923
211944
764673
287158
911540
449454
550076
27721
712655
77967
827616
613875
134753
757353
581655
4303
464428
904503
304359
974048
142432
576203
674853
804824
108387
39530
934151
21891
122032
751492
1303
253587
31131
889486
190148
851784
705267
784894
454867
934076
180800
914658
128818
238920
905579
679710
228269
841110
377917
97984
256250
750981
215232
864577
146734
998578
650049
442267
891154
874090
10743
904257
993297
766248
890046
358080
942856
20172
91132
876976
432064
378843
302372
571926
700664
860973
462233
551514
285658
571191
170794
685151
933776
621685
814396
698052
970224
597172
794245
363127
228179
22905
370356
660081
474179
673042
80495
338258
152722
297271
517684
571417
669512
552539
142113
158719
757044
899669
51279
615153
479523
95142
227096
162217
140271
759014
595065
576168
40366
660880
130963
245778
219276
386598
547084
890533
764147
306178
413458
776343
952230
535739
85952
135500
159533
746992
353497
611313
44267
673460
289264
656632
940747
517590
482922
805872
23129
335755
430108
988479
23597
477498
182030
395071
175937
972196
545953
468595
860260
882735
261132
393445
942792
461518
218562
944093
373301
53710
250608
323264
968800
33790
778594
981890
49111
533564
810181
608393
488147
584536
181447
385568
861744
597544
720219
467284
158776
750568
133592
4143
98587
640075
49345
536782
992507
805090
230367
912929
709796
142120
228171
836735
877401
331304
903752
670500
160009
457547
536780
673416
521825
79618
636255
121052
405179
16460
274717
925347
130739
309284
279702
793131
962714
615691
404500
911656
100228
133101
934844
192043
519676
343154
402381
591748
2520
226980
516998
397617
537767
480440
721188
624897
810630
328315
186313
139145
491794
984026
146552
422914
711927
515662
809853
205950
191783
395042
311338
295621
623719
154850
282811
24720
354691
976226
887323
802209
11042
704488
993728
533309
884532
954743
498033
123911
784584
67961
377895
247675
704185
280904
126737
669763
375944
637465
593202
256761
551238
405701
794406
616954
123176
892661
971522
513763
988221
301674
390296
873515
251003
574631
857178
875549
592117
522107
661718
333232
892393
905198
499167
424068
572661
318600
273420
291452
829610
310264
327066
513906
550265
695848
675757
335451
438026
229019
184179
324345
14188
298367
122601
430583
150694
599253
838200
529764
974956
236409
935543
875279
300910
464592
390932
288571
940106
608462
809996
523135
703393
576930
340055
838461
43974
389886
372706
383740
58963
801222
652660
523109
668054
648532
153138
920151
283049
590886
210046
520167
709663
947429
315321
417719
924250
272018
713129
322993
354426
472335
114934
577505
490608
290120
541135
431149
76592
46652
190058
894577
569733
370924
883368
288443
775230
351518
371798
307168
646
811726
401616
96697
386513
843570
229312
687037
197363
754921
147268
413308
942987
318463
381614
232438
379100
521503
903588
576598
478588
80278
234152
841486
482277
443071
353458
626192
568744
741009
862969
861798
866818
570369
722194
577518
653063
575317
641839
527990
891835
657223
923784
784944
994496
995538
722710
576402
135465
268572
578556
375820
123052
796223
337729
79847
141622
908789
772088
669111
954457
33056
241665
975100
591969
797748
299240
599707
51460
668546
169450
38196
578039
636513
219928
909088
957469
261051
140821
522632
45274
815345
478073
110629
550470
908204
24856
334031
926014
904962
664861
269188
645524
244864
14223
647096
249638
853530
258486
323731
866124
453164
944535
617804
482347
596012
46106
572768
146150
393199
329165
997422
422197
390676
520385
498162
769102
506769
486674
454172
582207
763160
768580
853580
326173
775205
417993
970797
63190
82791
568032
464363
246883
830664
73239
676050
317722
780571
388273
534404
797600
269921
338530
413527
493244
800568
475575
191817
325638
770401
728018
749792
954110
593516
167443
508003
684729
675714
252883
255918
890485
930191
608394
889846
760718
458890
389904
671130
698698
254626
871489
310433
483406
755015
74297
686870
500084
488913
309950
204989
616884
513809
77693
76721
199423
474291
625069
741979
475946
230988
93776
246673
860935
510086
890200
80201
800720
906533
674982
421432
176893
882549
228589
612811
741749
936914
692405
152833
209184
121300
581692
483107
955355
380629
869623
353697
915973
374496
788790
612363
838134
229559
174693
364776
96080
930369
112302
957558
358253
675790
882044
201023
442680
305416
126491
819477
580440
739961
890811
542186
507206
15475
113236
333070
875903
520480
167523
479429
337813
35046
73426
430596
254049
380150
72053
595592
229715
457778
171313
255508
652330
129337
17591
524741
369406
616400
26542
128403
814778
839278
870959
791206
954280
94884
420586
746258
228965
426791
980581
228401
375603
197435
384613
893660
282925
615038
477925
915846
946133
985999
191427
744116
769354
834521
324282
782941
518101
91072
238986
326362
629218
948134
423668
944137
487947
139802
582881
899076
384016
62750
6307
867257
243107
209171
5267
249702
903584
473283
903192
815412
154394
377931
956617
895852
865745
844579
18858
180314
386623
557835
593235
594109
555601
539732
652335
824423
535923
274121
803487
481656
448580
795192
27902
880753
927977
9440
837952
920055
530557
756600
438003
458791
573158
979930
265000
505296
158915
397066
235371
811793
439425
594343
204141
57104
126157
712557
722435
445460
763172
488101
411335
433024
917574
198378
257052
385581
314056
589656
359440
672290
772105
912274
827674
293491
75453
722800
783682
135283
866661
934852
653920
140631
757855
847687
952188
823592
524825
620965
281045
59300
195105
43938
684605
824562
821848
953127
716769
72001
984454
121645
865767
184252
828551
205061
802096
945259
542114
165825
374844
745769
451258
707843
752941
711678
594973
376800
576036
735512
815225
631088
419016
944875
73199
400948
853029
633570
470592
263012
282224
545920
839653
691541
494889
708184
148859
936260
589785
978469
89626
291074
340539
822087
746566
566459
296055
554267
230782
340644
380873
123125
265074
878465
368576
932285
54034
958160
667811
861347
45762
849557
114478
2560
847337
283075
409018
609482
629417
615300
620026
426996
224873
142629
7905
463904
487949
433953
475170
532866
830087
421193
75471
854226
632775
649100
612771
117549
624398
963689
52059
345161
855776
882734
235838
267859
509144
752107
885374
38247
201877
694840
638583
739307
923346
797856
560148
359113
241556
356009
124625
740167
790076
526785
323162
805316
648572
613191
344787
731665
278055
561650
253425
914729
924896
137634
177989
433102
688052
436097
632025
926402
381444
62166
782579
494048
470747
183590
946294
169365
89246
360007
271464
903357
417569
197570
356111
529246
908822
398628
790068
330939
555744
554914
240777
955158
725510
922918
26470
562950
858370
16442
234159
601264
687865
773968
716114
13477
424262
60843
69421
964056
327343
826158
724044
316474
448825
873087
238096
573748
481176
82584
329259
108928
297790
468906
955911
52773
762452
300845
701446
676557
428934
433993
87076
371844
157689
580122
626937
231055
304536
567012
700828
837031
921036
119251
349601
785937
866314
280172
805058
931035
471942
441110
582043
882484
727237
585983
391055
694569
849296
693548
634825
253048
972548
893921
394205
19027
49350
494633
832908
973234
760149
828483
992806
284309
907192
830377
168138
651221
139798
650302
737801
392998
173540
51411
226409
10092
196536
444374
939653
566902
138557
101015
69202
461019
946880
87288
37372
389295
737638
802737
282222
495394
175360
130750
299121
633718
199991
246565
808236
236956
149922
704423
181641
880873
755895
381059
295161
624570
895581
274977
671053
776993
425631
770722
883973
494154
288893
436545
191974
408687
833693
115174
48964
431987
103199
642567
143136
333663
116045
848635
8106
896504
732337
401821
145383
516985
603329
17305
756909
510642
706934
288278
845772
804477
141243
478976
912455
114520
180608
655857
716288
585828
945325
793211
402289
33529
592756
246676
911894
679332
949503
135071
445865
486974
224457
809299
996293
638250
580937
916042
476204
394986
826184
677096
289252
343071
683028
362022
949692
720219
41229
204538
220268
66020
597468
969893
191066
719688
119812
440920
148793
430744
332048
539524
516940
566530
149100
996029
989129
649871
462800
405322
974488
521397
791127
593355
620666
355930
886574
228039
636807
202470
141543
571665
39311
108995
989165
392983
383906
533684
51922
731463
284780
515407
963013
412702
571512
826904
515231
852495
538325
173628
420508
626764
217366
481831
628902
684083
725746
472066
351949
386200
454284
876108
673620
551915
338446
568660
165413
413190
957358
363728
429412
710870
288275
877533
222496
359523
935568
313620
157478
451453
171406
232581
477296
698821
973769
234451
444667
888853
182769
178220
942390
636493
820720
519651
213846
287163
572427
927339
156358
277734
357730
516722
829884
562871
720913
91735
670951
542533
588217
979530
725444
529212
480281
148607
604240
801576
397653
795791
644568
345508
834457
351787
40364
162137
653335
652285
223026
750261
658028
684829
596758
118250
860129
673452
868767
317408
908236
90577
464477
340601
491799
862542
195455
698238
302808
829182
880193
245035
83488
185325
534850
655443
411152
491092
106611
33956
371375
939819
609037
953171
916413
214680
113224
17487
97939
332433
983300
803623
558494
976711
457522
29196
760179
548441
459961
549425
512276
712006
33792
827915
527810
620668
93656
783544
933882
931152
615881
304060
459597
860295
467064
915558
669343
800465
893809
6801
744636
78165
398487
581638
570386
48999
934949
322879
430223
486615
563360
645575
736984
987683
709531
930621
957090
797388
276454
652214
642353
154566
429204
945154
921771
578120
451944
149895
913816
495876
320412
967242
652473
17649
539661
473677
863873
349059
549830
399506
222772
767228
418471
553789
804955
35100
173553
685015
612257
725236
773937
997551
9102
481241
358599
659291
405789
80051
696723
618268
495931
759733
175611
366303
269471
154727
967706
685856
290817
808862
148872
367082
434616
575118
921090
575097
16627
382838
656310
859072
435283
965625
696494
933765
295012
810061
62166
882090
151351
630988
299627
141000
30685
522920
456771
292404
384322
484668
346995
624611
418851
334525
916576
437674
480557
610447
495909
664669
332852
293876
281438
915033
126412
13407
160655
290590
539016
828135
504629
463188
561165
983511
980710
191470
378705
889058
35943
808236
217462
882291
486026
819002
893949
882851
998530
962678
205288
633476
387333
428687
909425
199514
162332
219273
835616
25386
728970
148125
34381
201834
749655
746492
463474
144279
249528
399668
448556
769830
337692
648812
86414
753490
451925
438153
920290
489748
607329
248243
143037
691825
168725
249906
344446
775341
289445
925618
11811
248541
761938
517605
440391
681818
105712
817863
62460
112081
498643
382397
229953
967864
31382
78359
1696
708315
820743
668917
370343
567188
451058
448645
917760
837465
113800
94442
92911
113648
237548
12344
86248
504253
391131
73436
813387
190908
981749
250713
449149
492873
281132
798573
538084
645212
61512
575570
98622
30163
870804
139616
208479
152040
193449
272527
976645
107970
688340
930906
914265
341671
212775
731008
699205
561550
560985
514789
273196
54866
194522
371861
283851
184579
193784
633064
988842
272087
372391
612288
868862
199230
9968
654959
446686
5203
171193
636278
45920
899374
387693
183592
421776
885334
599495
986926
760844
148116
953408
847651
236095
987106
273171
607071
169912
455235
460650
901841
332326
961196
905447
325958
809650
695712
80528
624198
413817
531801
691991
228381
952677
86946
341765
59639
861095
276930
585347
418917
120787
497490
530117
492668
152343
896176
895315
928604
133593
541836
540533
324046
304685
315039
127355
736455
774640
726460
447078
55177
556931
231551
138807
537257
70887
152034
585937
812139
343474
542894
933261
541513
588204
337806
147099
182611
326601
283646
836751
88112
729858
191587
983887
611586
969042
142453
608792
438440
258762
394903
412968
503261
523473
290312
974988
757373
198844
409649
164870
681000
406278
102814
831642
521023
11564
998474
146549
234700
242920
562898
340091
376702
901447
625740
313644
242001
91113
622705
35890
739980
548245
761717
452425
906276
455414
250872
202763
609790
609846
889300
33047
31378
413686
215830
375197
497707
159847
958410
308361
579850
70728
550064
258634
359659
783996
93003
155454
168991
873095
920599
76092
825752
543013
283354
771261
439747
786247
406675
820711
655440
370795
218447
977528
137165
833750
134491
574859
188976
761521
610324
746378
199475
995518
679642
455665
138330
911605
747427
293755
663376
918463
281836
454699
366511
575054
206729
683256
807199
446167
209374
956630
842965
481197
159206
213533
965821
486459
93424
998360
809779
795934
237610
876781
319210
894045
6742
462628
299247
852102
50457
173461
59016
907878
899506
304050
636790
997284
792712
282414
936282
537402
915676
162889
294580
280081
729437
740602
320838
922872
554522
652472
404823
458818
821778
651364
493843
252473
901287
588950
743248
595586
726385
196674
145515
440591
457071
559879
595217
153914
44825
447252
208090
319621
215313
968951
130255
542507
878967
404292
371084
938786
385051
619806
563393
347504
742350
862949
449170
461735
626961
61820
169118
52543
13039
883253
335069
364942
893415
375580
989411
990502
717697
206365
477825
312651
131009
916498
46282
7503
331961
881965
570483
252172
194169
231614
898836
869310
496610
330146
782347
323130
481305
650313
535360
305231
531287
55330
705026
496376
746268
903781
358096
888890
347075
854268
341237
643872
383217
949839
95690
948433
369959
628843
513631
184331
667768
962446
976053
869630
475348
56145
930
931143
820546
548402
627415
256071
515180
238525
167422
406304
815828
193943
639549
331148
624997
428519
479832
480217
575908
837986
510451
821957
460933
460721
567284
537522
930906
631872
520007
868742
307494
299557
387707
315553
292752
447979
86666
258236
595507
54395
965174
180251
857682
424550
128206
402862
665705
420753
800912
155786
298078
788478
340008
828606
181847
482483
535895
58069
588453
687817
72239
714536
679005
684690
171514
460765
792200
485224
610299
12416
460336
378639
942412
697788
694043
185926
4902
707189
747540
45231
754495
580293
464548
740056
131598
68306
19936
685989
586666
579593
695196
18972
444752
647737
655229
27661
7491
469966
687468
507804
63886
543912
618023
555948
43365
332695
223473
744810
346090
922038
363818
446963
281547
728673
801401
363427
426888
738324
951141
893755
626898
137249
855107
430574
491087
430221
124682
947208
894138
720968
836162
437436
699432
896840
939099
315208
134437
658561
365274
745095
59517
480579
716974
598163
168023
731631
890849
61012
718651
762647
995370
339306
104371
376561
479007
132915
838288
336760
713607
60537
170884
232288
742542
731259
933292
810548
816977
675926
473073
254477
473
406672
298884
215025
685222
297793
284934
407109
295328
387359
354570
78256
967154
691428
580146
384206
778931
991326
419702
595406
723833
931155
214083
726569
567186
291406
647807
793023
754701
718539
597931
352656
749363
193146
33890
287251
68948
48755
881406
163767
502651
337719
802970
738355
105027
67935
306161
362444
796995
207140
321509
469283
606820
667146
533660
296696
828628
473385
536453
45695
890643
149721
833144
553437
360107
461305
772220
951871
858685
201692
214690
312663
721461
540946
865678
836021
674271
624142
157014
143742
7443
629305
593602
492683
493708
304146
600883
507616
891607
575359
5409
916039
466599
927797
181181
480328
254021
579457
149493
638856
299172
558193
265878
881788
46803
451361
383627
597640
186763
32741
919363
647160
371432
824016
792433
930329
228853
256991
658541
68149
147296
426246
118648
489002
914700
68692
378844
535142
780037
478469
154802
417665
974991
626148
792573
289719
574103
379547
660660
780417
626891
636505
484573
109518
226629
29726
37269
103523
943010
556070
615084
683788
12849
3759
34029
386109
206855
446569
792827
495051
789360
769786
577046
748224
659584
818155
369149
38494
752455
940338
576302
952243
523490
943324
980745
709269
302510
288407
216658
128763
162712
250457
568341
283256
590224
471409
97380
703381
757596
520296
994748
758793
108617
779795
348486
97047
734908
367480
411129
134789
235366
888795
384028
363060
700822
695972
193513
579617
283048
272878
257358
654071
877531
464942
380493
975118
660673
474366
878531
509764
400143
727557
241157
369398
464020
536709
331110
323868
341767
154369
89045
726526
552569
987849
100387
731287
588137
996771
442595
697989
495094
94168
674282
622249
790703
754648
300854
312737
920262
239818
832619
164255
621540
582773
502200
300518
983894
288260
163737
96929
617124
766265
775477
435104
148482
100401
161383
687151
208288
294415
426970
582997
562396
706824
339533
319270
913175
499083
639926
452805
354853
419851
387010
30010
420062
344554
558779
970220
374225
939203
551939
268091
629401
468372
865213
706812
790791
894855
153355
647442
77758
105563
198769
416805
668958
6836
892184
129474
373721
175547
654767
40463
470561
771507
202540
137961
134274
256154
452145
469340
803404
19639
487881
54590
433448
891782
546833
56104
411083
291454
811123
732690
465609
467772
367438
491338
853441
494797
752690
477777
56119
606557
871175
340818
827199
579383
474829
214720
50964
100727
132797
49995
943624
573140
625551
631550
339862
631940
627285
360760
701139
456651
639684
730244
400323
127204
883539
498136
978312
951818
614524
929639