688340
893456
767461
978911
46526
478637
642994
7883
921796
398706
886954
540505
222927
275221
951211
105594
822485
504233
859637
981322
412864
815898
329556
34962
167277
719235
420344
573238
778191
374828
981856
737025
187060
13155
648949
484427
247264
162613
874803
208709
32789
362441
899010
676513
35956
910234
746019
19232
603133
318287
693701
844153
188659
535609
810680
403043
586523
833256
441913
679296
920930
731946
908715
559398
300958
212066
396647
263114
548269
553152
715626
33547
491002
498978
766701
712024
740318
946631
894930
449408
186210
853548
195962
137173
220387
207301
652659
814971
64654
93465
825551
574674
860299
493498
143376
755901
545655
721888
831743
575887
832393
75810
559067
29714
69398
210640
420399
986675
440623
885615
612029
775309
983144
897682
840854
85072
989492
327121
729355
485710
941164
393001
666365
400546
93102
268336
916305
435389
65378
36914
388160
623438
817304
742893
880715
781005
756877
62822
697163
670373
822093
640615
220838
775548
275570
815317
165278
312416
14090
533297
200835
795279
43799
774379
157705
613283
76591
682270
622004
80216
71108
47789
180912
334715
743102
813240
354429
610802
270340
64122
972359
693090
464794
389250
563859
921152
457508
100619
39638
297272
965833
420090
295776
263283
480563
733429
388469
828105
447858
505563
308604
457475
707776
444899
242321
146635
706719
486676
867125
783282
365855
844318
910949
392222
207420
604564
138504
343951
544804
841479
206593
105228
657301
322752
608549
252206
487269
546713
451142
832968
130971
928696
601262
468977
674107
584169
504424
614961
319520
407703
500919
108100
788865
602855
465834
488525
498645
752626
308807
581914
210003
196892
789732
472656
837971
364373
71062
650739
366800
887532
249536
350996
139087
728267
801165
289368
173400
204243
367480
820192
44387
916437
446472
141274
88911
922473
414106
812324
634507
234799
14614
803672
666263
531232
357380
39544
991525
375632
857527
220471
549337
145282
264423
940450
362416
711975
189405
83241
35196
638773
276295
833550
405069
559713
301931
626025
524332
418744
689400
554517