188744
488093
331312
721175
931920
680836
660336
142176
811262
220152
791264
304041
193725
271875
334377
701339
698201
412022
682164
542144
560130
936005
12473
499818
16943
667135
891445
669250
468958
801000
526714
694256
664122
309940
598880
704676
856790
617123
906713
179456
318422
536692
5538
642594
524782
624519
62486
350353
316417
722322
471005
165507
944811
352319
813953
705352
694426
301281
279073
773591
398423
451794
114942
853875
845347
120682
733874
900154
380092
56222
467585
234314
736511
949682
104456
673744
160103
389148
1938
523439
929075
274231
118922
888905
727974
338016
428042
932332
481640
439025
677650
380892
515402
864280
914004
605625
820071
543059
404971
855501
164646
532106
253548
875828
810075
418376
714005
499624
778573
157272
77603
904424
31698
422136
37631
188229
13207
215228
894616
319433
408636
431106
922700
953668
111004
30286
275775
945588
27818
720642
298831
442128
27702
395771
408286
977713
875983
354058
207566
475294
979267
400717
257611
337074
992898
893674
978817
757356
815009
686631
253359
937299
548282
604329
164499
213252
148656
513736
347717
864602
278224
685387
810976
236152
145939
585413
266074
464757
978176
777035
192629
809765
941166
947984
332750
790720
598247
956896
232787
453362
156457
496885
796050
577918
969030
757753
727468
200719
874155
135833
37736
154589
223293
468994
253092
335736
964895
552635
367014
584053
159312
394719
198706
869938
924725
633074
733639
755557
783918
50938
195978
611410
899002
469510
488767
931716
65351
367194
273115
822064
282711
728685
722483
411029
928828
258310
325758
733683
330308
181219
416421
636955
425314
910520
613874
703952
463162
48441
365024
916393
1144
523497
582145
307722
334543
80968
6808
323174
543009
293146
476644
322644
91864
702607
178620
932109
742418
241236
878357
660352
72697
566837
964257
547026
999152
740589
354322
934837
572713
551436
769020
796644
481555
684675
185049
496184
946609
131279
370278
374058
800774
107008
9002
776550
330028
527589
323222
123848
1285
458838
711496
66869
15752
584094
548202
146265
852541
771714
563383
32184
731332
792370
399454
949683
749070
517900
642815
855706
825199
794567
118034
425896
458636
379202
923495
499935
421295
797737
514183
53057
556793
871809
171386
218216
121975
5010
613922
268802
627405
780718
552453
744493
887694
588961
102888
296299
8110
572023
866454
937218
975759
110116
758976
161907
501111
133716
845758
69076
694435
76240
901108
915404
459125
378505
962831
103595
403400
193285
526575
739108
737444
353123
288031
149992
432909
456268
401599
84319
79478
276088
641923
539461
853139
129114
563092
130016
292492
70442
350804
891225
183053
548237
724991
268606
857530
82274
954861
465811
259008
291947
195827
536017
369863
513174
732969
313020
597315
90983
177671
852836
129514
252613
392105
824120
475712
627166
800754
407873
916813
365943
834636
773763
951409
154771
281805
135339
670990
958783
785461
244852
833699
383288
619604
332253
566329
160058
585801
819327
238901
201511
260324
112717
881230
679760
59757
265133
497369
601506
738942
710509
886208
922416
360523
864547
460754
845336
634434
242406
709876
475861
7245
177507
140660
820769
931765
536796
92286
633925
898336
939011
92199
170942
789115
609135
565607
829773
82163
141305
783012
516764
463260
577398
541225
715464
130549
83920
423669
599631
160707
647427
826928
260503
293849
392945
656249
664025
852153
196387
189274
891880
91349
250141
696221
836898
676590
653213
707704
41842
35806
895792
40035
73791
136752
34864
721418
753588
62637
215325
404574
953453
653554
338263
421126
685691
474684
778805
358132
958804
189638
883526
181010
395546
561097
308258
750170
620614
683298
199211
685637
583793
758290
104293
84123
890559
855583
83183
127913
391208
149463
749214
235281
679332
35252
481589
840059
988018
212187
179714
137834
897990
616703
927255
478825
641293
455011
874660
828067
387358
108604
794606
157074
751998
787444
277422
415760
640720
137739
266568
54345
416919
733528
705702
78610
167529
394862
931633
880466
756083
56473
915372
9374
311203
78792
179501
473571
336630
587268
27064
357628
41630
806430
955577
709540
892815
146856
140958
496453
587878
426841
296783
162607
429878
982356
308619
208932
314609
286914
486176
540112
531440
462619
712838
953942
839263
56964
124185
728773
833736
621651
992562
23465
919098
38830
382689
992702
825750
481297
430152
531904
708341
679918
857751
274142
926009
632686
572895
506188
210479
738838
304597
253367
263966
446981
827558
429844
600751
301785
940145
158354
561976
296178
313894
434542
913319
203534
471161
394596
442887
87635
580162
242307
497010
68396
718516
656986
384916
229131
776055
150478
751255
617740
687653
737869
814384
42618
676702
453085
543429
485930
4937
989262
233914
882309
221671
248654
301079
628260
373909
814299
873559
295636
414174
623251
525264
730360
641658
230247
870394
337486
875752
193646
83293
189578
84707
448790
860251
844702
112196
957685
706007
393435
836083
610557
246529
398513
823563
946702
949696
493714
613898
978534
341626
162485
276721
406323
714691
86967
632766
944201
631647
834267
713284
37103
522102
423218
168356
774996
914515
969494
755114
242975
197464
478608
407814
821860
110658
280410
983077
711154
222933
856062
478187
854729
424484
582621
131983
281385
133887
275531
501716
430661
348921
334424
261280
917463
720660
166762
398139
522701
133067
103301
420709
53473
635772
896173
970643
935558
141041
936099
113416
856190
490890
445258
346829
575304
651848
678573
623629
465719
740024
114074
666895
828958
281722
531750
591952
494632
861677
454292
167996
813956
751225
899601
539401
811133
755128
999190
664688
794727
370817
405232
628233
362037
730963
882972
705347
942056
22619
672524
34237
485794
61730
117126
238531
45721
126870
644780
471272
604327
582899
684886
213884
534269
407310
466139
897322
160056
956222
308207
799345
579404
399591
543526
176637
575452
20196
290839
419105
474476
247057
6171
369779
756846
826738
722869
122949
477688
681027
389836
91963
309271
926364
964755
768654
580605
513409
232905
660252
369237
541380
850076
763177
561272
662167
638057
698614
334519
569650
834654
266108
587224
907037
810497
663813
473183
530843
924361
46184
331841
311155
608618
432415
663870
569756
321646
526150
658503
447812
459135
200754
178586
474493
33409
149228
163055
212612
482588
715657
841354
330032
11735
509671
213425
21492
336416
955782
230904
886224
628456
311104
343160
164058
677675
819814
646750
983589
598733
221753
944991
990859
539424
404930
117449
662301
442754
59599
548085
183715
720164
860042
89945
426769
554085
794935
589818
850057
153564
587145
961342
890951
935157
473890
24287
765614
284978
53798
839484
419564
638995
54843
718858
418956
432529
651551
586535
891288
71299
10981
285647
474344
776548
319181
845671
846219
460268
725503
585847
618257
760922
40804
662325
647028
628307
139553
410940
260961
504740
283377
789532
857446
279908
309470
405770
325625
438325
721756
961400
769570
54057
182978
775424
981382
93632
322406
696313
434962
126736
123667
514732
29952
481918
196457
342049
668809
201192
291282
371922
44391
559461
444381
668417
266758
991460
718840
590757
296966
195569
479246
41088
258991
225110
652923
649612
641330
920990
608232
334611
986712
771380
356296
586590
766730
804075
547502
760773
267003
929943
673416
767717
193718
494680
352060
581424
827007
422583
544349
961887
568873
282536
997386
452930
277620
338863
457123
901431
49184
825632
548521
716089
773138
760318
729841
392592
676450
3141
899269
548646
677759
30916
191896
788154
65408
122721
517731
74414
364615
107264
12896
57786
185812
751039
809634
886147
859748
533592
736719
89414
174403
308970
605948
546542
744053
325009
630883
31174
850621
728113
512451
474185
300040
414930
466452
138644
341369
199269
522470
422972
395538
980965
239829
757052
657723
197913
286763
281607
418994
844534
95506
653628
399440
723745
964724
644792
458932
182609
637681
69061
136206
256275
178812
572527
259850
525479
818515
758327
720150
450696
49433
151393
384594
154825
739089
858920
471316
737179
555641
948498
470804
188203
656833
438494
589947
200040
109094
86041
302275
964898
860912
856911
438154
807246
323844
457055
500985
224742
894502
197480
510731
448685
604047
72351
930621
434768
869927
307715
262993
575080
446688
989991
137918
749085
299759
196718
905783
420324
927911
220502
528406
713960
288115
130731
841893
625159
9007
72539
268041
214515
306596
134378
903436
590329
376478
916156
331845
647454
707308
286543
297126
871333
179124
753932
951714
321198
463472
881586
676409
338168
348745
54386
393889
55623
357326
967898
108306
407265
379153
598953
50543
701170
778078
845761
110732
121743
210201
735418
593440
129367
528755
307602
507848
366774
9480
108867
952885
117443
810841
338605
598836
811401
79841
440755
217496
923299
567126
447202
570438
82433
656701
633291
984733
399303
18730
751345
283264
234452
261907
931998
200833
153568
143120
106320
9707
682750
421682
646993
702444
50177
427517
949028
869149
727995
619971
149083
593200
541344
766814
212550
304565
1482
31945
718277
651081
328470
875867
813823
681307
656235
283874
190187
367900
454171
450264
630219
41027
354209
91076
777849
43002
930506
716656
58266
251048
882865
154115
711983
883548
475171
966650
387850
186643
444705
420231
116381
878502
497667
313542
594670
137811
831097
983192
286886
567269
557677
613726
315273
441539
665348
710164
748929
123219
589764
90823
225363
561609
478224
135284
150643
996880
293710
377279
617586
288531
992169
958669
381653
944296
866546
765502
649090
358617
593697
232394
135060
633617
957306
693239
456973
530016
153547
588276
557035
368747
566865
679638
35347
479603
858491
621356
608234
379520
978502
420160
622083
643241
243911
591725
660530
748099
645319
120088
125823
899812
949256
193420
409846
469203
963366
792118
319836
32525
817753
662009
270204
716342
587031
801903
569119
385499
836054
945214
182169
259104
363375
65298
460224
833611
468318
461756
306808
897899
969510
693351
91626
113062
347922
743922
538771
936862
814869
566383
407032
959744
675027
763256
724024
598249
606393
100649
436218
524020
284294
623549
729732
233700
189933
74568
110637
466347
920531
453838
323691
770069
815283
350463
642374
637268
64609
431376
823662
806184
663404
510391
952103
920427
439772
297987
726626
869622
811482
860885
981480
198387
772399
566271
454319
981249
520677
441527
374799
404093
801610
512823
472846
481459
740562
615349
738839
439969
7900
213178
795850
436196
138381
375266
21741
416642
518425
666287
958207
904467
504736
539337
119981
123596
500148
459158
301534
831145
473593
998450
582249
13687
789606
81995
275942
835515
128360
797788
378146
921410
732517
724548
284844
994887
399005
880194
389708
738682
61421
707600
59092
183667
944878
829720
247758
73011
307194
577943
299412
521554
379790
56333
617727
74315
662347
313950
715895
213152
477911
755913
293674
953899
364512
750658
720280
800771
702209
687341
538186
612807
75901
76537
346914
567882
204136
136215
780814
553179
884196
742934
643095
302511
844361
179421
299478
218221
73886
984836
765189
888598
747076
741583
670515
81936
115571
775623
180049
979277
490011
571511
430250
514076
399468
69056
591536
448076
431281
484377
384369
157497
221975
90599
658217
642996
164876
672565
432304
998611
840899
599056
162964
740946
938771
554114
422081
690340
389887
866537
540893
946842
509201
853427
762608
379183
701983
84856
746113
162669
33391
807539
281340
693376
98999
116510
639566
414614
169469
457834
826259
104559
546269
230040
502823
554182
477033
136631
286041
751388
865706
921786
989630
307933
385029
576821
669345
239089
511929
89204
343448
841378
426949
768760
636594
308389
290534
502543
921292
548423
961598
376527
55491
588661
489105
453358
536707
33064
474280
833601
677630
539947
620376
770767
636857
194250
292637
432786
971328
996953
107295
776393
142842
384862
576855
860156
118551
422620
77771
699086
953189
782845
953589
265976
535554
758043
402882
277544
854892
87338
820918
509237
747828
443974
426284
415869
425874
336981
533435
395229
549585
445977
594549
699916
278699
1877
104777
619540
634671
209048
184264
291502
59486
819306
904964
10810
340886
143506
232596
872920
782054
184642
486261
490598
747968
808417
345035
282454
693132
712051
790981
70890
42329
465254
721310
136975
725038
365883
832575
509972
564415
847438
77761
56197
138299
19908
282257
336296
53314
582993
98285
396243
67700
906339
870730
757096
50149
809071
172376
258287
56620
434774
677341
956686
182299
70003
360766
305255
843529
132932
182493
596494
166090
809906
379227
480805
207104
676350
558206
59799
572747
866826
670382
260525
759963
415426
722202
20112
23143
327141
665016
322716
824950
514932
24361
633628
745179
508981
860602
961192
502142
889700
757703
722264
710100
469047
408314
843172
725360
624653
348785
698778
606067
46322
927678
271738
135392
251281
136327
467249
629514
435511
487374
252720
348846
122879
981772
64297
269149
765344
514614
219686
506258
750223
517985
965510
73506
672338
417793
689044
214097
111011
907853
857029
699968
755133
712639
341518
517764
650950
604663
429408
649299
820312
38335
180353
893336
101613
827497
277832
450918
104679
317077
435189
84040
415482
299279
890218
28279
188151
578901
32074
496037
872629
172213
614637
206710
710302
734741
66749
283726
844435
695821
326960
370181
912317
579694
481762
935991
440817
584806
609422
149369
542847
421563
624361
37094
979800
444725
619803
219799
118041
8473
370778
840240
986040
484431
630757
22743
291466
822117
852443
241088
713006
751724
924277
322468
273754
564736
681126
404112
644032
835302
392718
229210
811932
849806
401045
43502
520221
648759
64234
610118
180653
514289
878744
858104
61215
866046
315522
678505
652596
137554
868795
644895
970570
700538
765252
382453
342114
850265
137123
403367
312524
953228
690396
881421
795057
421359
779855
724261
145277
559865
839341
225929
380135
545731
542616
500095
941534
66662
67607