846604
510939
171768
336719
243402
437631
740091
324433
818575
180463
438882
158309
898403
665022
896173
26272
691675
982560
189626
931387
820995
21537
705719
131424
633366
140860
302514
77459
450730
32089
97421
317312
759913
74727
553741
229917
9017
62161
657425
161659
372669
917663
333279
231663
246197
925484
97754
1879
882817
271488
58320
386955
689475
843337
49200
960546
847073
895419
765144
482014
455722
931969
934477
424565
678800
539614
413444
499645
158803
761573
787357
673970
18367
311313
154863
615527
292812
660034
105790
176392
299043
822421
473737
69127
316032
177630
925760
40363
136242
667332
814547
296305
628352
634746
677222
803934
836518
369366
191457
925090
575548
480463
798051
542634
668152
198872
643606
155011
18058
973715
223325
121638
163301
395252
956266
216036
581982
880563
950509
113519
830444
547629
876007
862018
270032
22168
109405
156014
21518
590369
338535
226307
773721
477284
626472
58135
923084
926087
97048
959030
321813
250740
528572
908710
456620
717233
607543
135445
614401
120669
685754
231009
632372
179593
310680
421892
943358
401200
416821
323418
290989
975316
143004
837201
764364
805111
190190
193324
696736
95284
310008
216500
162703
23672
76190
869115
788508
340191
624180
675598
884045
111919
280556
907446
841838
850987
939241
882475
836078
550613
985010
317334
15334
234884
144258
88001
468666
539677
677564
272798
670936
597041
986811
213745
517406
374707
563336
514970
501912
670996
948389
460099
533542
785085
297926
481826
60476
322344
745439
328875
45508
817756
885464
406742
609886
998851
227038
218888
167303
136745
190803
980321
554071
92243
400549
393057
974692
68730
365820
170743
81605
818979
19341
726760
252529
237340
543820
465240
726533
878420
959230
706297
106980
916120
766380
306445
728376
870630
530739
384857
531159
667567
320249
478824
425922
163054
688378
932600
666439
963744
875520
698630
51846
616607
530609
192113
866704
800031
469314
126797
934123
599363
934282
90055
959090
93213
268401
395056
627289
75009
523143
811880
942543
765444
202353
868456
950460
979670
746685
367467
120810
891449
273303
419130
79359
136989
902805
872723
506536
590362
90925
517429
311506
305993
659782
867659
54866
515584
910315
802866
861157
342824
758364
140521
626705
672380
927103
306260
740586
152351
893108
961005
132272
429658
668614
772424
958038
188402
696893
899456
424478
295714
163984
313667
471263
241146
746487
378551
556904
89556
565151
856712
279551
937902
479095
888144
8450
742121
10919
849441
976367
517469
30305
404722
619199
693911
60111
946019
857452
854704
808108
935726
71700
23627
547119
935788
519478
908778
14369
367809
514905
819245
210000
714854
322315
790121
223196
451409
395399
559649
669934
25667
756976
206948
125641
719406
818426
471875
728376
890368
165672
561836
567847
490576
529007
286311
48718
682148
914810
779949
38152
675485
290695
443680
560578
326144
67438
705324
921742
907233
788226
255416
93335
708718
706128
488200
225327
230101
16453
278834
515077
817107
243052
157498
593458
770330
909844
599885
464498
523422
92239
927639
745392
27325
900247
735105
750585
193673
191628
942986
386963
255923
115673
697665
713319
492245
278516
181788
653657
611483
683011
886776
403384
987151
894236
33262
29649
72257
182885
669070
515294
945743
953050
691963
554204
28438
439661
239907
379450
880949
520008
190873
389741
462778
145582
330448
762528
663212
287039
38902
942921
359925
108570
323626
468503
46825
45469
227164
152263
200439