592431
803392
751887
661786
244040
977994
662526
237242
476160
785162
972092
380236
691287
449700
468213
697939
57572
88386
406334
521957
39866
77517
496126
421999
869797
125256
738826
591711
562772
331401
635599
845298
221008
546196
426088
402074
468586
258069
568528
496139
511604
989754
518705
681186
241381
864491
985051
786738
228960
934823
50064
956909
719630
473020
802300
812012
390823
80994
20738
747163
898576
123957
765745
766148
614559
4814
78165
3766
84282
160957
816746
397650
704029
612964
289964
828273
868090
702515
628234
61173
338618
62395
305464
513771
170914
322737
736035
23002
966417
588098
102016
358763
138277
103437
1726
383476
132606
204290
829722
394787
538074
346453
993744
425027
278175
653150
857775
464366
614776
78288
137990
607504
165399
843667
994362
284819
406424
870145
760825
635948
686598
239674
979465
102273
922870
56549
204474
210998
958993
115715
76666
209875
883312
973873
873543
589651
717152
205818
778559
534284
651524
808982
163795
936118
767514
622212
519450
870745
612246
151039
917634
823191
945322
838112
793377
551635
230183
717199
589801
639613
668285
329063
845242
867068
866270
863462
414098
673846
38721
178701
86559
558527
304131
762010
128117
419227
772071
818016
923867
750514
386494
748032
373888
817935
432162
147718
242123
543828
482844
17826
591312
497662
608486
931969
539678
506321
301450
792327
941429
104352