842928
973015
720524
778646
440193
374294
241967
749486
820677
83911
492761
918931
989362
421369
856143
540017
298600
409734
516720
672231
317399
945356
350883
627728
709438
2373
501934
480365
211726
71302
545448
470385
979437
799825
14983
223144
749782
638038
410579
355012
164637
136973
800316
682565
383824
882281
641478
800452
67450
970489
251810
389469
54337
232160
642329
210551
120175
465263
178337
163954
994893
903644
570706
733867
693355
464674
467058
714798
508029
819316
36332
667897
841312
510751
177184
949929
274938
238459
995028
467332
818558
887181
504007
814882
90255
787580
45030
915832
194684
488622
709208
920514
403818
571327
347316
841357
440335
659358
212434
798366