929303
860776
160599
638513
121396
590272
38370
445948
71990
813079
356175
67976
806262
447431
508500
444813
187874
529798
251330
174951
226837
215715
322235
237414
295842
842078
7106
661810
47344
986789
42411
574937
221439
767591
618033
389751
344841
969751
991718
334657
282115
737023
500229
626286
873090
36414
422179
887874
189307
157408
94852
345336
906147
806296
800970
669963
861173
653660
772872
332257
148370
437725
938485
283413
723522
600802
285373
409951
687448
80064
882225
993506
335860
911864
521693
441042
663715
937581
601914
561472
120865
315008
160890
940292
451390
125578
841281
137414
867485
500213
570484
64873
39513
8695
955369
589332
160579
487533
896446
537757
630023
88528
577861
357524
650221
549654
241885
986922
845371
236455
362460
630141
829303
107578
894312
284801
612873
147916
481893
852044
878271
898301
706824
903293
898539
129991
825675
672074
491111
502555
142585
238758
588025
183002
501929
768075
930129
445996
502343
213929
321519
850433
233293
781611
813409
324770
443794
462242
49898
732595
60345
151504
163263
776967
998858
360979
129963
332128
59613
284141
859218
774722
174066
60268
369618
140658
569694
696826
518085
523728
102176
303555
25635
417102
577490
446014
947461
966156
980411
565147
316164
379474
332097
174088
582720
430761
778556
771103
325628
56854
415013
39535
106599
542900
785773
724517
476726
898733
88938
65942
444780
823508
658860
371436
189691
688866
642670
108716
53700
292556
153128
128224
297467
922941
587969
33829
337958
725173
659490
323027
367748
551038
513702
673604
259210
994438
381741
340419
696584
98014
980688
488083
151467
748558
912303
982233
76955
717842
465701
916455
967557
406902
481501
459685
294451
487753
28094
237278
68310
976193
133954
716516
70310
297835
437284
943841
90144
602188
42168
286460
725614
144665
611028
69924
560485
723600
919660
316668
575016
96114
176764
279011
870121
812125
565150
122143
884688
448585
905275
83749
330676
664031
931742
698759
962950
79793
691300
887674
238925
374874
467408
695811
927179
212083
426747
488318
268479
75247
595304
379723
900292
51668
608118
313238
760535
80343
165038
213696
717237
586066
990268
725487
490915
141092
627707
22895
966023
415717
828649
368387
923380
795332
959034
481740
474499
826496
554888
858901
571420
842943
756007
344633
581012
534286
367639
282609
613873
466358
36115
896702
184648
311927
453638
760367
252551
821284
592733
387472
953423
276634
990455
330863
560761
515486
761529
259596
45690
261779
853311
713820
645025
425812
962221
388986
551677
124404
668003
297387
711643
17999
795279
628620
962028
25229
389660
66266
375302
781811
160776
346462
10369
175525
975379
476275
46850
575676
22803
63797
100180
230592
925156
771912
942513
963842
897277
150274
9633
964633
169695
206518
592378
343351
311782
320414
939909
570407
305858
69860
965505
297253
590271
971277
709761
405337
775423
581187
591472
282610
631690
412349
60085
672155
2556
981517
427633
136733
960925
673541
448549
612369
96014
488519
756593
744000
329182
451752
671351
375449
770940
191681
243806
498702
856071
843090
469043
748875
91138
784658
466729
324243
445347
493399
589313
418105
826954
610462
992325
860601
15247
76600
937646
751537
231092
563026
959141
939775
577017
309983
853095
528376
61071
405476
179073
736257
621284
535519
441979
402382
960477
872597
24209
928821
687970
888631
810332
20398
915026
804912
513424
108009
763160
576526
28766
923532
837077
970506
739578
839368
499581
153205
262455
246423
382782
392065
985101
197396
105050
878570
621757
207478
719894
209983
945035
744490
608586
418705
684074
842829
272153
162679
257526
273027
762939
299130
909211
84599
937974
939940
56275
837039
572524
849952
950284
185418
643277
225742
869095
646937
646572
490918
348189
678552
79087
186694
373372
795784
695713
336217
647631
412714
105954
677286
506652
757721
206142
998770
764167
215108
359130
504531
158548
508040
236554
122835
340618
560102
379136
302333
839155
971942
550624
380871
575295
887559
724207
533211
348168
160673
478121
797316
545904
938073
372913
794610
917606
456513
651683
913961
803144
206218
878661
390924
78882
477286
902621
203394
913429
719102
519836
636291
83667
397261
276472
782977
444871
595224
740375
476981
889425
724490
973671
844356
370095
732143
325066
258510
938615
11021
654127
696852
528705
314779
971004
358339
297761
235807
25127
123617
885265
47207
538596
562963
56878
826147
810169
710472
300313
723293
758893
121478
611646
170775
985886
118159
159345
90816
987890
683503
835764
413714
315430
864037
669205
477387
178754
474732
643060
32325
828397
804197
283683
740532
790877
260834
70950
596796
962022
743377
941017
40493
891060
84163
344625
983580
564948
663064
225562
273631
23788
334665
515072
512868
181835
837586
353834
29166
658395
293818
231232
647214
68467
844864
888749
359930
240201
515428
45151
233132
749317
885263
669867
803994
353968
102431
379534
719405
636555
363475
155855
388640
624892
601872
921664
251863
195043
638222
435299
928857
739852
936418
224808
888748
899069
725928
502932
937164
535150
597516
859646
29767
704216
172021
261172
98232
981030
120463
656954
905054
409672
956852
72754
250008
275111
779383
430807
809791
243251
488844
87523
806880
725335
556311
664401
422676
387406
548367
800637
761214
793807
670415
317351
762017
946788
610937
205334
482075
679193
474887
612889
492546
501199
390768
90280
852058
894320
474355
201578
574512
544444
619266
485584
552405
251074
808526
986206
324090
970603
734187
309898
135589
255729
246177
710397
197390
470637
512014
292214
431448
65229
175803
966734
554415
257764
880313
642262
652538
80731
804343
6044
369853
15109
530340
858765
272463
273873
669435
744820
380850
241816
814384
6432
462932
739478
14261
412900
797537
226358
313129
954872
672067
401542
992286
585469
150519
761738
702021
457438
505037
637292
838200
21074
678780
856721
492004
560446
626527
685958
63057
956150
733776
578905
595408
105252
202528
451332
875712
307265
992752
581125
960956
566465
209519
194697
443940
2380
206320
616134
975559
472230
498726
549096
629738
710127
473535
840227
853560
994758
696667
103719
682565
645641
719336
521010
27712
948280
671452
985087
898869
40568
908557
379868
425981
948467
700400
158873
433411
717660
144428
381020
116531
226768
283738
539154
691008
471448
139868
128448
235026
109131
716823
153911
356363
82001
49102
700262
321973
56834
784028
287497
193162
565420
50382
997056
583967
282996
651610
227578
235885
898835
142080
854224
505981
845762
467388
362606
992944
23409
975525
894572
465320
259952
755878
548219
191127
569073
224406
357882
832802
312804
53173
782120
24561
739842
374917
924660
100693
269158
378946
675569
293079
764949
560128
840037
151129
568030
881569
162944
274795
621661
782831
478570
917869
29657
259868
589877
841180
119437
673299
415410
255547
239300
46394
942431
816414
564445
548487
899774
650454
199854
826556
994689
749748
821509
932544
925729
660924
82890
920988
730189
77160
268160
2830
274304
43989
515050
711501
17707
842254
588042
351643
228434
910708
508101
620032
88755
522758
929570
265064
84768
784979
831665
596635
10734
311033
426376
709204
164294
565656
676841
399745
206616
534745
399167
8918
703600
369109
116103
887182
798561
333219
589452
255808
862749
54017
481162
124506
503654
854301
65140
496572
205343
939905
11665
872691
852348
391386
526529
42832
765017
114915
638046
249829
178086
278259
146878
909339
470079
719455
665172
460275
610009
645965
5942
177495
954904
110614
11641
871452
869246
811479
598584
221079
290175
222485
195444
134809
964720
969866
340245
329224
304733
452304
307599
934171
794681
194153
465568
509169
736432
231721
122101
620111
951321
315968
795564
272052
709639
516648
729909
55515
572031
586535
184657
148685
401155
336833
369213
572256
106125
835134
210152
275279
234328
6867
133855
636215
211543
842544
347721
264812
228617
854821
126094
971830
911972
608178
325652
738091
965358
517673
138145
487082
198827
805378
710628
761777
932529
741371
85135
484316
421975
634922
885341
753019
36748
6561
210033
65934
59011
53116
355615
397984
779852
405705
48067
550077
437630
783701
489935
572240
331089
378255
673571
648862
932936
236571
204181
32857
351563
911094
64272
280354
821843
20865
392600
632350
229310
659372
814891
689524
298370
924480
890051
551264
219774
699016
514233
564471
384492
914525
900163
173559
489587
842701
129310
726922
239513
611176
734919
874968
606230
962854
912738
468101
146563
375800
951166
948878
952113
423786
502064
59195
74199
223537
160092
54082
637987
296215
299346
291640
522033
53504
795924
735668
473817
810775
880374
965570
902115
975130
534942
720641
876310
771008
856427
273882
507502
21955
960242
534109
368043
914189
741540
435833
370566
966275
889931
312024
156287
779496
272947
600917
873169
821552
676133
357723
174983
231842
663503
800475
701288
414120
113023
996969
89614
929718
621646
251060
383189
946197
964633
980704
197934
895627
397227
642562
761939
202345
308535
126711
558933
579761
264320
306465
453777
899169
485211
394048
307585
926560
129420
511848
705966
951236
620558
16612
748931
852798
785263
971368
117054
202403
242199
4715
1919
44311
985577
694825
643
497432
745601
269811
268074
394788
784222
505905
251508
967880
553625
267894
56970
914439
752723
590462
10681
980643
145710
928455
876921
523979
885234
253512
329131
667360
402127
757330
726754
215717
221250
46914
568217
299268
641104
85728
308034
677815
828847
229016
898302
6937
191236
778579
249320
217994
775815
591024
634635
423096
808387
502436
566068
548241
837114
507371
23203
957442
474214
17257
450267
347626
663961
811234
645081
772512
579398
119506
614753
199965
89624
720107
738803
105352
420544
421801
269533
754525
896012
247443
448362
319352
750707
39440
384952
788164
241773
935586
993447
313275
623423
201796
228269
550616
946708
946844
76807
99041
802311
420573
301386
199434
598078
415997
305048
465672
460848
785101
272622
639092
921286
559098
615065
178135
960991
17246
4040
268632
482734
145092
828413
579775
453567
422071
851166
833509
810839
355333
144232
312506
165048
871701
301763
990067
292867
8610
670704
668366
737848
956499
371934
607811
783641
139001
190364
311049
509614
410596
710505
699265
583905
870754
443432
186883
125577
291541
670320
369092
951428
240304
977343
49249
636476
62990
871886
803850
152717
399407
597119
448078
709565
361103
506419
303294
972073
16613
171320
340289
36609
845429
462687
781556
53162
658002
497772
676603
326530
196916
203303
9257
604096
47153
158544
800776
725880
936348
600111
543749
604350
58551
206089
730491
315811
774421
833775
196762
257755
218897
703856
242355
232895
296420
127918
166436
420909
304743
921998
714395
536909
485862
939721
340424
327663
313629
453344
631651
905040
229714
209964
770455
78076
824974
764563
860938
531405
730937
286295
921354
518673
322385
739464
80917
991497
69639
514714
65732
117326
33334
395473
843094
17807
19009
376856
406613
659061
649735
893938
849895
22183
240837
871624
83124
871081
143881
741344
831982
157407
978575
554478
693057
176624
750778
915717
661209
199558
524720
104678
579467
208113
585362
835961
394145
194475
540631
706841
70917
898678
13956
310346
757256
743970
587018
822406
668624
994859
163388
779508
382620
330558
557355
978618
659189
733660
43551
304297
102516
69528
467701
774999
324202
534330
13776
806667
853935
210758
191613
897168
528266
349718
733287
828908
188474
891236
539123
946859
440991
493860
432121
424468
129160
41806
178656
122877
818138
633465
386453
415546
103257
45731
217960
24433
64662
932749
365123
582537
969205
428931
95815
742849
809434
655290
172420
687517
712176
770065
449685
763962
185877
264634
776087
963971
855142
471154
424900
322748
383010
960556
662063
554172
189565
479052
25694
706232
162756
605582
575487
101305
78631
584071
605065
311920
665256
909636
310256
698080
653471
109199
755268
308537
778855
633616
358247
827525
545513
978767
668073
529467
200194
111575
631426
431473
754580
229814
450923
911727
742438
505314
256537
377567
281593
818422
781079
558816
827624
161433
867455
927609
261818
796543
621972
354346
506824
729737
466431
195871
998085
167112
259620
513342
677231
820767
282913
226847
434065
973382
740195
680987
377650
868907
727972
30525
382174
952051
888837
134870
101646
44062
824963
961133
635190
222024
583449
178578
430572
870411
804082
653523
662896
181122
537290
814984
183836
477673
214048
225929
887209
113824
681178
478592
757723
734414
391029
242073
153995
698914
643238
464790
416335
732533
591698
997694
822215
66699
305703
602613
399495
324089
770965
502311
607900
759264
554285
218974
929533
93335
180564
522484
913744
236775
291427
496482
228693
25199
799327
697718
798515
373928
532624
471203
157405
190915
14144
11827
778721
116463
24273
25111
943949
700662
566843
216095
614462
744647
625378
877316
994310
813454
776528
329635
329081
268479
148564
591109
312084
910899
266998
605017
371339
258025
862869
532483
556718
33837
420640
682701
371447
391190
330221
731387
401522
489512
285113
458365
46345
994202
46269
955326
606955
112755
667241
224026
339289
657678
554623
727532
165005
958012
428879
47684
722119
454216
845643
252152
683957
940117
187462
388754
752510
560100
824718
842279
633515
421618
378466
822791
717682
780606
793426
443664
772641
183464
502258
646493
608676
230965
178298
508764
952306
557231
17853
97085
500570
787178
988996
298055
625766
484257
306887
133509
846441
992702
638791
859421
615594
946616
179914
587584
599853
10519
168244
427389
17370
841491
897535
270257
376269
587354
145815
532185
258169
852977
561557
95880
774201
226546
884949
53107
816181
36403
829878
307946
175277
612295
690861
915425
331237
919454
148678
127405
560045
935560
134265
651978
998028
241174
64997
527512
650441
133601
191468
125543
278933
302500
616362
313511
515928
419140
946578
982978
841942
694641
506983
965829
312574
417764
358484
685881
572047
983752
753194
18960
291559