524110
718704
312232
246765
360741
934682
969583
863812
24522
798866
161076
234664
109117
559859
65681
998071
805183
954926
625864
147919
884265
914571
641719
437853
284154
127229
736553
810563
434094
543840
558536
5925
372169
522833
835889
838801
358131
528746
660640
538824
412989
875992
765258
528301
273921
86043
485898
58441
909288
567322
432947
205881
155206
220001
137284
595253
313695
479352
428153
682237
259277
960353
577214
511585
271609
187821
883710
826798
600199
739003
139674
409072
420942
484878
191094
236905
777540
522122
636909
926860
58233
818635
732388
188406
847738
839906
281020
515946
63062
483117
732385
156487
613821
459858
440128
229769
68611
468952
348629
18872
160708
488866
538978
598704
293794
249160
292347
273166
202666
792915
620222
88500
837397
808533
159649
835642
743786
241891
786788
17009
21185
586545
77925
71573
309794
570312
784274
164558
771979
479334
787897
969443
648592
359026
962747
478460
98909
718426
579103
277714
30295
40715
251266
444725
156961
916876
451884
555129
261691
798392
387967
910782
792324
752534
295881
756955
919200
941462
38200
727783
964532
960042
244269
647971
502862
588223
325865
727303
830114
741271
285092
514792
209711
451205
714236
857474
993153
242244
190410
443304
830095
789299
60945
992837
744708
958129
22352
432334
29659
261265
326455
556550
244259
580666
155894
663469
11746
673246
593776
973062
552278
366165
893774
919236
633431
437653
569840
286416
670424
647440
666303
472057
216716
391082
618718
28921
602853
92502
685375
177952
825015
401484
434322
892576
913787
103273
900503
433780
223024
924451
165269
819309
523996
495590
185123
683738
193521
408848
759651
685843
557194
964486
956879
621794
324884
943281
834667
129871
568778
93593
79706
799751
150936
17948
803597
526760
568801
576778
552214
230763
160348
751328
525531
131119
491161
100704
610341
677278
775586
895305
447000
206910
884284
708472
576253
794006
297805
332315
707515
27386
674327
934413
525989
880246
840034
379988
268524
469075
32888
427443
599669
752009
832650
223723
689286
641665
893232
91157
769049
142212
350478
808277
501651
930694
329746
401852
402190
925065
868569
103612
354579
705072
309553
135432
650467
109793
521977
785352
495732
52885
609573
645174
295033
535743
680350
977560
881498
203222
756742
425306
796163
513
520025
89735
592088
102814
340847
54756
562566
690223
821662
723753
497141
577506
884092
904605
167322
836284
791234
557133
942312
280929
811596
186088
800806
418626
167484
494330
910044
587939
952447
679363
302183
275144
95079
462451
85100
800764
189752
994117
277993
212605
216574
570933
90471
410119
631899
738079
412364
927931
761695
691574
419789
703852
309264
568989
229120
418503
359689
979813
357711
802204
656062
987748
26952
87885
225693
956590
69330
586449
700944
175859
435131
329702
239263
977333
95020
368849
261555
452324
813950
854483
946229
186007
110821
376874
839701
884329
315338
947456
778919
263726
466167
401716
303463
991441
341164
968516
949149
732619
22606
656852
359516
584258
279679
28381
881124
97916
359561
196149
971943
3966
533491
532470
719337
272389
322614
447118
851520
539232
918730
162403
564155
396712
322905
901921
36895
379550
330517
544225
355532
582623
250405
398135
993087
212486
905466
306584
180401
380190
96448
614886
477020
446722
657649
421594
424861
527188
45891
433549
208501
872854
353666
580579
425193
39336
707448
672788
809162
282270
694920
89432
203855
178877
968090
19631
252830
744787
85232
236234
258409
696880
17879
858585
363253
290500
76474
901490
34102
435926
930449
843227
497879
762527
998838
250804
33237
679233
338648
445316
364363
609895
779400
488542
90312
131642
572529
591279
315292
41852
675493
518247
499954
210373
64274
364162
456151
612056
815123
350578
645209
56098
386403
258155
913994
649294
540780
287754
622820
222023
166781
753315
7430
145099
387355
124518
550749
630697
41134
62828
383326
589463
748636
624292
979503
900082
310003
107349
35813
789842
18816
570703
853096
429065
200125
594930
393715
103289
691622
962010
546872
148751
648492
535974
119392
228448
274563
984164
329712
575966
200150
784602
276999
619510
750042
946995
613316
690762
944896
166021
61572
833798
103940
815739
542409
475873
792227
933092
98294
644978
90217
571350
428662
857772
517480
126656
494141
131768
909189
369100
485607
128366
891436
493677
438076
743343
480547
733130
844757
374561
302268
893510
631192
45000
366181
813164
551006
576638
375769
483572
277814
433295
964921
449588
463107
893299
988981
918822
68096
57448
330788
823442
146084
331500
590260
187160
959073
741140
587579
730908
317190
166732
773420
221710
129028
401068
303845
258772
691085
764658
403684
27735
580184
817186
594202
723943
249537
325687
172568
967244
144334
792900
406118
470954
713997
702636
85107
689808
574936
863610
299878
267421
916539
891550
990674
221327
26988
853189
914569
304361
255288
473300
851015
176384
997439
15680
143375
144547
643030
665548
173460
233637
918410
507296
634893
797833
43716
763715
863211
912520
130248
289717
252647
138305
866839
900012
929588
242878
792693
570921
223572
649374
265989
512053
270023
1253
452816
628669
553886
826012
817060
798791
16621
251238
171609
654416
737886
230497
296943
156100
107170
870581
74451
514969
556291
214972
162752
199497
443222
765774
646659
974698
203532
527400
791319
497259
131047
937400
443374
629037
488585
446663
213905
37243
743015
401091
880350
632232
540253
675368
56305
597252
593500
876427
883550
124666
857470
511235
538714
86281
68410
344500
230457
454493
89523
747577
455313
610122
67051
123501
839742
930788
296852
810774
320831
641149
328647
705391
91134
934140
375566
886353
249261
519254
456987
8509
993484
268780
323612
902088
356807
735297
264102
877348
222011
876182
889358
212614
498457
711268
371223
627513
323171
693238
970309
966591
752276
6304
808464
618079
31772
122335
432244
212560
813449
549263
987813
336448
209025
103555
907168
400001
449516
194628
536157
743313
345518
421225
936161
8068
646802
848016
267439
266832
234434
266614
765534
687349
125107
224953
673990
496007
618973
260135
169748
755481
74216
57346
810814
226056
558946
934739
213200
952545
913901
788199
379748
490480
295798
115946
54575
935526
884319
150879
564600
706278
354367
69946
104805
475372
337983
442138
443118
387482
136805
650086
480946
422753
961709
611651
933992
15112
790227
294831
32238
281180
344302
923197
657277
294452
671734
210477
769214
68000
615590
959271
567477
437998
481789
365076
791003
863768
94750
520410
118091
17741
344215
161842
571410
260570
972862
50023
924457
899829
46903
369133
992830
503014
598227
920155
793902
386515
176979
280006
290256
330982
215370
16316
887787
522845
328608
28378
984199
855661
897331
950922
750241
320724
269783
120541
166648
813498
358462
942593
822788
963139
384179
126879
493830
983028
288192
215060
859514
448063
862448
110281
181546
40300
452143
343793
864604
344486
375821
767646
525100
628320
86433
654657
343860
357090
853770
46588
174631
762932
153233
23653
603069
930021
434474
448346
109192
34680
552026
904252
599142
294892
734194
789066
230991
14695
363961
637146
81230
477822
497640
303989
856653
825764
580686
997328
997641
974764
342804
759715
356132
429436
332891
276136
469465
809936
843329
440690
788874
47208
516419
406632
186293
109520
337660
778076
741829
645194
942860
373324
909637
217305
964756
64308
456047
148972
81821
727117
705379
757606
629976
432550
32115
815366
879616
272798
280219
521016
988060
200699
630350
265079
810016
370539
22827
447005
125555
445588
477134
441096
238860
438682
118659
88747
862901
224301
413910
599982
396530
60683
525062
331075
569595
41177
86360
798791
72612
686362
161031
466768
237341
864393
864472
994137
998678
116185
229068
821511
965627
161287
319535
728983
854301
953368
26126
602791
792432
778421
745925
860061
838833
208351
439926
374264
982624
150736
103254
384049
941803
768944
245857
643597
755179
940016
444654
139778
553927
969927
213149
484611
333942
498951
289836
115754
341411
197531
263785
959169
401449
91167
629634
936238
200061
80284
6136
890808
153131
647071
833522
234426
142841
706100
737902
635427
165928
91396
883090
459238
96408
552328
865185
333381
66315
190697
378953
235510
990210
54134
53464
476271
977923
377217
275535
40019
315708
948183
594319
447801
753794
385177
795120
712405
962546
103675
999921
204549
345464
171993
526793
211322
819694
376305
412444
624705
56860
999745
771465
227757
421534
717118
546976
36899
64675
48430
272433
505538
683537
222563
646655
961004
524038
620180
103956
71222
196602
832921
481070
220520
73408
62146
825943
618353
156395
144341
382994
557738
253069
246627
915185
466757
217563
432518
742660
710290
264172
284025
887212
554349
129504
250964
462413
931720
828190
34978
54242
317521
157685
524769
673066
668927
680676
469589
362176
660158
591925
610505
615880
407861
630723
606755
367877
87600
324765
341411
498376
841263
196995
206008
518723
648714
106701
166335
286460
393471
835435
968665
895965
192602
137607
356967
935592
96320
819719
435044
418247
98519
655150
690592
59649
397973
177890
757653
39049
698020
847176
970280
23025
962799
355787
310461
138812
175180
107516
305399
187856
761286
194260
110795
812938
210309
901780
72127
769260
487836
1165
219333
889393
964463
736572
267886
970242
153983
113485
683085
757953
468692
841024
855913
464513
12230
858153
700318
723929
69479
996241
644496
725070
743632
361403
174413
614317
977031
637697
706878
539578
744522
802204
26378
23490
726971
952578
148936
995341
446695
213033
892254
171248
278452
336170
719611
107071
952615
578689
828717
771999
656
585713
870815
623288
804115
261764
289651
208458
986579
615600
68280
164823
462524
906773
624072
764542
826413
320867
682241
592680
870721
401689
779550
64987
885177
875240
324977
50540
730439
500086
658303
744465
332985
167102
889336
598100
685824
282708
23249
208484
148125
557894
986752
156806
828327
752094
88467
277801
601979
596421
559662
400214
522368
389058
833951
852742
537109
894047
885023
15373
56730
606892
912872
240757
647128
734685
481517
478694
903694
50254
20539
320192
887129
269800
799914
207307
430335
588763
223807
561862
387607
287819
862498
358492
483737
636679
570742
102516
642558
5236
152858
145959
557203
481992
999676
967117
202592
131058
981461
26480
397615
892503
338756
378018
430267
658616
31179
29291
539319
49071
426016
275098
100023
464920
643121
301244
240383
301901
312888
746155
494503
574153
127094
939646
778535
863982
834767
921502
279557
469089
940289
536888
22744
313875
919170
679694
146999
883419
331958
423657
919683
645247
738378
230825
478926
583378
882096
879932
36007
547127
112951
778477
340996
394179
728261
174100
47306
5377
593716
921900
527419
408911
36935
169281
298684
25765
619720
485320
624194
344310
749439
469961
978777
841327
448784
459639
786577
264028
366386
923808
677061
341802
590088
122559
157641
7111
835230
993071
668719
409957
947137
416122
676342
195294
231867
60048
61264
504370
549993
200659
248335
318443
29051
360911
61483
538593
232008
522247
192242
507354
73868
552170
143564
113417
423935
17445
216810
122999
227218
376018
945291
919999
319688
53262
804587
648179
298031
131112
176968
72221
417659
404724
586193
599136
406013
106112
631918
69244
546117
971230
583335
895535
864465
754848
198898
858553
730864
637410
907995
234105
238647
380609
84370
666291
404959
954858
452492
848179
725562
230669
774423
88650
111824
430767
109567
69175
947930
650655
953237
152674
279578
801664
192226
164161
710293
822981
387560
135645
64430
70140
322193
328303
999457
285441
958327
884388
998168
493011
710479
226176
127597
322179
603954
663967
330557
307912
980106
924374
222949
928368
621845
843639
397788
894065
937177
761523
265133
149918
966501
99546
363599
108213
22015
280255
806498
342101
720879
44599
306760
539276
800871
446015
895966
299918
299725
319037
994390
288899
498343
216863
715187
428023
344994
24800
807583
668213
677055
490153
907500
915117
642651
188884
459749
46674
190297
309323
113105
172737
694318
913615
225988
736859
19272
625877
227169
558451
351708
397515
122223
738467
547402
114040
918551
596089
892912
243969
606712
827407
761928
841607
286567
105464
407550
116846
662278
515926
415379
180665
133375
64393
727335
413521
641438
472514
653414
869092
300104
286773
849426
776298
107676
58797
446184
542659
694181
236089
777970
644797
583993
444420
915688
995249
80049
935939
112772
900300
706756
33287
305825
407660
999234
941554
791055
830688
533035
61062
359670
199058
471274
130841
615395
328641
359729
557349
601012
385062
502514
326268
173788
889336
202551
876248
865492
706507
418462
189456
560671
61523
396149
491751
807223
295623
663022
915327
496601
952865
720447
342187
682
640066
490904
417249
12229
849009
311106
802702
566754
707716
571921
252100
528676
945111
284677
184079
884991
81145
586755
308901
434051
646247
153643
916475
381130
856048
771093
765556
948986
974391
926317
424436
875256
382103
900072
294355
106730
436257
921762
373742
520870
443776
138198
6167
764
543934
81657
414764
117084
435231
712435
990085
741158
701739
170427
125767
271629
627530
282958
130390
940774
878663
382795
808807
376659
993463
252526
983603
605766
600179
452007
194951
597876
657024
202390
835576
940312
341712
176038
805749
163297
943010
378243
592309
34170
636612
981433
659790
183091
916280
61418
628775
449361
6965
853996
724934
206703
717316
197373
464643
534671
793675
763427
715998
54977
292519
163237
725932
324526
429874
736159
367852
132545
854116
639558
369975
143027
40661
668729
162838
110962
361568
757311
690414
604846
620900
136355
297814
920128
365156
255657
623497
818231
472078
438508
161079
945279
443225
66069
12726
657776
966023
570426
760305
178570
999056
718033
846279
353731
525583
935201
518334
953445
632545
802284
379762
298360
974918
927131
443002
745146
39559
481672
473394
323360
780884
655253
491364
103354
693628
214810
857042
58100
468425
330870
699747
163128
269750
591302
795624
92721
733710
585780
181897
891755
645027
880871
200336
192278
588327
13464
568594
236393
100074
371973
286325
378340
732400
904190
548195
503085
338734
897180
668170
447644
87073
127697
752461
464338
911628
35739
24650
313156
82956
658067
834632
381078
988249
191778
377725
24802
380827
995218
361850
316375
766374
613506
101172
808126
285268
750900
250032
831896
902526
566528
420170
799396
345623
913132
722081
465789
805732
344531
842082
694303
220507
69441
543280
201546
441816
878689
911725
656831
910134
954445
475944
365095
162704
198789
495075
150611
549396
834940
197631
157726
543744
818123
892102
920815
463805
181960
371029
906523
305620
326130
433124
309799
975249
843971
947956
895467
176627
941608
147156
811217
591372
344077
57295
258877
20732
980049
744757
740551
543748
997785
862148
185699
817097
515457
34356
457122
123304
213932
352988
588241
504240
680764
270468
87231
982720
789341
7624
566301
240190
438908
220965
305918
526065
636886
333731
371709
414716
867627
48543
921533
544760
921489
562036
630923
879020
933796
351558
65312
592492
65691
379306
910020
98315
70646
488117
436876
646845
885523
352992
293444
660110
73248
427413
989863
583545
63147
987352
366219
612262
913110
490901
657754
609732
964454
656642
594362
986302
805690
976368
129102
556252
424216
713972
449110
468153
716899
548524
987634
885917
617577
14448
224772
162294
452249
439383
254194
221880
851793
112419
745035
495054
633494
393226
829569
853499
746845
763746
905620
192914
264966
19367
854736
458126
252904
967916
369261
2127
173831
487005
73876
19122
667362
273772
350401
441931
896553
800608
115395
979457
494860
408886
871649
931655
540207
890803
830743
122099
416762
644743
468797
888764
274444
158879
973129
482133
495375
803656
554987
374944
793446
449467
362198
535441
255043
956297
307039
180000
759126
306724
971901
157034
129888
608135
169905
818405
425510
830595
78399
66878
149696
760936
320538
987601
984849
859724
790173
46916
637329
841147
729974
364929
105669
192955
130973
682958
617488
683322
896258
63498
357347
820758
899909
817606
782097
519881
760287
105085
402814
829807
177502
262769
845109
432054
331405
891428
995671
962721
359729
423217
580849
924921
112112
945221
568679
977616
238861
129852
71053
310259
247822
936732
416341
781227
106303
264168
789922
409392
791183
874210
220731
400555
965335
432673
572635
567782
299323
653130
645349
321363
488425
478126
56628
788662
438207
397632
267665
388783
295177
125681
564094
612456
566119
87146
157807
177367
986189
64229
704792
283312
305061
568617
331041
6379
792271
879520
764471
197741
817160
464662
39868
841942
379496
928208
348638
401190
394501
380295
303813
34124
355702
799744
10086
705805
38002
211273
834677
831437
755798
937745
661687
767422
217861
76453
66869
250274
166185
573507
928460
410942
721688
278044
790562
119901
108435
686699
974963
677181
227560
305389
844297
236315
49271
214460
496010
845846
421841
318988
394923
50050
173628
577344
420163
278540
735187
95274
803706
27269
149514
767134
950752
577357
611024
300977
424922
865181
221325
366739
230134
130928
466635
252422
698976
502671
582640
817466
271342
798136
248937
997767
754710
549866
483
142662
294399
755664
110643
353549
648884
259463
505494
494341
690229
691534
296274
559849
441192
21897
197691
780572
167277
149554
375441
740647
590799
572061
143431
34255
710422
136165
124383
484431
488121
399480
384240
876279
655600
234300
612041
529505
81192
693725
793264
401227
613456
285749
739907
853718
617744
127958
486976
78426
474458
725623
777056
37028
18328
173368
344861
194125
891909
110547
672981
744056
191640
621217
499847
491879
519642
398278
476922
641850
53529
601979
15932
466677
465206
706312
390158
417175
885368
409537
948769
241794
907315
248475
192528
295617
492053
388697
211145
315136
27509
748144
258260
428727
776409
663115
331178
92609
687330
75944
39725
758283
740373
348319
59337
759399
192646
153795
648549
710592
519523
245729
392837
655464
191642
819110
261119
635150
602984
884445
565719
651787
616895
573269
722554
636571
275987
216096
64148
368873
87810
934776
864526
143170
629278
417661
690343
415852
564184
822426
23342
531216
185674
542341
625945
66130
151584
202468
698053
859073
905700
354061
492107
634474
844070
178790
681979
96583
223620
402603
256120
817877
191771
578318
209072
704259
994058
467769
780214
656262
301855
792239
629373
180873
876961
123472
36723
984258
842746
819195
908151
349728
813374
360206
564665
464288
874844
935241
945005
645055
402400
302736
609004
927242
422818
717071
134183
996753
206543
435896
637832
78714
335505
524711
952551
300401
281502
482279
175013
482557
607450
967758
6057
981294
444202
901763
810165
420659
320791
218464
419364
185928
826778
568242
807746
30796
366794
321245
964359
357552
789151
553309
226738
519884
52322
972711
695295
874700
559283
680942
928516
8967
756470
655681
693806
258032
311771
851153
480466
506533
317449
170833
275186
460069
339943
569718
720783
443871
465479
808094
408166
58149
887023
54797
919432
985535
603012
141010
754777
267100
682581
147848
695397
57700
804801
291000
964826
15400
174471
658908
122342
583291
235752
176382
981038
263834
456315
246527
754791
720006
717005
313204
408661
891315
868210
928235
419742
556120
490092
682571
722954
926759
245239
630169
745626
767191
395759
387095
761729
327772
629151
714503
856707
835321
193639
981005
216297
276971
216777
48434
818142
960198
255632
624069
982058
384350
891869
125916
798216
714972
49295
559864
257765
936048
639246
494598
512888
990565
197365
578690
493240
946320
765722
327286
151231
77154
880762
813984
172793
986973
27398
998194
733000
80035
454596
517747
557496
798954
88164
430403
310042
586188
343904
676539
525183
551099
830990
52659
591571
162194
388933
814749
184787
943494
565994
396366
958956
841211
568918
350813
634674
59251
419685
329508
543545
194785
326558
342564
435860
986588
124410
782149
580712
340399
952211
959674
610539
516941
570218
299587
795134
120418
767125
731724
742949
404036
461571
831411
611935
406216
919213
95591
545638
869169
467292
762283
789189
413316
610641
585658
847825
768823
30100
712581
319493
764935
4380
59544
451646
153769
518807
324954
756047
857176
311384
301811
468034
806221
956123
982536
48172
540813
974965
186466
321708
127068
804124
804204
902848
848079
993552
521051
385667
787647
859110
788008
237127
165402
857711
81721
708491
439827
943049
456990
168857
642041
466945
563446
745919
449638
53860
919218
630055
285966
82145
940785
167701
338103
717148
402187
763517
419463
599057
941674
681471
495225
512675
609937
105792
366250
308737
158720
638374
963536
842099
594992
58479
7753
305479
659513
791791
154961
686994
234644
557732
805390
282981
503162
73847
198470
840590
776747
504722
359856
95176
488266
557208
351976
530368
342565
957894
977339
58180
250195
38436
904930
992778
889911
691623
273676
468699
957793
351142
846740
47514
600979
161399
372882
800629
200544
332454
113869
506599
351536
608081
224654
586087
545889
708643
393040
427376
280328
394411
406675
712750
782677
997400
337295
110402
482196
513427
283590
505970
609936
707385
506290
721712
948178
788532
911326
964293
869383
381877
236113
82842
414847
507472
374052
89059
737298
926515
454005
646953
524381
97476
8308
974386
936106
878231
656219
795150
718638
694537
779514
380417
931051
163067
73008
376200
910070
249902
184950
160010
635091
7032
105621
581021
32892
125473
994488
763377
369472
498717
117852
928349
666441
485221
74531
915396
868022
528244
648968
143523
779302
285147
891757
983482
930390
122049
68625
312085
246818
697019
994205
319990
336552
801796
746653
572449
636554
953113
721676
920516
673233
986227
582792
322624
418031
440034
897828
924696
453725
269187
789404
694389
365219
430430
879459
301651
80886
220126
784345
374412
665467
640109
56601
790463
697258
765932
531950
185245
565581
447436
672485
491984
897896
696396
506045
140296
992371
277199
644411
256290
545859
598425
820378
942007
377927
676582
405600
977151
756141
834599
674572
344225
133220
332122
890156
934296
76093
934980
336586
565187
351659
70478
692870
990985
682665
595386
833919
514150
333562
819648
944683
732503
331724
88329
300039
249054
463542
789191
546152
200691
422624
125935
215407
685895
490690
842324
382810
14005
768517
144673
43000
98056
540677
31603
367477
349987
283064
401617
804051
508369
516648
614984
164473
49450
13788
127591
501029
261214
744917
825748
948158
416417
884852
262154
100549
777075
557881
495920
331753
678731
116326
959126
786169
644703
574017
834766
310708
768466
623161
85669
123260
195643
93088
291325
844137
237262
718743
762632
502522
852586
254791
106019
107495
777150
31051
502349
836562
977560
220012
970562
217755
476876
102404
184504
131731
857725
470659
914677
350280
469259
686480
67531
997439
796953
639815
55410
47359
271609
762465
962688
857162
925495
655153
403847
828263
542655
886539
619531
642842
180780
260799
791582
465782
874606
237699
964698
896137
739798
855726
528827
763317
883329
183649
303958
304350
403807
606528
911290
165247
225503
45406
468642
999895
355577
206647
618579
801857
130071
716630
895192
881762
171488
790039
484120
326140
685539
351431
560593
965151
21981
306215
418291
84798
357608
107792
654939
683871
214080
497392
890474
630124
670514
320242
418370
911591
176803
827964
635229
433083
172794
84434
969545
662701
531499
408
91268
889073
104417
386100
162288
721689
979911
206674
560883
419496
644084
566657
493101
156677
186801
834618
584407
764491
585575
139009
268405
811965
526250
150565
631543
687831
747868
343713
518194
943552
351615
355045
381813
589083
250075
350446
417611
537404
619016
693137
725773
679095
559129
18840
206689
144021
537573
841987
688403
925216
96947
672496
877646
721758
796097
950805
671926
187802
997361
21225
144229
969629
426193
235170
874945
424444
632517
408026
993591
259147
3283
786891
702230
617135
809611
172281
10890
212177
358609
106479
749811
168431
529545
143713
436449
21516
930909
708208
101102
908552
532718
764941
802425
144650
253908
404021
652666
699161
194708
738202
239751
308234
214685
583778
264418
527508
87359
934024
874748
538111
661161
312673
91147
922235
969309
231737
8707
363277
644722
541148
871796
608228
167685
116336
53311
624650
619262
61631
407414
316598
343866
205715
80591
356350
456154
535226
261253
322537
297703
473193
50764
583459
673377
438909
355695
114698
555171
958812
402951
676965
587188
654202
606745
826932
499628
913976
431117
991138
431232
134183
211975
824471
492077
97001
879076
548842
621693
882936
540435
438132
441913
302529
654669
136895
880684
124328
129970
178846
347471
613231
238210
366166
560342
777393
12980
67706
270358
873992
896311
549076
528209
637838
269890
331647
586400
116033
78362
722898
624507
668928
513888
758775
829928
956786
651668
983065
903358
981318
868522
192827
344213
769940
306183
729446
619021
568034
677592
613563
542647
932675
179983
318566
452643
826203
126524
176307
115591
316093
232772
271227
643208
833845
361152
212982
783464
787809
154484
874484
632973
529786
248426
282599
73770
699761
128170
21976
189196
37172
699417
107898
754371
315023
598380
553244
544811
412271
926023
662135
237142
389187
915126
33319
707799
988731
103110
257783
800238
774706
997057
260821
206027
109544
956933
708836
982593
843624
193856
226353
168072
422281
538698
574717
457518
652815
177503
886968
940892
508593
259768
800591
282817
924085
46020
283164
589277
758712
280968
935548
626796
967050
136400
739391
654701
832757
810704
216376
686797
289886
107420
496435
9397
535493
382529
365766
98349
959463
862334
719808
668139
223683
897186
284735
351804
407545
386883
195486
610766
185677
792984
81482
210712
426827
813748
263030
492902
678021
275488
518821
149572
316664
317395
343076
757831
590797
662864
482074
835251
785211
487069
68791
382732
976649
755227
403722
798716
292273
716615
408431
762269
317344
630796
776421
823012
836122
511170
585534
430379
42747
448199
594735
206106
871832
655736
911111
519473
604868
541261
273341
979507
175
862670
690658
204722
853608
70326
672501
940020
259011
73890
744661
89791
371669
577270
662865
798342
636252
380045
529883
22128
339068
374042
635356
563393
118052
591456
965537
12263
597007
709706
158898
408355
790439
592744
185731
424594
296771
972550
983940
40856
610769
519531
283603
682408
989519
836651
22674
27121
218163
654313
846866
994920
662507
793325
254830
434990
980863
744414
197877
3487
526226
412892
595711
215415
961863
6716
824736
110688
351679
713185
345339
422172
279425
742515
271982
188427
128115
658943
103531
647194
775109
182763
478246
960072
504173
739668
351978
395926
180044
662726
947399
245387
380272
466455
100646
202593
293427
304992
487549
555535
116288
712729
300893
528116
415413
538896
287400
896797
526372
961990
207073
389363
108468
560550
508444
286980
568421
84259
267284
356204
329457
762221
438747
912352
132621
947599
519788
674774
714639
403176
677724
851988
329961
425859
807727
597396
851411
68950
207495
641937
327367
333332
640248
155122
612198
667183
324534
879247
954168
480558
75056
41892
487441
45862
369014
954449
818702
914392
319317
108683
114239
439207
198019
562979
262431
863284
797877
680433
338430
634392
112015
946781
756352
447997
362931
731913
759485
483609
111930
144286
88841
156936
719873
758322
775695
181445
494875
468883
381975
732037
803300
993715
358503
365105
934389
135535
546437
995966
873715
842238
237658
168426
859650
636402
406833
709460
949720
838702
800735
152248
9324
414565
575037
77063
673740
209930
30481
64927
634574
569562
737355
460524
124126
775874
555307
430554
751927
441133
924799
365302
878637
162030
246346
729504
983334
787975
713025
914095
313385
112852
283887
897889
533902
849751
142648
726205
535637
438689
326074
840136
55507
692825
153551
816544
703495
195692
978735
620280
113739
445841
424819
542960
895526
951287
637940
158863
5566
922382
899538
367712
291563
590831
465936
805992
345702
535785
611805
872832
151776
433641
726766
567634
923823
819525
205574
778548
256739
958181
141335
401500
99191
137614
479810
698559
506019
350285
379643
421643
457743
212028
215560
509245
315233
646580
30440
265631
118711
966735
444944
217762
547440
891736
813008
251860
525157
813138
595221
249725
384310
665953
239496
555996
308606
517977
928915
147833
346728
430498
182467
431911
737755
315844
31816
855704
620305
743829
532698
335260
751110
109116
276982
502264
124811
2593
501510
288479
580089
157875
705247
749648
962819
149781
99300
387659
200037
269094
414983
524977
704249
871723
265200
77623
835112
877660
287414
101446
508285
809608
379850
805811
780373
561573
67315
823830
927091
966328
574067
629769
363440
583901
243529
745599
5135
545972
979152
753022
632623
132392
791557
771962
210905
628701
828838
376656
214457
37301
446645
473308
502890
454399
891483
735671
104810
198910
713578
156176
299437
117073
983995
239397
820173
870532
817142
77983
869086
189426
905584
696200
521888
478932
895215
399210
513870
492587
466953
185605
279187
539654
962282
305452
817372
617264
411507
35836
393608
329722
803584
429754
616188
714144
485762
585352
648660
373019
14667
960004
967924
449731
480297
874110
636220
878750
196201
46867
823002
838153
31805
556010
280889
19969
59512
641163
423447
188431
82293
141399
737908
469198
312664
300136
790438
175386
427756
749317
766090
309079
516524
973314
247636
637659
540509
455282
923528
25465
945240
735690
170434
749483
305574
192404
939695
821723
928259
930444
176222
89550
990213
216859
121201
76461
955542
58669
13421
756146
868253
763505
708529
219947
99068
317805
231428
567278
839602
5179
593543
659866
198623
516643
130633
167877
996520
74134
477753
958023
621681
427525
926262
266018
686023
931420
65347
325325
967264
198303
178134
572315
501689
243807
511247
191181
666719
508312
216582
90353
195530
616170
730301
848756
274083
744691
801269
130827
383655
597253
847260
638266
75619
298633
687651
169664
43935
251759
63214
552159
22295
572625
565477
970891
744612
283107
974632
764335
759610
194649
783775
220950
12362
285654
78510
681020
666696
718603
179144
353330
508359
461940
437019
905640
154368
560491
276841
88090
782961
772072
252343
959194
131746
791830
665565
793654
599234
961042
410366
124741
572913
559362
197138
879507
851351
309904
425503
351654
199345
108482
378695
998381
563564
530936
293690
839876
431849
918401
556555
29798
523169
774169
842529
191152
162402
695555
810628
53774
454648
244735
289559
980164
935335
387881
214885
128987
375123
991470
608019
761126
960259
585771
631093
855216
927994
433508
599549
518019
900997
794781
248591
488663
53267
497817
719024
200022
817534
513580
943068
505544
338600
989631
854774
617440
701184
971104
856090
579554
243300
42179
598223
339183
729825
724634
191320
477807
267157
656780
952361
278809
310
28373
540983
666082
453227
853689
479528
270591
206808
103398
162410
463513
237751
847653
568607
362573
781473
7420
479926
736284
544749
488996
894421
547510
161775
785698
58546
476382
861154
415301
901761
424954
503200
731195
74760
121529
493645
346575
450574
464929
427028
457411
956466
260020
515657
210054
755095
924478
490478
624594
886461
999038
115857
922660
729387
959662
198930
91289
22728
638385
64643
942562
967626
229017
822632
528740
626949
913489
471901
343086
235813
293037
797399
221592
178679
755917
621251
90292
816033
436520
531338
852020
664498
252538
748278
412696
714196
601612
465326
413841
106270
718813
797405
77111
718726
279082
596785
794404
558708
136095
292352
164075
760049
737050
458436
451064
644286
522392
542215
107014
672833
218174
780762
925431
142747
428742
995263
19923
881429
902276
638182
824992
815544
125396
330580
819673
915131
709795
624608
299855
155927
913430
336152
325337
779767
436186
690816
475257
636171
723145
646970
276237
528572
685429
778177
911151
38970
724821
802063
491689
516720
806538
116383
623256
656665
625996
103501
119452
259948
773174
311321
859641
604147
822250
771338
864653
922106
290658
630575
901870
415074
471444
558977
969055
44885
693889
981284
646447
679764
858843
702220
267183
906027
80017
701500
787790
206406
114360
672682
213203
116702
196695
718527
391733
372300
321423
103482
169946
706686
742693
671540
828522
90439
18350
66814
809360
518928
801686
660646
515789
532780
333900
772505
469240
453002
227278
640738
445334
702083
365388
887633
62674
352404
495611
706038
37721
747109
995321
552141
344724
128583
960152
813172
127811
110077
350410
33878
475443
442481
95911
658796
124956
662408
452509
833626
755289
712079
150836
198773
830532
382804
201596
133412
475629
760722
105238
260068
51767
259972
451101
347749
238160
544282
697263
48466
358283
594121
102171
343854
572444
544765
873449
272025
680239
79658
659584
246067
638437
726272
325496
977047
259436
702525
328957
250952
776185
29084
754908
331370
429093
846251
866413
690791
299873
864058
25245
893490
10456
255087
8983
780392
55840
701047
467087
447634
847259
597271
602987
49799
249456
280672
844302
278319
210850
843521
551234
491426
126026
122358
825408
925166
172405
766239
838175
696824
779228
432875
289112
858874
51708
580467
511090
40682
464146
841315
860622
136571
347573
350099
784273
150076
19855
460660
947113
931231
355449
232485
39230
860949
976690
537509
46199
537492
297852
840291
267302
585530
232980
152306
385297
997515
551500
764952
479774
199574
317126
822854
449242
961527
936783
533281
632678
814389
740437
223934
322686
833099
78279
579053
76647
237700
558280
811308
947189
523199
93391
961981
93558
724819
762974
905426
298175
557771
540060
839780
578448
144082
388625
73954
556198
975018
636798
289351
816478
346326
639063
211844
926081
665304
112542
145885
377200
526549
597341
768208
232045
810388
502208
310959
680835
951653
143948
640975
22804
65694
816576
969945
294845
589249
595847
914109
774631
896441
447702
100551
493933
907075
284840
992778
216741
777834
150420
508472
845645
553386
522119
250196
4180
350262
307620
523710
725506
296982
132341
374957
66692
578152
703436
79356
510040
129798
214202
63579
836753
275592
764715
108070
703496
160992
27868
126610
264735
795492
885307
448387
328307
964265
929690
939644
299806
658698
410319
367790
240357
438344
279658
138929
501317
848651
619155
29392
287637
676935
192256
313086
857240
684218
143953
838375
340769
421649
749064
726626
244963
778795
841768
918018
971028
27765
56809
762252
990014
478772
456148
570179
734562
621985
796033
591006
76297
180398
630059
739867
297896
61735
439405
448300
300207
383092
485852
176592
45806
752762
145536
711677
413988
139234
342575
655097
468518
147825
349128
284872
604393
436886
72585
501952
567340
763587
467406
442744
236164
708403
304295
732575
233093
572745
631892
752681
542410
919001
501983
41315
422434
536896
391446
621224
958487
272749
361572
254252
372060
476035
779403
693429
327442
499735
841281
984362
628471
436756
139236
450628
428716
787070
28250
231713
86753
463955
893449
797815
839903
844429
919664
626597
102513
900933
203616
669669
809968
169586
160795
502814
386730
299790
649607
478294
563694
326745
461071
212869
963575
203639
253847
34117
152435
872244
723417
654181
809646
109544
125089
328476
341856
687286
747937
378074
945999
740142
380722
200058
683938
454930
35432
657300
726980
366390
43920
340016
159281
972416
163401
475541
889760
767887
888892
131263
262797
574137
894841
558638
829666
547244
660463
435163
507841
690485
601480
52614
380273
82655
296287
56938
346978
373236
71967
951442
945374
15711
961849
613189
94095
418737
318209
152925
990631
437058
914854
811702
730223
8496
661772
697025
497520
603075
635784
788664
55928
252529
634935
446700
195401
438076
669051
293178
493796
556153
14163
44892
656173
830573
938710
747163
510267
457488
226828
61347
667070
374643
202729
676271
427981
547581
636263
295907
847244
953745
38143
743864
314231
588876
567875
888209
962317
551914
483355
246893
237723
995784
396954
219830
993699
30276
960700
370294
531370
17088
654398
979561
952923
259654
336282
948589
437147
222213
169502
538389
831594
352186
50152
342046
168690
159722
738432
651641
586800
791307
154194
50439
342012
56258
533446
518243
383798
898183
769214
411032
934287
224870
516587
2483
468209
768542
890828
385972
61388
490924
60549
890334
806846
176290
203800
862318
865246
802224
280258
300264
741094
158596
711476
378700
613626
239694
253484
594408
886553
985180
492464
704455
808031
913893
403943
692743
669940
235745
798356
849608
31765
856405
632816
398209
41533
173485
52642
689772
310127
661825
426269
951713
627555
132410
876118
276609
874315
186702
331809
57097
564672
765414
731751
851846
352654
930593
613382
477543
658713
849138
762821
177710
166634
136485
207538
478401
507290
561215
398491
183709
420761
180866
804901
888746
38171
620239
606284
95145
192289
169638
831287
43337
357727
100618
942327
820441
665103
919680
82716
327001
282898
56821
114612
332393
705214
229567
428641
194531
79176
225148
454678
993412
843983
82519
412206
93445
229763
640425
470056
88328
723888
434875
553987
700142
367595
738474
687154
25157
894103
229987
446780
259551
380372
279886
976820
202366
900038
920136
599055
444459
599869
953160
949351
275877
757574
313891
92811
257399
611405
697386
135424
667746
685037
619569
923673
414138
845974
554155
217966
536013
87642
977457
767676
514365
252436
516385
641753
261103
610101
244131
770322
118940
418733
636231
877923
295685
39090
468106
598610
584515
796591
369912
6824
89148
645260
853931
8845
47282
945942
276849
92735
218485
605708
647307
582830
681657
791621
767634
324664
913538
825856
927093
327292
849851
631242
956061
548381
155751
485318
747313
868885
37103
951260
625397
658867
58201
173505
3405
395443
789658
175582
992160
858808
581314
676576
886040
12712
401877
358043
708549
676772
51066
358427
316769
973282
533837
407753
203118
824810
164943
497143
757500
691945
570813
408456
732679
769461
219262
551807
694460
814558
632821
746466
711260
968685
622647
485642
348986
219068
22806
760586
278430
675505
491292
9722
904844
46809
412819
506271
934238
631069
467393
167864
491406
137251
616626
644264
64336
366467
334381
226299
833116
5348
878472
9750
134153
696051
187416
924160
123221
988223
923648
19335
548481
208628
495274
743248
794073
722419
740628
841855
826066
169034
825026
516799
594188
401749
166162
618478
334070
286320
156012
842408
488848
914711
234967
787119
479692
702685
486569
419572
369550
83141
215255
814596
993427
551937
169514
15698
918061
288389
130387
272733
368044
396998
530965
413757
849881
426708
489568
378448
338012
102801
342782
533755
787581
99469
112678
854751
993351
801856
94831
360346
925384
204194
74654
520951
876342
89899
527200
429363
75628
14178
200595
475757
751249
320740
123326
295977
303449
346996
71201
380480
614757
947641
487208
729832
555590
948952
409081
256732
619871
143662
44908
537000
159400
300458
37466
91411
782863
380806
885134
741544
136057
741920
418329
391395
629478
864889
680834
157685
250802
390729
210586
950516
543927
932092
415404
348195
586960
659149
878227
320537
288249
793086
465639
439248
270738
457009
408271
42956
686850
46630
338170
514917
255160
100370
561257
405235
429005
106008
886116
554134
446149
415142
644940
618975
945205
747759
853456
858271
178302
478208
637114
952906
779831
631874
283873
307718
421737
67339
563457
612310
518259
778464
281895
673950
229518
828427
89350
164434
177771
733141
638120
107199
883001
409185
510
692982
566851
835685
431192
827792
188917
768901
289136
219555
372287
136782
568416
74496
733458
196236
953780
209317
942343
526408
332954
382150
632607
819233
520950
869043
948645
190213
112082
443685
54128
893965
749107
833579
107396
545395
281542
275436
433624
211632
86329
139864
935859
514358
708775
189040
532976
162375
483051
909742
124704
27057
264918
498321
383438
692070
718523
361801
560477
143996
623335
216956
687054
446525
960750
157747
512350
535148
133920
153253
19276
471573
159643
699997
419960
679375
497594
234826
208743
795026
553835
343779
609571
31791
21663
615285
966272
182960
695130
790922
122169
84876
618538
430456
442168
735943
45172
508931
33012
743908
650345
890032
144757
424584
951512
793575
661235
269677
368030
980419
121500
426815
972920
42234
249333
101590
648185
579492
533784
30353
363287
391466
285467
285899
405343
877260
217169
813565
322121
219662
364074
284400
902758
227968
811958
396317
102005
119145
614663
661283
83862
672207
574195
626019
589206
211110
214584
742907
266216
560403
275771
32350
771829
356059
759017
410957
460426
12333
152510
817460
645936
460936
576036
678947
315097
669322
385779
378343
53622
168727
69655
797893
231718
728866
615439
534098
725960
480219
604498
469810
450929
247925
24140
827947
703417
20434
629254
932197
155824
228238
472099
349248
113647
632741
224518
114514
975496
52866
646865
355580
658719
754917
560265
504295
871698
357359
123989
73568
410900
80205
104997
494606
332311
403391
836016
817100
472615
360324
360789
163879
834708
759780
24995
912309
154376
439449
574516
556880
733367
838427
758772
578030
891123
334727
858495
901598
669983
341739
759464
212065
916988
928176
247255
828387
901407
669413
133258
510485
921091
999396
250812
752616
854523
926691
498850
924263
22400
326489
230482
851313
862824
553930
597055
362066
723896
617265
210783
567998
255248
884298
906669
449577
937540
723513
230346
689926
492172
635162
787391
959577
97041
979494
784989
685947
724839
874430
432454
856234
573402
732695
234180
649674
380193
852419
90902
934140
464112
935448
59468
670554
475305
652223
289928
721612
202866
435931
795172
644618
311585
807699
473522
354798
197140
976510
741726
175540
336478
365610
416368
364626
771420
187593
19310
971182
346085
796985
893982
804033
351903
836143
89193
777094
230383
713087
548316
165790
312968
221962
244295
117187
269285
256964
838856
573159
192721
893024
616162
189544
63331
938715
609030
131442
570184
609890
481076
909746
599545
272033
2427
696883
583819
467049
692892
802646
500965
872061
160781
402482
848267
380858
414937
634438
469913
36000
325732
835479
300236
282113
563597
375915
373691
150148
310124
697120
335843
130774
386170
524009
666079
557039
898256
818534
18678
182012
860808
21536
305103
767150
750400
875102
696383
640799
928701
507174
717571
20124
554539
887955
841609
278739
22403
20431
216169
699930
12933
871086
578673
53017
217829
972072
326685
575702
861954
424944
471270
910364
874641
246709
654065
915206
607704
893748
369512
451821
263639
595000
290534
874156
713985
424112
792268
682444
176487
395691
594993
542609
448566
814706
62646
171360
41175
214465
713590
791243
6708
692196
106780
293755
424731
74731
895312
483257
854778
967434
759882
190809
135754
608399
55111
954947
478537
710976
588248
711135
31839
341008
756375
594396
43746
120190
420213
490333
803637
994507
132399
777090
514507
694358
841311
619726
695882
748949
112303
559674
566794
323314
565672
340501
768252
559103
268008
825622
998631
161304
490162
389824
881678
455316
211424
196592
501294
12839
563187
172550
8483
452311
992715
433710
881322
427225
457586
359242
196353
735496
624210
117950
181483
1921
155015
613271
921168
584221
136079
770520
999809
789900
951518
930595
516504
233547
722958
789697
147005
98305
631540
851726
503302
918076
236238
913540
76726
776387
210392
213538
588198
721239
58813
996664
415106
401035
904235
467154
776042
467709
580927
405503
758392
99632
798624
9148
691937
234247
259688
343810
530036
331296
640188
208873
543488
339019
585916
126647
98131
531174
598166
150474
358876
488086
910837
55709
753778
297444
268503
83002
679086
215473
826301
674492
800562
851544
127419
901760
759693
608926
267119
450664
691575
816728
278158
945931
905270
532762
776218
470845
955812
55511
657008
368438
912455
78426
771581
832353
196576
800992
679569
381059
641279
549839
706700
653958
59731
199255
397428
937058
785280
440612
69353
786407
301481
446781
922096
571625
920909
910844
408235
724295
601613
193962
969897
929626
502091
935031
978586
406263
410479
237458
12379
335138
180611
104811
700656
31055
528382
256515
242639
939029
181662
51692
38553
39794
365102
952163
122276
839477
498023
545030
47539
97164
739379
30899
551175
255466
614797
332095
34702
280724
169795
29136
205818
293513
568413
155160
234285
520524
629848
29038
479504
952143
796939
898954
248131
374654
699947
691165
499182
325093
28394
834571
299702
380350
611770
368518
60684
742363
648431
166280
250975
956460
272834
602349
772466
309998
803377
719274
225864
406193
888324
812206
348219
441348
132459
954259
606188
325054
309572
787521
79892
459371
313592
352736
579513
835026
603397
992567
442237
206880
590038
202406
936913
972595
193998
63740
331654
769156
956963
6518
351620
21233
900583
887637
565587
806886
949539
894427
858198
192040
232988
653217
881497
184637
896439
425112
570431
728316
885752
722330
760926
65709
19110
482924
69286
156572
147723
550675
358588
603455
860951
656591
650661
451137
605924
169272
865885
792234
457557
620148
102664
389421
291287
827411
163264
197519
343881
821767
116109
511663
394808
699267
46514
377782
14083
937326
122788
922971
51358
383108
211478
353619
551921
225290
269359
462868
857824
279147
477
755909
537830
387892
659651
258436
87770
69481
827726
683923
550164
632130
449317
645344
785001
976261
270270
392239
383761
959105
379214
232230
220010
791460
374745
755508
639638
560378
995815
303903
293823
409154
323543
901802
934394
721775
419597
962271
578249
448056
326982
771582
376955
384540
885645
712834
264942
861878
425991
638412
481845
699000
816744
532847
607508
478663
143752
686551
432360
842099
548240
276502
925348
743313
607630
242573
415157
167351
610409
104179
58375
69716
44974
343877
313761
766762
272840
886986
376812
48872
228110
554370
601105
940264
641271
428906
681215
758209
362089
56943
920652
160970
653422
600109
156595
600620
92488
685090
128892
80099
77531
654388
786553
352721
472392
636635
155180
558463
872219
13100
624774
530416
717786
43011
114186
592100
234302
847437
875664
75430
182142
289327
550822
80338
748294
499927
490641
138407
796423
685405
187313
870276
818791
567893
794946
875011
824857
163507
920447
230063
642888
912987
177889
202467
329454
599429
161349
346880
808321
898378
712747
39370
361868
514317
824154
834336
602395
681737
566498
259926
897423
574834
90169
831536
679378
31178
597703
381694
617253
38788
986045
269903
859925
658765
840288
868307
571021
398523
986724
824721
995076
267093
402611
870593
68503
903549
849293
59655
498033
967478
14217
664204
56678
520982
375417
811451
268895
145097
407403
785045
485104
465279
976972
530610
520902
812915
30440
929237
262652
404825
501388
496298
559564
685028
307341
326878
316578
365745
975137
999195
847692
382483
575530
551071
230094
610812
465235
47544
5843
73156
314131
258590
191037
168665
191183
565420
380701
990916
576732
797565
3646
24339
364130
543967
694108
96425
623708
77559
683954
151390
56763
403057
401841
370772
977130
403041
840461
601367
449709
812539
482288
142320
489123
552619
682066
127751
429866
722066
29408
455538
620257
290079
518041
713182
289032
50181
856376
870488
92228
72094
923788
951225
703744
352348
312227
912940
716653
36839
633828
210781
935529
676057
759740
23680
834686
658514
881009
538619
877249
808376
114834
935601
719451
965838
810063
579180
452516
607856
573029
29735
957995
840937
723698
968757
194194
714929
883686
321168
535894
666374
733018
109634
283309
222693
148731
185769
76936
759909
143198
721835
771768
678961
771640
90871
61932
607968
649253
71091
61784
643571
499878
269063
826994
692522
811816
839430
436630
556675
50623
969524
741322
718992
408050
583416
557083
772083
403247
107615
468326
663481
767455
263562
675827
99281
998868
685046
910907
649768
28959
79014
957322
809890
865919
860207
905023
38774
857204
589216
466737
799142
770929
152331
793580
212250
592751
666420
797017
522648
882526
633622
834875
836706
786806
517964
635030
792429
440300
306787
707818
97657
241921
89721
605725
574161
43060
379601
484918
485921
586328
472567
90053
701935
882944
328778
711585
367608
601942
142955
455242
795432
94987
120897
651436
88756
329833
827174
805189
148824
884292
896945
311453
45608
543694
367648
930356
327381
212298
256226
463547
504767
242969
300735
543224
526065
461616
659109
261964
300990
562091
438224
220305
636213
660474
342868
690589
211203
163641
266058
936100
536870
879006
307477
442362
686410
949516
609040
983285
656834
992068
273686
41712
546148
747835
133101
784812
250945
317574
247183
963090
884863
493490
794775
939348
583125
334512
923717
986993
778211
356525
6446
486615
989100
452672
633859
296418
332657
488189
556347
167619
720555
261158
277792
421116
539620
816065
40627
771975
276146
766469
223677
325398
268945
334830
534836
59702
694428
352752
339782
924429
586408
736712
558980
563778
842109
949229
644590
298299
450930
752934
765655
137601
236516
427445
354741
749633
850
61873
199623
464812
758552
541233
699171
455357
990662
324964
477403
971994
839901
673918
739211
736404
58022
241869
412418
813385
686574
67114
369739
24105
771105
909258
654487
314517
122690
309428
312904
514595
875076
159181
959516
685758
450632
719887
296244
928427
293300
974232
924865
519846
703340
837279
844938
31339
832752
711873
354331
298128
434578
817209
335630
394703
794386
254511
833455
80354
686424
561703
471694
217095
603724
636570
920806
321123
559637
534626
165925
476611
648365
974734
288024
443773
466910
71445
355765
665909
322908
605032
221956
876219
664317
461920
122090
391058
23641
528791
685587
489164
464698
164178
917563
494288
927104
499291
339866
861310
787796
294574
713962
879593
707655
987593
509590
795459
951878
919590
169152
904599
555388
543109
465263
887727
984004
79074
755156
458517
977993
646727
615031
852407
744509
36986
419907
940964
263090
583702
511210
701426
262616
255223
66166
768578
139412
49039
766318
449756
179577
312214
298337
182132
297061
361566
911250
923150
222203
335876
167615
760125
929720
147906
706960
162119
988852
555618
944921
26276
50807
287821
770956
845989
615478
921666
472510
699122
992297
788066
263956
619756
3210
25511
513034
119409
146859
439541
503967
514173
670068
273225
945953
373613
556217
198990
991440
937119
720820
289870
796658
95286
925028
903493
568947
341306
630209
560146
254070
456796
230874
746567
180028
338775
643533
685407
223535
436657
780450
567759
245772
743136
150021
816437
530668
788362
150751
118253
118509
456101
149776
224771
192513
498366
51787
520898
423699
177365
360077
914475
819537
180900
864315
60097
666714
945408
360791
477313
88390
825753
194334
645232
48908
258332
103618
812684
382868
993207
780991
615332
571802
413756
673884
74500
760251
838111
229313
305736
913312
884698
363823
679825
257284
884528
377439
175702
648739
182669
899707
597778
283713
334220
716979
750363
271955
469651
440446
278483
924366
864217
653486
520695
391499
382024
386349
78293
756884
729662
117465
512282
483790
18989
508218
279497
768066
596449
558748
479432
517834
685730
619790
411861
659604
708399
757749
720725
264726
790315
602445
722957
25806
528852
229694
681258
984884
210733
745431
20154
176384
358398
232489
869117
809681
438770
242498
817302
483969
415710
761605
509980
203970
600097
594915
607118
845620
764646
649912
41827
532615
320582
193028
66686
882760
611851
646084
862080
700938
331471
313580
83384
324530
420228
135684
537205
37534
503565
21084
365629
382706
351560
78765
885782
626817
588399
522126
798593
955925
203348
2511
630086
909404
512138
403382
767146
243631
941154
885780
363262
754175
935443
627650
994322
53662
408307
838333
120518
548968
417954
165468
880064
235340
428934
753834
47161
73019
304
344996
130418
79979
385565
629968
670085
349512
176345
519928
23382
574584
651902
770626
577512
330761
21851
719981
549964
497274
184240
367850
732660
443043
594197
423444
482405
67585
62905
800398
646539
371938
881992
718904
164902
954665
683302
703117
633442
728703
603993
679900
540101
674390
717763
606689
779266
945755
352972
705152
853034
13560
608286
680989
985218
897987
226186
451162
402927
170886
829512
629166
622862
29931
148763
92767
317280
421956
177939
314460
417379
813301
963500
257145
534524
160895
847636
264647
403535
597097
312458
984911
930929
177868
774178
25707
97525
376124
202085
959810
741987
659791
891093
948190
603975
163083
695309
116332
741477
518960
448647
715791
697610
656094
359672
463329
269949
891044
973206
913607
974549
170727
604921
165935
611172
918700
270239
362665
542609
420738
875466
752415
923587
62735
883396
769202
895097
937525
603715
212979
48951
935264
839783
649915
368219
709807
40095
95720
766670
252540
356588
26292
622230
27978
407806
399539
264391
637194
241338
653609
651034
845194
691485
523397
419222
910074
391802
974462
278890
742813
125599
994441
60316
939145
622038
191220
195868
399962
458311
467682
654066
487161
968699
750244
150359
7620
815483
48688
352863
84635
379031
627648
783635
252358
508034
548233
712733
969990
471066
218646
499740
840183
572678
742913
939096
965406
730681
778446
560975
317205
837459
67492
487470
722192
4070
903209
241627
479371
350101
776953
715759
739794
581721
512514
43905
207916
902749
488702
568157
350821
656073
227726
461524
874679
334301
931312
292845
828692
913907
723613
962297
999827
623398
752706
467844
98932
470162
949016
730728
328402
84785
448418
725371
780772
706532
760067
559272
613167
174995
768121
407771
800332
114219
47354
625942
764049
156230
98345
689121
827359
941929
396789
26718
655880
987366
869070
495418
223770
142050
499525
981632
89421
480753
965888
794504
687492
23901
155030
654860
280771
817350
931341
640282
969518
772451
106477
189734
935162
324390
310784
589751
407411
742526
436073
315138
155368
119990
257823
593428
101878
493499
313412
816552
913648
836794
854630
74968
504104
84008
499729
661553
259037
616667
640142
517471
226176
487830
714109
397063
35300
880930
111370
798068
684291
499223
986255
666280
929319
189306
187526
731220
328060
895296
337385
130852
685359
772785
849832
638065
535810
416744
100294
812762
130223
806390
653393
391917
949366
839911
502140
630782
343813
392412
923099
193626
139203
806743
773370
336598
975418
573782
239705
435712
891039
953494
309640
994231
4030
103544
196891
715351
352774
159873
345227
997516
868079
815740
442601
699400
955396
286778
170495
187919
854864
684922
971845
143407
460713
723683
364541
579982
32148
628526
668076
482075
783955
82208
307637
888806
897810
485109
20819
35852
163050
906265
667186
700363
989519
619215
726827
146164
470109
171828
211035
801342
897018
582238
698078
36982
789799
915167
910893
121684
597864
340965
64402
660202
483022
634563
858115
564278
206366
98506
826723
256278
557984
28369
48080
346651
749189
35797
192042
620853
938357
897977
933794
812942
391221
741742
621498
530868
495730
110957
173854
621102
314604
68769
47007
202159
428610
300899
89544
415528
374934
171357
36703
356856
561244
868944
841978
318271
209924
824688
744314
991184
706818
985324
570089
674757
390902
878924
211116
80364
322685
751668
805605
865246
647764
36421
870375
834480
890851
97827
348694
575427
819630
758993
821339
162871
533971
696439
206722
374780
356097
632646
136752
945416
380470
459762
998084
3493
31538
671390
822728
435298
165309
983126
174548
49193
799698
979445
410239
975089
706855
140903
892355
399242
703962
174089
353132
897237
998009
10285
918781
130518
17454
123385
39071
333026
536069
412463
159686
610163
795036
436999
961955
135834
633254
93560
732351
819923
631771
96341
651515
489652
500544
393684
108577
311424
417422
545003
805478
858776
700802
905171
116927
133329
835840
252911
637532
935713
691045
472069
616261
886898
249000
138666
778192
808665
342763
109629
24124
341728
173156
17353
2670
592575
225059
880270
649541
913194
269055
440858
839004
549764
147425
490896
592667
835761
140524
432586
808314
319368
80328
447771
213908
783336
617162
581549
236963
528674
317377
220809
240158
641364
170784
179062
145644
470933
736835
710712
741123
66956
981215
756153
898850
961883
308875
952966
460455
265977
284645
485296
919374
214494
721314
466835
469318
721943
210230
838771
588593
79097
762844
682753
345401
974770
258755
732158
261258
791419
143189
602615
920431
176105
947364
113070
450253
860515
444659
217817
858294
107502
373919
489348
525867
166884
737705
152209
483441
906692
269665
647520
646094
113634
16559
876041
364960
55295
619841
338694
659355
191859
697932
862766
786525
408967
708289
555996
861552
194719
970831
226094
511771
315156
5518
350057
792165
76512
4175
327290
673831
152434
704573
255703
65037
766114
191343
582276
149225
139967
815502
888050
366195
492227
954142
119682
858977
732584
257770
181991
487135
505556
958672
810537
844844
303343
915558
775429
291088
294101
49928
375218
485757
754791
692480
820734
694274
711164
26448
513687
811366
559029
75294
749542
181991
373870
530365
679702
318799
727121
919508
96179
783343
878340
227885
698285
535803
154178
571356
77627
78786
89544
283082
412764
307528
168165
140509
422392
346881
705140
563717
92773
193516
201639
205734
943751
564874
392697
584925
699407
438970
889989
282417
852131
558899
573109
37720
601438
456477
365267
704995
247726
16012
357883
408518
282268
593498
756977
526792
817129
609247
381839
932867
420051
456272
764951
154777
170615
50417
427879
321908
752656
380984
106122
576375
217181
872768
68202
888966
850273
220134
35556
308014
888964
528580
533620
362803
390871
60488
34895
216757
35381
70384
790096
412862
524549
729572
122890
450474
17883
464879
431804
917811
861118
615579
157026
557273
873668
517481
782056
891178
827290
498154
238010
18355
521376
516093
258934
180931
204273
26470
264707
479768
753024
622086
539003
282281
769693
305149
811140
360655
830103
739417
1084
767313
17532
323961
814226
446987
863356
84482
757170
273465
780396
429053
797656
66533
97766
150796
809286
994603
718605
469831
127952
78758
342318
728376
135957
749561
123714
21166
246280
123004
757968
518018
543148
215104
910831
808740
36894
800897
196713
229408
505932
493223
920572
508851
641988
515961
956474
955524
338343
642207
5072
165505
820604
625618
246051
602263
579488
221282
970966
155725
544795
601827
664424
751934
67663
221301
340219
467121
819274
979375
41839
3031
851322
873960
964077
279456
138496
513441
50880
255418
200413
17874
798109
476263
571337
829711
63875
31673
497762
232087
402237
381741
978113
727801
982213
669602
508137
833060
831107
773812
44185
481417
561906
251321
282305
939183
959140
661911
586321
579091
517596
712513
673964
908345
639961
835340
749371
675667
510898
14578
672671
229005
464220
877858
641982
233587
9929
249409
766462
204224
809195
211713
986320
13060
430359
761052
533028
791728
589892
636718
596922
161153
521394
528429
893465
372679
68775
818822
780440
912529
990356
559636
593241
304824
887959
951679
729174
303236
257626
584303
869395
388478
623576
892204
854323
770771
412864
860052
545895
607393
150322
405495
14401
713889
53286
50067
986087
609778
781356
876647
168674
988542
103949
812406
198422
531147
325521
851738
16524
386656
551066
134785
749867
713233
513518
476041
499014
41385
176082
246644
76687
690356
544529
514184
19176
818342
390876
461638
547546
532267
486603
784196
875678
329996
710850
830697
394457
626043
614702
960965
406246
509627
832687
971851
42123
796206
6032
816555
611340
984317
679537
920912
879774
191966
571462
490291
58740
564549
28216
657690
708342
50217
151849
105329
289168
33009
957077
718211
728935
705019
839380
375125
230629
232521
688507
941023
697909
371657
191715
1576
635531
730304
696193
181629
404570
940370
72436
310861
412713
492976
300638
6244
637248
839198
874473
441410
999740
866656
918955
825560
675906
432000
163172
764638
127376
555519
506340
652820
518383
79446
464074
437779
171973
211495
497895
241358
72071
704581
395840
449898
813899
477276
995442
711160
184251
138303
826288
208139
199910
205389
184232
342267
724848
704574
327940
523252
645610
86991
909005
106875
507068
63752
686185
529983
29887
759015
702213
70744
128039
347371
888142
887326
23773
486398
592152
809896
699115
614271
626978
165664
956689
436332
400113
119680
15284
255593
925592
847275
422518
511215
302489
528042
654881
698132
690022
788417
318780
948210
218752
664750
527232
732727
924097
403069
980325
902473
37685
606987
349141
739219
921122
476501
942914
34225
471528
655931
324307
272692
949187
134359
574329
901010
280878
254388
997152
891309
850274
949165
222402
178686
807805
119844
426965
71198
192189
610651
482085
619953
151083
226546
899964
718127
802516
516734
754685
660304
628210
795458
599760
999572
888426
149324
723319
911468
499055
686
717183
199176
409092
300568
713363
83774
869278
133135
613611
117908
970215
177804
862753
216874
530463
214963
381092
962631
56541
313134
491333
190462
109300
368550
715503
224380
333361
25886
690100
138737
16640
108395
390978
935769
809901
695764
81076
576678
294920
861506
767365
546828
525283
204836
718367
38184
154933
164514
57873
532814
119009
570043
52320
440301
363920
800189
484916
397025
573434
231648
789235
941654
593348
654784
343915
155859
494724
451062
302249
758762
969056
588241
849255
537467
700180
437174
206817
736736
874258
419857
510216
256120
853059
354871
114896
499347
640364
207962
732964
568183
606636
721832
371897
493837
906529
515840
214016
505707
30699
512209
675637
46271
430728
331409
71701
210772
976991
21208
752748
177284
691608
354519
534092
167099
238760
536887
410458
729443
705706
534674
175554
891826
143977
474504
939146
233228
687418
902783
914564
108949
667398
277563
528286
28375
668006
259734
442259
440973
276135
94300
455620
896266
450412
632133
346017
304137
135475
204752
132609
757842
117552
555576
906514
80261
736661
861717
953194
25734
975795
205202
64956
706181
386874
303623
440742
641768
524636
501171
727398
98392
781712
565271
386797
891877
699827
70385
897740
663511
55049
870036
29451
912466
331872
83808
110105
324580
120597
918500
768349
726319
580784
438605
690090
346030
286379
216520
576466
43877
304272
308028
767442
890217
920512
565533
426282
518985
62415
71471
108368
510424
105869
714904
438266
841176
493792
403295
930201
200325
847117
284231
776294
101371
692757
449538
289876
911684
970172
22228
242789
220866
470693
614789
433561
410229
883672
607042
250113
583530
813158
557138
624945
527233
751524
625776
193747
285785
711634
448905
15961
522202
131040
172691
638346
886878
897606
143367
922558
519037
757649
426493
294437
457779
898430
887075
648513
172016
851071
25370
177524
156221
280794
986606
114931
638790
903857
107631
576730
909256
719580
246768
354970
765784
370482
530844
699341
371405
982375
633136
945578
495563
900559
749720
866708
478061
546433
428714
951309
818446
209303
482425
750535
102068
624017
944471
505371
707674
248857
762283
750931
310361
768865
69163
103009
307442
498472
611829
586611
663930
503004
763920
835678
100002
165594
851578
82039
830754
871441
12653
92929
380034
505092
401459
42496
714757
495405
229730
237612
971954
972351
902007
43969
189632
776773
849547
799411
231261
489958
318452
892479
872027
12617
656379
731933
691960
393365
487029
824594
77896
246161
322816
274081
225921
908651
363612
378913
648611
785876
31139
50474
320130
104072
825254
912617
637361
253227
312166
644436
732173
667919
960876
74551
997603
404754
76741
443564
871231
390053
802910
200808
778642
764327
366968
315890
932927
830703
887687
238192
471746
551209
701805
197210
759549
875991
293134
556111
442081
34233
878159
482374
660917
615816
752112
537629
226630
597020
276932
246093
517995
828141
298633
518911
561012
337974
700520
54391
945327
49461
334986
401135
935062
920975
456596
739967
820120
182673
504449
377207
233666
662098
253531
526543
926858
19956
750422
704502
67256
813321
824649
207686
639218
996178
312969
372633
670242
796066
974180
667957
734470
703841
615607
541986
476883
124140
734189
245341
86087
441434
402324
574949
65162
121562
375389
142834
108032
52792
506800
497285
136622
657470
256426
656666
312134
557623
458612
374715
88400
340751
423361
614063
618295
502294
954404
388367
312622
562467
129099
590136
114045
750741
963036
421660
214764
837173
876522
505971
141066
620727
675732
193168
508634
301727
655226
211918
852187
576961
328093
831081
32499
808736
681426
48040
15287
445048
491107
322744
825497
516952
726722
168213
609839
768550
816427
384225
655452
444806
620821
281623
447261
250966
331028
207065
677746
917649
345358
150693
528998
169363
853143
228326
638333
937467
469292
14695
619962
343724
554569
167266
156746
836654
204583
174839
409936
986995
234070
282424
64910
693619
626226
534049
138541
293816
761285
281381
952873
254582
250297
561315
637595
384914
824
112823
408356
501827
641570
958381
783859
592726
124010
344721
318900
293259
271182
292130
172630
661597
128880
389669
535798
318367
476758
372181
496045
247682
454075
53623
114483
107635
851471
931404
954158
134625
802962
717728
492443
226716
76360
391488
850776
65049
29786
157449
770187
532498
805641
1050
4531
267658
324367
472683
342665
525806
350996
723127
143058
497623
527050
31125
436420
155309
522533
168165
194194
965477
526138
465253
601878
217322
503347
659363
795610
30938
341165
540493
930243
880615
47534
745444
731483
414942
286278
355343
474618
320644
892481
327756
39631
562140
896837
525377
487248
366470
301071
890673
273468
811842
273093
413066
239881
230673
142839
765530
268400
233660
460918
965410
575185
623790
193169
722627
39363
936700
771049
905109
126524
510981
147504
412759
524378
269877
894850
928064
230924
776995
552159
88820
55008
595930
142917
347026
761577
883125
668646
613482
876556
86244
955979
138444
272103
430027
754629
591420
841055
437001
289483
510913
439621
69654
475637
35740
276069
509957
555476
397654
70506
770345
167468
799538
996977
804628
437135
432514
972520
51962
629078
570390
454051
927221
62207
45583
176571
145890
259870
224977
480611
881576
552641
16343
396872
240473
978597
41376
838756
330480
481998
502151
511328
760506
492679
986160
704868
980754
842806
28446
334652
23621
224475
251170
85160
430036
441573
177518
320512
579095
715569
446472
712642
810494
798368
562522
673402
353203
869139
468582
33996
741467
770438
141590
316257
378876
437638
853297
351852
158009
145168
412714
514584
607096
797576
787987
984336
104164
580755
101487
328490
845262
927377
195108
486193
979886
903802
82511
321549
448840
841940
758066
871185
702442
445710
622920
378529
96210
765756
110138
617918
112236
15408
899242
506608
26680
942065
189292
294159
884490
507547
311124
591661
216875
517523
354858
954787
174557
123812
476474
541815
195388
966267
992648
959463
396224
700987
269345
504917
184991
500734
989389
915406
621775
713513
735649
359672
394345
225835
184305
641304
845097
566930
325090
288382
798034
414282
399068
840013
965999
935538
85535
412331
417715
96988
101485
901377
687362
453153
345573
851055
862153
159711
698288
616976
674952
448017
327124
766501
830640
983369
804198
610592
66726
547660
612764
91407
439783
940682
148737
21283
59527
57912
297345
998557
179538
94796
351780
57300
866771
668757
33880
397925
706802
972916
723366
700791
523128
134458
855367
740329
197935
337312
252496
42459
465125
933917
703304
492822
481231
891432
477466
511833
135881
191754
901285
905153
283259
859102
967921
487827
130072
685928
46205
80489
545728
897040
567284
685560
615493
745338
707389
702842
998539
641987
159345
183100
969289
893017
703528
848262
960172
274487
548332
46434
929114
673212
673487
142667
838291
457575
38105
587059
662260
692337
32345
761265
810134
327687
757660
662662
641043
156899
266684
757834
950568
254214
59600
174392
497078
486292
966465
169683
969635
491787
513788
218867
471902
109409
711491
821935
828991
133754
933919
508328
685004
166403
944304
117680
941912
409326
320676
69078
805125
38346
30598
277967
114219
275134
803822
429187
862481
34274
168727
22961
451224
86521
747469
583935
355128
829327
900613
392226
685665
25772
631879
797158
979459
89010
713094
694490
558569
527960
43024
975644
82368
721539
24672
128189
695798
972158
94993
248272
29310
286806
571245
755796
781552
674837
571748
858299
573132
251481
613592
576278
436959
952463
482517
169504
855358
504017
979806
902692
249455
597530
198626
246923
900392
145826
706702
816710
565679
302747
23548
486228
100320
682054
558025
699632
181005
731506
386372
700315
801471
197650
221825
332737
283547
303034
914126
144395
210080
398326
622781
830656
712397
849159
96416
700056
767200
783355
520595
217247
290488
503847
793523
393539
947100
894084
5421
316346
431956
43684
5425
843410
972917
992591
709060
646294
720507
248830
100405
305498
452238
447091
659175
223780
841767
963187
994765
938999
263948
90466
939957
702461
330167
430329
348923
311376
797397
149222
478494
802597
33770
796608
748207
4693
507985
124260
580325
632649
179105
993265
981006
802626
933484
78494
204256
537987
902241
736755
353326
449371
497745
521322
226870
430419
10894
311907
642135
869680
561327
503934
996255
638949
438321
451289
738434
179800
974520
75558
938728
634703
217267
638183
795037
129335
441053
854601
641580
514577
425055
577818
164101
754233
468882
485865
196763
427797
401251
840825
998795
841686
311248
702177
336566
531246
951247
515779
22767
484046
532621
814695
275728
633562
614995
375795
32871
42348
551365
688137
334542
345282
804421
985661
776536
281413
316340
902705
182119
473271
578712
678031
477531
501752
108057
896163
975333
878516
615590
43027
864953
92396
96053
489787
43746
69024
665639
748009
835503
789782
109769
506162
261387
489482
649143
439599
514411
389875
575835
245400
387808
130477
799379
708347
260748
254087
275505
783064
303729
633131
212124
924188
826597
693030
377107
36792
844130
7572
724946
845790
263162
513897
22285
971672