277589
540822
802093
857643
573971
163245
471533
593157
472183
211962
713980
705480
696070
169861
693455
816496
987702
795642
145219
682712
796844
693825
99446
572957
994720
682364
360307
728497
942814
754012
935685
650558
825189
728289
119660
655092
985010
888620
540974
492273
626903
953218
343556
675212
961028
889119
730549
794686
41511
671156
837377
561326
210480
619008
246067
972120
706925
620294
758745
821273
813013
354352
468752
131929
209952
247744
601145
66261
817683
330159
905544
131976
873306
800356
329019
219317
339533
360402
118119
213588
636885
673966
87853
324950
797032
382412
47436
543383
534319
254293
350609
950944
980937
310375
926505
214869
453929
830217
139159
25153
89947
261769
546880
55164
681444
983157
745827
847287
9094
908658
193383
819492
909154
18812
505933
730756
623160
898618
933829
216846
98506
585213
136796
686201
566944
478165
142418
493095
690404
519376
221706
678702
283181
256272
260698
708483
718745
990920
690818
202821
5395
864467
772474
985636
246388
56496
882660
157932
534085
137566
803233
925170
596259
795088
973696
761433
198331
372430
519696
970113
7477
837800
414742
946509
311214
54423
745690
637328
116701
159409
369116
767252
198103
561352
611556
981382
180973
633057
961719
30081
406835
908940
636517
9333
204572
860901
813311
924212
170433
765925
203687
16793
953920
196197
889536
15893
787585
719921
442052
861399
90004
939653
922931
642839
229302
361767
242345
860864
977907
340768
191433
560184
866981
983320
733141
68301
192730
106637
876320
380733
467027
835632
146778
531874
481833
647132
318410
30392
463691
642355
501723
244941
238626
394199
384333
674116
862037
2626
734540
974533
981736
370115
297822
527236
14463
383126
178421
830893
6465
984542
950820
770345
101400
721409
422063
301968
616980
398048
946107
615467
710447
522354
90020
243748
751403
506044
820845
198157
455000
158831
865362
453001
947634
475613
707962
310043
900326
43033
153352
504265
771701
892779
238481
319788
414834
49645
265960
15447
114981
152454
480468
695778
7314
721024
302627
999698
161747
616903
670424
616550
298274
973504
666943
830144
425459
222467
827106
83502
627006
705591
90452
791765
606874
156873
260970
108281
48581
385737
467722
992171
714368
243105
675099
535184
925783
526194
864924
328393
619327
678156
334672
47236
977111
355274
962583
736607
964433
928840
329625
559476
617770
55491
672155
125765
936597
531211
313779
799749
553142
233319
553304
83457
473609
109701
665939
166441
349155
266588
512082
54335
164817
311008
314267
412507
727581
562401
150046
536344
854447
110977
172899
537311
124175
187152
224290
184334
483080
544198
529393
165764
507496
896924
603544
836940
704997
503175
581568
10915
441498
310098
118794
337319
69678
417686
635325
57823
754837
266521
555479
811553
269744
336513
10564
31652
804560
278259
821292
753698
487832
650893
906087
42921
890112
309628
579276
249919
894390
67194
391079
338928
500063
622567
509768
215542
531835
667267
497848
159619
26918
805126
67079
12653
432890
64284
557633
562742
991506
596608
884607
161975
898538
262004
11481
982825
829090
469402
215353
336656
832289
646259
476619
18245
40534
981745
470800
172638
665306
761466
437138
925564
612913
299196
306674
120176
115696
277863
224157
187530
291960
229260
525533
189504
851616
227536
168075
983672
767601
62476
290787
251442
698058
3717
476208
5077
118564
268099
87782
503189
682224
313424
354446
903933
882205
221198
15644
988062
709494
236405
733468
46100
549287
628649
734091
485041
250783
33268
699074
783625
943057
342565
213069
741978
322774
200964
432986
188629
178477
25264
155469
120397
787042
506455
158704
601787
346188
632018
11464
502636
181423
502875
492611
263368
785154
364652
508557
491263
896012
949
787009
817553
216168
197112
815101
642170
921575
419269
18510
429113
876628
130061
397834
645884
622866
627430
81277
826730
812002
802842
5755
233676
952897
926060
914645
784345
568750
209960
634790
457884
904713
783078
876301
735556
762775
920347
433589
277000
520994
24539
709647
563765
464638
986863
372641
39765
521190
569422
634488
690301
146052
283964
796729
90484
893007
96188
173014
113723
267727
496819
569756
251518
617916
730587
74152
454037
631940
238752
814522
808695
823084
845787
104929
410108
278094
60456
122198
898380
467264
372518
439397
851305
513045
129610
839494
182615
456125
237984
580746
505380
275528
708960
360369
933015
249607
136873
709848
513849
166803
977948
234703
978618
313575
958168
481929
835330
203368
449613
959277
841366
999686
799295
984777
584290
446842
635097
837926
620201
163375
413803
212406
507142
571389
795842
215594
647901
119184
354723
376032
291108
775335
949283
999418
888584
290489
581606
108554
502781
282610
21170
97321
631781
596698
203183
771687
924444
174807
197309
67228
937182
130185
360434
20061
922773
773075
951023
630218
88067
143418
240542
579333
933321
531173
608650
607101
661522
38660
353178
893480
357535
649678
977259
866767
836527
676578
693129
520067
637642
610447
236554
816173
617642
905007
505160
675651
227335
587694
432953
645527
979134
166248
20525
389321
409821
706096
869603
741085
43469
637294
460359
143335
919900
349536
688716
775651
572647
404865
493026
662817
365024
115910
274452
10973
81538
1285
99137
456429
916110
689841
784501
112595
524608
875136
967780
311282
640339
583533
623298
59166
466670
684505
435458
626316
514218
874125
961641
156328
55552
344602
499341
418246
560020
30881
491439
409776
937048
28015
242610
758686
143390
514176
807480
674243
424767
391717
501400
412036
672481
621952
478141
293891
570343
785707
909022
487834
494907
901816
380821
140132
585969
233555
647967
666357
534488
291460
440303
593257
496098
160721
249455
367130
909293
926272
288724
716907
852333
383610
63772
382145
519096
128203
722599
470802
633518
475334
89839
694613
604035
113094
210214
250841
822443
153487
28331
887154
330017
528018
304744
976781
203667
694671
34378
574565
569133
389653
513886
459406
388416
14053
485253
818479
109967
502773
24083
182669
981878
287952
458634
977986
744376
980890
17454
842444
590691
826418
675909
870081
796450
122224
281261
69601
879327
938509
937561
769796
792722
527458
532778
756914
595115
798217
578022
345041
739864
158496
736535
785465
273971
877164
482690
240228
949388
571737
986243
606657
814990
368351
628354
67239
848400
743041
989716
788326
643642
92016
793968
359482
460690
49484
212427
682073
966626
362762
217299
52267
761736
109296
976773
748442
343194
734845
446060
558207
703283
517799
240183
892027
698975
588220
241781
717735
994399
390954
39919
566499
336665
595098
283490
929291
945311
688310
590743
599304
484314
13964
717153
741890
743570
389002
473075
991347
853725
441833
137179
584663
458019
901607
985311
739968
864969
678892
254322
935941
560386
339406
626899
485722
653998
911856
747779
582395
197549
435397
436129
499907
33925
856242
562851
973913
837676
983570
51699
663177
61298
551635
848292
448689
631181
795325
115023
85202
808131