914209
963095
803491
457057
574302
28919
92659
239568
335232
598521
516955
502809
398986
881586
253047
713766
743861
338771
315158
395029
871419
993346
247422
949665
276716
291518
100094
932876
603032
141875
709885
854457
380787
804355
8849
26736
970047
370498
71537
934580
827029
679232
876791
97241
497214
646256
308366
416195
801158
150128
747690
558821
523838
814419
722402
14663
544314
252885
465941
79194
749744
603354
916282
169406
266249
466088
636027
556209
508849
683657
371410
810571
303690
751917
484390
3430
867980
35446
289826
973901
746540
375864
408864
785891
898618
127727
609988
830213
4564
134229
250822
897404
719202
663747
356581
945898
37227
868293
575203
220852
155654
896219
734539
840847
219336
394086
493559
962847
117803
766353
627418
160202
65136
226645
815295
704175
39324
370571
410289
26345
283525
727674
562253
757438
978887
508836
237296
387537
887044
555514
131786
773282
230152
318488
214044
429597
327287
546318
643499
786633
538265
247497
114969
367041
879407
405357
254785
144342
270526
871032
555850
180086
748350
837345
480345
5645
138865
305274
781606
113913
619496
994694
800822
356836
321806
222350
479562
6614
626350
372616
95714
731585
83548
720314
278305
762214
957936
529961
685729
78270
237845
552076
842317
535182
578573
264710
19727
465761
54323
467186
722524
442833
782651
123025
291412
569050
454904
670375
372916
872030
557107
370759
520933
126127
597977
650765
993413
696595
974218
806344
886537
807518
197989
885652
109106
971829
87397
43944
341451
189892
178105
172766
46054
922544
52628
145798
801124
775132
503586
594916
713776
291035
448207
732649
436013
246288
293553
370932
354606
361364
15447
951165
855042
401813
558795
96796
170058
226395
292988
927267
214913
459487
163258
130885
984360
113966
867392
584258
540411
671441
856890
127217
355325
838609
212653
954667
790864
441680
477500
970624
792691
695231
341306
364716
457916
387515
669264
617732
994111
361151
739759
120309
729763
36312
715563
597688
258930
622909
310542
573454
507019
98961
333792
176508
489921
994245
294092
698025
805356
511471
529796
438972
443127
541668
392757
553767
330085
686102
859601
791971
135961
483996
569662
267451
257820
663434
696083
643198
573736
382308
245101
410090
510407
106781
348239
259108
204764
986678
863102
899114
56237
330367
130718
56041
764192
56127
50829
804417
24142
802643
731257
828418
416727
718181
843475
687181
664988
816188
473693
667916
358403
184445
697302
350375
446156
265569
324194
577529
287555
888609
263484
129857
814044
724581
738378
34420
405147
363277
145407
104951
409764
264274
696966
5467
854611
422039
112092
857446
773168
703164
527625
169424
761370
463177
490379
657881
820388
231049
360670
349577
282168
961433
708548
208062
630019
597819
316263
410831
324399
464222
214023
318687
323119
308676
770783
125109
845570
658710
237814
151002
72171
517174
300008
758984
893055
326163
128356
901385
524176
557479
146775
387451
794305
249968
227406
57772
173023
307247
310774
187731
157669
393731
510642
606829
466287
822551
608125
217028
593973
915869
465635
820768
681634
936236
298399
428145
319018
837090
929838
502730
857961
761124
126745
926847
47168
427176
861257
819618
316448
289475
878765
724906
836150
627464
264451
101318
556673
530100
795809
492707
793266
75449
744531
235175
562936
874544
448334
65336
803129
547899
411795
534669
805961
633738
914988
706058
687116
888895
109678
211169
475135
936530
365083
381083
454676
739200
188654
827683
726418
431497
392092
549526
556641
633373
298753
363516
981106
483450
695854
222476
300725
281012
923356
768722
560594
806035
961119
295078
839337
98561
626915
137283
192284
721832
30104
405523
389881
308062
239252
877898
171813
491367
716709
824865
597694
169274
449112
511304
216745
402440
860057
131572
201781
161559
529597
973025
296883
561171
465002
674701
413504
181940
168166
550461
976371
576173
27275
79626
668370
75744
623840
833223
52720
577262
390911
300209
661093
66229
684269
305616
527932
260105
735626
971318
824072
899604
145326
460180
196875
898214
541789
65622
659444
771848
785878
561198
388060
513692
630655
108535
584877
353736
60392
437067
641975
648139
627509
455241
203240
480479
982026
930450
362144
425125
445375
383703
156332
322372
918879
885111
724055
845627
636954
7543
972802
102883
276030
798332
377118
507851
712448
262731
570432
680555
286049
517830
724812
192836
770906
471954
322938
561158
380613
612075
818167
7241
42785
240604
851427
156476
865903
292913
147756
24741
191342
688270
950701
356149
874425
19399
869330
617415
470546
269641
310525
728966
815912
161763
248271
918545
87142
688743
942049
920021
799976
354382
358013
108232
364545
660397
469512
60142
753149
416700
317580
463233
556198
522816
697411
253983
202976
970983
603411
362424
406069
955237
113268
463212
951829
135812
220616
689296
803931
304515
236165
351170
113071
924233
768829
322894
133090
274552
971198
905436
232257
225465
687804
658601
158212
982502
380012
904682
466001
499067
217920
350170
550901
635638
527562
546240
41182
560475
860745
714425
400696
332783
315268
800778
467148
86820
374817
490013
309139
744234
460716
310493
223552
721925
591803
891640
914555
674063
34054
897228
896505
909384
588179
151179
945231
758709
211257
996928
985681
832650
997607
987058
148618
805773
154396
586819
855040
91009
499143
693345
694235
526910
179079
421739
549824
990371
766453
789925
897921
668740
619227
646018
452474
577772
413179
425181
365092
795667
49323
97310
148
798489
719615
972582
900663
228523
774304
868792
936458
404694
175855
512589
783285
892948
747250
946123
820123
494529
126558
141277
251563
81394
325020
985585
763163
810521
52502
297089
299900
382679
522005
549803
621309
176249
274062
547126
131631
282986
672133
367449
109273
700151
111794
524368
867099
192215
659301
433338
563550
625400
789252
957248
354335
899595
126390
15331
325384
954729
613227
982979
179992
712466
322996
884436
966582
229142
216531
186035
228189
782131
502069
334521
830809
89387
898510
53202
384926
370685
25584
808053
613038
499120
348422
786595
235729
62734
589419
194249
949794
758650
286853
666059
854167
175903
227593
116071
242866
688189
810313
402344
28913
874042
6010
772445
189131
609491
474176
172484
526998
737034
565885
152134
739149
4807
399116
278756
240913
791117
926987
685651
457188
982047
936206
622652
317221
253621
210867
651637
505332
925070
675819
435263
614325
496025
194230
904091
724335
957988
835500
955462
87064
979248
852599
736876
533859
102415
311961
997325
945775
165072
304428
951896
624784
256544
932356
598173
687493
657607
815824
447351
666210
374975
689995
188643
346936
78704
776043
892486
499834
478189
999643
976207
564934
431219
803887
305226
544348
370586
257575
483534
321955
954048
395199
599112
382515
195977
241531
433098
434397
722811
771572
415946
753576
209457
135735
419461
161279
500126
840464
810544
423651
394542
216129
60600
519013
589350
426842
604009
656789
804496
480982
569722
151892
695714
186543
471928
259317
756746
762029
938950
855966
48739
861481
83898
420147
259285
101295
176291
103954
289862
786877
860790
819707
297986
428760
287297
168844
879156
810652
166159
730138
863716
826026
942819
693854
25067
35151
998199
79415
848164
911137
24269
806388
391063
41350
498652
702064
187289
129710
487786
123661
83107
505700
845088
249109
881299
987532
238716
247647
671863
369768
342941
479921
770055
509783
957817
596986
253528
972830
783729
908620
192813
462039
70592
673546
803216
807569
385851
27687
911221
118204
301148
111247
324785
809042
884367
581438
924454
610548
502006
104853
551013
337063
586179
612024
55415
146980
701249
66344
198046
262162
457004
250608
436893
630733
558425
606558
28000
815286
556558
476377
276599
467607
670609
189738
223645
111376
388348
316040
529966
595932
420030
58651
829065
506998
980483
206484
359644
24404
304667
277935
260198
202173
763912
493218
510574
412947
943229
993316
139179
746569
564487
287291
979561
481766
195908
254380
956369
360196
275270
153317
608246
283741
92334
998521
313994
228788
25476
351275
478386
625317
508114
43754
755295
183994
912472
604734
238347
171049
781384
188023
433091
428568
613225
618169
739719
16964
710765
762679
121668
216686
441615
816011
612953
767884
626131
237774
325895
649563
668020
26099
660930
403872
473605
726828
491475
996526
167565
80179
199375
470964
106177
488734
570239
201686
713465
554122
723007
381329
221358
774442
444388
486380
481841
120497
526344
858031
637273
616093
963585
207536
584441
236174
158068
809528
848602
406252
598814
382104
695653
137603
837848
169087
53770
364895
966901
537734
90225
366423
214533
484251
94800
241811
729607
799830
658098
298070
94627
291529
1228
852072
621201
375160
712759
396025
19941
561459
79489
292227
608422
842160
659510
164369
823329
749197
739182
934881
436728
908101
840081
21294
541433
235793
497619
549306
66742
543266
119966
566235
313313
195318
854060
145752
754806
652301
34911
963270
143891
172974
975053
391101
781545
692891
562949
413446
661113
909371
382264
693536
82343
901919
838390
938698
245722
196112
84227
303864
283645
39264
374171
949998
162562
797842
843401
31164
898988
809395
608980
322411
572315
725925
519955
420407
688669
370917
845545
949697
552569
398899
683674
489711
436949
594222
896516
1124
507141
474863
935403
374874
650709
977407
4320
353150
592545
390964
629429
478865
933462
380617
851420
918624
40516
895129
938210
973904
38618
988950
727367
846165
505501
105197
450855
753804
855923
164112
169062
812379
816016
880621
746768
184222
834967
94952
640624
879560
758786
541882
635846
248479
599671
407040
69285
641545
774554
222772
6662
936614
757659
141455
303699
630368
694493
390721
474013
975301
158426
762927
811087
206378
896104
320294
267260
246326
104196
107489
179623
404464
507517
555039
50855
491237
267390
429803
242452
459062
539096
642834
618464
149859
318603
960318
889769
980583
71265
679883
652090
430310
518996
632400
885344
5930
877447
448532
987612
958176
781013
889611
253916
395753
111031
184042
78133
602510
951323
733275
55851
301102
935270
255492
596548
326307
319903
420504
615477
672135
225020
295962
368743
159104
609156
472825
519495
31527
719222
567148
78829
639373
946985
905576
951883
985261
253033
593573
437811
324357
577711
838218
181688
193424
948517
351545
757108
215004
314760
895727
270119
773690
492801
548020
118320
193659
989012
61221
313348
360138
882594
774525
580661
822170
396722
889968
787419
290057
263988
571302
117449
98057
500926
244948
811675
641400
746439
686818
223074
16416
890223
964111
397116
93541
319837
67815
381838
35194
748855
119497
996077
833992
253567
365037
840085
791507
841987
778367
919652
983731
606478
989805
373012
666652
270080
426506
439255
263814
726654
6585
987587
47470
996289
463853
638737
875900
869898
396719
752957
381708
400766
432613
333449
819370
315835
478459
199778
375054
365788
888005
622675
117686
610551
518474
979850
927484
645621
71816
891829
676643
814647
819974
727478
656587
525009
798892
330831
747181
885646
822623
313957
105520
20212
216748
285054
215394
573636
999380
936594
983247
126489
348440
5271
192423
459071
585433
733670
34735
865936
578851
612981
626851
11619
424391
866744
388730
139582
494565
347546
912296
798987
466863
261716
480809
637651
737462
411529
712817
224600
706620
450041
899331
311906
782210
980640
478835
423071
589455
201514
751964
163956
797799
194706
376176
192342
179924
890025
400433
353464
3281
196065
600939
91420
621125
783688
661153
880135
177861
531784
302809
82602
672645
700759
819395
343409
235505
486124
589492
347106
361867
722739
54652
533752
24224
159638
334918
153009
33767
906077
124850
859467
760177
361323
763881
904393
334360
183874
407066
862907
756758
630232
35749
750615
912975
898992
642412
330024
358826
952937
299933
384604
878476
659987
982733
747141
242232
993273
945731
909085
294624
461254
186785
108859
488784
900741
19250
899650
249705
258803
63539
331006
96841
14010
30013
43560
285606
443071
510280
772537
837654
25888
619952
983213
221474
900169
743139
620284
617633
426198
817411
243160
657132
602981
567738
140465
756694
288949
848829
369585
691387
923510
787580
50867
842837
720211
730762
661157
640416
107885
97859
517593
73106
533108
114892
120161
791355
605436
62336
530291
241108
966318
108682
502798
476269
193232
20939
659775
781222
512512
44340
597593
1646
87507
25748
451925
529672
173109
418733
110780
218588
483361
153012
961796
112609
705778
476927
787599
768831
214156
788865
181821
121373
681081
161991
648392
291771
472004
736393
368037
485070
414659
403735
468423
127644
780764
241700
518214
700638
91382
969027
880304
302016
662939
286641
505814
830556
647857
346357
727959
826742
691895
745881
623682
428338
229705
387291
551014
602545
870799
255912
541363
801988
290008
677483
328526
458379
529685
893722
929967
275559
645344
859899
860958
112723
182048
12731
258481
358975
55804
382895
419302
91975
32388
833688
515437
986278
145404
395833
540265
891085
76095
638160
859831
232447
729292
764863
96411
911602
983082
662274
455223
168950
864168
431544
20179
962274
206584
38382
990895
768190
188309
586955
310671
357372
8520
382285
643999
16992
367617
383957
202129
897882
342824
873686
486586
649292
714088
160248
622994
270729
788154
927526
591424
158185
293113
394891
324462
651192
971387
803856
340520
997487
86016
870944
307442
543651
173300
753899
690239
132970
24232
766876
426824
145840
57852
549971
396938
353415
961542
649399
301948
771756
716465
496899
457018
1660
900754
590387
912209
118369
468715
272610
265291
35778
41252
880548
506676
411314
110837
195528
245583
580554
463813
62471
706651
714695
553450
766460
957472
379413
519093
255749
930058
940171
39916
582602
933062
806956
236201
996792
516584
340482
386724
971337
747713
352262
317754
66021
182469
522566
937319
941477
78617
733106
537827
25075
683850
265420
170775
299604
755138
51256
609205
436697
817572
677871
156725
29171
54820
649006
836334