876868
846001
486564
925622
902741
721242
386781
179503
405476
425731
855436
209554
170307
440848
273041
432342
260979
753161
156215
993872
999271
73137
63623
400988
425057
669959
430134
329254
429369
884504
224766
899478
130428
525311
661962
751702
454897
935611
67274
648513
29431
289003
443559
830441
836746
614504
438224
253637
177188
436159
209203
865141
237632
419658
5128
591092
319354
387114
832327
607129
682770
455522
992826
971466
716751
557715
706605
739838
942784
157456
444673
46060
736797
724509
859232
198357
882637
106761
27978
634091
150401
416869
966350
288285
930429
364640
923861
531968
474167
40640
528473
673755
317656
342975
442419
115215
340319
148608
741969
309665