486361
324668
597434
49007
393209
829692
91053
507339
220287
368836
795350
278760
213063
125429
706093
967393
451409
617491
509180
882841
987493
851517
423695
748744
715344
889735
940232
104102
931980
922358
899087
508786
695485
330839
289126
417951
755480
977404
467930
456412
877662
726420
230101
105022
717382
240038
10385
318413
571897
399594
49639
135080
252727
517764
75013
789333
984599
694494
706046
182377
994155
594080
92732
89232
626434
40527
992656
198266
32519
295743
796906
736547
389190
671030
917156
863740
938063
873183
999096
734011
702771
509351
429394
341628
520747
591544
282369
97042
223768
53008
417863
17647
693094
727869
836559
378987
864585
530295
132606
585396
567977
146586
911394
932819
848026
872254
8583
453591
751812
161845
785704
877280
945954
516768
24451
753929
391334
598254
914565
422195
59641
444530
863845
616299
293983
645088
327309
18743
379833
965093
8562
992194
188516
586912
945156
467361
414335
883072
373697
820353
70411
880187
83365
444272
152363
332647
945916
446212
263946
680441
510615
241451
611547
710489
747933
844689
107452
766494
598201
117672
496628
327979
972081
464023
534555
419941
391319
385409
838169
92112
787224
460400
731398
566277
623025
72222
915441
476754
380930
937056
120956
602606
711419
36463
931876
150167
776050
34965
177823
813962
265815
321201
699294
371294
916095
618662
345906
749118
629596
336550
802123
140033
930766
626262
99227
459752
17362
646047
460184
372915
633304
75857
103969
613408
605427
991475
941048
820609
877482
934955
716270
46905
789931
376902
171036
949331
785887
205669
666125
456638
754777
264069
753273
861993
753192
459753
700460
312375
368331
849958
751238
994655
605700
66827
977883
103331
155269
400747
402554
429739
335943
70984
406219
373310
569914
652893
939282
703260
369815
674184
969040
86714
324369
93266
554888
210586
160681
114588
602143
976839
771489
313577
176348
119530
785288
208834
224528
87052
54708
429514
392463
950057
310542
69214
322844
658989
488647
637992
401891
578510
177001
425601
851167
718789
956552
258688
758236
802986
614743
904676
373271
999275
982166
225177
416193
933992
899881
321834
252962
415854
666565
35716
939802
243791
462659
644643
273859
296987
456535
427100
976051
596285
431258
525637
482782
180083
847299
328452
465240
866795
445428
540019
142263
957303
592880
768365
176983
599789
881323
889144
173943
396510
841914
376079
612352
506737
456362
261194
688998
426139
853996
188332
578983
621052
831853
454089
239345
797145
72388
238546
523808
326450
621573
675711
917413
769088
241779
378711
436482
367117
81106
820895
625649
623855
369305
274845
142501
756258
433926
877703
94312
540609
359564
909
747683
767713
848744
91968
575228
904970
324945
755037
699546
771987
785294
228410
421572
231577
12193
405580
323879
67548
858657
547795
647222
187126
305253
693218
162028
458104
495708
365006
455277
715874
807290
387379
557770
804735
784653
582814
561443
993243
52334
611674
212839
117410
710802
875098
124407
627863
732416
561216
545769
571949
258333
637960
218025
89989
869347
261460
427897
811845
89712
976212
653784
643921
429755
85777
665025
778729
855265
915031
83914
610143
897758
744573
801389
625075
478423
417426
952420
949261
466579
291366
93165
726294
288010
744050
328365
109747
867798
877093
156977
305951
987270
69835
964751
833955
999570
999772
342251
85941
552616
476511
352918
288811
541220
235001
500944
554266
171039
328342
302
153807
422111
933171
749335
768809
24748
655237
519720
804817
969026
300361
786359
120792
488546
853417
954037
720427
487299
356040
344493
732469
124710
715818
524009
878546
426951
349251
598643
757547
703983
66203
50873
301106
597350
729178
74890
159611
1926
679477
767101
895990
671211
234037
424368
546565
926727
314593
23150
223998
101522
686792
933098
557758
174814
324717
499304
735144
373832
384719
788219
901305
693707
669267
612713
945609
329390
243088
677354
375329
390750
450743
118351
508531
121878
113053
727168
281850
820282
754407
826206
899695
263556
503185
760839
744933
409685
141723
618231
28546
457837
482256
916044
568666
976246
535924
668258
406249
516666
533513
343516
697965
914166
746430
159236
624542
531334
182261