647080
656061
174988
104943
540379
280653
669493
116247
217202
884794
622925
721857
225290
968881
208982
183659
363867
693526
543583
227063
562460
286529
50670
811763
193473
977113
866777
459971
141668
107018
535924
357421
694402
590950
969956
861569
289436
383958
894290
249123
161661
846331
441148
519158
526556
471589
417061
21479
386007
495854
817709
308051
542367
713204
670139
213590
991795
600434
489750
45809
966853
42363
480595
504727
463097
497874
883945
549396
678347
140200
582176
698267
424143
353778
759016
882538
512980
842151
963142
134236
77026
300179
432169
656907
324259
512219
354203
812127
634078
360078
212307
52984
926558
530915
448167
639476
701425
125973
703966
58397
589324
574680
473252
844658
667404
318006
32790
86928
130199
110155
531837
425853
908001
558681
819608
607570
493131
565257
77074
484802
991461
332863
419091
941579
103892
538584
743795
565495
370895
597955
743624
427407
380291
274297
961248
572253
736087
602
357514
734429
271050
879462
157071
714688
331127
666260
993087
175004
741754
394962
928421
898611
964397
552090
157020
243229
615244
744429
756475
867861
205367
426480
964331
442398
177749
792031
697050
661904
838356
938674
58120
417731
345231
461451
577983
866646
665225
854424
264991
682653
213270
894859
6935
604901
662809
349427
287088
51492
221928
87991
724611
642754
293004
881071
858187
535806
606436
977695
240469
960511
61928
750289
543060
763768
106763
595470
300561
880822
554874
659449
925567
881993
471618
176583
455084
296652
562638
513758
704212
148883
456077
676617
176336
632497
331698
931030
63276
205475
632213
551629
76950
289245
253751
987533
456625
370478
226339
654916
401161
473234
294063
968266
230434
142484
234082
694491
154857
675742
544111
655983
595852
996063
493152
565688
368165
566103
5454
891704
904145
283714
456204
473852
715231
643358
37860
157624
512036
476635
219577
695232
486700
194847
723468
704033
798667
748083
346138
3930
597393
129869
939105
521594
899483
324986
571395
382487
849350
486760
870724
941096
17535
340429
554862
137920
346166
261880
811348
406119
943345
204658
989363
798231
782269
433232
24948
991312
999743
198744
289485
149720
184680
921358
296712
312979
733447
175962
641564
339322
893752
350231
912759
627259
903290
707450
705885
843886
804511
374429
329450
819119
383388
569191
305843
578460
22592
948506
671435
26348
169282
651193
644961
335466
385010
54804
805063
508557
26642
538674
563597
24886
319038
544793
742732
729670
691334
382204
127359
645017
255388
785218
850507
871202
680681
927855
384159
404131
405498
358321
561462
459658
715543
397385
23225
641315
353204
950932
496770
306110
121601
338997
17212
264734
75292
100321
915814
373019
735718
840007
733558
891861
700083
264986
771930
74133
240475
230460
850777
459969
832877
542665
956248
836540
734596
867772
786809
55256
273777
119426
398046
981177
125463
644249
508492
629191
992022
982437
144746
586191
908383
921935
405864
633719
624743
198362
309692
156828
304759
292164
905671
942858
213663
226645
699542
229783
385419
352135
534277
585564
685229
507153
592255
320593
201626
632466
508640
879556
137969
559447
994107
924342
752694
984137
314935
815570
984765
6454
865044
93259
141953
701562
258636
164816
668756
221449
462036
315823
290033
499932
212225
555971
658093
139702
743496
69211
543884
263762
819550
388777
241200
958123
273854
568868
369388
122727
3273
848763
848439
955681
689479
981749
855420
465298
843211
559850
118094
974107
497461
675799
791673
283505
891281
661858
339636
823845
985565
386347
873010
362895
875305
206091
493079
304854
913558
647084
96904
856351
741056
329989
958043
512912
302328
419376
454510
640448
337450
925161
351443
291773
390558
56421
558121
642681
882522
111053
319622
947089
270948
831765
648528
724027
499428
226942
190507
273868
117672
356836
956812
73636
773186
166724
270316
864823
370124
145998
93465
219768
782412
886371
579431
276707
669554
306668
755651
461415
870718
976598
9895
632495
634238
361389
704809
757516
401845
39572
696623
553537
936088
794463
442685
667242
388657
47181
28847
336393
109671
732453
89218
37422
752789
15339
788428
82947
639446
823359
404620
487474
453410
732243
197852
859763
850193
401607
118723
577141
746047
262435
625319
554344
599369
326064
426911
916453
266675
604147
881255
359163
832747
54727
107053
894871
945384
917270
641096
752847
399917
156212
822024
936971
180458
483544
130088
392528
522561
835191
599712
596650
455974
172735
958679
67638
334687
956461
607158
425545
677803
406987
364760
83905
883711
681482
92445
838054
319723
708791
311582
908027
633116
670813
409210
943847
483066
316280
417103
220987
600241
614865
464261
279328
462286
694971
871876
231454
462783
561576
939974
974219
27261
876456
501958
895886
784133
178368
403480
844047
820033
661539
186514
585597
125126
207567
781288
341371
70583
373191
370070
392488
873286
870248
263606
651593
400922
360491
941937
832661
844813
667574
581330
276637
253260
798751
895798
607255
803042
358398
173088
535110
34894
654957
566057
314311
442832
27487
372500
321273
863939
146138
995135
677578
216356
962578
479478
485979
571184
463523
613026
948879
224684
191531
10527
717941
887614
344131
222187
2959
603385
318296
839162
589631
372854
761897
263462
983181
507997
41375
997763
294103
716995
333060
714129
787542
942829
679969
676874
993416
444211
253625
496540
541184
437632
983579
399409
97478
233014
684776
803561
645548
510318
420898
486249
147758
241117
192492
106573
270149
712274
522084
628537
208968
256283
426713
579277
394687
520840
347755
568246
955974
849223
873662
960417
739419
899822
141274
844811
120580
39064
666275
743605
517152
175846
227055
838771
44744
387367
403529
566754
510369
962130
969346
804729
976385
574064
580782
697977
56955
556567
46658
756734
336201
291920
203400
618680
627349
513242
380156
329971
93284
262280
12935
815889
305887
447045
308181
451354
457215
950328
435285
962730
124565
199298
875916
260937
514036
843556
978839
282391
141500
499198
811451
972582
39491
950642
63082
463010
720417
15143
274645
967403
300184
488362
70376
175299
725662
114286
779367
165155
958921
386036
93731
20776
323478
981958
424280
574251
313878
49117
480678
680174
619894
965986
839338
570353
505897
706577
355321
992677
492404
448442
104185
552504
101590
823970
114651
790671
349585
444806
556536
761298
793177
102847
745735
526176
84952
926977
888441
673571
501340
442365
935025
807999
215134
207207
678819
323108
938608
949842
887112
19204
529282
240182
406203
816862
164752
450772
264051
602103
476780
400048
203358
847594
816419
808637
926934
585751
243599
278295
900866
756023
710201
113258
736908
370000
100136
289328
624506
771715
492682
903255
260972
305859
248318
466368
330545
123104
930748
648996
342981
915841
545506
801873
404075
942385
11292
762962
660707
308688
951214
336365
104393
613930
638881
999686
371530
995364
817224
450785
379843
576786
904237
689285
544311
594470
760733
110395
86253
695940
313549
32310
381220
105584
63336
247948
58804
726249
121782
577891
557123
902223
217066
431975
87520
819839
102280
717687
817279
807999
298161
77855
442130
72917
276108
914688
746304
852594
266899
507852
222532
392844
471223
768558
163365
2313
149041
198022
200973
654359
505063
87314
106633
669272
302583
859240
155612
936571
281378
510047
582400
202790
170584
951246
369914
858255
205852
31020
269209
358954
144147
850327
936650
527292
423791
881008
250139
74191
9778
554659
275594
122238
7265
117764
721033
35376
679560
803925
483601
970849
853924
80932
888224
217436
550512
981969
190929
455557
553871
212846
167190
172754
50770
842879
346836
166234
226855
666272
180698
360390
513631
898502
821439
959460
506906
811357
67288
346778
973586
263633
522835
368311
904640
287273
2420
45477
703022
348749
757801
139387
619290
979112
765131
728687
206276
420520
694004
545513
442837
127330
532343
31474
279212
87187
710272
574859
194821
595522
17801
828634
758408
381569
854838
350207
134764
945105
398671
661253
58182
608357
113495
285749
341490
815871
633997
979332
171484
651063
508478
410476
233388
72282
324741
932632
827916
541487
397537
880632
260119
410517
540721
765301
15391
419336
233806
595262
498267
9026
837445
586049
873131
560318
418992
855158
621962
640280
507952
663253
804879
598864
770952
441832
167648
228205
183449
139003
253236
509566
606198
867951
443458
230907
75875
291694
862155
463435
592367
524856
973889
121311
436715
700764
955091
346171
956102
398147
442902
684181
976262
473319
816913
956694
940325
188449
782501
857213
233478
395743
920023
502115
858514
961459
94460
844825
432500
955785
946304
934317
301485
704433
927378
312140
114708
814234
128623
557825
463598
292320
171530
153563
535205
997884
402453
187565
590249
634458
695151
198319
948384
766408
713514
476674
891915
476234
802103
829073
139894
859466
657393
247379
877275
946348
929666
422316
957205
729024
378294
129523
228348
403729
791962
503823
676385
13146
954832
852922
814439
77080
598515
149864
663996
35259
834657
938112
988211
17142
372649
978249
319872
119606
422226
727456
262095
528943
263366
160741
87681
62865
23002
402422
509764
979802
159291
360083
524365
32005
407094
385377
789749
253216
776227
777738
531309
317883
596143
337345
768671
300796
667973
249827
528483
391120
400153
806073
814171
149756
434257
982490
847532
469457
278288
874670
104793
999294
697567
438861
190589
720447
687546
244037
173413
874867
369653
842170
68616
40204
346505
542824
222564
468960
824127
130565
570486
193884
228984
341378
289748
380503
789334
52591
544555
294788
268555
411518
860689
819202
799868
925471
225670
537742
253457
350859
945484
700760
458844
306909
799968
994995
715043
453658
816020
373605
879372
231441
897546
752606
654564
835294
886607
470662
656203
997704
478801
534703
296448
17034
328318
598826
926981
107503
559035
858613
673647
393238
798014
729362
117516
546837
878409
250419
246448
103738
383428
353424
717022
173101
332021
771355
727312
224305
476318
620107
589028
710793
536691
678933
274723
353271
683382
700666
22638
431327
314929
155705
903687
636555
453071
764580
314681
603400
795544
848656
225445
776685
902920
400230
32235
634427
988938
106582
882417
985696
283414
51308
652179
688982
546148
52602
800807
271977
17099
319413
176427
43605
919547
245788
642702
308621
847635
651923
470167
393176
173984
127630
694902
193558
316019
365864
450086
306081
425438
891156
103355
915535
785995
132330
810445
581011
298104
717155
910209
806339
313043
956960
537841
592308
666285
628964
219255
624897
959902
501795
725979
742251
64374
865522
89110
260442
969755
140765
282051
974466
119236
622295
420001
803873
579601
717644
389639
398692
263620
163091
956261
880937
244384
870783
445298
512736
506716
342549
140599
74
404356
387031
322488
693859
325293
211903
217146
405149
815507
193159
433782
27009
76433
151461
39128
36410
462523
637845
512948
650541
330203
529422
717766
743360
206343
655766
388068
605756
397788
424305
720066
704205
119193
642037
337634
125478
24090
729081
894102
793921
648558
759788
918579
473412
219288
121793
325844
289600
902623
792712
738504
779666
528082
836952
600281
564972
619996
864809
215866
166446
325695
374014
818764
286958
920624
636159
367437
384471
436943
416292
700381
784429
38978
782798
5806
35374
66861
307504
770248
635860
340048
974954
672695
785464
63100
657078
999890
83472
53043
828283
436072
757785
853275
257087
698120
446416
633183
148666
216685
938841
520803
164229
480068
324163
884961
981809
458652
752291
64805
498933
33961
644124
322401
748223
202933
567809
888622
532779
473188
94481
62880
897809
85666
632865
893124
773817
855915
698711
21496
185257
465526
111954
115367
741471
294399
388903
173856
352027
21296
524615
724371
126036
883755
21308
443111
604874
255222
840594
616762
286075
775428
468562
372982
503343
527260
351209
938829
970670
202088
975848
847121
879826
980829
512229
904369
407479
499841
530110
816596
568590
413662
205886
992331
591057
557889
569239
210359
661649
171183
578447
419575
822955
417445
468216
189835
85529
754443
912791
201802
466276
538164
475303
694140
419511
917908
350582
754069
763151
666815
847916
624399
947791
510170
279595
299298
725169
732128
878738
72035
118742
60819
156700
302262
144893
58045
106662
467633
743250
268385
635214
395535
770398
925507
954167
534286
473245
667025
550952
360102
358765
335597
720212
522406
314530
640536
953908
453420
437942
853052
241041
985728
740446
905558
737118
399054
341496
833406
224833
313534
436320
849300
163058
687090
601249
906249
340476
348251
159944
643079
199521
591672
88533
998398
277467
356525
328523
558220
292156
179772
654311
489288
263670
144738
99181
440812
412279
59344
953245
620060
322733
242564
321605
480919
540519
296004
361200
482233
240028
682743
618300
150890
270660
758560
309833
402279
731748
773687
814861
432811
375655
472422
280837
180857
801768
151005
971910
985033
366797
989202
119154
620428
429133
89432
127941
137118
448913
998811
578127
626504
694968
714678
952700
642734
306037
91825
167311
78235
33235
375194
586029
157223
535001
624894
524886
724675
12105
474885
303726
433825
960706
248551
225337
12738
660229
384463
599078
656157
736404
608010
472450
454697
1398
120300
362509
338888
788696
180031
256106
805584
152014
976169
621103
31670
933814
491545
177693
409113
722557
263725
389225
167849
829691
205604
789433
374450
594618
804667
622570
124233
752852
127718
522510
379921
131578
680364
163827
953002
888529
422943
940894
106296
916278
425527
834519
860555
835427
623563
348446
299184
506025
469995
751867
740243
358429
863324
845939
71951
108303
990833
426711
732180
205813
981890
671990
476596
247847
977676
510962
715082
66244
87909
981360
870855
861362
695578
267433
458842
836482
439655
678622
470779
971697
328209
12200
445141
687114
724900
632813
587278
575082
152325
234479
108788
854364
951923
52030
442245
370210
961502
944974
401179
950613
481827
911587
915954
151523
48484
188776
924184
5496
369473
843807
648368
309816
635061
166643
600290
993000
514895
131818
712994
10604
907082
214454
258076
560555
506956
214570
55673
102927
571640
674634
824209
590568
562288
78715
124653
512560
341546
266073
900279
217257
966317
699304
922561
86499
443753
273378
227118
50393
726833
589998
135041
163579
392982
405106
907776
760455
137889
527551
331204
547472
163948
168107
233376
980577
631581
566332
132844
302587
572864
64192
671405
326777
508928
131450
903842
193941
463426
417975
26669
353091
869855
731390
596316
34299
679804
223461
912724
292820
306119
81344
783769
660044
642703
26101
625660
960868
666112
744427
16418
430120
402298
261025
666412
506380
703374
552731
276296
632434
905493
315062
171220
515273
378284
80669
670250
725839
387151
594324
651212
745462
494097
593522
193837
409893
230901
133036
645786
939989
81517
671371
106500
90204
10924
478527
826602
455047
710506
684366
467367
480479
165876
91621
424469
365646
540396
878927
278621
820700
152036
212931
443549
930322
452371
537431
581300
447615
12786
540627
169325
894104
584118
606113
641861
766074
452138
379744
350362
287244
757160
884567
168563
565888
208884
124550
528358
738296
417140
176792
368426
606469
367824
813686
898170
523402
483042
105589
162849
861695
179738
694895
670504
254034
687025
437807
261978
16167
759496
577414
785329
744960
203741
829690
390431
906744
917800
190686
565626
956778
100184
519677
136772
245167
92965
605040
927126
931523
886994
978639
551017
543113
499329
428292
175041
69029
83634
225659
239159
108423
611610
95990
111777
572872
228252
126588
499296
369708
794278
572977
843717
563976
959915
228609
94688
406077
329208
710454
558311
95010
414837
445482
453056
318080
389627
746198
964972
541942
234828
590792
904143
890877
688371
194291
559072
831174
188729
957728
657449
130880
330113
60867
983355
647093
265473
371304
129906
711444
600413
840908
449760
648009
77858
230857
480665
361800
863835
247721
515675
357481
428051
218331
621463
476846
747753
257922
446048
273440
896457
75755
375919
706838
407692
808727
946705
990167
278382
779767
375854
227415
606504
391734
266102
563806
250090
255856
41321
92934
563831
602496
472323
832803
951964
309622
245699
264509
132302
634088
787159
178488
985823
249055
339878
370005
856477
186611
204793
338065
267271
758129
595975
284203
956013
287352
142619
543299
679459
622243
471268
898142
533217
530976
54745
893894
710266
13855
545735
640270
741495
372647
373496
763636
96848
154882
961089
781343
521798
5401
426281
938951
865376
902426
341553
727027
359296
250325
109573
888478
404512
947942
21181
42995
210095
258957
403600
488760
16514
456986
404246
663687
270265
974979
103223
19254
285167
658072
621238
229400
522397
21709
305492
165533
94412
479798
755682
659796
834932
367378
87782
766225
416694
508094
665257
321770
642995
606411
322268
597467
377159
619241
756260
338057
978790
179906
368649
673764
597521
217187
191350
282917
922164
78805
395438
480183
469599
468682
470860
5106
507615
530675
746356
826306
908088
694574
893788
82918
926530
1501
607217
293460
841118
842642
819303
313531
277523
593894
692704
63584
554568
865577
209400
468010
172384
945523
14699
544249
320110
805593
734500
589680
321107
176060
578850
209683
552123
699323
165641
26124
696688
579848
126915
499848
853913
252504
128017
855742
745364
841972
291250
100816
184747
32429
850350
457034
484533
660396
224703
925959
386892
129383
177117
497074
440806
412912
808869
943722
984210
679656
860581
603967
591121
856144
972870
600729
292815
710848
893078
83449
28476
726448
499250
662231
965452
487795
587085
151209
424519
286340
946271
730501
956045
183033
775724
560285
407850
418260
350575
793130
446162
81977
956899
900836
220025
801145
6383
943725
359377
814604
33772
53453
74145
259166
122772
657752
347967
415040
578376
307628
404778
523391
532093
697879
269574
360082
910853
56213
179060
320620
827574
399670
885261
865714
725241
312670
938492
556423
412016
34023
267445
229506
149317
500065
474198
250625
589452
873081
640664
319831
231380
158135
561329
215649
962127
190241
53450
424950
586075
474621
303960
733628
548588
328564
315226
434711
115032
638546
227565
168957
548671
234090
239503
264997
163861
134423
881838
838046
90190
40861
90412
903036
654693
958125
783410
847085
658440
228743
224942
730729
453731
619770
922218
779400
959751
599879
697226
17901
509943
424036
942178
218208
970895
573148
200370
203066
746706
918483
603455
472185
970254
784103
224142
351924
573358
592627
840640
833448
210396
838125
848069
676272
290576
139375
610750
859795
184506
479443
566451
757431
953928
298167
651438
757364
133332
95008
40882
835396
184174
415226
460059
294038
177025
722749
872275
144321
748900
46892
597358
352086
431871
87991
235619
177102
279640
66113
338664
433762
491065
271100
564265
147962
99136
78511
682276
950845
749059
381081
800932
303495
765085
727984
78423
682873
342682
870722
1358
656617
926715
516029
677330
902458
648934
729226
586717
408327
421869
139283
402684
797305
880185
884837
264959
248824
42642
288113
451673
993278
961870
513645
69659
147143
265045
901528
904
546981
21645
294234
228564
317424
543206
862793
993598
404570
868611
141576
581639
495968
106819
106314
405005
163868
436972
922612
587977
312759
48564
440545
953185
888253
74347
697919
821355
623113
460680
428630
355776
203999
595662
93289
629048
146840
770970
616309
565191
191608
341644
974486
414067
996635
296784
33353
211633
649230
548296
474636
243100
540347
544535
769506
433937
959484
573517
455219
305001
748560
62826
251087
764500
716523
170129
480915
290574
775975
611147
449764
100865
311577
744692
386521
100727
358335
968070
366773
18554
426005
786111
564177
375563
865478
68978
824664
873083
90944
261352
409516
114792
98336
908592
415271
227735
170124
785226
381820
30187
303008
389228
682683
549568
370304
338287
174259
941031
136909
616665
69169
300286
11571
492871
688359
276842
317470
460023
348521
519924
313868
650160
514256
601725
392382
441550
124033
862751
406664
134638
63368
858146
243976
330738
615005
967000
167091
940465
368969
221398
677259
53758
55330
964367
13037
294483
491122
229966
446918
478875
19510
815247
188134
528217
134210
80635
771628
450808
926786
103231
281761
468271
155163
381896
189281
958608
565615
538205
773620
647214
722752
455128
582908
651177
153644
355522
652806
184536
630294
485898
811842
256593
188709
855970
883344
208535
822310
378295
347632
163617
404045
685067
344860
35267
348121
81200
685746
603132
677269
694242
503624
368603
309626
481410
199396
7502
851122
400363
202116
536072
744119
825395
978519
44494
221146
693952
603343
464223
115040
562500
22478
564158
22855
225366
945341
841821
482150
719534
308028
348072
876914
352189
358515
307946
852573
99879
271559
96800
145624
634462
613417
684633
546489
768284
197064
402438
994232
276220
775846
696036
957396
626678
484296
967746
290451
423926
957447
334833
731558
692055
759364
409480
184170
634753
265657
544081
714571
433499
196394
92756
665347
984431
740602
438845
603393
302810
460889
141676
484452
153964
487387
270170
564646
420898
571172
50147
242326
890621
218688
884020
244477
797246
939663
983377
142498
811329
792605
203843
681002
474163
417104
969757
764695
301554
594554
711338
205361
909568
855375
189237
413058
251170
781488
506485
109882
309467
745254
452434
744883
758784
266922
222552
847311
625016
428448
238711
49470
685970
268452
672244
791580
807555
380029
615856
469175
617722
251951
560851
372078
556450
675949
788629
78132
114612
136746
935081
717556
238453
935248
259206
968975
277331
176458
235219
203201
303064
320700
484846
858785
141385
733970
360153
578119
4382
796278
755393
527496
832797
832091
740205
600156
308309
449847
7615
212961
543604
226381
719658
250104
595205
521832
863025
357901
123466
209188
156055
68213
859698
641061
66089
914096
809720
946027
607780
286413
190872
237310
899844
181869
411693
28867
335338
546847
136556
694577
647721
547115
217463
152029
218413
498666
248863
207793
924232
184530
890361
630139
48090
419792
977627
594593
143325
805518
703156
79987
14859
987604
285637
133337
42924
431050
676416
808875
361151
104092
794427
998304
460804
910198
349905
115613
358884
585135
546390
416623
298750
86530
680948
756308
372431
264694
815142
265076
941053
57952
69393
519085
586496
706367
448506
203787
998382
240517
558760
115607
252193
859445
826775
418694
283719
391143
628566
696275
52229
833705
71358
739367
610312
190720
294927
751667
159595
900940
701928
797024
914238
909385
206947
988958
625849
954929
679371
643417
900285
179967
366202
256138
88131
947343
645524
203690
381923
752738
344986
179841
454147
853757
612971
811804
725274
797296
234461
524636
819232
81268
372
959851
576788
51822
439933
517514
475177
316624
112650
805894
862350
360799
622923
326601
165017
770895
256004
830733
841999
352650
227952
846187
330642
510479
545010
723538
420904
71415
139572
18899
166564
375892
259743
130328
86323
298674
667125
936181
199941
239039
461774
126679
283413
513479
891309
189336
72407
597655
147070
753461
140413
123459
500014
341847
74215
139524
996775
406477
439909
778297
558567
90331
890985
953102
568572
853420
941518
345594
972382
657442
794239
138338
159272
576078
344645
717723
152244
652347
828849
673101
184915
663077
663074
804466
120998
559559
537460
747518
237725
38866
640326
123801
213577
130105
404901
297544
167199
592489
566554
876009
358411
477398
107276
98717
679598
318897
636564
821632
100470
167734
39580
979155
285145
359073
982898
167099
803758
537664
517103
391202
984936
10468
276926
540412
52079
404721
36619
640676
291229
188693
975434
727396
476498
170965
644001
784916
557556
904259
43187
546329
678598
52556
465418
157583
925028
36526
153568
393985
151512
899142
310154
378901
407900
158023
632706
644101
277165
658567
185231
165384
275145
26099
774355
631183
577669
13987
119473
113386
491340
178377
592473
148747
846328
6658
261041
594787
179270
862607
597793
517033
985658
343197
665787
461305
23438
339840
363654
587545
261912
367998
786854
988182
854135
775176
342057
169997
878073
875972
985520
587461
272013
211141
178360
482490
137375
989404
977284
57013
399766
355208
142569
74582
605862
611080
260277
132020
837010
215250
775357
100571
795330
741596
95682
882868
758780
38231
668351
537474
243906
363643
965842
325768
248520
494717
314500
2377
66065
393374
363639
552359
451557
567133
616235
729453
397233
569869
985901
433768
308731
650625
649372
959664
310527
920995
587097
749060
24299
344292
534154
482707
127028
796749
857739
754647
619155
90548
112435
36252
609056
576971
353022
292255
207241
105107
559836
73361
500591
188718
311957
488827
565789
140945
164951
628347
993509
476952
946654
371244
527257
758515
898750
540900
500003
201982
629712
157334
709506
499311
873207
713048
732961
759400
912142
847040
434070
470701
16623
588455
411572
698479
8802
338895
570381
661703
272417
744865
194311
458814
664773
504463
753177
742921
850574
932312
911011
8338
400147
723626
76840
191857
903428
609057
415337
307258
41433
786541
553950
621615
952218
598994
544723
676502
329545
287178
403230
536358
710959
944261
882297
837339
331778
86992
922432
49897
575920
714707
54536
440460
646474
423605
764505
150526
944784
468698
195210
703618
58837
710988
763448
436638
818319
929207
210082
700325
652861
771918
469924
897650
929013
880588
403790
566321
505929
296021
601761
63255
211285
185851
658149
933554
295400
545372
251946
104154
729869
676200
216985
490503
680309
603392
993973
531773
1794
616698
136500
475618
99826
356609
953652
484592
165414
648921
636700
390405
830862
410177
902992
492183
746356
23153
525328
893446
174433
475075
940270
936970
347695
350830
352938
573707
802413
154029
813739
685712
744360
233918
858396
147471
964700
349766
125345
66018
465847
407505
61941
788059
529798
318840
552930
94510
876031
124316
639643
961869
599209
75534
13305
562257
604716
160337
302736
239379
147057
955447
104494
329051
751413
330599
649264
922416
283248
861504
900224
265230
892764
367000
264558
856950
829028
452766
517738
785567
288618
668765
974044
463370
518325
405281
866912
584371
97398
208884
222497
631075
444789
989697
130961
642851
238749
33306
318594
390155
149600
587797
219044
11192
990728
45265
220827
72859
307228
263382
662012
710958
33899
43611
681637
37315
310327
3489
233910
490933
25601
257660
912624
553023
643758
698673
32232
106475
831955
635131
588263
803170
654306
64232
741153
325410
674160
274785
694929
154511
461474
188806
766125
123168
712884
245111
573323
967866
491045
998960
491728
502554
586690
921868
920720
988587
140878
183146
575048
236535
772875
375213
299635
376186
87272
98397
329548
800786
272391
639147
741729
252883
911658
266641
192721
56
296505
275480
944226
502836
589426
334067
632961
501798
12333
167689
850455
206570
424203
599376
394436
258763
527803
855573
683770
190679
761896
90008
847737
801676
833603
14995
868194
213742
658088
488219
395131
238266
798703
146016
850494
66740
97234
681935
418654
685085
382262
465494
938327
386497
417368
102663
947184
487340
153685
967894
11408
21117
620437
209532
232250
519442
978518
575742
915367
295459
559249
479496
525887
6763
29386
97587
989619
913664
5497
191142
776250
195716
466256
563160
967205
962548
588073
21171
534433
571741
680526
6676
789705
766255
944228
366447
909670
716522
136884
966160
468164
247477
379095
956092
468913
485965
169086
107318
612885
510810
767644
727453
733097
28894
794032
981043
866005
937414
209586
125752
455338
32803
120985
841397
306041
900274
296071
454228
489294
613399
464530
906028
18444
523945
538160
341467
422758
538086
521598
63564
721208
656199
12909
524825
176384
885167
433226
643402
613436
783997
647912
999226
229856
633600
528875
275034
234932
365450
698292
64847
283976
242077
208612
415607
688597
792579
368783
806409
907506
763066
88319
808858
515119
614475
719138
398844
664978
393979
799057
133377
958699
644059
540349
665181
534358
6842
815672
330794
624717
229947
428509
381892
73895
844353
171678
19220
708401
95046
655912
340843
322728
132875
157045
720324
775312
503210
972333
173228
551347
671175
786554
313341
831801
787685
32423
152709
173665
666133
903347
954118
431002
9160
18360
445079
731200
703878
722035
570664
870646
237175
198384
410467
380060
331551
875987
158061
79085
828135
865476
446731
122680
246614
385400
823522
87161
951455
167833
967831
635092
273747
733330
413973
429869
399351
549816
305964
152998
957616
706712
56726
354486
445147
975897
31254
766690
255353
809550
163578
202075
39943
336923
795135
117493
907500
166400
11411
518591
617292
427975
435445
907843
743226
226246
766585
30683
256586
474578
940583
924398
520963
74240
989827
462150
669748
179865
396072
3599
349470
962969
731854
617519
501646
631716
26218
679676
395470
734214
353908
560414
457457
718821
431620
237251
114829
385222
953046
344760
726342
280120
438829
388011
894148
465440
778771
690682
123910
457506
49981
502007
359568
239658
46029
49979
346688
931412
222642
204387
503039
953598
663083
907116
269266
474663
953704
628007
814864
513476
992081
761177
945454
744223
212384
927153
500534
801452
303081
331494
599127
248746
3194
494445
534357
949170
671261
28500
165857
926944
419578
752190
925699
305435
399129
302779
657715
529346
695238
864003
138824
993716
806669
909264
149448
487100
283173
106453
586078
454232
301929
823198
884329
885412
458113
614981
373808
747880
809311
304910
748468
945531
619301
191520
676894
434514
668837
536481
658776
882344
876928
277164
151096
665484
47727
259057
868566
562946
623072
575210
519870
963351
483000
566838
61761
103365
375927
706900
50406
15806
446906
911805
70590
765912
211609
942109
193237
794390
396656
450864
561540
454351
82427
451126
743076
895102
780571
461266
758109
930853
90485
795461
623132
237150
642170
141569
290851
898687
369857
893997
88634
829673
499407
798261
304835
922222
58233
446730
486251
33052
697633
895037
220093
933930
931932
157555
173264
112766
906804
808838
706785
932441
934537
598201
562811
365600
757842
982741
599890
313160
692673
944740
717488
208604
11781
105225
175303
565358
721449
407418
468005
475672
808473
788764
564229
515565
564357
972602
798465
525890
63454
52513
775589
648850
477886
498906
142816
884818
710564
715140
100308
112850
648988
252878
317708
603212
740414
855119
719629
427469
487501
488386
839621
282749
867647
130977
665312
277837
218972
282588
156154
430395
355647
305270
898351
780805
589177
775805
659853
685992
42709
210276
143339
716115
199927
241726
738259
75565
308574
542745
461594
376640
985160
914229
219089
319808
704565
570528
837460
452988
913027
649711
336063
600160
886648
202651
347393
342628
112095
52725
755016
310549
179913
298823
62812
276350
312692
254089
544008
689843
775434
911485
572594
943865
50048
116583
766540
669781
863327
19372
875619
722160
349664
665095
768341
758051
735919
282786
960864
493797
84050
350359
182805
438798
307043
978178
180459
785223
116985
996674
230767
208337
196965
147149
698393
538350
896664
79853
499771
209775
315426
729883
943442
630939
340053
383862
555647
739577
185480
491488
200591
86331
166199
289270
755766
830215
189576
987753
560859
363363
322665
404734
855181
383676
214868
936990
36371
667794
758196
415258
205344
994052
792546
414592
434533
768947
521224
992851
516161
607318
910630
103273
4308
349722
59315
343078
526705
842739
616795
846672
930801
251396
378855
995792
115620
621799
121019
331908
463587
167129
964856
552195
490881
250437
357378
411822
32544
298667
39067
27631
607007
490669
517102
54865
755825
873462
647336
14460
760969
854663
372161
612043
766513
824928
894297
807116
331578
241159
819133
859347
882638
177528
555400
141563
465633
437673
561830
410107
228294
601144
494324
658656
574942
990835
780931
760044
794859
694404
479612
290251
146307
10807
727389
328558
774239
760810
348193
207815
906771
553616
360062
635615
167384
970337
712712
576407
45893
661474
326899
989561
166557
303628
984566
722938
987457
663964
496394
467790
979398
99958
111633
888552
178337
675062
947348
2445
375167
939925
513253
778324
723441
90613
988771
179836
842821
521290
281628
855337
306928
86116
508045
49085
269991
973149
794692
177679
491148
585883
961255
872843
140549
666946
300813
333990
979817
141817
449481
364860
616404
272344
750984
646279
889562
618347
503312
580158
364824
27749
627176
399752
623270
24869
84119
305243
741800
610269
216132
397558
32260
609445
971964
982135
786158
918171
348179
243225
582942
831732
941345
675982
569956
906148
921070
275317
64402
847270
289000
106872
970519
110824
509648
181125
208363
320279
515446
291431
460006
390530
981849
410304
690028
605357
70640
619173
82435
214645
556742
118486
776261
935706
16448
187737
157744
842286
163002
390130
104283
865177
279056
432512
455556
927814
881849
31030
24324
239790
856269
428725
103267
173375
928167
328771
21256
362920
687525
151595
117065
880004
221324
671473
414625
772128
506185
327087
562751
351339
422610
674576
188603
748281
263403
11432
711331
34932
186821
130415
574708
112159
421888
466201
250085
742408
657937
819411
984988
121418
182399
503835
22084
429756
735048
687996
744694
461498
642912
472549
451732
894414
203673
155109
847797
92090
418270
902854
319930
676708
995993
34435
34687
93662
177461
705511
676845
780434
979581
865347
992877
81543
199715
294859
632951
98130
678237
553805
160776
863387
430058
353167
751346
231498
129843
971717
987917
425935
602188
786092
458059
243916
762265
105478
329642
609695
845006
915058
661954
222991
896526
918695
376126
227346
340917
162893
269031
920696
605745
641272
107036
896184
52299
589761
883038
197462
248004
154307
817160
710829
741978
582767
727900
158174
331754
932685
969400
991573
535855
675600
939751
666805
274408
798420
43539
964704
797656
927798
501208
663652
333031
488080
279221
890245
682086
22159
518620
534691
43824
401075
219945
335432
730411
525923
944111
572240
86830
61547
896301
690613
813885
735571
660511
254838
91375
722717
686961
135716
753137
293274
361038
825225
822563
738665
521815
134517
6112
949773
82032
393382
394971
829610
451188
384659
701284
450588
716936
817109
945930
742708
539853
752819
87963
961360
614703
583560
947911
825302
432539
464083
678947
419405
798669
451035
150729
8472
90119
743997
180828
223567
98845
470228
7593
795387
539757
184387
816169
113006
56877
730209
282083
605309
950621
838146
951534
748252
365211
635870
578004
486100
686549
114785
530834
616803
837016
472526
526013
347440
927879
269713
926142
865833
579368
782047
404926
519483
299545
537036
690205
84141
291808
279465
894427
702362
108000
565783
563993
411849
62054
703533
70778
80426
41507
946369
160100
198512
170933
408407
904035
240773
22429
662244
564524
443246
249493
463357
497278
463549
533371
618785
518884
220909
456614
519391
865751
29725
241818
887653
782977
818156
295894
237159
224285
960813
566154
230376
238394
715143
848165
170920
686558
757996
160909
945067
681927
902324
462312
460513
991565
899541
8023
731191
941987
809793
27971
843065
342204
482525
393231
591714
273034
699801
666733
881922
544353
988144
868301
161482
496251
184254
878959
71607
17364
977657
214937
757785
766838
256269
761253
988159
447631
808472
7666
714433
739326
608319
615291
82474
395244
154347
54852
676864
110487
276324
776944
342704
342890
779080
123312
154907
762440
219303
123670
30007
998568
403710
989895
92835
503834
315983
803855
496716
370344
424857
142031
535093
67416
238777
513169
872038
93197
721053
919356
145075
717517
240481
423139
853223
30301
953736
162871
130766
415176
185560
265629
530908
281791
977682
471835
418429
979866
559884
355307
885818
719548
12077
249330
633668
175125
348997
693642
409569
851266
552902
256379
599728
227023
852387
375881
605402
507356
517892
594791
69335
666845
288291
389065
104666
416251
468038
638999
27675
28696
662361
609917
261503
423088
512359
717471
577445
594842
674421
692650
480399
409390
943995
463302
457387
823873
530496
678376
750013
685772
474385
113923
389740
744235
138845
511454
784998
506305
266032
220033
159472
37112
742794
65993
455693
85670
296859
122011
276874
296267
416286
870901
297188
990455
651791
597152
900375
418824
870538
663810
775813
722705
856450
164239
763071
836887
671258
106464
409970
305781
780771
984092
960049
922015
76979
924882
376858
955523
241310
413225
638120
381131
390292
601647
217365
831615
390423
792973
795626
847880
357527
393563
525348
253136
604715
857424
618116
522692
216622
842962
965876
941883
822516
108460
699921
536560
725352
814494
450009
635947
418116
1677
131954
158783
654891
414619
145429
568940
248550
918033
34197
404324
989369
330425
687376
466987
800737
857097
794097
994327
862573
569337
807007
755767
683318
816438
315141
665424
9149
69679
240703
603715
793887
811148
511390
860810
262903
419710
492760
289505
126416
308721
804367
830785
880965
112543
729724
86023
809592
323326
624376
566708
839723
128345
852903
125518
42366
256253
105857
63587
419717
984265
521214
923309
765445
681001
798493
605713
590860
784924
109714
822338
384874
710576
736330
709378
41551
751696
374172
669129
197250
437236
781645
181502
389436
417270
759616
954850
215839
781061
471736
18828
892118
489138
749644
349775
864778
284968
354534
166135
791677
494073
455095
631410
677127
621139
464123
311884
518059
579473
158948
980883
171478
502253
684902
709017
527731
245908
421278
176920
649709
175634
641183
23152
479170
351020
893083
529291
884225
13837
964587
338977
694240
544280
672507
12887
992444
613916
608213
782595
646317
264933
314312
459595
666693
560047
922613
18219
323238
472566
60149
825748
240701
931305
404714
935218
4255
731901
147361
653766
908990
629277
743841
183474
22535
103102
289619
443476
849884
352593
175309
428361
315433
383954
405629
944851
501413
583102
401198
622101
136679
905185
614266
318971
965602
598413
71053
120886
951039
367270
549905
115045
31510
594139
254587
894863
930888
40047
53234
167629
638587
684469
895191
145093
725555
543706
707765
373713
826826
312796
444294
894973
759948
29529
229920
46575
822385
925378
133051
346402
913719
72302
907423
293002
776924
592139
797742
931548
826037
254191
740107
386790
140782
456845
500505
158815
771394
314278
285479
804550
961551
682737
414151
33063
404386
51739
883542
46973
787853
868904
969815
349595
317784
231168
179739
857572
207665
464110
457724
701539
121474
70868
334659
364872
216411
363951
182249
858112
196494
559683
876859
484336
207642
862627
971670
524237
981951
535839
459410
641818
290033
71434
852348
212287
683047
356198
654011
154947
794962
974639
810579
13734
672683
181441
790984
815966
860517
583526
291610
304620
677122
176512
669487
616601
86786
862351
63247
7954
95221
158688
704585
212829
139698
712659
731506
567159
862304
748103
755277
252684
605553
116900
544582
717202
211247
230276
612185
690947
655086
887358
617040
603125
236258
150993
858665
730327
980169
758506
661717
489802
272456
649042
898845
118106
358932
769143
183328
538327
97031
297494
862711
524052
6931
486913
755065
358139
857938
432274
635098
27339
8187
19308
851374
331504
213169
960682
888908
727550
244533
2664
853261
192841
333116
66538
284020
408675
105052
949932
79079
656115
514592
367366
70044
221422
861370
958012
109711
229109
84440
326624
597551
744011
741071
416548
109017
530737
2676
896256
900027
710496
258826
745148
405275
992611
761813
887003
309680
48334
310861
68900
663790
634206
56430
442702
850911
374959
773996
840583
708397
581716
912196
504033
464764
668375
696622
960921
66676
995533
411503
314310
661660
776276
178314
655195
549858
297323
331030
999832
893943
990895
114987
868755
63831
998190
828854
320351
469094
471274
304748
285206
3766
547820
779995
404361
739877
422721
198108
987456
305955
352662
471653
556080
894674
527851
621627
953528
797062
376695
550916
679383
317291
536537
915323
489455
965382
143797
265404
162798
195604
843187
533247
409375
615566
20560
658593
253516
663950
264351
878046
840909
246796
407200
518044
535538
786689
716091
65248
490376
996460
717722
335139
952076
615154
414752
310655
355562
754656
311945
620612
379632
237965
192287
652968
151252
754779
596758
637850
488990
981852
850245
488183
336627
348176
727425
755862
836800
705164
369176
621886
356031
232247
247335
10167
486569
636207
826264
698109
675320
763593
379004
464657
340184
959988
665985
467371
330665
57854
806160
859018
291955
48561
20934
334315
573223
899670
79372
994072
251982
522841
700245
977239
282129
679244
65651
606020
781539
115782
662487
144313
940431
944612
629283
58473
175513
813743
707630
268172
469844
834526
656787
919540
771520
403250
796342
404799
682269
596607
34645
286885
377424
42635
986054
972273
411953
710671
627858
326925
523695
349594
520430
526837
553889
298005
891794
893262
731690
725537
624633
779088
788679
987357
467123
106653
961208
396355
521642
607542
478856
575282
427887
3011
199419
583942
223872
533199
312404
483171
953049
950615
145280
431633
673139
367607
778658
48513
561117
979653
547004
416110
544118
867257
992438
697695
145221
652553
729230
88201
806837
537172
598237
878929
20208
573940
123842
250158
177622
861430
616621
224557
601818
374822
2762
59662
639353
1987
10631
221708
15256
235857
594948
789306
275898
869198
201303
234313
689243
687548
468280
815078
1899
997853
435216
900096
44970
735421
675161
775847
300380
69353
97585
515152
844330
994301
885825
519349
675989
890779
339716
420505
433943
272632
567479
418473
406360
684432
639644
208318
651273
894650
502890
994175
432929
539926
536916
57572
312370
997026
475828
22421
13415
428908
19540
369968
629852
904930
565785
490730
582426
267909
820749
936077
595694
244540
374983
388767
70756
901893
147001
819939
724453
247686
54294
530553
271978
752194
478174
162272
392604
55847
476807
184284
861578
647747
985801
150963
99590
323863
190663
778577
715037
512772
646997
157003
362736
483554
637482
269888
472755
890224
703523
35228
456898
450853
693937
110134
135195
953573
994081
435929
259708
470991
952135
963616
25242
758195
933574
927290
966395
771361
203325
799694
444337
727452
33489
731064
857267
878830
490643
575536
794969
659221
391566
820044
474484
978139
485296
963932
314631
771203
725970
636979
432230
184095
711910
619141
675882
968383
206908
567532
986830
599492
171697
379653
756970
587666
355764
123383
678409
391651
317622
189779
595113
946809
437166
787607
830414
846892
548934
67341
189315
150625
191845
35473
254446
947803
144730
434479
753615
675243
194914
796266
751061
798851
43926
953626
267613
13033
678324
796397
908616
865607
312072
861902
109495
364574
589558
936034
994469
474907
381287
294319
851746
88898
755790
815319
27240
18503
413142
995075
6620
537788
178922
48027
48738
988643
381024
494897
539229
431205
538498
916989
160770
455580
548731
700867
303768
866955
580571
668625
772814
238957
531271
72036
880952
897898
567104
390954
828584
757030
60302
982819
583333
450612
163144
220193
618123
782889
498115
363822
67966
475786
923797
136396
767564
417383
205317
189207
85727
311681
987473
67655
965595
665894
514266
826898
781914
739614
753136
118638
732737
526334
122486
132084
723007
355673
848882
255968
889442
921750
583155
368117
321685
245405
635487
799165
756858
483499
906456
647470
330784
762118
626635
352809
536865
227082
214741
676315
636955
109857
679953
987590
169993
948049
849026
416026
613501
823471
723034
560893
144188
131825
756965
874410
312310
963873
460117
388405
224032
50414
767978
348909
36784
429917
383358
625818
391476
961628
362730
715621
456208
110327
81176
254807
103378
972388
280935
747130
798387
923448
741108
347547
217709
816956
496268
869489
123699
332315
531050
301976
104786
468402
948782
502966
389602
843210
56157
832446
697000
957666
113423
583443
60172
152740
993017
830788
509425
855994
920599
908022
267638
994618
542774
264735
68681
27069
194267
269038
234979
537101
497940
897673
475748
175612
33881
307246
892683
171474
604509
879867
812625
858654
635191
654921
373923
516717
302760
772466
610491
404057
972744
578291
613978
607288
425426
922157
375524
643062
371656
241478
119511
695037
115140
869356
477545
16
728797
580858
341950
259575
960114
651251
861187
678677
349782
62442
188010
307029
456280
592452
378434
636739
898477
944406
840113
941367
752188
281320
65105
937835
672326
517659
573925
405294
376433
826662
380151
593074
581360
270012
60879
334847
725264
561290
293714
962890
631904
311516
232884
231905
909822
610079
757147
687165
187770
634561
715282
872122
19818
392885
253926
320674
444106
428242
584417
575077
199501
336475
983264
743845
465796
633113
784723
841582
467434
976229
31697
100355
710026
76994
818134
329747
577293
987942
738202
672779
477732
556761
880782
537925
40910
451191
736053
457757
620550
410576
628765
999204
205773
37166
315578
275758
479759
265398
321245
628422
286516
338343
314454
720386
993862
790656
301603
935153
603578
424702
220755
281904
274845
545475
890363
451932
786012
776978
432596
543329
253168
596087
195504
246129
853796
763652
348951
725713
218116
803061
507778
132365
625444
991413
26099
757644
86730
409146
574255
207806
264185
664203
11993
300978
121115
558689
32301
226563
111114
568235
609941
561458
148475
96108
706091
167056
380551
326976
76876
703954
8727
499644
297621
850247
288044
776050
596797
731557
773641
842452
309519
867967
863869
915568
226306
922387
364176
585433
635382
325567
373962
677350
902926
502228
900762
171988
105188
293251
514538
173895
895277
487220
877821
449197
240875
454006
602177
326019
63497
596368
694263
530034
391894
913078
604987
736785
923105
476632
724146
103694
607533
363476
903056
992870
877841
248395
349828
587281
952047
372816
415040
184636
576526
874429
993704
165358
29207
677088
535382
585356
704937
289171
958920
971832
11929
606377
807655
312915
496201
297924
177012
248803
491043
79812
741009
912976
498483
383770
565226
622217
16479
730234
63038
63236
931331
628463
36302
872610
918701
197448
726880
157296
90866
463024
900400
47178
424107
479323
34228
616026
818191
243037
20299
81278
201390
115413
855041
521672
615688
24902
641025
426846
572168
281734
682072
186178
514784
344015
783393
88044
831106
971570
537491
710483
65272
852652
866915
517516
338400
507921
147351
90569
234504
827237
189865
48770
315362
692426
556436
758576
294500
803411
17086
749046
547390
955190
741569
10907
118393
254368
269847
915314
202345
16035
48610
347803
914894
145355
634518
218914
687309
917326
788676
606020
730694
719137
955203
449362
42770
63719
936189
775087
811994
708100
323411
935795
405783
667728
473774
40754
273569
562344
679908
727191
91190
509278
562754
934377
922698
876944
311612
471088
764933
94934
274798
549425
949406
146965
153294
252500
296530
186096
960561
284135
812864
659487
940342
760251
982628
675160
940435
866092
57454
710185
714362
880446
453438
504423
602215
904547
851903
989504
895625
725274
290589
99053
364810
54385
445988
696452
415421
372203
831862
359146
99171
743484
815529
329638
245338
685617
887675
158992
580387
245548
328434
591848
305230
48269
807061
929603
245764
158829
69696
544991
289073
781444
73384
857816
445068
919018
179308
242164
997956
618043
516563
55192
645705
369107
712488
308894
124659
758584
477935
538110
888659
616279
878467
318697
674517
905127
964749
617588
159694
243626
215971
166065
516840
407890
339707
930970
200039
725760
855690
950311
860823
327335
801213
100415
54804
949391
686611
66954
40822
521334
364309
18021
543767
840529
949683
247727
322242
396464
673789
204672
901497
751743
995386
887482
919203
432040
145320
412855
118608
101078
508049
480418
644266
191445
705991
177890
906171
718357
187068
580976
528469
69454
971840
381129
150178
348541
667799
341183
874888
138828
774262
26155
303416
972943
63514
610813
898900
815403
777414
947316
904699
144337
248279
94952
213426
18024
876613
165444
466608
284425
772152
888850
17094
193828
248260
596335
461673
386943
323459
527069
379485
45087
911758
881079
357568
699903
938200
159039
323825
519869
881510
949204
370523
29268
516463
614975
650274
367236
268
631916
944680
749006
429979
760437
794748
988571
713590
87898
121760
794301
668491
489165
327285
341709
121240
309930
435653
415026
521350
516228
451053
136131
709150
290651
685093
290948
888876
120233
297005
156621
996335
913499
81686
364297
864185
843037
233195
157401
756138
307278
48506
365784
994691
6995
704834
229370
30825
257927
141050
534541
744057
248848
375676
74530
188546
226637
556300
252677
702947
626091
246793
492775
599810
217687
696879
315485
290214
375758
572295
851457
400370
29648
238316
163254
96703
143538
872762
870218
453076
153171
44564
66164
756741
530407
648146
550716
436133
465199
800966
654714
84393
504905
984105
635190
399386
758243
536295
656623
65782
345419
63940
42039
157668
437026
665065
996219
762707
48304
308431
116577
465390
952145
921735
807690
209917
380428
318307
813622
770971
764356
881157
422919
46032
335175
759810
56094
621066
532227
395954
272802
962749
858521
158870
71967
381652
827978
696294
848202
18386
542735
241719
984547
655882
665477
488262
959155
563639
474052
246052
906613
6521
157328
279421
639249
21485
978792
861126
148803
333735
579004
777603
61402
142351
758524
536690
94685
255445
277452
604759
892232
898706
902739
220069
999860
80380
236595
506182
308628
134726
198675
740551
834459
827026
482455
872995
168508
634068
86065
387435
646537
14724
848593
106254
525181
935359
139064
662411
404565
218107
341418
498928
33496
907557
841794
952205
576056
901273
384287
551674
315217
558205
281212
498818
779854
473979
214366
597867
937899
89881
959654
149859
42580
20982
552006
192841
297005
678435
938961
702548
458731
539355
195306
414244
41119
201440
240222
81123
461139
482740
896270
539160
216653
437490
211461
421896
594928
517191
279720
177225
872834
133135
617355
364132
819017
805776
284448
578790
847502
904461
47626
935044
273731
464264
300880
856040
141696
813848
525996
464668
700201
4322
886659
423378
648556
23223
523504
181325
956775
772426
657849
139760
132710
945804
926371
598049
160458
139110
368866
191130
222469
621778
557672
165900
291713
277335
88670
437807
751008
570975
416176
58347
953950
883702
857283
206812
641107
531809
651202
630534
765270
983513
384214
804245
290363
576803
871028
995854
894588
106381
586832
977624
94005
431046
200879
894369
294409
34651
587098
487470
667491
629898
662702
952899
627543
528517
435472
543339
225510
943556
59967
548261
204896
683719
985922
652075
876900
28071
277504
175456
532163
12632
744238
139861
547075
247358
356514
681080
917439
411624
616199
298073
403884
740781
256938
628570
642742
152097
719472
228979
966920
538612
723690
677856
16171
109032
156545
149735
517382
608558
286476
566089
984771
163163
460801
542597
892371
696460
530439
232003
277831
310035
477097
281060
464287
66140
122215
167907
85792
16353
914791
288872
910942
912517
270409
98601
496474
454225
928407
442877
719300
43210
348187
706239
865697
386219
892491
655643
763655
410564
824800
554552
103750
973103
493509
280322
693985
142378
199722
332435
145786
803990
643575
820541
652811
49675
629726
441974
645072
664470
665929
500321
866371
464336
285555
661877
533951
660956
579667
573900
45190
834748
9330
509386
75550
147281
277918
854248
738198
110957
120503
467036
85350
738006
766950
113255
787444
556314
545198
825466
70259
53386
458330
580614
446886
543508
494166
790495
74243
356673
358938
282508
181746
834823
99585
852589
472820
752076
366136
587721
508193
895608
689041
333619
796169
444981
691063
425561
867708
16774
555772
245801
73382
907585
300687
795680
709394
505834
243017
239921
699983
995566
786278
287566
900464
946617
471376
608149
294380
760116
314903
470234
625510
747294
51070
903309
354120
147398
571631
489864
325320
731298
227726
657016
880525
466703
805162
349861
330922
768422
981328
178463
994120
822967
172922
590087
668131
8485
933093
94327
69803
356318
913152
853007
488010
800629
574848
332637
28421
952605
453136
838696
481724
289732
19174
24281
730955
438985
86129
908743
447123
10268
360558
792542
573011
770289
681562
574570
142063
239009
465026
84102
464019
19869
274550
825051
412145
252751
416668
512727
421222
470799
790176
210860
809019
43070
329673
997186
433350
277891
757223
192443
596849
964448
197097
532000
620818
774512
937227
593645
356410
279679
367532
266677
933194
205446
527357
750003
200830
266241
865237
384239
414029
144111
66978
811978
477097
280101
116987
558758
360545
576016
4177
149620
643110
380101
764611
155611
781547
875910
247504
630850
836645
715476
945382
326714
912050
594412
450970
221899
369302
559903
370289
694490
408096
872017
635547
687603
118123
400014
247999
424761
428416
187332
867697
904999
961305
902945
830849
958850
85121
417610
788397
45021
613015
44084
862582
226504
568816
330787
62608
730774
861980
978301
284658
618442
306241
282442
168334
434398
746404
691979
514907
836975
545991
466739
85773
738568
316396
158278
187622
350921
518519
761741
563046
458227
449585
122995
804446
720339
706089
408960
346915
616393
780149
363631
806941
207413
723222
266477
943999
991165
510073
274225
222033
975932
402522
819699
564264
354634
843844
72650
859832
548644
212723
238245
646208
143544
70362
483493
842851
457360
131199
562518
804887
829912
796868
988105
768438
283405
68354
387727
133234
349701
147214
992916
536038
996565
340253
205653
505031
666210
235844
561535
840377
201351
856471
675686
201598
203552
666419
318750
304969
480113
786968
141306
694769
500023
419182
739615
842689
775624
693160
293635
950380
796457
626630
480520
341341
101548
113204
533295
580589
418308
129424
357562
955054
648999
176777
935779
464868
568798
334691
109874
534484
697132
672087
685823
26868
241625
453910
253444
860929
724634
74798
99550
772400
492254
591174
821152
924348
74039
51779
656788
380766
326563
536333
753807
769691
947767
64492
775216
303223
434151
216012
573237
417927
653108
652703
391737
799396
785330
902497
928078
484731
408565
966391
323827
287170
262680
469361
695538
162885
142441
858671
485849
291422
956660
671007
3986
725379
692394
832036
613089
806074
933358
695634
696698
672679
502013
612694
788093
119046
349495
543091
919759
370099
169678
99495
213910
347494
595722
389548
780112
544445
559286
581658
343953
645170
184491
173161
539607
570668
56950
665236
76555
34097
767849
852058
97111
965496
179707
815263
338334
268252
398492
392623
341277
368621
232154
402530
688860
50657
784681
762394
494928
42472
642962
250409
571216
918621
978875
277520
491186
348888
665039
625570
33858
701216
622793
190344
48478
210942
132322
250397
189617
402476
12693
339769
603018
56557
383756
124171
189208
974646
23593
84128
103812
50378
951794
951808
597419
587171
634201
378167
444663
420812
580327
911921
340185
531340
373893
434431
635173
733052
22119
128246
361289
128762
291861
723318
441899
333686
968855
217992
979743
90857
968061
87969
130626
526438
986376
693187
906869
608073
358329
23683
403769
624204
191923
123685
103588
580728
375759
473123
255678
221368
792893
423757
598011
132552
821201
597770
478100
513613
327089
435836
588548
415231
666842
985538
611420
745473
56970
933015
55171
462930
859470
339607
667470
50459
285480
234338
696440
653352
279388
266969
251390
837620
196503
18182
243802
332956
7293
329880
74137
771254
157838
166091
535451
270459
704116
540070
244455
810463
482923
866782
930664
410242
288333
881688
880648
827326
878329
246220
770600
845408
996639
137733
722425
313012
326123
793732
166266
922746
221964
13253
205390
630837
68704
176921
262137
770273
516286
295026
696247
58372
767839
831293
649529
813725
564777
367402
901757
67769
240346
392263
887304
52005
226509
822538
115651
98046
479788
586733
636336
67620
783347
115764
116615
425549
795101
391818
384369
12918
984877
118153
1696
3891
812442
45913
146505
582568
223256
354607
327359
923024
907775
535287
346989
53946
644762
910605
32432
921172
645135
315940
3471
6560
32294
10441
408152
732291
538423
733634
498712
947644
720308
900944
538486
79282
201296
308692
399276
301926
28299
347534
997155
154631
137500
663296
84778
730212
688058
789937
612372
661628
216326
100173
581099
98865
409496
673770
38932
647259
844516
353765
572993
335929
72713
57195
30156
297667
723446
774740
479287
828187
108793
849897
123197
327009
837926
98694
635092
752421
772512
682267
849346
336760
783111
649228
941977
501211
693374
365560
242833
232857
796951
27927
564224
614641
448094
693309
770616
810539
639871
976891
39997
287051
509460
198180
137953
649827
652879
287149
325438
404995
433792
220654
352720
599756
348292
866117
521900
242339
591499
861786
780065
289089
103428
969788
881898
657702
155303
577706
746508
454125
864734
994031
213330
340155
548561
538276
493603
793745
391309
653209
957565
370946
705424
376975
40848
770110
486515
984220
339001
862348
590900
734385
134617
616406
78751
164024
496978
988766
238233
232919
13726
59151
926153
927122
74379
403566
174564
516877
114775
454063
93651
329902
234148
225124
385922
703137
475992
825424
898759
850357
283027
482330
547437
765796
79438
282909
488221
248048
830861
23196
773416
924904
69888
782163
709939
424778
252668
265640
743488
18114
606288
855041
443989
726161
123783
344047
740363
856777
288122
154887
6260
677364
3855
405906
148522
632469
187666
284890
738545
913158
420846
499429
603784
709632
284743
782014
662737
581945
791543
944174
664410
294824
826916
936714
400647
932
69627
974118
861854
218666
985419
947047
325679
426237
755520
732854
631262
566504
129850
793489
92686
239903
685705
684923
668652
827844
6408
819796
65557
888133
154131
73731
981989
399778
603686
96847
139869
407820
103635
265485
598256
16617
919071
502772
14506
788596
839482
988300
275838
606402
531674
245637
36010
650975
663987
255140
89993
836951
209173
269336
381173
999697
412001
81323
827158
822229
361257
66324
603468
644525
739043
497001
687861
188266
824074
829681
165019
733310
585170
665880
154301
276870
68614
988411
280824
831019
721599
169123
18450
345822
653635
534800
286371
561664
645815
728746
353889
195492
408194
274268
555782
876588
801152
234109
747744
299408
325024
416483
588597
38973
478811
335516
752720
472217
88401
800375
889517
133157
264834
545149
137532
133884
268261
813438
32789
468088
397865
57733
27769
693492
105605
477421
597441
347691
101758
645133
700006
488639
854389
321486
159276
586774
666026
246942
332395
252447
503121
515389
519739
534194
422671
467573
476603
3926
494225
363559
590718
492060
500105
250815
851604
694568
110919
297481
688432
795088
986480
266845
17979
212828
52125
120886
418740
541101
668114
432417
484545
777531
176409
458001
886295
592887
283578
81167
398403
626767
269914
601294
768659
517776
405038
215133
524579
938021
183898
990005
275143
739005
725738
477490
665042
339019
224939
524063
740545
708775
537511
756138
718408
736146
678396
948598
148854
473238
552536
394639
731847
479372
593171
604473
952326
44151
793961
729121
956701
562382
969683
670325
246843
707991
778624
386383
213152
586223
959861
365004
952008
465894
194238
44603
530225
814471
921295
783665
745291
840053
664445
659066
857340
709424
206866
576106
303053
323191
786192
828497
233140
669128
795013
836428
594238
756483
965831
398264
941401
928108
157197
744386
802747
765199
652458
163674
22003
724862
711783
589574
20042
950326
579387
102675
741141
962528
731369
165926
157402
769907
458359
624304
482909
539190
539590
734400
897478
598179
417363
259634
81584
182056
537929
129541
472656
645639
460736
45771
648320
274589
700374
700537
683623
584191
772648
691486
405895
717632
116590
686129
402531
941583
317488
458371
681099
636541
906153
471763
483525
770013
945655
198080
174618
140868
21435
56025
959226
436912
32403
343632
800332
59845
665841
589966
426903
688050
521048
631840
997382
36019
861043
766926
20059
501167
764050
974476
839091
715521
445569
751370
896625
59092
356999
125350
508554
341799
257528
754369
955245
917168
738679
968815
681357
3612
811084
531656
523148
275509
933086
611355
705669
14749
197645
906307
991222
455671
410670
526929
579273
551717
817124
58856
103549
541995
410391
900712
732854
476338
865300
927491
89501
682025
761089
191339
954229
649606
361339
43308
133884
622251
628238
650966
184377
359331
432080
910546
599464
58571
292698
472149
679488
972813
254756
19699
11934
658120
394556
592651
358031
339212
826275
453281
305023
950401
386500
173129
680249
430887
592082
494462
798745
202359
807229
179026
987862
308009
796944
745280
930790
470863
163370
346717
551053
865822
562838
438765
76230
607949
385098
480722
660492
934486
715193
656095
338693
32602
897941
128011
611660
400225
257381
915009
981977
885887
906046
781909
506511
224338
556577
826384
255203
86119
517297
412076
941220
615100
23567
666075
412970
719968
989012
343169
890975
186295
85098
150595
567333
882394
973447
751991
128547
615003
898887
582587
737520
8678
124581
143969
207386
992322
366038
590600
285778
516087
247619
52998
379896
869578
866593
455745
421887
44388
834734
582813
822781
224913
944777
640015
922450
147811
229743
443601
561970
16567
71630
745134
594256
409103
88071
631293
634600
563487
175109
218538
89897
887459
31477
59055
170942
904301
330145
954915
883640
79037
98604
704105
767130
826504
619436
286793
942528
371355
659487
761819
325036
382361
450444
220447
494446
631392
834104
711978
551536
208394
706561
924859
976219
766479
283738
825260
611370
696712
153571
702212
79753
74894
162404
464937
150313
911873
736422
586674
802787
787045
409582
59611
783046
772518
336855
418322
886911
579516
448778
307630
875492
698089
512157
466239
164637
714848
969862
337600
336879
80896
661370
403369
905510
55549
856359
59489
368671
682528
430666
847889
639087
37924
125997
969492
349811
81922
79297
468618
938806
592391
577492
563148
852280
961056
635630
863674
203041
218744
405262
77743
411650
231032
795004
520150
70467
998061
931339
877718
525487
848456
707885
75689
882009
719358
999410
581066
68329
86736
828383
157453
418502
133157
3111
711240
310690
637394
337033
80943
781533
183740
913797
876158
962710
91989
219836
283599
161109
982466
18403
714123
445710
42269
158307
461949
146707
711958
664785
888834
188698
563700
303621
936605
148005
546938
615129
60903
385812
337444
973120
662691
358851
672016
923712
939120
525857
786298
445261
487895
307471
182560
235780
298436
703408
612484
213697
443666
838611
373008
834461
382911
877562
969299
313415
420927
159175
621994
27966
309548
707778
85050
775592
681498
990025
336281
569874
20361
99669
321100
470917
577715
842724
374379
446721
46662
214472
381153
689497
170284
929356
582928
334250
655301
892094
609937
835577
180982
903134
415576
8488
430043
510305
14326
981589
95512
744226
95993
635344
668493
329318
820526
897014
228776
468618
155143
648430
650388
70988
133463
582848
154382
513970
3065
807629
403801
738330
404689
785711
736264
614432
883178
552685
368165
898239
796635
676704
29506
928533
933836
651777
300361
123461
691573
640119
413876
712600
881056
566322
260973
38987
992201
265790
923833
319345
404697
935101
539330
204472
411516
359991
440959
707075
804257
289352
690946
152695
128078
88056
703966
451730
711389
425960
44082
357685
290967
672423
65751
853890
333163
180580
244258
386656
776458
974462
137238
148187
8419
359863
289577
56617
407670
371912
368881
444616
622359
216590
394795
934082
765441
47714
577448
621330
292693
328518
750933
330337
390062
894266
692645
519401
65377
389551
348317
735035
982870
871379
392891
895579
641853
959947
655684
673033
525808
922559
724009
359451
991267
55118
912213
130565
749514
321955
85206
736187
844744
365023
564709
927469
163791
990774
607188
556145
283352
437270
569299
859967
367296
987265
388446
409237
732798
927483
908615
811067
519549
814559
886427
154273
46490
942861
732660
283300
737404
223358
999259
525679
483274
9336
568471
944382
531149
851292
838614
139646
294308
71261
643959
568465
232286
905675
780082
420397
592120
210701
853157
759844
35570
586478
450747
804734
942800
764622
928379
695746
39978
290617
664555
61204
783920
759444
416606
761528
916030
699315
343713
742772
78296
987592
526782
408084
906562
59447
848875
295047
363967
215237
143635
837415
872420
797230
828542
811222
404119
313173
145631
760324
171625
637078
370938
200844
250638
321591
674992
451198
632245
934142
178024
236728
863176
208860
236124
177133
960578
985031
788349
287367
91559
226661
472964
477033
669029
605732
551126
551821
82629
705126
483027
22221
490638
997274
282620
472573
254262
804774
807294
409653
118213
367616
238303
316972
994185
522460
942020
428479
128880
145728
838685
775570
189445
74035
402669
840589
862858
453011
694393
118536
17966
473286
547853
460545
999083
860425
888997
425226
281150
576228
771263
772864
861252
819774
932539
799669
774510
80716
70187
61615
484897
196453
911293
228874
743917
514674
98946
955768
790311
72257
454938
607529
69156
397432
268670
22981
135189
785574
562026
803542
266426
388917
842917
324995
720580
429692
937582
792119
469644
930481
614981
588193
159017
948220
641811
673236
990961
892646
258742
864014
442320
601328
782829
23445
283134
364416
787805
475901
659808
352758
700350
419911
204605
842974
50725
804964
841819
521470
851630
831831
962613
122830
821381
518520
54364
159687
868050
724692
753192
616596
392831
4786
264088
23205
780134
637745
785037
130211
855388
213644
215264
361214
365525
686656
295771
799009
354034
156676
101019
603655
516078
252407
925824
46567
304864
225304
425998
28427
85421
186862
570659
198719
397006
316296
191765
741604
574330
895711
768615
529508
623408
710295
331112
983743
86755
910436
467241
92676
882433
661002
976665
891100
134114
681596
258239
112897
474890
608230
490514
91020
327323
797831
143480
760235
316762
736053
896794
419121
473819
744772
714080
619975
974028
767106
200398
298944
608668
665433
332666
684747
853958
11416
49321
992961
156798
668043
6470
82142
683702
686726
29886
208397
990285
959425
148218
614364
563605
450589
489210
466895
49279
158661
418635
790416
796965
369711
255653
844996
938420
59458
75683
661496
266805
336786
994655
574074
835062
923846
904041
486916
973081
444507
796772
574484
84088
132225
784318
701335
226740
414179
559434
411267
144281
435716
189052
738180
703023
20869
678912
838734
590560
497091
287351
507089
106369
102429
556943
313291
670014
728531
656189
82871
448295
151370
77594
810083
975697
245676
661592
748063
869098
231212
744415
264785
713629
725735
363272
959526
817502
970406
195124
128867
294738
303040
695434
520601
293086
376540
81357
704375
529163
465172
195670
846841
119187
904054
540722
432895
41803
675812
934106
599992
902380
758491
468747
741501
492863
461776
994050
560186
428005
986102
668758
650951
999296
973341
814769
727061
792770
720180
543084
153859
981072
350639
135047
67984
564690
160707
693378
994539
233434
885262
356890
924775
962798
554837
890019
672842
208052
824293
796222
193348
679417
636250
49208
230973
76061
574206
587583
547591
336927
730057
135234
52275
975809
167174
771748
437247
900951
76183
656348
240877
163634
16399
974572
120815
349475
599677
888315
653310
936878
208328
419537
703369
770445
982326
217519
890698
533597
997639
428553
512629
920041
172158
869921
495179
260178
802559
805953
295243
671000
634707
63765
677703
74503
179465
314594
336020
528960
826232
841703
854043
108131
755743
207119
929612
484758
299693
567439
821747
300853
266588
579938
603427
259670
29815
123679
42958
7927
242557
545843
878454
103431
779614
182593
872318
229197
177506
179667
18458
604281
890985
831419
549861
168837
276045
573834
183314
387208
822883
971436
639418
133719
147809
133087
251091
164312
430041
359566
679489
250148
437347
891086
109382
63704
242330
804340
29654
863161
540732
879376
930054
817409
888565
280203
461346
758986
395765
804888
15389
870998
322685
611866
658083
559289
330618
712850
931211
347748
418888
179139
678760
487950
38487
705573
483135
21632
819371
774721
369682
429502
801469
257263
110427
728845
655743
438570
712276
168357
965629
729037
526451
157365
871327
549933
831860
828558
495115
312018
416014
53037
327655
583826
768455
687080
526204
550156
14307
809587
577526
230142
779384
887247
693000
411780
401885
267089
988140
787886
20353
333643
245320
622716
418711
891481
374060
741560
429423
553993
946296
886768
556704
286504
922715
115215
717858
938469
756278
386392
731256
233381
179998
119294
167882
930914
138048
859874
473617
906176
191327
356777
117739
954158
280634
341625
819022
592757
837897
791057
857753
290145
941413
487682
854150
599752
48071
557582
673660
304507
831848
895004
197953
473865
369672
882516
841421
583083
546699
394461
308921
843919
832061
405296
953942
344068
189046
199577
614875
185022
341337
151690
442038
315463
328502
798940
461635
325059
84240
264611
887386
174622
976568
445228
197699
988372
24280
801814
770821
310044
2060
319114
191643
759154
307562
22424
481352
305087
88610
107503
659650
864744
675841
998649
230601
840816
780048
49553
943259
646219
997977
303074
288832
544960
634569
227933
379008
555705
852337
123094
9589
49514
140902
474748
770107
504284
811145
574963
772163
604885
804449
361616
974471
114534
949924
581616
559768
902865
239701
398197
144275
57364
626567
318814
385714
323734
120831
392450
965246
402733
144631
398121
135330
212362
52863
963655
424027
24002
337918
167894
299724
286649
865751
338895
852015
21997
87015
864196
545637
298588
709418
755485
588142
304404
520253
317805
943923
724181
47422
896240
622656
409124
199183
467875
710992
563695
809210
378112
421505
78488
381167
374357
904103
355424
796712
227264
924220
227505
416749
446729
630133
492103
955315
530780
116336
747132
666400
940577
190217
68720
718378
874618
228619
491794
285405
149272
671299
627021
977467
595514
764529
741841
505277
428036
118296
779260
632568
212152
648309
660965
127323
906771