341913
808724
600760
401249
802665
500610
885947
438611
840308
95296
7371
27608
761305
4123
200504
635256
206503
416937
328748
86765
565048
692356
334427
168495
678648
649698
291671
187419
677251
579346
45379
92031
113260
329365
13792
628356
556443
75607
375747
915385
707278
55625
328103
359736
201856
394012
294431
377207
602406
259355
557284
496237
37846
131429
585740
454366
970627
772038
103836
464261
619939
960306
384884
750110
73265
42909
758184
144781
494350
729146
270064
848622
879811
108621
480117
493242
149665
856303
752203
562770
529162
340638
97470
998891
801096
427198
979397
694551
446042
689264
525100
222928
170382
720013
515923
621004
61120
590550
528943
540648
324222
438149
151847
143222
863650
605496
857298
969250
110248
176834
54654
606644
946118
228800
571165
859122
800098
625545
262221
256034
168309
66947
57347
660589
155898
50451
428051
844832
21458
329964
287902
857675
841335
742793
75992
996748
423899
330101
882292
483686
889756
781767
782319
797130
95846
576748
836854
870520
770726
703645
577333
152383
449639
479983
607421
557408
468554
67145
553553
414801
269606
517743
296910
498717
686650
16317
629620
541992
363723
783088
907285
950737
350367
198431
885912
495024
926484
822919
923114
623550
598941
821443
229443
81876
61658
96474
153360
327948
761172
789491
501442
854212
716114
809635
118323
428801
661338
983271
836336
767727
106439
973613
45991
169415
510915
247693
456430
481097
585506
83925
288749
364841
902236
551297
194154
113350
292004
773002
539568
1813
483369
553685
534106
710108
396392
678732
778177
309339
504364
133258
316480
456517
764516
273456
916640
393387
700639
580565
548517
64826
863206
988250
240820
213787
293301
140378
244767
857464
90264
942016
64591
726367
93855
643124
822285
455742
802942
269038
487533
265166
965635
802091
58839
651213
765748
805884
232243
440227
942852
348219
953008
476774
173490
291033
456241
397561
523903
718355
490262
702799
78538
594115
381986
401614
989001
982547
167182
906446
371878
723276
337833
153792
387187
941452
614762
194219
909132
744214
287444
771026
409480
159492
627652
965426
854235
252247
577242
440999
869963
744367
141186
708206
26125
779286
652318
992837
497084
343414
578706
432879
643573
661355
842923
660436
945553
678643
900524
597701
402944
712834
338487
955164
812159
231218
371221
176769
881845
585496
909922
471434
121072
500530
401880
17146
366647
826812
942838
909994
457995
162081
575564
909702
708415
969551
36838
117294
304049
662947
454803
829948
168996
967108
814352
850725
217019
80780
770262
205624
774548
719264
647613
765828
425663
792032
492491
673559
695642
18746
361950
581216
999434
901913
54065
272310
359384
805755
967310
763058
475301
71265
951568
236470
96396
257503
519124
170065
57682
640403
807484
962427
8012
916210
164639
896506
544398
661054
862737
927016
859659
432980
23114
642123
349518
962785
264309
710884
882580
562613
646935
275715
28291
433072
841050
409943
274059
988952
534710
564804
892056
299213
226427
597293
554289
417492
932989
217297
90032
307279
600859
710481
542174
952461
129070
286543
780459
167230
289675
825331
103622
399551
334646
549383
669151
180052
507747
711234
460151
417267
729257
775842
808288
850685
106822
468466
31191
379720
443977
399211
44666
603991
936224
516151
342887
633323
499966
749393
235827
277618
378984
581063
170116
216350
503773
555105
970252
949649
589216
157532
595682
337012
416867
753743
287102
982311
228946
971823
844177
287890
203769
888302
525119
755354
486162
535102
870202
435376
672751
885555
958076
155395
3968
709318
975521
228310
9602
667701
22110
64236
66629
674120
136802
126559
590296
360495
33415
23504
485138
882056
4085
742712
348351
765884
564052
483869
80102
423945
908843
344225
862708
397274
348698
336885
965639
842898
351792
81066
361752
109287
880746
476776
195973
484331
751369
415415
403066
394471
747983
333818
792892
300192
519125
174845
783313
563643
139212
555235
262544
851644
600654
208578
143425
321066
377696
832906
62448
678223
419783
468896
294163
120475
225283
114121
211029
895848
546796
625089
610110
974745
64552
916716
440641
400219
266503
417188
426723
193677
996411
120817
536835
509820
602423
616342
939850
450567
545826
861320
970863
774690
224760
227258
956263
921205
941822
850323
834280
872356
15007
419649
872281
536042
263528
222695
386072
298398
118173
720434
427751
506392
909942
528329
706036
550381
773241
838754
190723
84309
141429
221618
622330
929390
464280
575997
401736
981018
950254
910283
977843
419779
57718
324155
888574
150334
118435
530801
634291
787085
480812
175722
102866
708607
351184
884721
340118
421234
937002
395051
275040
774841
951916
184204
210883
221848
566587
771372
567659
791532
244775
739892
383146
692456
761541
540210
973985
720697
682411
232077
437703
223947
573576
515154
298713
278693
209118
119980
471070
645680
109020
299634
320470
304661
171740
439963
827966
117763
312309
425101
747459
235792
955326
986386
450625
462967
573536
962092
530486
691136
560343
11519
608456
154877
636421
319404
956207
290992
690099
835839
479744
999882
765092
668158
112279
728910
797720
662626
146145
177364
388442
650466
423427
394410
524614
814378
811947
344597
586331
37163
800113
308533
670072
30091
201641
706758
392567
668605
584967
819011
949411
73644
981679
150373
640087
685970
286105
161225
933428
33317
279070
404527
387518
940848
44001
726558
193492
430207
870237
377446
380298
597939
609286
884221
71012
521590
311070
164875
892466
683977
455320
518977
934787
899833
100897
656932
52615
935473
382863
77288
802949
476008
624937
200503
706357
457083
905873
942481
961659
327509
853898
785421
40704
251018
427946
542269
634671
742403
621341
836527
160969
865556
766035
4752
732774
426922
709959
886444
177481
20448
89389
361552
255454
273392
918904
311249
118930
916422
719237
832613
627791
839216
1959
194990
444499
606834
354512
98199
298924
15991
170584
615639
742354
582305
431533
886739
257888
717505
992600
488352
491377
98338
144999
871654
142675
877312
367101
157344
19883
923030
826930
886335
239589
476181
648552
959406
493141
517233
932011
679153
876783
32148
902212
735463
466783
129398
393883
504046
608134
927556
488966
552165
68243
160445
179058
811404
409209
230428
277036
412232
825810
932784
753869
122052
982992
277895
471616
944689
647771
382792
857329
736109
703629
757344
845588
869442
663686
552341
70607
287941
18028
45302
979781
391967
531522
285491
665408
39720
251940
667977
449467
479407
759773
626902
279561
968534
990757
276874
706148
2842
24890
755390
619734
248497
355289
632543
602045
354764
145625
554626
745535
14780
543397
771292
951243
209200
437844
510281
742407
737180
508647
847114
66651
963190
146398
952588
389978
226778
466295
877027
423560
841422
245316
75926
483468
608287
917159
316691
492531
731370
540973
41411
677214
559415
376389
961336
186250
506367
768540
902659
666170
492174
952214
740003
145859
678723
606570
572504
203444
115829
596058
214869
291935
514928