992697
423430
962794
827183
363881
991652
723111
919797
572065
612354
465779
191421
420445
366099
528209
306727
133627
565213
29856
283102
887159
422420
194025
552966
767503
274900
110168
83138
975429
771003
414216
192415
875395
845217
100599
812256
483928
992886
7705
794470
349409
690166
400712
345084
308739
191115
687448
882109
481812
338623
928521
452066
576089
829915
222422
739948
117802
825761
499690
466346
722354
653795
166514
849384
109523
129215
904525
161972
270182
391864
754464
272398
550496
393969
990663
964139
123088
24584
100262
756326
906180
960908
40669
409860
617291
450461
961242
844962
987798
621279
428040
255485
439096
812378
280357
46174
476173
656881
348593
138656
793974
990333
515586
900703
780738
296646
107316
36543
762088
853022
572670
170070
417905
806169
864417
489399
933170
556140
113081
561308
483767
939105
318070
213743
673980
931380
550436
937013
383636
670222
311974
861976
630125
532507
247809
185679
684075
632778
899476
818156
597104
684256
227046
85377
303933
420281
12440
176944
175858
530461
725689
335694
192177
235643
527416
9203
375457
840773
215156
725153
322382
883559
257712
948879
474350
336293
186978
648529
673023
931792
673386
569893
889931
342244
698976
301788
340813
748993
660934
325538
183086
174852
238236
90861
726248
287938
27475
159742
493324
911072
157401
629207
691422
956178
149011
510522
225886
485038
534185
614169
727202
780460
158650
469407
398558
803453
613873
548249
218118
352516
15855
432835
926794
381173
340904
388651
982976
146505
142666
768644
926368
155355
543383
179786
385064
691554
606548
371916
270240
158092
858841
671131
158776
528883
254409
798861
331085
45566
987036
227182
691274
962903
531352
143365
179947
10180
160671
520638
15965
412004
320737
211001
336258
550985
99249
751790
849168
64748
368757
164922
579993
103633
600760
119243
380965
995000
677466
307237
324219
601277
99687
166990
943999
609677
47364
946012
388661
5189
293125
398937
36964
871912
996060
996368
922325
453693
760365
99959
316026
656259
444093
578552
597484
864786
452680
186526
741581
661648
57969
332376
900749
624396
167636
477677
131079
990138
842936
383357
615371
391564
742240
47536
582263
140905
418560
647613
317310
394892
23757
326297
926987
201468
984493
31674
902846
468131
358158
331974
261524
421198
486098
581213
918886
497536
2280
963968
647112
440627
928822
136092
785426
413292
58994
959223
840507
948665
255504
337782
672928
971338
771350
818056
131813
644650
497995
535731
762034
898200
226381
604985
634527
67462
473602
767846
500586
631981
529639
608825
510181
185163
935684
102957
488365
588091
486080
667490
981844
496815
995409
445037
219232
954507
469323
35833
106605
759521
233498
881752
329389
681541
942219
286890
837520
760333
817284
844392
435391
292775
269012
581774
85953
701399
110757
643171
49921
866891
268750
118630
361063
495964
157509
832918
562850
172195
165298
468446
154119
888822
871966
664540
795603
125950
962378
7373
198476
845238
524508
507926
514182
452482
120629
448433
410370
749482
877406
206834
158705
744561
553504
742453
591254
755542
786994
146791
524425
28070
828941
659949
769815
603260
389788
951284
157511
185623
304911
593942
623928
841558
444431
947366
985638
866386
145612
257688
270987
616344
215729
251728
247266
475010
322105
806853
975110
453744
821211
835602
67769
244392
745121
115993
304769
28552
195863
918164
965997
432420
510366
43450
604086
753152
673824
768329
877184
110955
720350
862774
854208
55606
409828
195247
42295
655760
913438
503689
2972
476607
741637
59019
899031
889853
479410
765974
647146
738989
153427
647727
244778
300216
643451
546795
475755
482441
988755
739702
307835
745633
585070
701759
412804
795735
165179
234500
738389
80432
776915
383925
397818
888150
31410
967048
59463
950713
379779
206425
951476
24767
64916
214395
772834
369961
651881
217439
462844
697411
116268
587359
312697
52359
783170
746536
172285
390992
92664
554370
890015
313526
101148
876926
423237
469642
885929
283259
868076
834223
68890
983828
66372
471123
237791
676009
570424
247945
314797
487561
491019
187717
613680
256761
175710
414771
592860
845795
388366
607924
46369
50910
894330
631221
739581
740758
836450
520750
859819
293208
79915
349941
956217
854909
911935
362172
964343
190000
814161
360877
999307
979101
198206
706400
875298
157303
659599
177015
218753
949094
806811
89239
442489
246476
290313
37315
76793
694771
809971
49942
217917
652821
106791
106973
838885
406470
973831
298447
566112
2882
890256
468074
39303
722319
399095
817066
8390
810126
842159
174952
475765
946916
463688
102286
817541
400063
34289
357747
60949
237895
210910
292183
157220
987491
420933
454524
456929
136357
459650
253599
934047
342355
425882
286674
536868
751123
220
743031
673057
59442
268003
296027
978235
104401
84217
15852
818631
358444
140822
246744
307733
845448
365254
681284
798243
23737
439336
740262
653619
57485
342994
779392
469751
757593
942354
866682
40680
627678
467151
607450
824053
752727
288399
711522
412569
562017
854738
25094
47493
759111
816347
336968
821373
384361
565326
84146
465599
315337
656437
210095
522909
83123
684316
133511
235052
656454
904669
366454
294165
278370
389430
388007
416520
820912
683862
523026
158481
299080
695159
892207
369283
850115
441828
301269
270800
710687
94940
6004
934203
534728
224783
676715
63844
98761
904901
170119
273730
356303
7326
872345
926064
275413
466804
517299
980958
892849
409436
212095
379304
425851
871820
635
878915
563605
531798
476693
882899
99996
997714
24862
219419
489706
398491
829550
436556
684420
206768
538773
821438
4711
856506
422585
628988
429802
978732
877649
292921
891536
720838
438717
879137
127788
725301
555839
44747
42737
26069
79962
407242
474518
461206
295045
463651
574562
228476
378892
659800
556249
945728
613380
655075
759043
757716
526249
182271
346261
871428
957974
264799
66495
906936
675679
559874
200017
673238
387022
411678
553098
139588
788985
665209
717887
813387
600060
915927
462885
185879
645209
910094
240315
281179
893032
232245
868630
63313
599036
126331
289546
779103
143445
481364
7922
886741
675387
546957
103133
393491
575293
448897
429269
512264
530310
785060
466509
683989
187160
328060
783846
717135
727912
811440
302174
197283
2070
35577
335958
560085
214280
281333
980030
113697
461538
441050
195103
347330
256227
496775
92868
118800
584671
22454
758726
335172
116245
857870
406771
261847
536748
607317
491098
465609
53903
744899
521206
768190
162018
739825
578549
802243
852511
753841
700643
121518
944530
22775
912120
811682
437741
507380
969210
308017
219529
979779
551824
358493
22522
828476
114277
233463
848077
402023
313269
555689
858400
763211
424504
860047
844510
132900
251623
164351
949910
885874
914863
942953
703096
593070
697841
796506
895339
727192
317620
847067
699341
424427
943464
908534
662792
970802
398936
915672
688717
263796
700843
608850
692721
427147
379990
11642
830688
598035
358882
774254
412610
790077
97941
318968
263528
273347
359424
318221
763827
567030
886052
528368
880002
488307
553794
655668
640149
787508
61246
807902
65987
422594
567215
625960
315284
214216
49094
333602
967932
127876
236632
165940
495285
729174
595529
555390
263223
461947
742103
521632
793175
708243
970432
772565
657849
826846
11409
5818
528179
788357
768909
83821
825664
556629
395318
797776
674974
528966
751482
37165
816709
383354
211581
230644
47492
434369
793663
297503
213561
483609
709674
591350
787692
968883
968635
948846
167432
677040
733706
242861
276216
594795
377335
535273
54427
658735
203827
599918
114211
89417
418280
916094
576527
55545
648326
469650
771458
46018
636268
78783
555648
526433
430319
949428
397446
194906
812105
519328
514819
638445
157153
712816
947894
759720
821426
612214
129701
479382
362587
750629
376951
529557
875587
138041
254831
468549
219559
676147
716805
411484
617538
32770
528739
575447
709592
88574
807545
525771
213150
716621
206525
951642
420937
824360
665666
175105
902193
274680
322292
935309
136802
100186
189230
828909
520256
792834
245816
550755
984212
75387
303072
809045
56439
26252
266099
182720
792281
658871
132504
423436
789871
143579
859274
950586
402423
574777
986737
63993
161001
358995
177243
291032
407483
801328
611931
990871
103953
881021
603134
236438
237376
188237
644583
774255
362430
890177
441926
430303
662375
869955
257529
402783
843246
840812
958207
143249
722334
408582
288725
560342
263116
108843
800303
109756
760924
313228
162324
515413
844076
26638
722518
79138
200864
153038
370413
254254
66955
39173
505456
984440
713782
532231
999343
747465
142673
276390
412271
982499
134452
536179
201219
840538
854416
835044
373571
9852
950646
399057
511596
636907
963075
499417
201940
648204
420136
509217
713992
864536
780754
803260
269891
375312
599034
348135
550413
574349
912714
319659
190767
69045
237866
617893
596110
424522
894695
772898
838380
354268
728384
826276
49270
356319
267212
739202
628042
6295
1867
184491
646858
440943
80455
533706
88534
531562
736166
973254
726377
497841
664783
137249
142610
724490
835383
38848
493004
512233
627655
486473
62076
549281
884012
511464
507272
271219
571962
477229
605519
264391
139646
427471
765704
759545
706526
937428
516538
344138
706159
294792
242133
283063
393556
556842
125676
480103
934605
836647
621520
907901
863971
986814
204746
890637
916142
982338
869108
585708
166850
392318
65588
472481
898548
296690
190870
551735
174156
250940
363653
132084
661385
898130
45862
942308
520203
869484
122642
804878
878817
318015
931374
143176
450095
462499
700648
437287
231804
767957
985871
565326
61526
331225
915535
136807
287842
709496
250824
589104
277252
61095
847051
6829
657319
848840
198064
722236
134953
165065
666903
429189
185958
844587
79481
475535
599200
593309
276074
530608
460424
524358
444653
655517
402091
227426
32755
170911
690684
47364
727154
677991
907258
579833
233247
269240
93374
597389
4744
436226
764451
393767
869455
744207
517394
791311
544710
216342
375144
672464
745444
759469
878663
153785
980258
816156
635958
453245
403637
440525
934773
255674
787432
174751
895906
434903
867541
156121
880769
781062
499391
301947
627756
705961
755855
927729
903830
674001
170602
450529
5885
632097
229355
119843
465900
659345
819202
879376
265194
772302
286824
127795
850819
598015
994942
378013
9264
947299
274306
70421
883045
50454
695468
542316
482551
419954
524267
596717
937513
449490
786679
53235
898962
910002
118163
587542
5164
960562
83361
378173
348411
986938
488609
754775
406551
257783
588040
23397
129240
506434
291961
193582
567262
793186
802146
589782
156219
235496
309814
604489
803325
984953
355842
581714
421019
801385
104686
852808
782010
477057
929683
947367
205597
22435
48243
640700
263144
241477
738265
138874
455567
850265
533518
581611
346080
529357
628789
955904
987241
75118
353668
495433
439687
150759
553183
431488
26572
102824
831634
147903
976012
640418
396715
228050
871492
640814
682546
887719
619752
612941
176199
388130
960648
992202
561686
225037
195934
524348
18104
253293
918774
753000
965865
555311
793082
213315
1698
449537
470937
208532
640851
974910
486676
206904
85311
795329
522981
722240
58675
284059
284236
833076
730660
839967
897591
987579
324132
912730
966092
138770
788161
366496
666071
689914
703546
2753
784139
204271
939423
779035
921463
564242
68100
573705
582790
498344
251809
687673
465714
659643
826185
833756
515655
273886
170245
389238
430288
379598
270605
223125
382048
977524
448354
807966
921598
488392
146699
259970
949102
655119
412650
644752
283736
57028
661689
322853
888088
443861
480679
312382
865825
771908
26313
654766
256462
27310
121726
342186
480199
550249
311972
770242
903308
677894
293425
190251
601313
103029
340271
430071
178390
373576
515030
919077
229874
697360
259207
815253
706684
935332
769635
116180
622629
379328
227846
987285
71061
502857
225380
300481
597072
168942
428414
995365
562949
464043
722368
334218
259443
674791
546362
271842
228664
905470
669113
530590
88952
269785
620801
801309
266598
663544
481642
17470
600882
283153
7508
570454
375951
418130
720009
693309
562720
62467
54125
377027
374142
438663
615268
107968
479016
771137
15616
446537
266568
750996
339301
202303
406814
373954
840700
519425
237643
268086
938320
538305
193340
70941
705992
227380
990705
414638
493825
59107
986025
182667
209288
23135
103980
157375
157041
385426
332789
544871
552343
262128
153273
135662
401712
614219
753560
303473
213387
665094
134687
189953
265769
476001
602616
760582
44854
138676
398767
164608
466914
557111
245473
511785
343136
263166
999811
809463
529787
604802
499788
331517
647888
140505
924224
535601
396396
830152
363930
864136
459778
845423
27990
681278
914505
980130
773464
172018
470000
971480
492604
4973
406847
163133
775739
98243
473356
655202
726262
295826
404886
28500
870499
779880
407745
549450
297105
822977
436462
50744
509017
62701
760886
221312
720675
903312
431812
267272
462610
284803
323340
147942
767053
774937
559532
95160
832619
899260
487517
894929
895034
847861
140181
217358
160492
872074
112317
821062
505823
616705
483210
277919
21000
604227
667835
536958
586107
985308
842797
839254
122521
807007
871838
969186
709590
435430
327676
472237
503909
917431
257193
753934
936195
59907
620302
526450
339741
894984
891545
304146
162719
285974
310868
821891
778139
488878
982883
918763
454161
982341
898330
659281
890017
115497
33913
878734
573386
506619
699077
170464
682270
562394
430467
789150
693060
77088
24084
847941
292393
333894
164008
886704
348677
126371
353696
490662
211974
737425
287876
963470
706459
114160
866269
27773
807070
923908
61361
65072
798238
287290
140761
395925
480264
306440
520768
663363
162354
935090
365946
506315
841285
848360
222590
917798
927684
156109
660930
400077
258429
699858
639922
726504
289674
935681
705932
768926
695492
518230
304155
785419
428742
408647
373773
487440
345753
48869
223155
785924
23361
833306
448021
786183
101027
523090
486512
950455
827665
732023
315854
368252
945588
139860
816384
450495
519573
755803
236793
600632
812872
974786
28874
865123
16821
137287
581109
919892
750276
806997
896113
982754
861412
912767
488122
30719
646777
684713
998033
465704
192928
622150
930007
316087
843615
836987
661698
63190
835822
20578
755833
494990
31580
593003
803666
49085
685024
947166
947238
53734
126845
148604
950669
970210
180368
902019
871035
150645
11577
157071
389302
803196
568292
963485
117875
350274
118643
350251
630668
579057
765770
42812
100065
91365
995254
761527
420488
594204
92411
4271
114418
536010
798968
401982
725147
407305
527673
13066
314029
442222
384921
435241
871858
687415
824018
709025
46708
917792
30563
430216
400884
335700
937116
532490
255811
1921
85769
973705
383871
1284
561209
338527
617773
512964
126378
58366
430768
268123
408402
476345
868260
848494
901516
298076
565466
862365
210526
829173
385072
93846
2083
174262
583499
323268
652377
473650
282356
882277
949449
956293
904268
118778
589711
797585
40941
494167
223749
17378
1119
727194
959056
358451
236276
660344
385990
437578
718785
354547
506747
231358
457337
777768
98983
52377
535847
126660
643061
965592
782343
329239
480938
784015
39682
418689
107696
884073
797637
930120
412479
639310
398013
946828
279527
600669
892721
628113
753212
494104
14651
909820
978142
237791
215140
283993
663395
421397
435931
477081
869284
861471
882770
412825
137377
140043
243766
546205
536337
374733
52041
23131
180043
829732
148253
828340
41162
340251
651950
865854
479008
559339
87325
444092
879290
330493
447493
226543
260172
877070
713468
122053
466393
625964
501096
649840
324704
111389
676667
172306
590630
110430
330508
800724
356061
774345
460691
116182
753006
903440
908033
296960
595688
568741
673402
766007
635332
487164
775152
667756
808980
381992
808221
115470
704328
382754
285468
644448
565213
130217
824229
923877
951715
764291
690339
840567
345001
477217
770420
564087
336839
499488
870717
957854
241607
259884
40102
248050
764208
751615
949049
371221
578545
591111
997459
844343
610343
952166
840068
621228
351691
319251
912649
329369
649019
264349
612579
676167
91939
498320
961363
937753
844040
749936
957429
646810
899057
471202
432758
286000
797874
427755
802164
508270
850262
626063
772720
828421
284328
980507
10098
76185
168350
179327
598778
711154
795939
96211
33630
566665
72255
625274
721669
465091
481254
918884
730302
45306
989978
6637
930494
772214
107837
991779
636276
566778
862199
726949
900171
936379
517760
353894
99068
385644
681994
615633
37644
577076
518990
776583
519145
365633
498034
515459
322781
802870
810580
265951
505581
733568
807158
775279
641232
742790
115206
111563
811215
360702
520584
803883
546614
793117
432290
507563
498548
533094
198084
142573
741972
605860
789554
886685
511320
74099
97455
468560
465903
320120
611399
845510
795476
129584
737849
111374
501123
136678
921408
416968
507351
45695
358973
833286
56389
152687
774787
954252
864687
761230
221630
172599
106342
968197
416384
498554
816575
270562
561834
587715
35792
897932
662003
232380
233096
707856
757464
336621
315176
146905
388832
828286
435874
849918
232203
735706
859340
880566
232023
387952
674497
341927
864750
869203
919573
823451
489775
357441
781106
578067
49303
71105
921939
144118
19340
890021
199005
337826
928262
953775
369621
749156
544026
668304
173250
196482
356132
516620
447904
901557
983569
490361
779838
820468
679175
534822
123509
635691
404721
391703
379781
459211
970602
343087
263437
58874
153157
818023
767335
803947
939191
49850
867230
822473
12578
397923
894412
704589
435006
437822
452565
404208
78118
632843
955642
861370
498941
628306
749338
181688
433851
946080
287243
695371
733399
995631
728529
566237
290835
325731
582457
896367
748831
10481
868949
898254
227499
488218
181076
967845
200012
386389
400893
912747
342346
895563
798664
470333
740740
350012
845593
345542
715840
505983
247898
612122
285075
373094
734196
594658
936745
732352
538857
330418
720434
247672
640273
985015
251049
14170
941358
694924
166274
921398
124014
517419
949680
112925
685886
464960
969168
274696
132742
605273
506165
334489
944452
407098
548625
516345
216776
23374
700412
578720
260746
73207
539940
304115
824035
668614
206546
901191
626542
274566
88469
354691
552316
586803
874445
974564
148846
772552
246677
584731
871475
887798
745230
443729
648991
420272
304197
299274
375332
981667
299200
765543
868527
48068
331754
101701
312289
608385
3480
795204
755368
990361
700279
25762
452922
220295
267540
348869
758574
845850
519496
900183
653815
501408
274366
250059
372605
826816
931043
441023
867929
824615
673576
236026
773933
893275
302775
788628
133919
341419
574512
749045
670064
307015
799646
774197
523708
953644
652091
112995
844688
167479
271900
94753
989667
952987
598138
112685
346611
821422
947935
645178
529726
781854
636650
650364
82137
836992
2430
443267
721199
162633
856717
852543
83546
806421
388924
959074
232855
917221
942516
623651
339561
643430
445381
290334
103629
940844
98294
170520
904213
323326
28461
65633
642084
217418
858295
892050
957125
855417
12853
409334
224808
51357
997284
227973
923769
129799
324359
610507
694814
632886
316275
341544
940302
150634
913591
419184
141705
683222
408486
898995
340919
558323
363842
611990
978209
693425
416262
344032
273926
816328
934927
324305
44251
320877
41833
67308
838435
53281
987762
324374
775462
296291
425389
965783
814033
71686
254886
768509
71914
840669
691581
514143
11885
645138
951568
319999
177800
128470
329033
284105
652336
422194
706369
811832
21214
863549
945295
34840
676714
184038
853042
707430
651906
697777
75094
754643
235463
754751
146054
190759
511172
872197
110447
162051
22475
189599
617101
241407
251054
210813
943093
148273
777495
269499
215677
547279
815621
471695
196235
966316
500515
691740
271161
983838
666887
596003
46050
454401
669636
771289
53644
910804
278764
919891
619570
955584
606693
785053
608556
366137
346278
455339
981821
913342
36559
478695
666361
725626
526371
303145
600209
195085
89123
693253
535484
217508
154183
311933
416388
283716
819675
386391
448363
253543
196213
258122
531896
182013
615183
971538
989857
933075
875781
900835
448790
765713
573036
54842
982312
66013
363980
553358
192916
207454
6076
156325
616496
277595
911449
677444
739889
526081
217826
245183
415190
680963
875379
558638
955573
423324
174748
264704
828896
34800
676446
130921
447412
987536
591809
982391
218174
251356
84245
75971
345097
598019
159427
423810
307720
256295
356622
302395
946012
857691
552556
82515
786563
684238
589435
883780
358751
396481
490146
29036
413086
349300
593989
320833
698378
129055
565476
239971
108975
224732
604625
857098
578980
713954
891532
453086
426552
695211
266364
581862
226875
570807
251532
387096
89510
887146
132064
528271
586023
190033
817395
355418
292621
231042
167311
607856
744525
783841
175015
745538
624751
117055
767188
856297
445656
886684
111274
832639
942644
878477
550903
119945
227839
48889
767960
670673
81265
200765
275895
327507
519300
606192
997604
979213
122211
125248
736527
36665
853489
715643
733536
254231
148082
900714
735219
701283
630362
934296
406771
324519
324720
803632
258066
893737
512479
333444
991970
175300
66137
25962
833619
625108
157608
546433
227721
39179
526739
79889
520281
213857
353065
751632
795297
441320
205677
739905
765313
847421
216798
767671
684154
536794
36961
637496
97377
186697
494669
811836
528895
702003
382611
23509
671176
608855
374024
469864
457206
942294
216337
646297
731202
799018
304618
183877
182399
781239
208403
517865
286099
911098
113943
169248
401298
638238
417338
627785
742393
974765
645054
898695
4483
975651
540882
30113
807275
658719
542488
280650
407167
36723
576337
8316
144286
377946
289064
715197
843918
899145
425239
609860
614076
696798
576506
289973
713169
752053
803630
787143
940525
500122
131941
485446
204290
902296
112394
960308
144848
743152
874443
419019
731768
874341
88392
918302
219776
819572
694422
364189
485538
685858
736751
865783
976081
234541
18682
188058
212105
744676
296115
967510
113681
650514
638455
350751
403536
9878
269807
854257
92617
794766
625366
414030
383861
961266
644712
279907
129916
662205
337961
751113
646095
532485
818703
674983
874532
929260
372493
282164
677839
471599
931452
968538
766394
755164
228584
306358
851265
330464
46261
944124
949420
3454
11117
960056
24778
287260
275239
603119
307494
721847
138964
637284
995561
681271
556137
953270
602700
563934
641316
166502
324343
156633
944190
872823
221243
604473
938540
852910
994025
367739
761425
931769
629581
801475
477827
553132
220106
604776
669816
720550
61779
344296
805965
34642
14532
859644
273138
48649
971931
54919
161526
373077
605461
744552
504875
349777
808937
304559
286198
22124
501019
538731
166837
539724
601983
86113
681613
265487
97867
388762
145999
696108
487319
944724
927430
765048
993267
416024
872927
601925
639845
159147
477557
626661
968317
99742
996729
284428
254871
904640
22203
728915
767149
700788
823447
567833
268310
683357
370878
883716
407135
964341
59040
543973
185413
158333
625971
40698
961292
640719
211875
456844
715902
646095
892374
817977
747267
531072
154458
440268
716570
924659
929966
342600
413746
603738
518570
608708
5927
147258
396683
799600
424604
995135
944927
721717
49521
631337
485193
461563
740321
915620
736690
910660
869819
127286
631373
182197
5627
548306
454212
283509
886789
106697
220164
735342
234493
558112
594914
138033
133573
636796
240168
715510
745236
557690
138304
335617
510511
102875
301692
99359
542215
205597
649856
883408
913584
415973
328845
97535
838073
690007
267562
972204
133036
517576
523185
131434
73635
414091
769971
41668
90757
259240
471817
651515
117084
478443
254264
218219
813140
643608
397120
933131
788371
509500
142017
689235
206447
773278
931659
89144
333392
935829
201216
925011
964388
973363
992424
335712
214776
272863
834769
223265
441850
425600
956705
250722
414920
871253
595962
103640
203316
989026
271752
920419
310615
234629
636266
177395
566222
906535
539962
34886
481558
190286
298875
554831
338496
233294
5534
213747
152912
25055
326641
812204
741048
188938
893477
320912
305196
421118
811642
191468
244706
192959
981641
805578
838952
432702
230189
730002
68961
952195
599695
380173
28573
932679
879757
261956
394004
999262
492871
780103
942463
105233
630405
1098
123924
111114
501192
837929
566172
868456
608300
4620
948018
892147
628342
308965
903514
442921
535360
407446
805883
276343
97534
267248
86331
807683
304684
748695
990453
815526
798486
309441
314073
655223
118979
836445
178081
596034
736127
440080
903148
239576
682052
857818
29625
243840
219396
791639
408897
494667
263638
368802
528688
161669
107642
608148
944962
996552
248011
920554
575479
675882
684672
637444
530930
772694
9822
704266
802036
202296
492926
96873
713199
179602
188790
685435
80970
88940
641383
464453
302576
619176
694563
858138
768469
861107
726393
490332
189255
528984
995230
461730
88428
498351
418105
517302
883038
266674
457034
317941
565216
36783
417464
719705
632443
678746
882487
741588
834617
271802
971027
974546
268541
520836
954971
47585
359357
54277
555116
140461
632030
310200
279129
931748
511403
372727
64948
100600
888305
949262
326588
786563
219705
578604
138659
332420
32802
901043
924602
267143
210267
669230
349819
52579
64059
953698
532531
479005
854013
121533
858250
671786
453467
572332
527152
732626
456709
159304
605926
571888
360510
950640
141798
349014
680404
969522
242800
380045
13882
693858
746675
290618
653635
408845
229396
668188
398013
697864
248669
715249
958312
853537
883973
324280
157394
622775
229080
950034
16208
376806
521987
776834
922459
53914
711934
25043
542468
414597
503318
401177
566357
461483
100374
363279
124486
214874
762193
566304
903321
884472
432719
720833
276114
978420
925650
619195
282582
16862
199555
32262
999903
892435
167230
69457
967770
85969
512823
997471
812446
467561
951175
969355
812232
105042
775191
748268
410231
525081
13799
409811
232673
757046
457340
484913
138640
124475
898596
940950
865597
929382
509991
924948
599943
933845
932556
734722
165968
844505
685188
9500
431413
393698
684343
449032
645543
261082
791018
838259
121387
218767
706122
754010
666602
232392
573272
726501
129461
567736
239408
935341
691354
48528
151799
141726
345755
452271
876448
466680
834449
15669
784988
747888
626269
450165
517916
504179
155590
253641
872836
347274
430836
115903
913069
209176
877576
577712
654423
907393
824918
415089
287914
80357
876992
86947
48871
29002
386480
160422
630128
520088
821041
144234
733232
986493
85739
276517
373288
454193
483321
697825
80151
632915
142121
989229
287045
304114
690063
723763
78765
909097
164742
703082
540741
295330
530884
396962
252331
711931
842521
568700
122669
982981
769796
594364
386997
166633
350066
202679
442576
447845
172820
464038
358809
54388
338012
60061
237958
152268
545683
210581
650382
886657
70810
252389
871158
402567
39291
686544
386423
103700
255467
179831
776718
526500
511838
628335
891680
90646
639879
503597
739271
771956
792427
646558
476477
264720
939873
810836
995876
851529
447976
383706
591919
851885
114340
503400
71473
627320
650167
774066
956544
563323
74424
616411
458757
471896
224979
926791
589027
215786
349693
832973
293314
174337
501906
958156
913207
571467
330956
830421
273362
974030
30498
124869
643587
531601
496635
591094
878057
786715
299085
960140
228537
296595
986007
906858
187399
720326
169335
677895
902644
963207
464232
440155
248757
870513
52764
678131
455803
329736
406834
74276
393220
534910
202644
316828
683518
693649
209072
531860
384339
713233
863121
569057
584597
758400
535449
737002
21384
548882
322525
206132
1286
176339
123037
49753
220307
270376
120159
960984
427134
207469
238822
993861
270640
887550
918804
457121
905620
9553
146905
2436
936419
269056
878871
427447
385034
281829
722196
925470
862203
236703
41819
104594
570445
659761
722351
655245
356241
166600
35245
247550
4786
261021
484669
728061
507912
228593
943476
875161
165945
286837
245706
681740
736780
111308
917363
577936
372044
774056
853916
217546
436437
106385
109507
874213
459838
154884
550835
328122
823714
93944
45339
938667
691021
654076
124810
614799
343552
382268
805130
647303
239394
656226
506198
897391
643203
499096
324984
479089
513933
671724
825924
917299
487049
362765
256171
164592
242955
108722
478908
39140
484092
535834
712893
269409
937474
186862
298722
699263
230350
292610
713320
664305
277633
775674
394577
638898
94011
465929
654012
407645
940418
864981
273504
838172
366412
797943
714341
489081
848746
297694
698271
978768
376209
399955
489447
478565
404805
148566
564952
595026
718756
860392
729955
847705
791820
891170
745680
973656
744874
419459
942802
347034
318368
946439
51525
444681
387346
424498
635590
476034
876430
728172
31407
340673
520469
308422
10157
15163
762634
849242
712192
472587
452854
193617
838415
969540
705718
496127
492582
345957
715586
655656
201933
463722
704154
912422
136006
541503
157646
811426
988962
692431
211371
973824
807616
604411
432765
189655
334371
203751
222534
991261
961327
237294
988025
627874
201408
751797
933619
233075
480807
180701
966647
882079
200962
880530
549028
156438
238519
506497
188982
479084
969997
389222
742325
626173
210919
411971
540989
619435
37597
397676
193067
687555
783928
351039
302945
865918
996554
987442
577719
910307
43560
435525
514750
942986
10182
161686
501234
529403
555117
554771
293051
480500
825691
433482
765280
345481
292599
296348
278665
529062
896687
9360
988015
933872
628080
392387
35170
370762
342593
875773
199350
440692
661565
457632
516427
749773
326635
807418
942904
44921
129979
128441
997396
459933
157343
613246
717600
475783
488324
36682
532116
629995
99372
643029
722053
629704
613482
776829
894703
590570
221561
510171
644261
666504
867576
305394
837778
347853
136902
525697
774635
200372
706422
768376
134003
963212
90287
580103
853482
227547
120035
930833
346515
689247
275946
71743
423137
504176
330106
248177
964669
273537
138757
580176
909046
720901
235503
341951
41414
639790
967915
768240
516605
41168
388849
144339
865805
159908
117726
295272
380529
457193
49576
563702
436410
586661
87995
316884
38007
786826
991669
333860
434688
679987
680571
997024
627039
759053
777718
777228
146908
924755
605358
272587
42916
677297
243009
50766
114901
497162
680639
917223
119400
465173
866149
656508
406076
157538
894005
473814
301563
70779
659950
251225
417579
302693
391853
60558
13587
709574
681696
31004
488327
283552
530914
770326
697875
157499
674489
528237
167040
569121
290984
938054
912006
939971
611056
797351
486926
333497
299050
803530
146529
535271
954746
810452
649715
582523
936689
869727
77958
944658
487553
528052
894333
557946
500061
668692
143614
763026
745517
499637
874050
368974
652587
532490
716284
953367
487197
801787
690403
68687
487023
956020
231710
909618
736556
637657
209291
132312
676825
209047
229228
356055
382894
797974
769135
77445
616690
996427
393433
175387
819058
499305
385358
83637
227229
770103
449535
68917
753023
438333
125104
113288
600472
8664
624997
567616
758552
427309
183657
341601
500794
391226
985274
545975
95162
974408
77780
431332
966516
773949
641880
998264
559451
949582
608281
943993
151250
40145
354820
854530
117610
751280
827497
990599
935673
152697
121322
108662
873043
547539
321854
587705
70696
314124
304675
194904
548474
180685
846750
602620
681913
66031
862320
284238
293052
13990
648343
199550
826270
823259
828477
769888
58547
297496
76993
337776
989094
96605
617249
69302
174512
707471
734337
344005
836023
219152
956314
191517
150657
347562
405378
500080
114579
105956
717587
252162
339882
448759
429307
279465
213269
192155
639904
843508
967981
13242
806382
31912
515315
248390
284030
343525
115396
395686
865316
345512
367035
598603
413781
939498
263011
721185
207987
15717
537751
36770
558263
107446
509049
645444
325946
914462
800779
77395
612448
110178
57965
413209
463905
130707
919987
516665
150133
60520
172898
413403
708508
135303
135048
575489
434631
328354
431093
450296
429542
316798
760025
142251
348495
85711
695995
541074
525576
543232
890900
425671
827377
517902
28550
386873
585169
467668
533436
923321
31291
7649
4895
695154
295516
668229
481457
759350
33636
11947
118346
412723
625679
277792
399533
858500
228495
17586
94471
333860
336920
130675
494019
894269
92743
497117
691404
6942
653168
323535
252000
384076
419075
445494
993358
707823
715033
877255
66380
960109
239009
703848
298871
473940
100834
663214
69735
660785
455532
149569
26670
484670
227743
786972
410542
666935
66135
999409
643604
287949
282611
39657
707189
202484
102529
729737
440387
169879
633607
297072
506027
279787
209904
943933
585743
599393
438866
319565
160155
247349
981592
420642
420806
556772
907921
347551
182951
224186
125971
747567
576817
924233
626957
289350
220813
829942
911849
965376
602707
767213
798170
937765
424292
611316
38791
201934
185766
366173
676371
699937
77789
114838
827785
740215
841443
824986
977761
655775
522308
136906
347633
471484
473144
592534
626099
291209
640765
724693
31599
278461
280657
319989
942021
477386
856585
613324
144025
99391
840721
295757
605787
463117
567105
881622
226225
362086
167255
272165
236228
355585
670487
428843
293540
675514
599868
266681
574873
647703
642649
607639
985031
989350
474577
782580
254333
606465
937071
26615
602010
484916
660451
618803
884700
307253
39770
617210
42310
972305
886969
289672
70765
903208
818613
929696
875360
136975
292753
351605
819634
223827
944757
300798
286054
854429
817704
825324
253109
626033
970858
852152
200382
366224
942449
311957
595083
878014
852158
886853
899067
454814
42714
830600
925266
605177
297714
229807
513817
321629
989196
607438
488243
422114
759973
733647
631486
823816
789033
249379
672610
812028
273230
66964
979833
87929
268814
697527
674139
976716
239743
606013
65541
142064
209808
168872
882341
810007
956386
527322
403332
464906
213440
762120
250000
792039
906301
891854
826373
253066
637289
336221
819640
484167
877487
587087
784384
71763
818638
700699
311425
293890
617522
388004
661718
874218
640303
209196
389146
642535
277977
207781
41555
249976
164482
914088
592636
904967
23505
737663
282286
212614
503099
226460
427946
292149
140641
801133
561925
384320
761542
153287
668529
442820
86379
87039
45731
543346
541065
435608
450342
473676
168427
185366
380092
889933
805093
139825
161964
399973
964724
523621
117869
283938
415796
618854
850669
206314
21496
318193
542398
932645
317577
271358
179486
583927
207358
285394
452193
478891
417525
698288
611773
834731
967275
558319
240114
101164
520830
407847
585876
73190
294204
659717
963190
838977
324903
949567
496181
889163
903752
835425
551774
872870
192620
826565
559293
283711
629055
525024
525379
670968
100996
384249
345875
67112
227439
607798
865513
800952
960031
697551
8167
39918
509051
973859
882686