48820
672120
912987
667771
944821
146302
229422
705985
450265
85843
175455
374159
245398
594878
85529
180411
630557
192790
431954
529586
523047
192861
96179
345488
880191
807098
935383
719721
64436
849849
94366
788366
354903
702821
966822
218331
279479
25420
445434
397186
692529
546874
116829
663397
555536
160385
355266
688349
191451
454585
848065
427144
378265
763878
946110
892152
23282
796783
374366
371378
316808
910164
260209
613188
202450
137313
141459
929553
720934
149087
601375
131921
285332
429892
444442
706958
227828
84057
874672
663843
21600
853205
967206
40443
426161
121491
834369
142619
430433
913158
278953
209082
275104
145597
400306
343618
24247
691185
572958
237182
125944
122430
452837
414254
152610
367516
182732
481046
443954
887107
766516
127523
688984
398323
660757
440897
578181
618095
992659
425159
532966
975627
454927
489359
176791
752486
850957
66801
650665
648906
467873
457918
95656
346142
940296
451592
625894
237274
34305
272755
897806
132649
828924
928603
944814
411169
101554
81364
291431
784956
334141
162496
486695
572427
648445
561362
104069
133624
151655
370828
943452
911680
627675
352895
640645
345583
244769
499409
140603
771951
966847
806038
523024
317306
653543
652111
482321
697383
413304
484619
358716
786306
634103
341538
993215
795981
257947
117844
836404
914863
288245
376970
679520
295296
223162
941151
95953
349885
93480
455978
182329
419943
50035
617690
470538
12807
993707
776114
945545
969866
570000
181834
948573
123449
960625
233101
371189
228246
296079
696133
953074
211712
186089
21899
684736
77979
818873
563111
286126
121049
315528
707090
483130
455609
542456
683323
336106
257592
382599
78947
188128
521630
545330
901056
895319
588861
355236
361636
877639
176068
601596
429115
185703
145939
453233
589918
217710
798244
647502
194061
940257
33050
647542
220787
467814
339621
228518
293338
637852
198410
1418
296437
782094
148654
712098
5679
239082
470291
763585
724957
279234
156534
301286
46207
20801
612176
373568
495183
603584
302742
134313
7623
357021
400938
789355
892087
950232
329314
5363
178908
543808
981923
797540
29128
776650
322729
491634
182923
15844
4863
216104
263966
673579
632320
521877
124330
552304
294515
149997
313936
117820
44121
671556
189235
319718
59937
709663
137708
79567
339045
719786
887952
849451
896306
852682
899515
706963
614316
253208
382311
297480
83179
258668
582380
560506
997045
351956
588893
584114
933115
397594
66728
119991
628866
642876
999623
261308
194551
201688
740796
536622
50534
255143
411110
205240
762850
1069
959260
852959
365393
463445
4144
481798
203418
633263
916458
163361
810622
53880
464762
982636
840799
886773
750643
437572
615161
697731
88283
679454
417660
688845
945655
980106
273223
868270
57721
594160
577564
697595
346428
748105
612309
85739
337980
832574
675440
208649
354726
292
284610
525690
877243
279317
669661
536451
121530
999721
560733
275806
56953
801556
99628
280405
802468
742931
554627
776393
581799
59257
402773
135990
192709
938202
258634
229669
251108
269595
74885
161023
307707
705542
17565
13027
303055
523187
427661
657211
726226
721078
320709
381424
273094
499798
947398
77159
762026
778492
40682
994046
558012
681180
508725
616981
780643
990174
498013
50407
127026
408697
947276
404686
227644
100735
980391
71045
71306
383397
745231
444466
184784
635548
595464
607964
933359
456177
833599
727080
520456
856963
586098
419983
7656
805715
765187
166459
950851
750854
487015
898141
53917
851803
762123
272702
578227
516164
751695
776326
114473
501757
391876
721624
722698
280091
728473
412272
377080
577552
875645
230992
113944
11581
114714
174090
274629
521332
283050
403639
759258
855777
267985
717480
263127
726963
117019
447568
54322
362084
3133
188791
969374
95278
42774
933250
953132
328513
754165
639077
649736
660676
764835
998230
263467
234941
229843
184304
151415
386717
305931
659229
384323
487966
941896
696875
817638
478393
191746
141874
51696
949999
234765
63619
28149
808708
295380
388235
909143
475251
695772
295403
316432
307236
345459
152305
969514
425276
74630
23521
255054
408314
351773
343590
284261
386723
91203
168028
550549
906515
452376
528967
386743
563950
760408
813157
39234
817071
936025
752954
325913
569169
113180
574986
525378
88897
443895
86567
356814
582758
442400
996518
653121
267865
604445
564905
604273
106416
452689
755312
253549
457993
605369
423618
266210
781805
942983
718834
858337
178210
456519
794433
172969
997338
900785
132685
321364
962336
947714
269873
769066
255775
137011
476859
739703
799946
555348
997335
833771
525271
840323
775177
115396
765776
801681
212683
506928
46548
679871
393078
449416
435322
820751
373514
436416
318834
335340
608899
209234
934281
134780
302246
113662
237228
583203
493812
361374
719509
895012
999191
713607
604158
318104
885571
410392
439135
90860
35770
5531
487570
138262
491230
135658
469498
481293
688017
151157
148520
373807
403979
967367
976554
252350
220542
456414
510819
686953
569267
193174
599420
654700
981095
393295
395383
622922
985352
436861
103701
125150
215900
458191
991954
740508
673453
100449
602263
646002
765906
683125
290841
201212
702641
711151
191108
346180
54114
866281
447337
945826
804643
364582
97999
598011
24143
838243
301474
837400
363701
705623
691506
113590
940174
330338
525767
399472
816653
138355
948115
794616
208450
261508
123606
28491
748384
206459
225063
339620
630477
510097
250948
809324
217807
335496
436555
862476
748070
486974
583972
312753
99535
378475
981022
26120
190433
76389
705350
3883
476387
656101
17063
445363
183392
760974
231786
140349
367900
433127
935751
362724
630966
997296
655488
289238
329989
22209
126932
851168
429415
158359
122221
841635
710927
956663
387197
47680
923927
609475
618602
153686
598783
923541
567166
171558
668108
733899
291294
193104
745491
398432
305750
331343
896410
974636
870746
820005
2690
173383
949041
374294
369683
208836
422154
80993
54511
219359
1501
282311
503977
21168
896276
145393
482448
574639
707075
868204
942773
692593
202780
762543
447481
200563
607925
776232
982788
970932
778757
369051
524602
996028
178405
40805
513512
939643
875084
224917
474903
412142
881956
707257
380637
551205
33263
207435
990385
358446
248568
268597
333527
641528
475418
141773
696631
342105
820470
922151
966895
491778
380091
797150
948519
31478
63693
899993
316834
254041
266494
927494
204115
685469
593181
377067
21360
807217
959882
985514
11909
140073
309091
710925
205637
859562
860697
389072
896555
293508
291939
16965
502010
364274
490140
468769
678254
281367
554262
333092
865040
564543
534823
475655
10963
783157
996432
877697
91664
234455
863170
277954
174558
151671
164297
154871
206659
932166
236206
625739
406128
306572
656296
910745
123553
331752
685409
112427
305549
583607
277697
194882
241145
950138
780260
212031
100488
980853
289635
30611
885791
835517
258172
21054
806007
493407
350587
448212
759608
33655
739427
583950
563909
477915
997943
884872
804756
898505
499803
931041
696992
238363
767347
205291
143952
563519
523528
207803
263367
274517
297432
846881
7376
140071
309228
524435
145985
884438
17643
843426
806116
459408
151522
404604
962545
62454
266768
731136
762323
424513
870919
962276
330929
884029
939865
590994
756216
288308
214674
185554
275325
818895
11215
731293
300109
424588
401262
956400
808185
663890
530974
764286
799600
408098
531123
685178
973194
36884
943179
80842
512095
470167
836332
688905
884382
623208
822750
977015
862806
646288
991861
692118
546553
615996
379167
936442
28398
182062
961074
79275
492183
41836
324453
822468
948424
13919
98120
777580
519934
913148
953144
983905
174714
390998
479887
899152
69957
398684
531883
528330
218871
954620
690156
521437
21121
453568
346302
266840
308036
841743
528624
234771
945348
600267
2853
84150
709064
628812
367451
335995
104179
801919
833231
737956
31288
182403
127985
797047
722763
619404
499064
341469
168005
733079
100315
387406
326390
93578
144502
33014
786861
738858
78327
579326
174756
44076
694388
586611
529271
354690
532892
114743
79091
726075
145648
967443
329054
574371
795874
362779
137324
36446
949557
86115
510409
361276
477579
846730
172427
710684
832558
255608
575424
334339
590337
569465
909108
202027
653256
104839
841238
825667
100844
16126
173998
184174
143277
952733
337041
376210
883938
963044
654495
869007
629626
896708
621056
985883
300457
471771
1422
580714
86208
119485
427651
684551
871840
697146
310639
277737
112171
168126
304758
240282
774122
388281
268801
963934
684721
209210
651739
71275
123986
211399
498373
180369
784071
514044
817854
677864
279518
273404
887096
19143
238175
677828
171507
161020
628340
475113
937038
350652
384905
326675
300397
643730
585747
573032
418399
205704
399336
316382
752755
661691
775539
78614
863213
503883
383773
676879
979814
839699
616181
373867
684122
569566
568209
806244
389662
420153
784949
672248
953355
127019
218832
668196
672648
460081
282730
703742
127090
715948
102273
996979
808484
763083
72124
253023
250342
718940
603230
763532
415206
862609
511501
929608
427534
442182
843123
406861
350152
622974
57678
798923
593921
940869
397457
584512
723105
274516
959869
753163
872997
530715
459519
446053
731772
949301
917557
750872
55071
176953
548093
683480
979734
33786
924959
304146
982144
202261
106836
862434
187044
904841
774723
842351
874259
4990
592965
788159
453618
865545
943528
831288
882475
729118
902931
910087
485575
347147
832236
776678
403614
77328
232712
18967
444689
693618
583254
490913
941952
708629
720405
740444
331103
95180
947755
251938
552999
911903
468754
578988
59463
487238
925434
733203
154525
496812
795279
516086
638630
481100
149430
833574
239996
93446
807669
416601
115122
642914
239088
786111
779566
302138
652073
747200
190453
687208
593212
174631
343791
384840
31975
360765
672505
401453
346464
736940
735212
439469
845287
350688
171113
368047
461565
83662
662971
248635
37320
228957
698003
800135
179958
711564
245612
244148
17300
931941
81241
57660
303583
940277
377222
278719
236074
407774
354360
660057
30431
651325
242077
146254
772664
789260
530309
862003
316517
958367
512936
42148
27334
406180
420385
108615
986943
187565
18147
405000
868809
140938
408301
936515
68702
796968
912726
831125
833327
881420
339561
137158
67878
113833
638551
3302
223153
75000
936271
248843
163898
18788
208843
825143
202230
637583
397571
693791
543494
955732
602079
202493
236620
721594
95823
126724
347032
896393
300501
163280
477383
96826
528722
811330
949862
138437
258367
257198
933562
148043
937486
91026
551347
66046
835113
426653
532920
743252
251277
270428
294224
251858
478575
790363
418090
476549
268008
473938
386959
529196
193423
31024
75798
39441
231700
297838
951748
913463
79979
328447
146807
724556
216540
322323
570819
501639
478554
29568
14242
315645
977795
799849
753696
728762
504475
496757
517954
867774
179741
86228
798079
610319
8957
825792
392581
131634
160762
630865
766993
849437
250972
374954
276952
625846
645779
592542
554871
937794
815270
296611
392506
611196
66156
397155
265210
629141
561712
512708
238363
470683
397248
803820
372484
414358
641076
825585
900726
249302
673748
295741
390941
876939
862478
105504
824245
357455
592979
862255
22955
57816
947577
746309
143028
691915
866298
488458
9597
208421
456720
830617
918923
678227
228766
918815
156059
560916
422169
695955
884755
988468
267233
511165
254605
994456
973587
843233
540159
938267
477001
247526
877708
726440
490920
378978
697672
816989
207227
218106
264005
407612
69853
432727
826733
654997
405203
144921
769760
249950
334962
240974
793257
181886
319694
761437
608463
66231
885766
839105
842430
979608
573466
114636
851233
350187
910783
552694
922386
84386
265181
105905
910686
776155
754792
729595
696427
541327
10803
837173
980915
747128
474426
404216
841427
665637
84672
578681
156242
870115
667269
835394
480097
14346
70408
424809
201398
487707
109602
109271
844745
322454
681796
954353
195790
644773
987968
248576
520209
907396
663811
461667
524503
119176
759695
519728
863604
295736
933939
575072
938710
395419
927555
879154
448541
75994
373948
328941
658120
710138
263686
750236
631485
231524
932269
5860
738149
548328
267968
572295
587895
457327
947136
315280
174450
219230
895977
813014
415808
214730
850658
725064
467464
390768
841695
385700
154523
527811
663951
12324
619654
711457
910124
662809
816050
775510
943520
349978
788072
898670
264956
527126
776953
983291
89016
495401
64912
922192
586472
152004
128285
368301
172548
897613
108717
161948
424796
452082
831226
141905
699693
789375
598883
668826
283701
395878
776120
823513
962361
580627
736127
907485
220082
621665
92538
569606
893681
119655
261571
610076
994280
48034
308041
271870
585053
638409
717092
619761
56406
420563
203289
428332
875524
448359
919606
852949
903816
985973
461161
41421
673655
703321
871937
759151
594897
735210
457534
46842
922019
795632
582919
907363
454323
906826
791382
27193
364498
202098
519407
577873
254933
692095
401850
214200
526534
846121
662831
488422
411389
333247
369957
33510
568483
292397
392962
33590
970768
56236
752594
695920
922236
340610
671547
666351
435252
529457
46457
588966
871260
834512
248465
300672
702058
789797
129584
472768
484215
752806
863057
864083
655781
827448
778151
734048
562308
898237
663294
379114
198294
270874
106175
202215
510526
751286
315438
202507
751365
863341
525789
281427
292927
304891
526844
301111
517148
672428
75744
402550
882126
946592
954570
693367
31706
223901
215787
48894
863136
704497
722445
435284
796716
1382
434582
859654
101729
423497
19252
779820
24520
3206
268823
564958
637468
688116
500684
388568
781673
297867
581195
756417
211557
558411
467728
724653
66144
769478
194842
747100
89685
435336
44132
5755
603333
494628
232004
24825
90001
621954
825617
346150
396049
442065
754459
52682
976389
396927
723479
966691
313616
436588
553458
420695
627191
666680
975251
601621
255257
578580
186774
602514
639544
512638