166763
140074
447714
81871
430552
874949
5214
352146
153259
189840
817159
926209
342942
278093
218493
757080
839861
941492
478454
614418
561819
639982
447791
388274
201898
835949
315708
308079
934410
604006
488001
239805
311472
470444
310649
612084
678728
748010
721139
123103
6894
937341
125341
896932
288085
702508
777465
918859
524490
115397
745900
915308
908307
565461
393653
570489
406641
624067
62843
352357
452357
73161
246143
821616
535055
841744
582576
790929
935761
454311
535005
238207
598226
570017
23045
652827
852414
131784
280650
660157
156459
508737
606404
676441
399286
378302
994290
439182
494860
41945
696332
492555
876293
260180
885876
123614
112106
48170
646666
435227
542999
11665
395230
358693
835964
853647
133377
269084
906237
586358
624948
290659
984185
349758
384322
978444
47144
447485
922922
701411
961310
985861
900276
47380
666348
129370
683620
294073
683557
379726
515852
790852
949566
473659
265788
409925
508303
895837
568981
345817
464886
577929
47484
226480
305819
988558
642474
187001
319437
673639
692575
209772
398219
254809
962614
616947
198752
300783
985300
448438
37093
225296
550458
380674
535274
996346
493755
25109
595952
290461
609671
781320
825869
959574
150437
324121
585522
774406
830527
968532
341129
794255
450519
147422
103736
927019
117592
141662
823619
933160
810375
542345
511118
721604
87256
234440
307519
846689
720797
812423
160514
870821
628825
744796
302886
600560
166899
535250
933413
490107
650310
133586
358081
625482
638485
5549
71241
667021
393436
129608
939579
531417
436993
116261
18819
797437
427434
653770
468706
800260
309352
474832
288426
878727
297808
368393
527461
856620
849835
820367
370838
895935
134595
344102
556439
309355
5790
702669
486881
737812
190727
761574
761642
158868
873607
424639
826601
394577
539763
940860
923061
702712
476255
302371
708363
997016
555504
540612
347438
315869
281935
899651
812137
59559
959162
262851
528816
46662
233524
398257
189733
558037
562205
295402
367542
992240
148188
51146
952611
534931
769848
760402
653981
231184
744838
484405
980554
994220
953981
968063
227685
856535
824933
648227
962563
213767
468334
501343
580016
867952
813533
677134
738296
833442
994337
897034
888258
510334
32964
392059
254230
597078
231869
785345
942654
721376
235298
761658
261451
716311
56698
469424
862127
45743
793585
524834
449031
785715
868388
42605
744956
308412
538460
330071
727039
266064
988441
25592
977009
345620
554051
527622
168357
504431
722757
139387
522621
514685
757174
512677
320177
43437
958124
857866
222574
817400
981685
514101
219866
568446
265248
429730
646134
604543
730230
341633
356445
935794
790727
957738
357033
867590
485662
26974
140661
893874
737110
508854
157372
599931
191046
81963
417760
906306
208727
572033
786183
393031
847351
553168