37789
184265
327565
670161
415531
521463
349956
422861
695922
663132
791069
64778
401753
340062
98547
330485
164971
643830
451350
6812
948160
425584
883772
39030
154682
493374
677589
386633
635307
440376
669948
46908
454100
945332
278601
984313
16904
77630
168067
28734
28208
339124
282035
912449
866343
905409
272596
874494
656709
645364
376934
412894
769849
849980
380577
94533
844112
667842
316679
637496
610322
199715
551570
979306
255179
745672
278541
519842
189991
624804
360895
351562
370743
475850
677825
456662
610640
704361
232625
282190
667218
318181
178559
236282
112006
566418
117733
34602
841249
680847
747699
35103
333734
403645
443272
964633
24167
351707
741405
884990
720235
888640
195451
663588
704171
455923
523981
287035
136055
634730
597776
571738
933686
698014
224678
66404
28810
452615
235978
131671
484946
527289
483678
986161
744969
945627
610721
837374
959243
807232
131964
920387
741560
712163
289083
371009
958897
812484
377177
927974
50176
304921
598004
227477
59988
963315
58527
753680
152681
812847
818134
449408
27334
588244
855692
98594
269408
130384
408225
904845
243228
451402
133999
148643
325746
972835
153988
363988
690093
561359
837098
437322
645071
376393
597729
147573
898577
403896
788014
23411
921159
628188
824332
192218
280674
904308
451393
193190
59151
536304
705164
790202
291454
270030
729978
762516
716861
375956
703896
157394
164546
756393
179907
688155
301383
57871
311451
690476
812368
495680
578070
48191
352456
423205
834545
298137
194121
608429
542401
261745
897787
704272
711783
179768
397716
518241
123297
573321
181501
670025
922622
465967
379157
329893
47722
918925
231118
682430
871399
816750
9397
85025
52700
884202
373136
556315
366023
689905
520480
383955
275087
557559
798406
780292
756853
602044
905666
611029
892072
14263
602198
58582
429367
537502
811401
960025
608865
384981
497159
658347
423624
68080
470054
326318
152324
382375
596355
28500
448980
318485
380171
500410
850224
181485
847382
599006
301178
947514
614765
252479
181714
104016
72172
197520
820361
404116
683203
870488
257773
729381
371478
764457
256002
870566
914372
81978
998930
767210
168581
748388
293532
413818
366125
423541
178600
414789
610573
139253
386618
503781
326137
930995
965541
981578
749603
905226
358198
473285
891366
657141
465553
618611
100895
139404
421978
609796
231094
206555
151114
304935
132282
864733
731233
462612
29546
133914
263866
769589
465169
485914
517178
895026
590281
38725
991330
819607
229599
229272
888453
422500
484119
399750
875859
483122
880710
164457
314451
899389
77598
776867
481391
770130
693575
424470
362345
877014
488359
307195
610412
564080
944900
680163
779389
405972
627393
422408
246864
439853
724741
520271
202103
982759
353273
513245
780341
973718
719535
687379
833521
850246
392544
75431
828934
289120
685710
294368
248759
455733
932872
817454
620096
633578
814668
494243
9223
726528
867782
74770
431538
241663
632503
698755
559826
91071
890737
753296
872124
137235
159166
361887
340857
369746
112097
650747
209171
530883
355764
728401
476176
470628
90608
585797
72507
468247
485579
127343
649245
146346
697596
675574
823051
734466
558426
45574
178457
833699
409698
445041
633580
791709
689431
524384
985901
978006
733444
163571
576794
921905
347165
780477
196534
94809
268228
784725
437473
584748
897767
342362
135938
71942
857350
371335
274080
95912
660754
185327
813904
791109
464753
898837
681993
6377
181599
669930
73427
170438
630958
113827
851294
495965
38126
395575
605103
972549
770855
838770
238389
324571
390787
556473
526330
59143
562121
855643
283893
137766
869060
109647
953404
690009
67522
114576
782230
428330
432786
835631
362774
703299
582431
143077
415035
10505
699091
332415
483551
382142
748144
535229
886298
943682
758111
622090
717154
725480
688132
814414
395569
136914
975292
489760
973461
703096
640310
202841
132243
422087
133483
925443
866041
322214
722939
725745
576063
390931
709861
738152
410649
319852
823139
170939
170076
468042
573984
849268
964426
905096
848663
821486
658748
855969
229513
37632
612651
725623
555931
771860
316762
639792
346825
536405
764132
514171
719051
659910
921566
453169
989763
816112
589288
55958
159775
39412
986837
438014
933585
119166
286964
835724
726376
923034
944635
820438
190091
699104
902159
38372
389138
341451
40307
166231
167233
505384
533898
541799
237218
744938
287050
929221
913214
190426
476799
357535
9847
182251
112441
606018
465477
510252
413844
749273
631371
586198
174562
98259
436309
53061
431479
381859
443889
370500
385296
954529
749735
394689
600544
136398
534422
56799
403193
65332
258796
468138
768851
512300
957633
841702
543037
571769
138257
767680
733533
798610
806676
418662
613989
641982
105532
495730
621781
63063
159242
399681
465574
145200
711822
73379
857562
679315
224569
297515
631070
66595
453472
199397
484760
324000
474640
276967
177107
757129
469768
271040
938116
621276
93655
593422
531065
420793
968019
837740
955293
5285
880691
808007
476714
106217
876362
310674
867243
583450
216416
345168
139565
671988
687983
899662
518210
874208
666551
281971
313201
528597
980990
368751
212093
137754
385128
312337
168272
906730
505454
383157
540996
722736
563774
781978
236687
40689
130095
319506
509384
492809
277408
451986
946650
568973
103084
522921
75076
406800
659851
753934
861770
78465
734536
468114
649084
973297
830042
403124
899808
402163
702306
3411
667262
550364
504640
566206
991433
576938
884818
926631
212453
231233
736331
773815
821081
3920
396011
866107
289235
560595
853600
930683
19858
290097
248633
720939
343924
630661
374915
471483
767452
852282
808194
373065
76351
380175
519246
122870
841612
507962
39687
45718
632949
183657
328246
547649
597023
748451
465089
810055
45602
757389
39819
875008
627197
656201
848550
268608
130905
155577
56821
186666
587704
917089
460259
233180
160442
521962
502330
360072
983308
578691
931745
326050
531693
295714
759989
437045
381790
261609
572674
720593
530214
905443
905374
496927
985151
50413
877154
664469
415649
200305
985990
605828
19176
593806
96664
685710
461284
234068
533145
834422
537213
357227
532852
202320
516545
505875
221723
238167
45708
658885
350016
424541
85651
192953
173550
306653
808013
486465
473729
19180
816638
579923
727112
180878
684897
517028
795509
97253
542321
247727
942719
571589
642708
702932
471317
472866
400292
377694
397054
106539
768604
844381
549393
91120
146332
778738
839694
287229
702553
796073
113816
29067
802276
95872
304848
673292
254869
391046
19343
1125
746196
575903
215295
361080
624067
253092
783575
860766
170251
615527
190257
758900
253954
580628
507337
557453
28214
638322
46548
432453
296281
810761
750011
341877
653961
434014
706162
464002
99898
99930
556153
641488
677570
184905
531183
587220
585088
88190
588686
587016
311402
296723
952071
581303
65074
688845
806075
10424
347413
561951
857427
469879
279488
11461
197436
936366
424671
878993
843330
124084
323907
368003
594888
999468
734830
532240