812323
562244
308145
377719
781930
496469
326452
634244
736738
68534
119706
214253
972946
586913
941057
574995
260973
480292
111549
42105
780844
524253
723784
475081
233048
395476
865686
268221
229476
261621
622727
265968
718838
352040
815542
458114
598982
979791
136430
498657
347295
783131
974205
959867
833731
800971
673824
643901
805356
524995
893021
287750
921772
918533
978864
424365
845365
21390
362909
51499
764277
400271
664676
412135
759770
180806
197331
704605
982963
10041
54133
621866
553590
865615
875688
462966
742302
326987
134157
380670
760237
958822
942488
710204
937935
9927
95238
279414
623647
941665
610159
121312
625666
208297
788465
868079
345585
989363
478540
328572
479445
705704
274636
60304
271051
427622
766881
510226
680071
376820
921738
17674
382996
90464
686128
803217
182905
721079
272719
646167
87992
919969
789263
926417
402096
836310
175985
29053
503330
196737
495908
294227
345488
826543
981496
175114
745537
24500
29610
641155
825314
286939
962717
712342
254599
450503
706282
614456
809614
366250
849102
140422
313316
664929
452098
94576
987681
219435
856552
238917
767951
700293
379617
604054
531656
994659
846715
303370
139069
260492
990216
422526
233235
972115
861450
786774
634151
225837
928458
260645
357170
852724
419783
509493
552328
376503
916300
701747
441083
985531
928731
212538
468252
209171
750213
802682
341793
373655
787227
670981