696485
902638
238466
458025
54759
709883
361745
516920
676447
412970
810914
616088
341352
427652
308756
597687
178815
507834
507952
37430
170786
799913
705123
723960
298515
972975
759877
477772
613884
843300
115287
333300
427692
711096
170124
760274
564159
754855
9726
567918
608092
158299
401537
801702
311448
948190
75733
781107
892857
654009
978677
872403
945045
887662
77516
874393
82008
556495
336455
663629
350243
54650
318981
964353
253458
809266
976876
65585
22742
913818
925909
368981
42689
22992
156711
75655
234849
770403
778881
217548
877187
433715
630993
762433
435225
515620
440194
989156
208502
892030
821394
760891
268789
245156
93761
397028
422458
167983
647397
299963
773008
603431
886875
154721
322610
327645
385496
562223
32869
619240
988893
593271
384898
658554
164809
120435
65746
376158
818568
557389
129809
351504
379625
810762
640789
692217
428110
533716
122632
505093
374716
675490
454481
722083
987090
933574
344210
798744
158551
144787
388298
856896
495468
801128
674522
150755
650464
763230
257892
869552
537186
90058
135375
578585
355921
584943
949095
771082
773360
667267
262114
818567
849013
811484
315517
635873
68288
610487
524549
298068
439593
32933
828402
96448
985202
154003
433198
729538
607708
601460
41779
794927
833301
679309
789969
851180
279438
617372
263567
943853
607147
798054
322921
545544
590932
72348
462776
719093
985385
480361
407152
191781
529298
854363
762819
514555
278900
695339
176226
203755
799871
769963
280675
204974
112484
217739
495806
216159
731492
82631
860529
540469
8964
566193
839940
991006
125725
347606
110311
249524
352655
350416
583223
231838
596181
915304
87327
827078
229876
217765
495643
832114
936014
849205
27480
780737
751635
503031
822775
229316
360535
681059
246321
171639
120446
631959
370901
251547
714259
728510
897132
341873
642808
967903
186493
528021
389112
985728
62636
996468
247096
313396
350589
953195
251789
108936
558966
435581
445927
682374
701475
951217
309418
305124
810419
744454
781277
605965
993536
408788
637435
561417
688044
530369
897127
76747
350694
646748
553149
605911
308108
53017
864836
812110
108587
919529
383807
581271
25825
890166
70434
647660
868004
228152
822562
876030
627931
462775
17125
107398
842794
734237
645017
299626
377547
29751
108641
295879
175255
800520
643369
466849
652261
66122
100698
186084
694025
332290
24617
868566
780478
542014
700170
57884
949534
516398
200003
445222
211789
397597
572379
692151
789686
778250
252209
862804
209709
292583
347176
593801
588212
621
840128
508242
934681
425626
762048
178797
3901
998281
583759
297082
706223
306092
595747
24907
507318
155111
480401
818958
963373
623948
458434
974420
545737
757871
716998
827581
650167
859430
524738
199298
331808
496671
682437
345055
828238
142366
475385
661915
299944
154833
47669
674613
904025
135505
831087
844653
851279
502647
954575
94956
605536
411417
997726
716305
327303
926880
152669
929496
225035
309127
321011
493929
296256
114034
84542
960699
30951
975145
827658
520419
31536
515119
231199
459325
315233
127683
919476
228149
844750
168690
924354
722099
215944
981207
850612
463713
690771
891889
968250
43290
879246
600031
912701
307952
910775
779962
952365
343258
929095
576911
583350
798328
85945
548663
358800
48901
120169
245269
532597
937752
382679
175212
677486
825047
955402
735067
54343
182968
215057
649014
895073
539957
916261
27713
699494
328844
948202
78411
435991
322928
309844
983717
46209
68879
436647
65918
553678
448193
203478
753308
766967
596170
958093
467961
453143
731788
618506
632504
979483
541836
453094
730114
955734
409566
810034
24577
931953
815152
968636
444537
945535
254385
832561
639230
143919
738268
702620
521686
9435
573541
780877
74923
987005
31486
771221
36653
394560
635270
493741
588930
494644
93135
665206
36907
822940
408010
696475
124980
852386
488338
496786
904215
574123
63889
164098
729327
428484
737363
622079
106260
716859
419237
609008
912343
666443
344041
123090
836635
524975
39737
725781
440334
852439
586422
886884
268291
735224
518572
769858
223214
123198
664547
485520
871483
29533
108613
872747
19531
897669
310503
535282
202571
840500
893366
520229
531699
937189
378495
671912
868312
390566
308442
209255
896175
300103
247668
262100
100959
351598
241208
195213
996993
317256
80730
415000
138167
874842
720832
437136
67942
830261
381580
618265
402129
584968
483082
311566
404371
489360
15859
555709
541689
948714
930652
566472
124218
25800
736062
161964
316051
32258
425570
572830
172867
826564
58793
743441
274272
663270
309621
562836
490069
795225
697080
256473
566841
260092
621975
24017
790092
244174
354362
377714
551504
868543
569907
820122
807234
280543
905288
667021
358964
672696
284575
984155
473480
185783
684229
960733
318667
127300
598362
97565
435627
707380
611805
103893
416918
868500
854160
190480
192945
410726
710279
959917
717362
978664
635347
470083
929755
770383
856389
736798
714388
865747
919009
811814
792291
232292
937249
26400
364170
378
707170
254094
731709
155082
389936
216690
33854
793940
184105
892273
595607
250201
991248
671954
883507
61802
732400
232485
291418
805980
311466
775680
230856
715160
186206
402661
599208
459087
871090
894079
334834
572746
83714
366347
237918
643615
443108
133972
85699
593791
321302
202519
82833
740333
889543
364613
5607
894729
120190
895462
946578
689738
729899
402394
391331
977099
465288
472250
737196
7996
644716
838558
853847
330809
795308
600376
802466
208695
920302
673310
352954
957723
947147
85285
439411
529061
898784
329640
558818
602377
597362
673640
435928
278558
196347
615822
820731
689647
250133
123403
671810
306672
700802
549216
107404
265227
571286
100410
11998
363927
783810
902325
976760
57962
556541
616193
973842
624901
314128
27682
583800
289966
263807
130257
166399
529435
182095
164416
903011
777418
220665
965947
778879
574829
183657
862506
897319
393347
141235
24371
26021
967426
171603
374076
7695
712880
223583
109710
734721
23698
892363
228053
374141
891195
325272
794243
328347
926341
980059
279253
602478
725918
592806
556206
150517
196282
84181
326239
173243
852262
487031
177992
623308
487805
343894
276887
742292
491251
392933
215087
730837
555726
44549
498405
612420
876213
322931
214116
895617
569825
13138
94320
780210
518448
881361