100442
333809
149495
624481
45197
284983
228854
800771
847734
246109
894911
353432
483783
797256
518973
685598
153235
747777
228078
613726
597366
910057
65619
368180
485202
894682
846336
240890
434867
541276
515859
219733
281428
817985
845633
500379
246523
532830
783116
367264
285375
931558
134353
283420
620458
941732
955453
397306
912569
339924
989216
410047
996672
514399
50458
619733
636330
629298
300145
209140
654751
284922
823173
710764
914942
840126
71642
102673
811785
33944
718485
47427
44576
546961
485314
298520
293222
34392
657234
577065
808000
101087
295522
560758
876796
616851
186358
258230
232206
52662
95620
757248
581045
101466
247789
281807
75644
333307
506887
481269
694556
700730
166997
715743
846398
640754
299672
565633
552223
165625
84094
717214
459341
930613
672313
69109
953422
969816
319979
223563
603167
281017
990397
405522
38874
789008
722319
436595
848177
471246
42825
321725
193046
241559
105232
110889
892093
868509
878485
234697
348025
711258
437639
203725
999107
152169
684073
813746
173786
894082
205694
566344
830916
236944
727712
910046
754354
516465
591408
301580
282817
486026
603047
240092
810333
556355
992715
725269
368128
95142
626814
563750
693592
996496
655344
906220
757319
190033
918453
755680
676548
562662
418546
928160
171166
411344
958448
777496
863201
562512
647122
310093
695825
994690
824803
726470
585811
249491
747721
275287
607468
575713
276567
935371
20384
770797
275582
813421
809084
435839
186338
57331
864880
370967
795659
179144
421716
960459
10930
189428
164235
703682
644604
744363
997829
936267
729411
551407
927134
903707
220559
494178
132580
629601
344355
931500
313782
235528
137460
946437
421127
400457
614389
757343
498114
324457
762381
896179
330568
814358
694314
790439
310548
509786
105199
903001
14080
664826
90633
435467
364320
856877
873439
374763
27660
844220
624679
979517
180988
719027
722710
735719
812044
409153
371887
259353
929310
963569
350397
194647
112990
989637
949724
918500
289
190380
279729
28236
316391
973089
955449
920014
738943
419680
441471
734757
323401
837508
656488
795058
214615
871746
626728
995976
229741
679996
839127
278419
746920
436931
584222
237285
492283
109804
214859
535647
170516
766797
850181
505784
497885
919253
928217
344557
831838
497989
931058
362821
743679
419151
970343
657728
903211
155977
959087
110044
87889
494606
344688
863043
824004
497394
330740
612948
685954
417311
407420
313420
288786
507792
144367
726353
344966
2602
410987
312731
491296
656178
17661
905407
399377
990447
276267
803673
739357
208477
873198
679894
641562
170379
475069
711324
58967
162706
262404
457878
144536
58674
752820
320543
33344
559946
317939
670730
746440
109620
156276
683084
199787
68795
748258
785287
909540
179385
915830
232819
940111
595794
672617
353899
336364
641415
273347
948242
458435
298999
250769
897824
137697
24760
198004
832652
620096
841678
918550
221912
754564
423366
874104
826484
43042
945842
708583
958992
887899
263425
607758
632961
750566
893434
464740
252047
245804
324565
690054
491417
205997
450678
775583
199973
445824
618887
669571
809672
1847
164721
417371
815278
932321
488886
86075
244807
666729
846446
978704
607822
503899
991003
654005
136759
72327
190443
325732
502005
116734
175947
308617
100005
811449
495011
280562
860186
676890
161841
917987
429830
230666
586501
639111
619585
434369
307287
99136
841785
766308
15168
69727
282231
147464
412763
439343
842762
413460
368761
110956
758674
535749
418107
806673
691946
794956
575824
126479
269235
41618
871884
271513
905786
692507
88097
675740
56005
759752
585852
30157
751359
819190
475902
67098
881661
462597
209621
227906
489452
359603
840695
260288
30809
638246
523067
371811
278941
582536
345556
490937
445155
623116
301802
329065
193880
472272
319574
731424
76909
885467
984122
662756
301836
997253
213820
336772
636821
353910
194077
384048
573203
333830
610233
183525
360320
69252
931421
75200
104369
772946
35456
185588
697439
399150
983648
660887
116308
623819
769019
287639
70127
391901
516006
354953
923091
838004
729356
954338
378354
198464
177543
308414
488433
263219
661652
738782
874041
872452
863798
428591
46106
681295
350506
198021
455451
529945
179586
480871
343714
603122
64353
977475
71996
616307
13266
99202
189578
547047
451333
598902
873353
422982
880102
896432
177084
181340
802779
676527
171832
598281
966491
768371
575116
319457
479910
889455
545035
947700
840420
744924
725303
508263
51678
518506
122251
249089
646931
247697
937188
124610
718328
784390
448270
926637
951568
646602
251239
639335
770147
791068
21746
503736
82142
437455
593403
38766
259335
531574
531234
309728
153882
770043
93829
547984
555461
936591
960398
343658
542781
906427
515926
443497
553787
941142
97908
450969
420503
323919
174119
85623
854207
972266
5979
356788
821908
179784
795035
674904
285217
662686
156372
606148
235192
246728
352706
866128
529707
979062
798522
30738
36516
510852
371154
380032
460322
383976
462576
442541
672784
658629
914222
86895
622916
964700
859431
816162
680913
848994
808417
871429
49993
939628
131671
745665
505490
804806
488929
463818
211107
589924
951938
966367
957596
455856
22286
281963
524096
777730
709558
248270
570704
279982
108785
935989
845252
59766
857161
481125
602344
976864
476096
323736
258322
5219
769501
730494
728892
521659
449878
92004
310338
770652
128027
386226
454649
5443
820989
423950
701929
678567
413561
254431
389033
136270
216741
199148
996758
978877
861750
934882
503087
910664
948523
267060
549776
465927
289306
809373
606601
303977
429589
209025
139931
953954
442105
638961
45774
256704
525075
28941
640498
318044
727022
972804
989744
469995
246397
584760
285131
656884
386849
588796
666233
6492
817240
433983
467928
688861
996868
801474
127759
375445
18899
843141
714882
599610
673231
195008
563249
350828
168260
982797
325422
430243
549385
554147
297337
24583
374509
718780
3129
732959
320640
905752
324057
326113
29307
641499
221437
159912
751692
333010
993696
670659
732354
134547
437004
564905
730706
552642
904884
672971
778308
794672
393265
707202
567997
601629
529175
708136
205481
856094
754356
523458
214532
907994
362597
357082
455622
880302
724244
439212
660585
695665
151761
106038
399000
266001
653900
82674
393206
848476
614381
979040
423751
283355
495440
911868
781631
124185
242784
456016
921957
433153
973647
120482
715428
194917
380207
818125
240494
615387
558576
997869
124749
683138
180534
534964
995336
909410
834390
866778
160494
136241
301038
347825
559938
862194
455838
586646
764803
175352
556391
550467
461078
523849
967518
907010
79570
630877
802316
873340
706984
490758
602597
553904
80365
114921
522979
449087
793094
224554
102207
86819
443183
951782
953868
125440
703656
615386
127536
903123
578236
82977
251839
204487
294703
653018
118390
361254
215491
542952
768400
562476
43495
761810
580872
518392
690813
174667
603692
265756
400134
439181
353435
339475
963181
611742
898843
695122
858028
587317
330649
107383
354719
11574
567102
570014
94936
157930
663123
455722
719527
820431
25569
193311
680869
214061
260937
101552
566604
473957
525134
214269
752303
313981
907309
812315
249406
912175
690283
396804
667048
456558
622854
563807
984731
289398
494029
930088
882279
636878
106251
824892
722624
101917
9055
394564
610402
520358
583463
744763
421135
144674
640731
253853
466036
148089
661366
754350
2474
296860
131022
149860
300312
963969
716037
370162
272885
152380
215320
88369
463595
882231
344853
938477
131863
489230
682601
923146
23981
519945
13335
641234
567545
577911
494213
303196
956992
941475
734896
348697
585157
115254
389440
333630
796647
697961
434231
219785
306535
468516
776450
173235
456776
699960
413426
45105
102159
717174
90244
35110
267626
542122
206684
768360
555885
268215
132689
49197
327159
866320
193697
121298
914099
32081
209221
813575
947706
780728
909920
552603
405782
130
409105
440928
534690
146854
613992
85051
787661
371432
657524
112010
692541
680732
236474
7154
915152
515256
728515
16452
377981
573716
641101
688011
118617
633600
390497
211572
207990
292610
67972
710234
420838
163754
667335
21294
537629
818964
627129
408640
661172
71482
685757
522092
129994
656051
572534
475491
356869
351628
321438
879125
747574
849730
270518
310712
735579
422617
692504
247224
186749
8475
248552
486459
417786
989488
17833
121999
70749
470807
588652
576243
569001
742399
804195
553599
155829
824964
299155
636592
600497
612937
692456
218452
501958
47982
303586
504014
543324
420462
787053
22215
865845
957080
585679
807474
209910
864616
530939
836729
459142
504002
193858
785481
844815
724298
638249
711095
697122
728418
606421
695629
660599
597633
438243
624309
274962
655020
457620
591041
776448
248596
462502
473173
834433
937677
366910
636594
156288
966822
290304
364575
57085
786665
29057
798262
60811
585136
304788
632968
461173
107298
2753
255214
755836
418185
889876
595245
378492
763025
216913
695365
463276
849888
394885
767574
962180
55820
763127
8752
263801
612477
223422
833397
496676
924001
734444
142189
805185
509509
574440
110310
673938
651799
284825
742662
228771
40117
584958
76911
428777
544497
166043
231053
111492
853028
718606
482623
122020
503851
310528
224031
745735
712771
134455
501680
839712
212477
394247
746403
711380
587037
959080
955910
189853
604757
810467
259658
473041
914265
584039
504623
524733
281439
676088
377934
451051
896757
517127
563650
638851
458686
409884
687348
400142
628554
805104
48002
989077
790481
19863
753676
480936
644044
499034
7322
878395
33073
398115
7469
485802
747849
405841
549729
393245
782063
71084
54971
557958
113575
211314
647253
984007
773336
159760
488931
608305
263848
683308
918881
715944
727282
318751
381403
478242
909414
795584
234776
865678
698366
111003
650916
427537
901465
323137
599033
602923
835638
212793
297097
649784
285838
449556
647595
613907
687629
978078
500127
989461
878191
639985
568000
299323
341172
916067
540613
613221
289151
939423
179379
634555
235985
151569
3171
610922
88412
662971
127339
261132
251079
533029
195564
196646
285245
732017
772856
570827
365362
237516
824478
257373
752116
862657
204755
330483
168489
829352
274942
116055
893355
553595
979807
332582
776637
673288
773213
856794
987368
532931
482924
681381
188406
418867
659992
573107
60810
85709
739440
711506
967002
623838
215057
216814
571467
300769
212174
195125
416552
134320
88441
599833
335422
314135
212945
520244
712854
153669
379400
468485
673743
617180
17071
181144
655704
725287
423808
640004
681288
22763
285512
214222
581530
991702
330735
478251
534024
247893
845221
524195
681922
661697
675115
564305
87435
585209
741243
774215
326321
168331
858389
89614
611559
784075
626536
202891
913408
993542
707865
965309
475146
582225
242034
230050
144773
8826
442346
247033
403903
959264
114829
584099
636237
303391
341064
703907
705896
335715
955795
952900
272609
791646
611259
958234
365890
345300
640075
729056
847875
313299
94742
327745
290406
40577
543396
747186
635119
781261
108599
896188
124739
889863
17720
955671
977372
767948
959171
591474
179047
530138
58828
931472
312315
882114
22956
233740
875829
61179
634252
373053
964852
923218
773804
310388
237550
738495
926353
181218
968301
168916
654729
130071
864298
516879
533724
152549
348164
10766
681809
682595
464669
55586
643801
129997
317842
445243
722716
301897
448020
379267
109663
313284
705064
422600
284367
922299
715831
641745
183021
662102
522386
696657
137237
382574
683271
815417
707244
175471
4120
695336
957157
310105
345694
574014
896689
347553
624698
946574
717825
316148
827059
870066
998329
452251
797937
270520
211378
564857
210069
985593
389612
465330
812787
122954
693135
289830
184557
704140
241500
326107
481389
682079
499765
286649
796414
557811
62149
905774
723848
636798
299149
520818
470118
314250
162316
353252
231782
896038
928266
542483
50716
71612
820034
237914
477347
55043
826218
946531
688625
176843
144224
87628
464662
548213
564722
177254
862737
250565
432778
745562
167759
859728
787317
392358
480193
699599
141774
402181
65881
514134
161483
212397
362656
344222
384291
335858
215223
352446
561499
720392
389352
534777
657196
683045
753448
331440
528915
81861
373163
778488
381237
571591
850212
470470
952556
529781
63704
640519
410546
845025
277278
618125
765737
286314
526325
390691
588228
956446
166657
897153
569366
333881
617700
592347
629685
733004
748405
559380
390346
185977
229216
23504
653816
695259
532506
458470
275175
395842
842943
870773
881196
919644
63945
210510
190103
934703
729455
835342
116184
832962
730200
766607
641550
569500
536826
630709
332334
624036
264980
149987
90892
723175
108356
908624
157833
860024
743429
524148
559578
872818
594761
93404
433968
379609
797103
95837
703881
690143
161953
222629
33107
305986
271757
289709
620472
627858
428670
357450
845770
943569
187222
663139
659021
156659
582826
346877
370203
634372
376570
664178
741752
956457
295052
322113
178803
275838
200995
526462
346037
891615
203297
147242
831593
957122
303798
923869
262152
207425
477380
417952
922367
76342
997969
612503
724992
1600
781800
20763
880098
467042
275852
128614
984886
9801
203930
776039
290343
417710
796282
877622
19917
91410
220353
954850
941774
521190
40039
564133
388977
688013
13408
141753
873665
932985
214617
4675
954138
670322
436752
407022
683603
244469
322192
648275
681031
508025
224008
618836
445186
673741
603591
126344
991429
486621
586647
206224
308151
909907
452979
189704
139560
68633
901605
709786
963650
389053
603137
742380
689102
925550
502840
631929
645152
928739
704601
354109
93729
375835
750314
767498
446583
533503
979871
425080
918035
280547
17717
195642
527382
95787
608814
877131
992096
460042
840937
7558
213239
725414
912157
705877
542865
36376
999986
571906
194623
312207
110652
966825
324918
848596
760596
545486
442
378279
427477
962827
215785
68681
742384
199970
183841
9427
217773
732657
237647
397060
775487
95427
972245
295448
705410
411010
331543
960531
626195
686539
125795
303581
35980
162138
151738
860615
560794
987364
482559
529323
790781
855556
87995
638258
120924
782029
484491
264304
232899
158526
357735
672873
700730
717651
608207
389815
426819
83832
310803
647619
590575
744088
179520
814321
176669
886164
89506
538904
123728
373264
569723
652014
621740
454951
859262
374147
386573
890046
287752
607524
213316
456694
917276
411360
162863
879483
93529
99111
916788
475386
333819
401357
473306
763055
826378
274606
293508
650204
193762
158700
632010
480277
247584
290452
867573
555640
938406
529247
481111
429627
882636
354708
899461
962718
100195
857611
637043
593855
774887
857740
226538
642124
763776
526293
116008
166355
121461
553402
675476
775669
735662
720807
65116
96377
133348
274305
629293
537084
603111
519467
432014
762630
161867
361509
840218
771769
54704
210254
467864
663395
910125
763658
367288
786610
340633
837310
408236
864135
889461
187960
656865
298275
616441
507052
637849
636798
822394
256089
889511
567478
380788
181323
889094
482340
996218
364793
330133
674699
234103
819150
884979
82986
1888
317701
775731
645617
802424
486317
457212
967440
530943
468364
700928
691562
73464
708512
570391
121064
517014
735169
245687
513386
349250
635874
620946
246361
100939
344118
463948
169880
481835
777711
933784
994009
284274
487841
975982
36620
944466
749829
915307
397809
60806
315162
988101
667919
223455
679014
356904
703421
482860
48667
678066
525853
419141
370004
269000
885801
488948
187454
337683
586981
824641
495060
579355
291828
137049
258434
81726
304519
433114
2923
527244
225840
800637
495686
603458
995157
799201
548835
398434
629311
565488
914508
159531
364946
52528
603910
512314
55831
997864
57079
14205
351925
813740
630113
143695
784959
522056
504396
272822
24870
573765
784898
900469
193103
786907
666164
745101
776128
756147
594490
487191
679859
371094
523128
398263
335373
61368
941340
940926
129832
436507
445251
53598
847437
574114
521851
948938
393021
928947
252259
46698
58286
317063
985903
913464
773715
349393
203464
499066
743892
72456
452368
720540
9693
23699
83203
36777
476882
776720
44409
954406
602208
125377
831944
357067
512879
598036
465158
326559
125300
859470
364268
895151
828642
219347
59862
445354
706688
954516
477094
667868
536278
725
55753
299077
636289
684634
850641
336597
816678
748782
852802
205447
447363
252815
326696
542935
310753
599545
901093
283489
352806
239309
576649
821336
566919
190366
5530
743455
35226
88089
812723
714631
502345
931406
513800
270758
93730
903199
324167
802960
523788
334019
213082
781237
693013
141496
69129
119831
661414
15043
165309
50598
508120
433893
993631
151353
713439
97116
243039
464939
780324
82834
830545
48272
488241
158822
34033
126419
385158
122070
760647
876909
60040
460294
470630
766340
596825
68975
809806
773726
711747
277415
921969
320768
595085
159048
353875
898599
220336
220352
807626
552674
539556
338165
671397
169546
56851
291603
950313
243232
681391
621427
824310
534721
69471
115561
216969
27016
586452
227498
831515
354048
326778
670872
737574
787588
413707
28332
268999
775542
110525
83583
504255
170712
171100
1077
401491
609098
366706
212870
212564
859424
540258
330410
235577
20127
427860
949153
254440
573269
253834
786908
756563
522706
774993
344843
405695
504454
954644
962500
398048
209208
904203
134733
248609
957601
468368
137414
468415
79203
870226
37686
531029
798825
617378
77296
939314
385756
161515
374625
748966
913406
531135
351545
439772
585831
940364
39412
411617
897114
214573
752004
816067
200324
301853
669469
434388
437456
468934
233436
204942
515625
122167
5781
465936
693965
864949
608888
690951
134667
682792
556254
312744
84441
19062
716470
263833
53844
162669
937095
984367
145684
181146
481633
63890
989931
734775
803428
552381
650747
74176
318572
933154
947633
570918
182232
589930
89826
91165
146742
809178
318272
640144
413452
13393
740408
13172
17669
291438
253420
833466
128055
935822
867272
500446
591821
777587
151427
106717
104342
737728
524596
950403
836712
698144
578254
812834
380850
243079
817210
622111
98142
830161
701648
84902
639647
411142
302065
100797
501724
565055
282243
842358
430584
603554
422794
568767
834814
933704
39136
566547
207654
568960
397393
806099
622342
922157
659989
796719
379160
746186
541098
356990
951076
713870
254414
605422
91914
136939
713558
521365
918382
132656
982958
975142
47040
449934
138862
855935
802086
419447
80532
824862
641097
860642
282916
238068
141561
302763
358745
752978
970558
723032
382406
762304
709500
566391
807118
908781
776834
302370
776828
548288
885423
221093
710848
194956
254913
444854
219271
685667
444731
375266
457718
501633
181810
191433
837826
84521
968757
213248
667950
778574
242647
11732
198370
906535
61659
365294
65893
304421
239802
515922
60279
150593
909139
684481
735182
130030
933360
424831
538859
312878
648752
640367
599831
632257
906071
942106
35967
347064
815598
183502
794537
728423
209112
972451
34450
401080
539635
684633
210854
733468
387047
345501
901531
741533
926158
632938
336171
189712
26752
817485
963436
327206
156154
905217
613773
622881
673450
421816
95087
135971
861081
432187
307677
926113
118709
965992
234858
348983
542778
488411
918182
987414
907325
805544
533500
559768
370069
689156
470187
338036
360038
891459
813727
902541
704459
836155
558572
880485
885343
216904
12262
118958
313768
28457
530463
435777
699553
843208
626494
265320
156131
407319
933240
217749
93615
192278
657390
784694
471962
39793
843171
848416
521942
273605
691864
438184
962968
70531
43590
794129
226987
562541
449848
476895
464401
588606
825154
284106
596881
507174
943265
874574
963554
953139
67377
20511
584626
590731
818885
251642
405907
696470
905126
363031
452803
573368
451883
431547
203798
118524
768498
136233
585730
257036
615672
526520
715975
602269
637723
792576
98937
904423
356521
10478
688555
928978
745764
197304
702522
664492
165845
286762
701043
838999
252809
482398
100258
692672
598188
356937
253304
102793
321665
618802
985496
893321
657276
137535
587838
228137
821500
278056
638092
219759
631400
392844
666291
97303
462565
385570
645050
149917
394737
854344
47662
466328
469855
430711
975782
341120
311663
194136
629234
953872
920329
804271
213856
985927
435926
914805
984682
784648
334588
798213
678207
49185
422004
859692
339500
174632
401609
587363
790247
84033
209391
78552
337208
227837
891453
963944
968389
203997
903752
963050
990968
959732
89054
432933
465295
317034
814684
756705
668479
742877
634604
428827
279110
31137
290591
672594
938444
18600
284515
665470
306485
802301
517537
208416
161670
947882
839158
837364
837169
184762
800075
522628
357246
156633
436563
392406
160728
308823
875296
982342
446258
865355
996259
36846
498260
201108
316542
146497
282886
76283
933383
319799
907799
55604
492508
88034
899722
330692
231198
835936
313822
529276
115532
179625
571577
754019
181564
136392
266864
647602
67383
63847
979062
265336
493554
938179
502238
706462
782181
836414
637262
704773
740810
318547
398210
511563
405428
808420
876730
907565
113866
560367
367682
860998
693534
757855
920668
237174
678830
327231
340875
319774
933622
247689
855806
291847
970223
731101
678936
695586
193640
728461
884120
589482
625536
987605
943082
407782
937021
929960
144201
131722
182861
710629
276943
163325
154966
862824
745818
569334
530748
345981
558557
481343
603695
813744
804672
720732
609389
981696
230645
247109
731419
726130
587225
100110
928124
274881
515010
909543
580043
115442
751339
748160
643963
576070
51705
91141
58441
574153
11113
136967
542522
59016
467801
157498
446007
837855
169391
771483
458753
52208
833258
695466
3282
820784
889283
227989
955794
523803
583103
782965
684850
39368
119700
762097
129065
604759
892149
393024
906761
529606
864572
663693
419453
484835
143795
873843
69921
461340
457664
462759
169470
683314
874474
741813
390369
73740
430156
461091
820118
501608
42197
707186
562886
322284
459000
264194
886122
146715
547575
15509
911851
691619
835976
900076
955032
586578
200353
568653
773187
729385
736229
760998
559737
399177
660011
346828
15771
119050
387111
822172
472925
71403
385463
385666
135195
872227
867788
756248
475411
694614
383539
801638
56835
87203
380479
445576
608288
677338
653909
371373
987056
354635
130772
133115
71941
633721
198814
925200
920790
641390
280840
164708
936955
471848
535194
394634
187908
440497
762691
333653
1335
461900
193244
67799
302117
877515
509847
117445
728552
303998
94596
342006
715643
729542
976255
794186
341942
516167
988986
871080
798244
825596
674595
795487
930947
436836
982385
216174
238167
427930
672400
15519
7147
360258
167975
29581
833893
237279
416642
839
947461
678466
775393
913229
325818
151325
268316
940983
243681
57654
964465
287093
966171
232247
318956
322289
75017
373730
68146
975761
974310
225633
327529
317080
36034
216379
833799
269420
227735
14819
120630
758450
185674
783659
492001
777045
945791
459222
216030
196838
693081
931722
729848
109726
447629
161252
575255
213758
392353
734438
24846
593367
724743
708107
49793
904358
534992
617020
507057
987863
236367
914523
559078
327018
212363
928763
831736
121331
116128
753523
95737
395195
149298
655880
152194
954629
127375
990535
251929
296939
620128
255732
289916
893734
115532
38812
18829
589228
196138
895239
487193
296627
8864
812746
313734
520532
401181
397497
278553
794571
180271
141369
624482
738011
136897
367026
659205
809230
243573
35428
464805
770778
620506
32657
481262
195615
691274
399192
256575
923085
157155
548706
833779
877027
934048
79797
134539
53010
973587
709158
687097
558848
829377
15275
216267
260136
785498
965262
861682
961630
792851
186942
99631
673648
182626
657408
63577
474664
208341
579203
521997
130927
253648
609872
429938
549388
915297
584416
714471
853513
536769
325511
998412
630774
870314
809359
823338
54087
455759
949664
45888
809496
270397
299674
913003
63058
441036
773061
388849
841765
22209
556704
988777
996853
614276
866454
15499
207825
236856
253390
744784
931550
108924
35873
553605
663506
246078
386407
496754
997020
448247
524330
728545
388897
421510
260476
882701
936802
103341
947493
264233
693113
434594
905652
251593
286210
176979
772150
153713
927639
828858
248261
188665
469299
275608
369784
871193
820472
181265
320888
597399
41867
184163
363698
277962
201373
262788
741352
967497
899013
392408
674723
926837
175753
298188
676803
631712
21052
711506
600118
520537
45633
287353
631751
802582
882477
996967
8014
218620
198987
612662
878214
308045
592441
18025
360699
597806
924463
598410
829346
730836
182112
765089
114691
127627
259449
581202
525457
327523
226822
181268
57754
709239
674676
613194
331161
490523
238833
513344
835625
131105
502191
810307
824532
730440
24456
38557
772554
229826
289660
387819
562669
406689
799189
312797
444105
942365
254827
993290
540641
831684
761284
546094
562468
873918
191187
254977
944319
324156
161633
836340
993356
561149
642633
185546
481832
701693
676061
985169
996578
650042
811111
543101
89102
280227
117706
938591
945722
887904
225286
381959
608760
742265
836697
133235
273114
372004
960643
452594
326140
846829
410915
436377
54715
753348
692285
289569
64516
391902
951581
669020
743623
16585
361620
995986
599817
445265
498209
281532
806809
667399
41388
994140
27738
324148
755051
122231
69823
631194
781287
270384
664918
690659
629593
933955
168699
4585
698798
646106
359405
424865
58282
927887
743421
431140
501289
423487
950882
7324
936128
352135
525226
769927
779969
926494
753739
464427
434653
376015
740440
727959
885988
61713
273807
830289
218281
20100
909967
182241
364545
62026
40038
878137
274601
249152
945672
266495
522631
46936
27485
147129
252233
398741
573745
84564
667626
637089
734863
829009
953555
320462
762535
59661
727710
426919
224876
731499
793205
380531
480187
807648
10137
451974
4277
806170
204223
312131
285741
105806
928213
122353
730429
466204
671714
164857
704691
466978
565131
129466
73641
478618
982449
941257
808370
146480
355832
766216
443632
652837
903651
848993
231299
701337
498843
10080
633628
126456
823246
616746
782575
584452
657460
118686
901575
389114
599085
50375
963763
869540
218247
34555
563934
686010
783451
254355
649213
304950
994326
391366
966241
743987
718038
564324
474540
291649
929130
993837
723040
512392
415100
227788
848403
843605
517067
358451
609919
266054
749008
925396
344182
325838
827458
430393
187442
147174
516597
501312
462474
607889
308893
454327
722625
846217
67633
356688
578681
903371
320811
305985
914181
198204
618668
23738
381595
500855
524091
640580
572840
48436
891182
847923
248126
498710
220577
723207
533673
942801
628579
530789
21855
428533
294193
179949
547669
736732
844442
104823
452142
840556
938497
172207
504846
241546
593089
479434
554957
232540
518059
96740
905288
599416
49258
754296
974033
115374
376968
70075
16006
410094
65545
872213
192191
336472
882741
850237
489377
780767
371188
420592
765264
383960
190417
165901
572545
181797
812129
535056
452589
258680
522237
95273
971425
159174
281130
217016
462130
998794
136410
379304
142031
732147
117196
864805
372719
283436
690254
543611
188520
256517
125474
141004
556449
935491
746303
779694
794336
221441
746286
998943
755005
955969
890261
444005
466104
994195
331473
528135
327462
437088
63356
434145
514566
921299
437774
256744
761393
951589
900895
723835
777264
571460
239818
311073
996712
855264
583470
925797
64496
770450
821646
36747
985411
987817
398168
26222
278673
972369
29187
78967
307760
665506
208401
110588
952367
585475
345524
49010
18571
260857
968845
969489
365627
471632
650191
425091
217958
314852
833730
335944
521013
62796
364580
194409
640706
497060
376490
866326
586607
67382
458980
320094
776788
202820
959742
653067
276112
539445
782690
972888
817152
424282
230843
553104
308558
887579
791509
60613
652513
712322
107552
86377
624626
972452
594259
376652
949055
750311
918574
497842
502552
723509
296087
115792
25366
718524
144678
978851
181355
166367
939516
277550
726677
907708
498574
840718
250157
93402
523392
934395
469084
299695
455532
826205
228460
97740
764545
653640
930428
459430
96264
826518
663758
51586
78658
293216
91514
401596
515438
687513
940294
689651
153255
471430
467533
323028
529321
344861
562971
84226
700980
187514
69019
823135
421577
196216
765607
463418
837329
696114
214527
456533
251805
328470
342230
983505
94216
840738
554501
212920
190713
550015
543330
227815
954821
471798
629932
545878
411057
114323
146205
750406
714389
223253
613602
793798
315163
630926
845543
974753
723495
234910
128971
111527
878865
194374
431859
741526
138381
497259
616379
221030
128684
153834
636742
112494
841403
740818
632182
577590
891209
489922
971831
270170
451207
741472
677046
836823
379080
540403
517552
522037
153447
181662
414053
135889
867207
292346
505323
233414
887669
957966
761886
854200
588458
576750
63669
636604
262126
797101
143728
500775
136214
870015
185837
749938
645870
260336
832410
187335
823409
71547
459333
255338
17141
28616
920336
965447
598116
658630
231616
827796
275364
438368
287604
621410
975832
667614
586738
967558
231552
648347
845597
48350
852988
554591
212099
181186
4910
350872
977683
264585
205948
765498
701803
156853
464501
720304
252944
176572
239947
676157
863351
924532
834302
789364
795008
815065
390042
421200
214018
588734
221655
213937
73857
495119
873886
115444
58556
128638
882603
6061
78435
262290
646157
147331
442598
169032
344523
640809
882345
997733
861729
944437
601044
68825
591783
101406
552774
715281
325907
960023
255657
324250
296085
86850
865888
482925
718048
714131
207773
538779
699785
10178
487120
13334
450951
408108
395770
202073
437467
491143
979808
789045
910409
673792
510810
794938
513156
343347
953803
743230
207783
446726
434795
859277
744928
801891
275199
750125
903655
560464
964522
123084
913068
24428
424221
256200
57679
790280
484907
50011
607497
445727
425016
519073
408040
869043
319055
915528
817655
359558
161617
50643
111611
897779
310923
523531
707034
508647
703521
310978
367383
769726
616679
632645
178168
287294
388879
724829
356233
745322
399484
833346
650297
198980
54709
954909
512609
619299
211509
671416
39141
483500
465951
738245
220659
149744
593998
308680
711081
536290
534155
957601
700179
844083
987736
609402
96337
351308
247721
25737
811991
311079
363826
350274
93839
643851
796059
685981
700697
399202
640081
843327
828274
640376
311350
765064
502066
890386
450872
926904
171503
912169
553663
342654
843072
520002
188160
355807
638556
16299
253167
534783
66016
548755
89425
339984
210479
505863
361199
763028
59059
770629
584998
76880
532290
320958
2268
715599
182493
293293
153421
841743
352210
837647
969155
221069
632001
403390
405540
668520
218235
299054
772645
434036
270662
428546
783261
752670
465853
707212
859188
497847
518164
448672
661242
784031
32570
658963
179284
610703
313751
684629
137232
536322
736117
52328
17690
886977
384442
323580
860872
208778
376275
632169
979984
219228
804333
676808
45145
866210
211805
71919
34542
518457
194656
284423
909199
741408
359804
510411
259234
609019
235653
878814
434695
172100
895163
606473
203977
286031
753297
475025
770928
833015
630985
66609
577843
125290
950586
522809
951882
507662
750707
244675
292386
697615
257530
612045
331498
748743
116013
858552
875402
850248
677898
480924
133108
968649
315210
168966
228306
192106
720679
310543
960415
494757
391295
638042
227602
179091
276497
86889
612212
474264
643812
597916
513683
820397
805126
578056
81359
500552
477938
449712
183505
476394
595659
956131
560028
39365
139653
96306
444667
706567
728163
287691
480218
8647
132954
834998
330417
817419
975381
373868
130587
706420
38162
189071
558981
477959
880297
769483
462529
936152
752557
754695
135034
56469
291371
985991
42690
333740
835216
553505
976392
723802
463271
752217
38949
209
638015
230812
613845
262981
555946
202198
852419
111124
557666
255088
78588
445648
430983
242473
31686
999146
415876
415824
747210
443900
172111
337051
427372
199090
939982
559527
460091
301078
945943
707341
629892
266808
817424
635613
4225
753078
332277
123898
887343
6573
245432
338898
462205
58364
859907
78712
61472
646321
122073
764831
111363
749971
342234
303733
591068
434380
537381
404761
963482
929264
591384
367291
265594
95406
342195
961167
370041
591698
358362
665774
848548
929780
684729
371401
193099
684737
650498
629706
40596
396835
810385
342729
110507
586448
929713
728935
392983
447148
459576
993035
884328
642460
121933
785975
260685
671401
210506
638470
485634
185100
581692
790340
484582
516316
556743
869033
825386
714897
451111
837940
599974
614452
233297
294305
293574
456933
502456
180678
873057
967944
700459
686480
670442
257421
4379
80596
105983
509659
607035
166420
382239
155545
572224
965457
912761
63193
926024
635912
235039
32609
784535
860362
443225
297366
647868
346363
458838
64583
865490
608359
53822
351507
427234
9532
455394
222969
219942
83240
21653
296762
312680
311376
468436
667437
372297
551785
392224
327391
413662
130615
206573
131812
797557
154272
637810
182846
281205
725996
426721
55977
46243
220444
923889
919105
365121
790371
482582
664593
945233
554693
905427
788153
341111
856011
972517
766203
856508
348000
84128
589282
196271
141324
613592
135759
504998
349194
74038
712289
573538
695303
456362
812160
529872
194618
122879
920327
198892
743258
59466
620812
245760
473409
156092
730956
93002
482715
252375
282424
376060
388426
835133
690070
761885
354522
420
558678
590157
646556
186598
925554
744485
829921
400629
610432
649981
838293
677164
986967
798471
521013
685696
376604
131352
174126
310293
809000
253447
853460
780141
493975
847662
316667
595195
79408
622478
166646
790294
322860
281487
489002
778569
215717
940708
561165
955847
931420
778445
483456
469756
206375
141238
593927
711422
54005
493309
757857
456482
966335
756113
177032
543403
157198
577845
691527
662430
222563
717988
774835
796529
67334
302031
790215
722401
496750
935682
494688
780771
6089
768740
701073
342770
785002
345821
631524
332999
168973
17938
286126
109351
916487
489102
251990
877838
564534
287170
209449
952354
711557
576037
40121
810072
247922
368969
665268
166209
247331
345581
30413
573435
100264
478747
319571
200595
533408
325217
406304
190678
530876
697513
894120
30195
396507
485047
346865
883726
984981
194751
87713
376867
623444
492385
706803
352725
621403
910978
774916
546259
873194
329864
406282
943525
661690
38065
557603
10009
735139
550289
630155
870852
703326
508454
946024
278071
693540
516569
265536
555456
840821
696276
364298
568410
258036
859642
345122
940786
874671
298504
777301
152406
992509
8902
39708
656764
496961
131561
388198
145645
692427
66888
259918
510156
189085
334457
381292
166215
589130
657416
91335
907865
593274
227347
751144
357305
453195
889093
14666
248034
10130
820589
132845
342464
605951
204666
342537
932148
510430
175573
538016
867524
187002
43995
929580
321634
803356
679222