157487
515345
851408
95295
529735
309740
895203
408181
313090
627774
905366
876107
844967
953756
359721
185042
203982
580538
650874
881286
395327
996513
956215
78287
599544
66831
945006
433844
119053
585579
47744
705821
901418
293603
142964
19587
725876
747364
766311
113398
332046
644085
500385
294602
452664
452785
870532
458143
157521
562655
817630
919564
34109
967727
200477
286184
685665
326739
903522
929908
81547
637304
287534
402856
59887
429920
848697
794329
790284
161950
571937
95107
183790
969581
966143
551289
962636
651308
568982
253094
507281
508218
344805
268863
125752
33898
365148
758535
980176
315235
629035
722686
451551
873687
749045
151015
115107
191262
1187
643957
159540
319726
533141
463377
250821
439865
138100
49226
585545
58531
247267
885786
774642
968095
847252
33105
744980
379301
500855
105185
739624
694034
681356
846213
66605
413724
866202
289038
403945
617711
139512
518923
963406
450601
429128
791060
202295
713455
429700
86387
394001
298538
769840
903600
554007
977378
451119
477368
838325
924085
8370
953321
658190
814451
526667
140348
466457
911001
885664
368976
960550
704425
134906
899663
535167
825314
438141
734271
197993
149153
835762
317287
394122
10452
985536
426587
544996
525334
502074
78759
191
702765
760081
68308
351589
938716
739306
757082
386119
147620
695499
213730
722621
402270
217006
689909
437931
47150
105784
412615
571263
483173
892035
964890
875542
411509
6360
294865
400958
649553
828664
824978
348374
599265
801561
974358
609106
197343
318062
738960
103963
907217
153055
266167
843155
564515
360728
326706
592118
701920
51773
931231
85596
891213
594363
328384
323867
559202
725562
698627
586569
412454
73711
345773
77343
572774
48013
816866
639225
736977
382043
247955
681017
221747
810465
775428
45708
195852
612092
848953
337156
9932
706001
244349
23013
850286
175902
106638
226043
374446
996716
614376
502696
181864
162593
226668
660028
142031
979058
175533
952573
153350
209973
644440
957190
831966
270164
176701
536075
229229
454557
764414
947194
548807
913847
709714
944189
803740
294896
181047
372764
167598
372209
821874
234816
597741
290515
57476
661970
262320
655434
151851
336578
500242
299327
569425
856932
505319
905340
373589
473844
539610
81601
6069
859002
880164
603507
206549
214985
273195
113204
501486
537441
23605
920974
694614
535988
261191
79368
859303
654918
559006
923355
341967
983789
230729
579583
876916
197112
665633
144990
213954
418604
34599
193450
941650
223081
181752
773514
820472
237420
675567
785391
497065
750318
722711
801861
440199
367977
953035
286278
566475
357242
470125
38888
116622
162850
485503
63543
700340
477286
331169
836477
802933
885079
465639
183709
636041
519788
430614
927807
863024
414347
37948
453029
557275
269286
454889
367196
277754
775042
247629
132687
534115
357459
229167
545398
335516
592196
58760
972907
172869
401106
233658
911069
558501
454680
799728
882845
101455
792997
493587
510870
425456
400329
32037
387930
168760
374767
102526
891159
32547
701412
237985
668776
35235
515510
626107
989256
303340
774647
96695
112609
379931
412833
441920
225090
104196
348819
828052
175216
349527
203514
219778
692307
463341
537163
873728
869521
508021
148716
316843
410104
20470
755890
336027
274773
685376
398085
837538
470370
676595
583776
408162
941403
31019
186997
133768
351217
453447
140397
818793
140248
398485
781773
152951
700539
219227
477492
476831
662095
173380
241217
613507
834885
95014
371089
406159
746649
20268
522534
904250
351112
128421
392931
155099
538398
330983
492915
741669
767405
932961
443402
955905
747034
565885
114756
500615
440529
757870
156585
570072
677144
438299
523090
843738
880769
304231
360741
621137
2362
451997
85755
212503
578046
447861
808867
57016
782190
407109
234368
344812
708538
848647
740685
723953
229689
781827
454209
304773
209689
904921
403150
486461
719216
127597
726083
684613
498289
742895
969745
233013
274362
829125
403562
753547
933129
429848
529797
7947
295119
99192
478590
434928
415709
635885
575387
693389
310459
56923
118826
516549
214168
200081
800197
948643
998619
531374
550840
406743
88983
563696
224185
902862
569822
375322
482197
386861
479468
134209
775340
174761
730948
403508
209491
412165
368345
556102
11351
186473
554530
650618
507041
527196
85200
221001
832117
42974
211292
327378
664340
177509
58553
634591
872194
10994
35369
330063
783970
718094
969260
806
389949
540646
245907
534509
423009
520128
593842
394055
457190
310937
441779
230738
501900
282845
359367
52470
667328
673218
287416
253645
263229
321538
900187
904239
43024
525939
524129
837017
412468
693316
315468
784633
1883
929942
862206
222168
593870
798388
894636
701412
144875
37809
701042
380569
166414
241181
311745
577292
259851
202979
354355
593364
395799
371458
451775
831829
529670
886630
747144
599914
786222
160803
770960
412462
757547
510861
47625
274215
870012
219446
152780
590096
619147
352645
328611
966338
20298
42671
818368
847038
668217
545045
237521
442713
497028
657658
199659
623109
306056
927007
496291
884215
117494
181821
426108
110394
823952
132383
540410
694160
252881
810457
486549
137344
750633
745256
803849
368577
287078
925608
538890
339905
46126
988524
757333
470802
616873
335485
305314
949042
602363
232050
935222
508277
765039
858025
479252
354833
721263
335263
521043
129606
439984
246834
164427
111592
308842
674736
570793
188362
304325
790299
161251
265737
948559
956540
47749
717298
763498
755232
194921
568785
313027
699763
27204
507351
71868
358776
956445
356007
103340
582755
578394
359997
587900
175891
207603
55355
91570
758511
233223
235666
675338
235996
515597
274505
276928
567128
638179
947565
652331
334966
257410
304469
897475
854710
63699
74513
429827
465088
491482
619631
302954
681789
826512
696425
384731
397907
749840
525422
97828
616571
852199
443531
780187
18048
619406
761014
121444
477526
106035
725367
890192
808852
687155
469364
129888
981967
199013
207127
959975
862549
751440
655582
775949
423875
979324
322750
395824
809923
216678
271797
257188
276198
218701
129771
446427
59546
624553
474948
595360
564360
427259
814149
114301
429261
16895
262304
825341
528978
700159
244701
838028
885450
340737
248359
924538
449159
510561
32433
849758
141562
647545
90307
588183
846341
483452
700837
881070
948606
859106
759846
599127
83459
962877
393993
115415
126133
599083
484685
414975
713363
653732
948760
170198
493555
736243
260095
205077
813854
804290
37493
632203
551689
353550
999501
174753
268844
343609
186861
56568
859329
542142
646481
739950
952987
143551
639865
850432
522017
424634
191025
562953
980389
387994
121275
710313
412645
962538
256986
745793
682717
907044
75069
654618
951686
234536
222023
793765
175791
750152
669815
547357
89207
756800
58809
17737
999844
757443
984712
504541
453412
406448
276542
50688
699101
933731
85241
512873
664307
36584
472044
569122
953814
139723
4351
594351
705924
464523
424868
40456
19938
394157
575544
434881
922099
998252
776209
150090
9266
903373
940074
377427
347794
869521
31016
251912
159056
520452
932744
780218
488433
832435
42216
454813
779422
990970
446382
362414
91544
320059
280473
39533
696793
360939
407970
761288
656713
12614
155470
310872
155929
547299
438035
335364
557888
571234
917092
293251
740304
791233
471643
939968
622260
617230
712642
440342
84616
288567
718015
8058
37333
795197
221273
105144
472488
563079
249067
855382
993357
243475
92708
344277
107437
940295
312439
120085
166081
993638
994726
452824
514802
503838
488807
785759
455759
974525
331632
831280
596458
554180
743332
801977
269072
457492
194970
150031
886946
923077
282758
370767
939028
536662
548806
974245
221890
861886
268747
223531
164330
133217
570082
629865
439306
336030
679262
168379
92631
111493
231012
430736
223703
381414
553555
854414
86812
90628
384333
298259
930141
589609
117287
647191
750642
485331
576425
103853
803371
855692
476802
553960
38798
431831
908811
52378
979692
340678
957302
560888
607775
808169
848147
246041
496162
251937
19134
846493
130381
996306
574889
25131
906219
132343
451650
267730
880250
418831
747008
815697
935166
806773
201295
733362
377154
368653
206486
637584
424876
955994
884449
977914
406588
783277
364144
512624
387297
956664
653979
747402
842232
697217
454432
788088
727330
221298
704011
422820
762176
195405
628417
723892
436301
478588
22440
186219
815193
193286
107062
975919
984990
600158
479381
834341
264385
414678
551024
515256
163750
36785
331741
226553
205936
652117
560423
701153
58836
637599
16886
19185
282008
24209
244317
478010
814062
424358
676096
794169
424359
189063
576608
131354
611862
821078
726469
609117
820482
614758
53319
890006
618119
731726
943416
535246
378249
502803
159217
863880
574102
546754
28088
562910
120215
705631
838923
971465
470643
276279
287884
440127
85761
208338
128840
352694
250919
194053
302757
513863
432276
674916
460392
141806
361366
463316
999713
50606
596824
784125
707764
53969
282684
325343
214660
787405
130449
704700
401469
414402
225905
507251
390270
536544
206970
574445
602146
764710
102823
62000
618026
933893
353162
879441
780488
642723
949416
375942
207434
321723
785265
165913
861601
205217
549850
297401
420814
88227
174233
806315
397928
463883
290492
505054
849996
959490
458023
484571
739361
453903
963688
638043
589638
808636
786808
794162
738203
911257
102097
380202
892521
810778
179110
157931
32623
151003
803972
507861
409802
670085
473987
152624
648000
251272
875176
184443
480360
515912
817499
132129
188218
952340
575039
950665
214127
947985
396083
135180
924628
274229
207205
187138
11569
972847
969294
346741
427728
120420
771725
372983
214252
17045
455140
149648
572856
466908
865033
329935
112904
202261
219562
951712
148826
405185
85824
775448
157222
975759
632483
254568
391451
531384
493139
944598
259614
580986
95613
669945
728864
15627
433251
445032
976824
73871
886862
39108
923756
613491
25566
804895
192527
929321
304513
259144
179908
603840
369730
980789
297888
259742
990009
374539
613934
650717
508257
909004
330956
904512
743622
449501
975986
483025
368797
849523
397203
601240
975086
991770
14812
252153
815340
604322
937753
970091
734885
305318
617399
839121
266836
183994
189924
343031
971412
828784
270290
940970
765999
638407
125019
128948
914965
724657
770815
292018
731752
442880
696648
474708
831924
781548
296654
185905
917948
901635
511319
958853
251503
894061
184790
758728
734842
20187
482452
140075
836983
627020
172204
549169
662083
649980
365104
658600
549485
403433
627754
561540
908425
790594
438013
573334
352805
764783
934057
5678
721235
273592
163820
895498
16165
80723
417350
882553
843959
611660
365846
72336
167910
602899
113504
843080
307359
358429
179760
534067
305042
124152
758935
576473
216644
413104
549012
494963
545924
15958
139919
266371
298229
495603
574654
778510
734666
620873
556778
119479
271441
766722
121612
308602
361830
239608
202769
662145
142408
164000
774141
419814
648392
549587
272044
833414
880093
341691
349555
838846
650901
476374
221540
453509
719270
529834
829552
723494
326883
385286
102119
166552
93066
200752
160732
103675
130170
155376
476964
758897
415361
550648
247292
129047
605331
694510
928010
519583
7000
763736
807612
973900
90524
568227
909645
978568
869354
714512
964006
588005
257842
711932
595233
630446
64359
652106
932520
304298
52326
121519
414012
976429
290576
478361
362578
264154
944632
348605
487832
872376
543928
851963
118293
779696
455262
728497
842798
846689
545220
314521
977924
804896
428221
593439
480763
416847
2539
216452
576662
986136
713390
871208
857214
583623
304183
367415
45793
296321
374074
336563
906679
873957
135810
650329
962400
454846
418974
539059
432682
222242
606713
854969
219950
885482
725832
834277
200665
907533
207260
477842
223753
545435
447767
211856
191437
411860
228475
958535
320079
375203
752030
651524
862414
506362
26490
242021
153603
683659
425761
227549
819365
379360
858829
397797
275720
163927
718293
141504
944992
405374
145596
276456
424548
634311
470116
993626
545614
535016
407072
85115
419455
930577
343846
811238
65982
210827
898211
810579
866977
353834
602345
248101
76612
354094
86148
405136
840246
113340
359530
54436
539124
850676
528656
371195
678669
583406
873817
28731
83492
881750
276905
484873
404564
134881
381208
891339
840814
874923
137155
48535
354269
377711
343484
618365
768811
79650
687137
676525
898012
968492
33674
807879
536312
289092
619740
287998
641063
406567
787835
219687
451508
842036
230172
425444
924340
641383
895224
108391
516800
671088
685084
73637
175133
770223
959389
598041
110781
772303
428138
421938
567071
822140
998330
197787
544785
159938
999523
448548
976981
521795
15564
154706
831266
740565
695803
951168
479873
85110
787080
432880
60568
259436
153523
594482
947780
444862
225105
894767
348383
120520
542497
761490
701793
256895
67132
216980
14882
270658
628203
968355
862013
537880
832083
428399
83729
402508
560907
329361
317857
957538
656078
137496
683867
972789
138508
1968
131958
364462
926491
276913
552692
920995
753162
910018
94215
156361
371542
176936
973328
689816
782902
898735
483458
110138
296081
978675
498021
553455
779024
699531
891639
727680
348877
55251
942957
784221
346922
324629
782295
697429
693695
844563
406049
419762
607723
919156
983093
215343
845579
795849
668478
711767
677577
523706
932040
25340
40332
116241
631939
762640
449165
471139
402790
820579
749770
191126
979633
322233
210835
142484
366666
41351
511105
896715
918025
100234
351366
940766
161551
178373
142624
576555
97297
256213
736168
35385
996851
290354
773063
472190
855183
285764
885447
244427
844884
776799
390279
76245
253259
570333
542345
266657
5877
37591
318565
816395
231377
209024
628641
564210
908794
130141
373272
667075
574124
502948
384726
878753
285223
868209
257862
285358
788076
967455
255618
708729
258596
432841
685322
442884
283616
195997
578321
893872
909179
20569
968944
355783
259804
695974
43261
740390
971352
612365
857015
658181
984948
732570
882328
540325
245832
97740
291917
124117
155582
912501
275586
933024
456314
668085
570454
576598
531924
145805
451182
559413
551232
705186
695206
390197
997455
408337
775649
328685
401102
341609
982401
249125
763340
16841
416242
228217
647546
597143
424417
719014
955051
863898
858379
535860
343610
107253
732976
185408
710922
575617
860262
81317
692072
261765
384777
268295
111181
731861
927696
583483
991873
524612
793595
301334
2841
598662
588712
774097
896097
432871
26117
491478
908436
767906
368160
476457
873736
69279
244123
266230
814887
857613
874875
204915
556759
945495
526943
918577
688187
420613
376205
329029
925651
552562
70952
891085
192895
670758
651646
877473
192033
288783
582718
62552
424479
111329
377734
627060
984520
340871
236059
37419
931534
340612
937970
918483
858033
760555
705899
682920
848189
390071
549789
139261
180906
194760
170700
717438
254753
745851
714679
375645
722718
286180
953870
941345
779952
896746
383937
352007
168286
196480
594420
417620
871972
89148
812175
273016
593114
482517
28465
390048
863798
247998
485508
591513
85096
7705
325931
861980
102819
556378
217496
84922
532092
934905
241531
324325
261802
808211
739093
31576
154990
857438
113899
472612
647948
375815
366677
487577
487287
297194
999350
606989
341642
755885
456134
106956
563891
54266
223050
616412
440554
865815
695653
634795
489887
669923
173000
394455
110130
727471
827782
43482
97564
33974
185731
55632
152683
832250
470026
9703
375146
379517
232956
712226
780894
544538
844454
381258
665389
27582
137644
80177
278042
424005
490530
709860
520363
68021
126010
312940
291244
760785
590487
107393
321420
520859
464576
252172
172644
706218
305520
926807
195928
441699
259914
48724
127126
662103
555497
303879
650236
913977
149590
211472
4246
932218
301843
448217
766980
584579
86740
292568
718714
648974
808909
217921
288738
875938
936486
116364
733724
711913
596300
750878
279333
319535
104737
414999
899797
507065
741203
16631
487554
929792
81098
877229
213635
923273
906299
247614
598351
486818
315290
265550
722755
753466
607340
842511
963394
570526
293306
695491
712950
698956
383841
70511
539765
11637
441863
766878
216960
626388
932200
558990
269605
546278
448590
611196
185604
331269
13151
531847
99182
307109
944080
632963
483945
392873
362872
740509
808912
288099
348415
346086
653783
267431
716149
707070
699437
207754
71871
126494
811834
186044
194603
940097
679432
337471
653861
567216
536509
878275
638723
735593
820742
107232
734651
608683
297040
206511
217204
47137
30448
243910
889721
854504
75875
685262
823946
476543
936239
884482
459725
120202
561064
953861
464994
26435
279118
236256
156372
566142
8148
699672
617835
471510
565372
550120
316446
226681
21149
901152
62693
527693
24646
489370
704813
267326
923005
784340
755621
717158
305760
226543
527797
985367
488493
536515
73935
692680
818333
842333
917533
370649
945194
302806
699610
530244
397810
397009
551293
844706
752436
90128
97295
998551
367863
368179
847134
591644
825609
773455
983818
291879
293733
713575
576316
9849
698862
965322
382263
369988
76056
523913
858822
602742
523558
182546
198421
677158
723277
426541
412572
376730
970616
450259
435510
918387
914149
989926
172432
270582
697708
317394
954428
807607
273440
114238
491301
440356
401486
568878
56861
341099
428259
54968
10131
791049
955114
868256
843680
20336
43314
34003
924672
989076
777165
389373
157406
826067
882549
691911
599879
430591
664778
180016
221697
472777
642615
449607
530869
954315
314802
292610
622727
851121
628641
562558
220998
609861
90522
562260
53951
371543
360131
448724
198892
459909
385304
744225
446346
719852
217675
681961
643464
871275
129798
649855
813147
73552
250828
511062
366318
404386
62781
174364
458295
128651
831672
42416
562085
764319
965723
209730
475317
113037
193318
49862
78692
747681
87229
276437
295615
381363
194316
636768
217110
850117
398865
827791
6658
88132
314752
734294
871775
181140
881358
165170
640811
730571
668258
289523
100043
295568
774526
460424
122760
761405
267645
619757
379547
858655
329643
656577
738971
7898
866752
611957
608704
636138
254523
264161
594323
747844
45144
892785
279604
919195
370477
930172
193223
970302
120295
950453
744444
329374
684827
746362
139962
710382
746507
924682
761320
636835
251960
155732
979736
543579
18207
263722
349712
897306
274257
48916
325045
634223
65970
655489
864150
586101
28174
163673
780242
708213
805587
665901
570600
71849
295407
236752
607449
170587
832071
845183
823740
621420
397904
867771
766174
582129
472782
306680
364947
555192
413095
778925
507293
460648
322147
648268
820600
52486
548163
613900
443648
966036
999482
940385
692800
160276
872524
721038
666840
262442
581634
326352
975818
634335
608199
108475
881441
733506
506275
786915
65086
640361
330129
696625
718208
910933
776382
725717
192207
920371
706977
437402
201734
31423
944305
648853
153851
845443
431944
861495
466923
316093
418642
749250
976263
862239
7409
152792
750421
258160
340977
727599
718213
739984
369955
862497
697937
820056
334872
224288
966671
946592
910012
32903
535894
716250
869132
681163
840267
661531
8373
174087
252474
376075
915544
79270
781905
893922
718038
905583
473677
337185
146779
743698
650225
560836
104388
740055
291332
564850
866859
298032
217191
929431
431270
697161
868702
149449
523812
814208
385576
296989
746782
96516
49215
997782
98397
631704
562222
692409
975906
8311
766410
102332
421813
858450
807822
935324
648205
156149
678359
986126
479576
864135
426552
954189
40297
163824
317883
187602
967420
675925
905077
286690
542886
70015
457477
680769
261149
615065
53993
595908
71521
429912
394620
925636
590535
470645
949264
727087
153568
120726
235236
529464
915146
15691
866370
421998
867602
65779
661624
26219
902725
999423
317296
782499
560274
365710
779118
170460
948957
486520
325158
999164
109666
546151
492664
213502
982980
244574
161609
987839
835698
472157
701311
56373
452212
839133
81688
604478
61464
150646
609640
12502
908467
754785
64109
747683
26646
148183
995024
8427
260559
549592
54331
478437
503641
465671
336593
106925
486625
519090
743951
666576
765813
536880
307581
713607
615243
882532
843856
737153
710252
600926
804703
840217
225915
168352
701952
400167
720678
457981
823615
172082
42536
971869
154618
77571
538360
186014
995356
498901
465425
555029
450356
753128
840223
285490
12081
234804
753603
893441
505404
789947
761795
11213
379314
437175
991505
934239
756349
849651
478902
22436
15758
529526
481627
413804
475897
887897
363636
668751
101036
227450
65098
531818
133261
360649
485923
168327
482544
304128
602383
421275
128882
775599
45842
414952
953268
350197
857449
111363
618871
191755
662843
551472
620689
63802
425822
621865
759498
455213
223106
220605
701974
153377
228222
780374
234798
685112
452085
241555
339213
272813
279396
156819
59140
337826
723211
102547
134074
951126
996854
578607
489988
251954
550247
194821
481117
419074
750882
270007
267010
500929
882645
765774
38700
315533
579233
543164
678571
649017
239945
521786
563164
323265
296630
423696
655111
361048
968868
136179
262039
525854
78573
404424
847990
950062
366448
98695
732037
765267
194014
732794
661493
437594
261729
456933
566277
36226
535593
643520
191128
258576
167635
663904
262898
567807
73272
956020
661263
892565
630736
106922
272672
217105
659266
512945
349347
732737
207113
771034
12381
951919
109060
172248
46455
2363
682522
464870
350387
522372
190727
394695
23881
612416
8008
834729
90082
627692
299679
926115
444208
537245
475268
392349
901864
882932
930728
428047
418653
44783
52070
866338
647674
562269
910857
490930
224540
946474
452724
852085
579018
482200
70322
901813
973905
754574
908571
942585
399104
114058
933727
127618
614269
681011
957810
918065
295811
776266
917140
895686
655545
999294
186876
230019
709039
576670
990176
213230
212087
228201
484387
461494
193182
270401
562268
440045
968710
629950
237247
448244
702945
523743
564459
23092
479500
252252
710543
837960
94534
656535
576633
806201
447563
21168
748157
591265
879697
616120
932286
585712
391646
647357
213788
921805
986052
467076
736314
487316
884475
851348
775658
760702
356505
553391
277304
332574
237488
148508
908048
653000
985540
722335
771021
223820
530791
205835
193055
319200
648755
246062
107991
638363
920356
728554
688082
766110
755727
985123
419136
87949
346499
19924
805520
501755
340027
991932
501050
584740
163132
364598
801384
830483
502161
943463
303361
199780
978465
134993
794324
376612
57770
278532
84638
595732
874396
366131
305849
987277
89940
676836
946529
34365
475699
53441
607971
871759
597019
318796
356388
692649
919750
269680
809675
763727
4610
730354
627468
561829
882637
923910
157650
918737
512969
716350
925960
85439
2140
234205
306181
386430
106278
985290
465362
797959
872032
388064
757912
15006
243342
978594
953515
361298
447904
520332
231149
330334
873003
551941
690656
69106
980158
725744
699212
991499
313764
212001
762825
761982
278774
23788
460714
325525
307994
415066
167366
794384
125724
671605
413028
937229
781735
877891
60482
748674
461215
573519
348162
307238
784990
374562
513842
608815
710090
951057
727222
358455
181520
619504
350932
826040
618687
928676
867036
560438
977091
342102
203506
947068
212604
461124
914170
357310
932794
460337
14942
827805
938135
966397
380607
737162
270770
467535
355829
627458
509763
977070
869253
525303
53664
28271
317662
730127
905675
893001
10448
288837
617589
897604
981130
454318
253716
379280
216910
594774
758812
200114
294067
936905
867869
195993
669782
799021
352696
29775
614943
218316
313343
23051
168939
409456
263592
988067
363163
459623
501038
172958
541560
598694
903365
707432
592642
18186
642680
725983
896084
555001
502176
444810
295157
644967
861442
202217
776061
80693
462278
412007
314849
345396
485264
548140
626590
527302
633085
183247
863166
516517
200316
660201
642378
131582
323334
418116
339533
695157
151803
483379
719872
619404
683931
774715
454295
289118
565981
97903
872423
806661
441776
898393
295026
305371
825355
364372
696593
440990
885107
199991
66300
831341
798729
486700
755385
277423
716749
333086
577247
692243
373235
488720
476742
84273
367840
293323
444878
794703
427777
469488
822856
82496
306824
600107
567172
776936
8837
108616
810488
821018
387357
840928
503817
992290
843625
456683
803001
871454
407725
966329
884334
333959
557107
804348
855579
635406
815427
787069
714189
618081
323970
441071
367316
963404
93669
588193
859916
591804
196112
658636
53063
121184
928783
598156
444760
886184
93743
596524
220991
102511
975162
640858
3372
360245
366478
804601
415154
338693
724761
947094
681609
135670
477619
694642
278975
605004
16472
7549
165949
674878
462977
711844
537074
902034
48861
993793
367326
140261
296305
727921
711165
890823
974729
553668
40782
624194
94681
41613
803006
601083
827509
329432
660406
475826
725034
449915
660734
819940
94775
462917
255436
673360
498731
373588
159917
283030
145116
242435
737295
943098
23745
609983
128169
379016
747181
467259
954759
408146
54185
729914
481909
196565
102444
24393
571976
895098
648249
236815
763076
4152
254550
353276
511981
140566
542948
522591
960813
559566
486240
617620
573726
731789
828277
973786
20149
507095
276859
122371
432908
139592
173136
42628
705739
229813
379921
933548
801906
113649
928950
660274
908484
665196
735879
478247
218515
88565
139199
957002
408997
948704
585211
336442
968896
258242
488799
805702
467031
667929
136518
957152
378129
954377
763427
542833
519282
779329
79161
304966
332136
31548
763763
55783
969908
254820
588705
723720
231155
997392
611087
513817
841481
467054
412612
533688
944553
907260
190100
908743
572674
381296
482338
96599
333257
365368
718454
393795
458399
765660
689335
941466
531296
182207
304773
490100
923080
87236
475189
790565
135681
160396
904298
903504
570189
421022
486284
172371
33484
40928
598184
163616
91115
179266
971748
517611
644777
458298
242141
737087
823175
695337
546975
569004
802892
337757
743168
750811
952882
594352
429337
166082
210224
133325
20130
452594
47461
578258
382953
756365
844574
529361
933295
845782
804804
830257
476703
33377
852709
709426
746028
365929
200477
80846
840838
878080
826273
916986
967160
164705
84519
52236
54049
720289
419637
774262
429516
175940
857541
533232
479023
815916
451282
307764
37181
766125
618691
454307
556264
453371
466736
199557
892087
468293
912341
638190
749567
823387
40978
610619
248577
405002
564956
389820
159072
701576
183364
648940
143933
240586
897250
976027
727793
195252
600094
570797
856294
696552
791834
427962
339090
529983
484863
998934
836305
796054
328227
291308
35742
14720
469140
645636
150894
94681
23876
207204
320042
233274
691344
412434
537863
628488
480751
482295
665859
760231
742387
607710
853821
135565
852159
16860
518065
695217
200198
562954
970832
838497
103099
823278
158264
366131
585051
528568
818773
947731
483027
523368
329363
78780
58830
974476
508031
288962
404575
10215
325113
711883
500744
209390
968472
162526
295909
92268
369306
485907
233912
167941
30406
356458
246674
530583
292065
450808
555482
649852
38089
124732
243197
217132
633585
195024
382066
771968
867833
555387
616616
918609
86504
934435
442319
167103
502089
893536
388480
830029
916001
660907
503498
841386
599241
51637
569434
327947
931563
852564
141638
47027
291933
740824
939702
99412
629909
495996
247343
792399
562184
986232
329022
855576
275876
530996
123133
408565
357798
313430
200901
526181
404056
784764
319088
946717
14891
563845
90633
888941
885101
517386
357395
963586
874534
522603
639026
842245
465557
463107
657274
606368
535810
404925
636947
939360
636160
132096
668357
774773
919553
356550
813094
74839
733269
758091
382365
229827
156225
988960
208594
818915
434872
487134
789172
566668
681017
617400
456806
440993
212612
227242
279623
798164
520058
913102
679324
489613
868688
620813
976349
819683
765871
683762
236441
915591
455020
879834
495302
905664
210143
855624
316649
863696
724322
567893
188446
493110
989672
67844
831429
467917
480311
948596
244169
889106
505859
651758
272782
436419
174761
630750
458678
767010
345093
937183
52176
28696
823600
437999
106079
370103
158873
589954
861250
601560
925502
413170
824005
5283
854664
340691
835331
55149
951873
53733
745781
462716
971699
19427
54876
894182
578910
329784
567431
104343
713749
43985
154625
177776
414069
701453
146587
370125
860483
406289
100433
72863
633889
123513
976028
557048
687469
749865
945684
989158
424183
483009
130111
44278
961244
605551
682234
831514
703363
976670
564162
687205
72948
965196
792032
36786
695632
54649
59951
701157
849969
169595
500683
605513
461406
195567
706264
289625
670763
770249
630764
18266
575787
82637
818202
51429
366931
64535
407196
356931
291501
959636
370460
94896
433269
173459
712223
982722
367764
468022
250446
140707
217206
814722
703331
996346
471370
922134
835436
715561
73622
631225
683135
533295
466676
137932
681019
433708
481452
704990
356534
747717
796975
378910
496648
914526
77678
863211
122227
1540
37397
594952
272494
614829
721832
573803
194764
757526
680824
821556
164046
620044
882817
95291
950274
101511
119203
985794
383701
546672
402364
634122
574204
963780
9246
725697
84795
309520
636594
536984
621905
96284
560744
302515
245824
215332
403226
793210
95228
366017
84668
321869
416752
633959
171906
836564
328359
635335
863503
801075
532573
649557
606484
970141
864291
453732
457357
621440
578921
98093
993684
226014
664107
324782
373345
247036
656891
64303
525535
689458
520615
94431
34603
88739
881094
220510
982635
389895
604452
865300
313097
11236
791879
23038
828363
191580
299870
995017
301073
555423
895045
952662
222058
701440
792631
306846
968402
367078
288337
800431
468748
80217
611903
230485
754328
575484
802501
137364
395090
510554
110892
767888
974183
754072
934087
841360
304756
554634
81121
728151
869437
329826
316548
141938
998342
221700
504808
8208
846994
970293
214583
592523
471157
472497
268409
943237
791320
765915
957281
410477
979337
908303
679027
591969
746748
29140
761808
729966
61539
516589
575712
290418
301157
823246
438426
590179
850942
270508
440947
928552
2098
737709
278304
193061
350575
322175
836106
537940
924990
524804
530958
267086
566629
261227
470573
127530
732317
506714
479639
848572
762859
972551
159375
143679
414174
592486
640635
282893
566052
412797
551242
886410
554376
289171
534914
584353
946124
101639
630565
841318
593183
722940
658239
31323
402107
447346
977487
122062
613405
317872
872207
790559
119074
851101
820514
936224
448123
309167
290202
473365
813389
75834
204002
953434
372711
215274
439566
599332
735009
826188
414974
491808
807757
551558
686569
626167
584349
761639
128395
971955
405009
632921
128365
105915
627994
908787
983246
640506
715856
452843
988779
333726
27789
448297
722288
469181
199332
88694
322299
585873
522689
231955
163721
843876
104863
415142
715775
325447
821024
965328
301911
45180
581580
770010
759013
993331
136553
628813
578117
724913
127858
289888
320036
439565
412408
337228
410919
459989
955922
7420
122043
241997
308034
118240
297402
842711
402534
628065
312246
726638
118552
385967
93670
246284
255906
895861
226475
132204
55905
187758
945725
36010
462197
305105
387767
568262
165090
626600
11899
400007
5254
666431
990531
298364
385399
504887
203397
833118
376632
205946
433794
71825
657048
137225
88364
761737
668072
969264
765618
232841
11415
461083
406249
198471
736300
239235
272088
912620
55262
661057
3040
310903
495699
281411
540614
953409
876403
437724
260575
535003
358569
460853
659863
560531
631990
167457
574813
47574
660913
694927
269359
210223
629727
776536
112829
372654
128043
611897
727292
124579
478722
780314
488522
105610
243021
753484
578937
123073
145804
478226
567803
953075
235020
593110
567016
206937
895621
715389
560366
931991
47314
654676
980373
108674
629901
26473
734381
882689
96774
530295
379543
192465
928352
844153
514414
401570
695049
555167
901264
24927
745172
586526
340108
740555
738613
217762
860714
623558
303448
659999
630225
58352
480350
579845
632729
551972
731509
626194
226030
202213
53650
107265
100829
762775
8142
679136
649086
479908
400922
373695
572158
962431
979041
943364
779720
209669
387769
305884
234128
800255
671172
826572
73404
828676
600809
604773
563247
526140
285035
314838
108851
974143
682851
557531
850049
131995
314078
712148
250224
714101
628629
540976
332729
508999
678725
230792
229219
214407
686699
60552
950543
842408
240478
605192
853602
269305
334728
923129
141962
236716
202882
802298
190063
675506
910219
223434
853880
911873
891045
591064
513079
275383
872653
606455
492722
924888
147669
15341
446735
229107
105375
789419
120091
802532
271608
623510
428471
946098
886542
229123
623263
618840
129040
258690
825240
414433
842913
664401
91254
652140
974840
697906
558151
144144
124375
827415
336224
392152
601893
393721
385281
652143
803306
581127
281831
307543
693863
84796
832047
121939
333200
594249
512354
634405
425703
617138
751777
503026
585398
970229
633966
202113
408297
459812
332820
979810
967173
155028
560757
998763
461833
773678
741294
501662
486112
560098
549352
312166
399231
807420
605566
160000
561057
227023
221574
91191
398557
784525
817214
351687
313888
392825
905365
160547
277133
839923
683219
845779
434286
334066
909861
89845
139285
15505
105417
238307
169427
977856
257938
876917
44884
413275
540505
522141
607509
21079
209344
700017
306308
83800
278820
884614
874291
750817
213407
319095
285304
240547
11126
596613
756771
851190
512038
917144
61276
94245
137222
430948
10201
366371
979033
679783
949754
570460
237298
111182
57985
568039
990724
850104
576177
186007
96133
825810
89538
767089
136383
906593
284669
102584
362739
381918
325178
898787
707498
910331
221748
737008
54745
196548
528966
364433
585328
814113
696197
64773
25343
208311
200505
507778
597893
458927
999864
692110
213015
211918
74081
466605
797482
212483
27826
270069
906237
165312
959559
514429
934117
57216
551920
999220
17142
835878
448557
867662
297611
352902
80456
794648
84211
590845
751951
761709
944952
89338
390189
819009
381709
586272
774116
768794
992019
592836
689706
214495
873928
294673
523997
441545
68493
258635
269411
750582
952978
792432
891106
688028
167776
519418
415385
758426
573314
506754
407321
70762
577233
657535
250916
637235
492763
707179
965920
976699
105391
724678
481528
442490
56712
283700
914896
714762
440660
177793
46050
296186
150815
774469
675130
53377
92641
787747
665610
768847
348320
149675
895275
579903
808579
793823
136177
347433
316149
551891
643433
395285
432754
922797
98930
763274
436081
964876
99445
162692
754862
325894
605378
260163
877203
912841
69000
198208
649474
942498
902257
708923
686018
507036
922072
531119
955715
23169
310504
370151
879055
867516
151378
526378
354832
574046
295146
739474
760888
951871
756767
373755
200336
446013
138837
120854
175201
238560
931937
147293
207609
166558
106464
162209
275802
741369
523700
650111
633541
951366
582108
696433
803934
305034
289391
327360
300988
601405
222965
95832
450959
956976
551010
161204
820974
649610
380592
557560
788413
392366
56664
721373
600120
120697
841516
453638
957982
493799
888148
576050
860092
623829
18531
117131
603348
878241
259797
464731
666539
209069
385383
664094
576300
319875
712787
687410
852988
465746
624935
383402
232859
235799
285121
219331
202419
920407
626601
999342
826817
138952
618571
435980
771485
766095
417295
392888
484135
842276
455575
245885
451920
10131
453140
834856
163138
587675
997829
309369
608877
512121
180302
355187
961647
465343
760433
773395
669023
719069
309995
263261
243895
412993
852141
625809
884891
869915
528117
590269
337290
864377
91977
931308
823392
533394
592848
94652
575557
208158
404941
632525
362102
111522
700473
20310
193838
775242
631803
897169
750192
671982
241990
375574
470964
222007
336143
23366
298540
259163
448362
423966
393777
261379
809152
823083
591823
981966
727407
37276
707626
110767
623998
31091
294411
144562
337915
989718
319755
605148
666740
706690
159194
957679
603854
841567
376620
78220
523269
604270
178114
99443
548032
797854
229584
947687
20304
766526
351376
534509
823365
427662
152995
695154
472173
565998
58335
717004
3242
698872
101305
207513
996079
301609
290512
147396
347223
108538
631636
749286
878881
842701
310993
191304
822732
803075
51164
384583
681803
231914
699800
283792
947045
805396
930277
511243
929389
16515
722471
514325
152472
78400
154414
914277
766336
466570
439623
311696
740468
412460
592606
280679
436409
96743
397838
419710
390626
529423
101191
821768
906951
489202
53211
750622
576549
624434
989669
379550
129298
891252
331926
167088
491099
327217
553502
370468
244988
336490
135347
795383
943739
293368
706944
871413
917537
262273
477421
856312
901014
621191
475527
572942
1688
362842
91533
551416
551703
834350
275350
301135
14897
291207
113185
205442
493381
948176
103611
705466
996598
512844
679431
729566
674622
194276
926317
351794
584172
862366
23394
1626
472444
358895
93199
518205
762193
981479
314785
641157
279889
677642
634540
160642
982365
46527
450748
926318
322091
500642
538362
285643
577283
529396
445880
375529
451538
212466
772249
63556
302382
19715
141600
778121
320423
387338
495827
124153
259846
624092
99211
644583
128869
765067
315035
284379
124138
574497
737115
980569
759714
517480
196240
986427
5686
899750
969273
74939
509516
679591
410169
47693
723644
733746
86492
597801
71277
453213
800071
756198
371724
142781
478721
828162
526440
916085
243992
307838
911149
396783
896433
840102
409276
753449
459184
980335
46627
514343
596608
999161
195582
599815
891967
478067
194409
589809
165513
246109
27232
854444
28576
926825
282102
900238
426165
193019
312494
375436
862485
447312
605114
606831
330547
435898
808526
16232
636814
462665
205855
873978
993534
86662
938429
982165
243489
722841
266634
354819
191516
193162
52246
284603
77584
450532
762201
865620
343579
659573
216139
664019
839432
466483
560932
898405
22356
290489
526315
779816
711070
474926
341245
32547
828586
812230
442973
743510
982161
651682
34738
874157
159625
335763
212833
68942
579405
952956
388231
610641
986857
791381
650643
322255
792228
530764
226431
897107
996169
723206
590569
576750
461076
731331
312146
180071
762742
46175
295666
276815
250629
87156
426357
404081
21188
232157
915734
148328
368842
286678
537687
13132
697489
257855
568026
836804
370397
952831
515871
798335
582534
451781
251291
943806
997476
379498
467185
353161
420759
810738
245647
106369
962288
534578
417640
278101
714880
604043
989897
971151
844475
817556
905691
409862
68743
803478
213236
492470
378663
178736
429849
661036
392895
528347
787732
760987
127939
411400
751982
465677
994880
544742
576522
339123
209991
88768
718686
976157
680433
945794
814350
198533
417556
68700
119719
489541
755393
341439
421621
825705
197622
567108
565313
524255
680487
57324
134250
693003
164836
492162
302494
885047
601382
879901
55862
137576
359612
455745
801772
625867
309389
368229
37561
735758
953865
431184
103311
471564
914097
717277
717872
486944
858303
670557
839274
277595
378354
567835
837743
893264
498682
275578
396629
845132
753149
376315
909926
407011
701124
380251
465125
644965
296710
516889
760926
191472
721422
454421
341928
90335
787339
949780
540027
835360
865268
113952
69928
158244
556310
429645
30009
875759
260923
333718
571365
372047
363065
736933
441520
118761
170068
959281
674077
593774
798609
241218
699281
532269
265752
817744
963206
996163
689092
789065
363048
295277
575499
974898
287823
165438
5957
792805
215322
747564
105307
507832
130852
13828
470989
530238
771174
331454
593823
41319
35881
103467
687457
952707
452710
230474
470874
528804
366524
798203
362960
104736
718540
59467
423927
408245
2548
585133
761012
54472
491175
380298
111308
389702
140134
762927
763182
810155
476189
782885
139097
478881
970140
850846
63851
54080
755376
156363
417032
57908
856286
138443
192995
623932
244859
972349
737452
609295
585003
366710
811094
12953
682356
687502
871555
609827
424318
102677
331663
374992
130985
728932
120694
754179
545611
837837
284003
90142
221189
832756
875094
862694
602496
309623
754288
179330
247817
760073
362910
635490
572487
642588
652704
287293
293717
710140
635893
386866
667840
697529
480741
825488
65438
836733
76906
366897
979913
103036
276988
649537
230007
81224
310264
783324
23287
936900
667180
561749
997450
571313
301761
985044
736540
132580
99078
554903
441694
193560
639445
916633
224833
952544
551460
327311
24528
873973
722538
235343
871018
705261
959083
759244
598107
383501
777186
860732
396631
719797
373003
431770
313362
668729
224138
66759
524543
109393
894523
218252
120866
332326
101783
858810
258516
569484
727807
41843
693139
870671
233960
441473
542595
655526
323492
644451
552709
798021
971529
476329
24819
819662
246144
483125
788021
78311
538668
8545
584195
346982
71284
562559
514679
130409
697519
761339
108045
357699
115563
908573
925947
626129
280986
669163
121127
219114
692570
948459
7114
428148
689312
980166
595423
176596
980480
566985
233223
807613
792603
193604
956092
48298
692645
571477
863216
576422
828817
98879
820865
237832
162652
579443
5979
655677
874419
724721
726891
617022
194498
899720
525436
576352
795546
607865
545967
373770
959294
2618
862619
603648
595019
200726
669311
821278
756801
782833
702176
532321
467442
732586
10628
467616
672261
573977
26505
547992
705703
463223
913058
966692
238928
291741
104303
901003
764141
853285
592377
823668
317807
463405
82951
181556
419376
119418
972383
85192
970621
475320
11740
724574
602500
983968
396968
962382
575707
782578
268887
245862
491562
666274
251361
236578
315191
24591
225913
161019
596301
744430
973710
625622
505543
983813
733917
58333
412798
523860
614449
8875
847693
771342
736633
677729
355837
64644
670852
354006
10642
510755
350939
606699
490609
874644
551418
570811
436652
459265
211693
675697
990060
829816
599044
294325
606714
90791
675123
824639
52010
985223
147336
977420
963684
423638
699721
70573
154064
218300
910953
242684
479133
453263
691367
566378
508590
688690
873796
398772
129635
686488
749215
208884
626687
911463
525102
904916
513275
990711
952475
87069
904102
242809
826872
492653
52343
903604
919521
616455
182705
218539
5485
154437
376497
758235
842832
517416
526551
990944
45904
398416
682959
353655
366882
568327
937147
259422
885089
363767
954111
397080
409770
750396
168552
717325
986070
118420
520441
369614
902997
849843
798868
415413
108708
76979
600002
890410
657450
257769
850335
152835
586101
55187
589221
209987
401996
211117
887315
507523
566512
612194
958649
28271
134452
486624
742307
526375
556598
925060
541728
773509
596985
437045
193325
883134
423008
315789
44675
231521
739145
670321
850298
163581
65220
296705
17752
791584
80111
80683
243259
292281
405615
119386
13086
33439
61133
191180
196939
31403
611178
396930
86173
461567
641953
491280
658289
501994
662839
961236
662633
381668
310209
5699
320476
710515
327251
690335
610142
791985
87776
769989
887975
344100
999987
661090
232802
284685
860233
913350
246164
534012
374408
871825
77287
429984
506400
633929
392019
494301
876925
94158
893160
648790
332006
314021
264442
246986
761909
945456
791080
23578
576691
145214
36427
452456
234000
936575
711032
499292
886267
904656
609075
503744
967076
959797
648240
394955
538060
354468
621702
639803
337861
20734
172659
468059
7180
127129
464134
946276
854591
364152
820013
777088
341116
197532
698267
817962
291608
504051
400085
679152
25721
76079
363738
824410
488081
461170
264429
164453
477495
567525
681408
847016
371747
474728
815359
231384
601414
642595
860918
675815
853636
14843
37983
510279
361295
740897
744524
213004
414689
423556
168813
543791
571862
638631
114751
833518
829859
296653
493906
857297
208631
239696
277493
371336
738860
718225
457535
210353
130346
190921
235964
922805
649561
919742
142707
581906
487424
50514
483601
758195
632383
414518
359924
666107
999141
120059
363733
602272
445871
903945
840466
358516
102494
24168
454359
872704
921652
478907
454249
889289
300618
269902
800974
576628
287953
96068
822365
282181
104099
216499
226782
762115
719621
589963
105309
601720
699132
564913
530256
655828
688072
711850
479330
105649
81537
768882
584155
218162
931085
112877
676078
260932
897852
313141
990112
244422
694336
382162
868560
843077
288140
503623
330343
791328
224775
705417
977692
204683
681453
594379
110308
934126
227267
982772
735349
78637
662708
548850
56822
574915
667469
276968
905541
695751
330642
58435
129572
37905
581755
699114
517185
457718
45006
262739
325280
803694
177434
533491
80167
2199
850701
165838
165061
611219
494387
249068
365696
251468
466379
702828
575835
182871
250568
990130
117152
741174
301345
35835
471887
246200
504917
260818
13731
985275
5887
109916
941885
962898
701777
236813
439344
272065
470384
159485
914472
253285
688300
764949
101431
698353
991450
714275
572542
483090
158928
753358
226356
847284
953021
335459
395286
479902
129763
957901
242987
344825
170673
10083
254643
647086
88065
899356
640171
564652
882730
795486
530368
286089
320899
872371
26254
30848
274549
678429
807955
507481
730940
346112
434677
185958
692218
364157
98604
766569
165944
853600
99533
627411
209721
497583
754676
877095
638909
441635
91406
25725
480911
198323
99776
284771
361419
382475
665080
136670
175152
646364
27726
911822
729821
910220
331158
363759
553324
980046
43012
666492
932968
304461
922620
249902
229740
611907
928054
716770
875545
825126
271115
614744
773619
857089
885854
605783
885337
583584
458858
798511
250463
104228
288227
466262
270345
128503
753547
646516
107943
936026
144021
692730
203720
709338
769966
957869
98460
257762
925164
994753
198762
575145
151894
156704
316522
814732
144590
841162
257088
3126
916503
901974
739861
100539
466631
91030
423956
658180
791306
724824
563006
413733
422864
333193
99883
948619
76052
255797
749790
247633
605130
416617
779011
109297
285989
289466
121607
655127
239106
549534
948180
443281
185780
654327
851688
221219
245869
382320
120209
109944
613765
827712
371207
284722
793706
409676
781093
706466
829221
849833
596806
932179
671300
580223
482936
900737
259434
211913
96928
251815
375151
456632
340074
770550
752245
425079
28778
212706
414408
716106
242964
445333
440113
442640
932052
396679
891992
457191
251403
810341
518803
837998
827112
415022
377999
381413
963678
897949
584089
327601
800711
765505
634186
252669
547989
913640
106189
597370
934576
805625
673614
162246
441138
338017
818177
998123
837947
201318
38604
87422
828657
773655
601042
494696
387799
773604
517661
290241
336649
328394
376936
754648
356690
50407
529542
473679
491114
131627
472241
426723
614223
833711
629107
787210
297726
855264
495978
440117
825358
276499
48956
110837
861994
290301
414936
351737
820073
93370
691812
50229
502732
693259
313736
665695
102035
145821
925591
979731
689404
72196
88725
943319
245401
906119
904169
21816
533516
750484
151136
869139
721954
869908
504923
937264
46858
644889
257111
259208
783473
795444
829719
731815
507899
276900
115248
945068
880159
758313
61745
935342
437599
2038
66028
992441
547811
538500
371749
966646
732593
461507
843863
718312
902603
591659
126429
538899
922726
878641
782724
906359
946114
875734
990890
208826
681066
200217
242386
872227
229642
763725
292296
968514
287592
794629
114859
220334
364161
772075
992156
827879
37121
367088
484418
246873
519325
357406
638583
757186
197265
969097
852818
93418
499121
888483
866193
956433
161198
537775
960419
409832
923688
346958
996496
315637
326250
286389
49734
649177
867079
186048
900161
192686
233102
618335
900245
156362
174700
931310
385627
172129
991583
216419
256758
659655
684243
390305
530113
821202
751707
560617
291991
583517
183693
998064
237182
145001
663482
161291
96944
295583
453896
430727
450632
565873
517998
679317
721350
136734
205708
588706
244223
831828
977317
225285
430180
613295
265786
645010
55148
178016
778564
428363
790113
564393
661581
662454
524228
800772
395627
334666
461406
796451
685594
219395
997221
164307
110261
155157
283591
404346
58193
444029
414357
28095
81974
962546
368143
885000
630203
141755
279240
313822
46781
556058
650934
679726
998139
910950
908312
290985
713681
865462
730692
143754
495375
840889
342156
907191
409910
100387
128204
686209
271759
545602
927827
350534
955303
57647
828140
766838
346346
602911
304520
8946
480475
913945
777289
289872
731885
584066
565037
728699
388737
269588
439829
910328
957757
451053
206514
794947
99141
327364
257611
810584
38937
406774
648812
950221
520267
564350
15727
523868
222555
641732
410720
148991
377649
551052
985807
429876
332981
521551
807479
435424
82126
943463
636806
68240
778230
113827
887945
934874
310327
31418
85558
31266
760325
951069
377557
467384
219638
997925
560011
174879
438882
942444
20036
17961
185043
986295
295612
448125
973225
249808
589099
546747
901965
54067
510731
265462
794384
72158
69703
439072
701343
383371
176257
187140
370213
377338
446144
717740
543421
415399
520821
478434
208850
606492
76648
301844
469462
888799
393284
926033
2843
787275
886011
247535
751697
375676
955287
793231
812061
605028
235359
936441
147346
151355
645154
980961
43726
340819
31843
493771
121076
58697
300192
506314
418241
988503
124865
93540
56333
527623
532250
882193
130656
924034
504221
574754
572207
691207
842015
946303
452978
761463
685765
571401
209059
159180
315979
995294
125396
668650
864432
641018
447405
851534
389314
454970
244354
280163
572993
190012
619469
125171
771955
2851
827405
553978
478788
751735
310522
107543
196183
975785
657507
713372
776173
969524
315622
192260
539440
572958
570059
358596
167453
798365
49342
648506
536141
142487
948520
518402
368414
358082
536169
947304
553346
91435
916084
481207
185380
188178
167622
517232
402610
729201
911492
403606
657483
304349
305712
870886
415367
754758
23431
628581
993437
347929
926651
50513
493749
63684
550984
341497
309323
892441
291637
715369
614140
446284
869098
860733
141873
462551
801768
876054
575717
7037
546472
296491
270356
298410
36052
487415
480258
81721
447708
151312
309412
94352
80695
939672
378671
745190
548215
136780
636860
724069
17926
820346
273109
39211
906882
80719
71391
388458
65651
594254
345059
384494
698533
456285
908859
292735
864551
130938
830997
36380
288734
954186
992743
88296
382534
867986
740783
240417
741511
550719
845669
239114
647600
440671
570497
105899
90770
697266
426466
292335
346235
939867
190626
200683
955022
760817
357107
766910
233532
972083
877493
315859
868065
438872
28184
179331
398269
525251
341289
211928
944525
325205
905659
66412
103813
782301
228403
569841
413549
359786
501679
146186
503829
326786
422547
365845
594486
926699
340722
960332
258407
769894
851606
194945
218488
164283
131629
327495
135471
348143
929680
251823
834781
881747
55024
288048
301339
836919
467295
329056
786150
403387
327545
460703
668565
745733
547053
983187
514483
637006
387756
944013
187517
22487
977708
302730
529977
69370
124121
480726
714161
110427
957721
403979
298571
977149
906362
520440
536838
327793
256955
409053
87443
817385
571124
713298
865037
47274
244130
756038
268951
964192
488083
728165
416465
758027
13994
456531
268022
139159
150800
825430
475221
366922
128887
309840
207274
910871
869324
287657
624665
944847
227321
913163
12038
782711
381396
725831
945299
851380
444007
242325
277111
477219
744028
820344
569848
682053
775557
876672
255237
445208
682822
537513
464306
813185
884832
490657
399632
320228
271898
428775
650856
545366
628237
453583
530260
781674
692301
322530
251899
407144
819120
279906
690983
611228
852156
950186
941253
768906
708081
7604
425336
982143
945967
455605
483994
949890
858117
318691
931920
658090
765528
313814
792776
931337
530861
281676
760594
760262
921491
421255
654680
882824
374896
808273
401723
172366
929126
146592
484300
242204
861537
687188
122148
722000
485056
254748
906977
146579
647517
321081
148541
127595
428859
930203
724236
174188
398091
415335
225362
150223
159451
208730
383038
736859
586843
475591
606471
621503
299534
883388
809122
195649
816394
373251
489245
653969
253163
993220
508443
591863
141338
296584
955117
332076
220725
424984
766153
65220
511132
80068
166057
172616
787031
494399
133826
617314
571047
511271
710239
591217
595112
839075
664474
759485
689695
914534
437303
74628
320294
159824
190301
126643
548849
26611
428338
382000
99068
1202
491858
15316
765075
401862
274603
935734
517949
984730
974711
629730
251910
416598
141143
18153
750504
430714
359881
168914
995541
149984
218438
92526
106852
708771
175547
865673
45141
766431
661025
298877
456387
171918
627003
629408
222501
675409
418860
749085
935104
317904
137650
264224
112365
437240
566083
639467
408514
190819
738818
345478
101792
601494
61918
121619
687513
431523
94471
865663
189499
232559
362190
261717
286526
466510
822361
762925
199621
785994
202303
329857
386452
986243
444294
109215
6735
272048
470710
588283
672875
787587
124633
249564
24820
158507
384146
203511
201657
414323
508312
450905
859095
501128
339469
666813
118945
945559
819327
187581
979625
75925
197818
127334
407406
986328
235975
838884
876193
243619
172550
706076
786837
404479
268451
909401
336836
627140
609080
867613
785144
865399
357439
585433
21597
787981
23986
579129
684320
717070
521025
739158
91267
77205
401199
572495
51840
905907
935626
921842
174039
607028
263813
215699
610230
926649
171700
606719
927620
434692
595619
205643
125003
380691
363346
33541
957696
688803
524753
513356
831279
712213
743540
172732
698311
557934
842420
60033
618816
771193
48866
570829
226277
156807
807496
882404
87745
643351
655902
255252
846122
682320
60966
516739
19109
710059
773413
403296
806196
300973
790910
992123
305283
462418
167084
369073
619627
500358
580123
659328
484128
298252
346084
962681
171198
750081
93988
149971
966635
84219
127223
550363
29160
705932
160022
781385
526073
962018
190283
76527
755247
354512
139980
81035
582415
652327
222012
895675
911073
843582
559545
688656
614998
290322
450979
150266
834262
29830
216363
699427
54694
273419
55571
598937
560947
665114
675207
58787
734589
792606
129560
505460
778147
610288
410321
635453
179783
223162
756536
722717
78045
641597
631651
985652
287701
602733
126451
859157
829155
933497
75378
564634
694951
986857
262917
273
852414
58529
198798
229395
24869
901954
211168
428533
695172
849072
610399
426008
20831
637486
286452
457180
333460
567716
337579
41009
586450
704707
999657
812749
45079
81599
203149
637754
747939
623483
926177
341831
384062
783683
925693
824414
433187
194866
111736
838390
296328
578804
610508
172063
244555
276134
248581
731898
551802
285274
756198
344779
941695
776054
435352
556583
713062
820860
565583
600776
856077
465188
807548
178687
852263
123173
151272
422472
122988
700050
536180
934457
110241
947169
298602
806741
102335
578312
32447
981949
235907
648384
345896
14150
449681
982508
397461
327462
472966
245458
765262
24903
731993
550791
715753
846078
297324
726250
601701
394901
311925
604294
564775
925828
913860
757915
327630
166271
749616
535863
950261
474089
532642
252605
71492
280998
911293
122439
328115
774605
117609
872808
575901
150717
598139
520394
743804
821063
667714
98614
181895
603721
436273
561651
470373
204250
855588
143429
326988
492641
674256
708694
566907
723520
104716
462835
205264
130094
37686
66669
727495
889123
174083
133920
877263
385260
781159
942992
221322
466334
45917
22126
974178
382823
189524
666619
492867
818368
737462
988228
672760
327870
470677
78027
804710
163720
757044
78534
445791
346147
244400
667777
103972
236457
645834
198174
634234
610713
424850
712573
927015
708679
48816
580854
523785
119028
314706
153283
920276
481592
976173
492347
271142
58076
316082
191865
55369
621828
919248
574299
63748
744201
390239
266278
625054
331749
337200
612679
982000
562823
841518
476532
466662
132295
471472
953521
669394
50932
336287
725743
192492
750408
690431
322127
835242
143485
759771
344516
550328
145209
595281
43158
914581
227108
392055
731714
720393
899930
11689
661567
35270
53628
949233
452699
558427
72161
785297
943108
496975
569514
849583
712611
958816
736307
532574
580771
207768
834726
698181
564688
607496
600873
5678
100762
92580
124471
333357
166008
254779
729677
877995
539881
352657
296634
412878
409493
836506
89561
68934
207442
158805
383708
560439
787396
478275
184382
613822
817244
791555
444250
113954
990464
783564
658778
213273
74059
804678
260552
30580
76331
398469
477504
295271
410921
928867
592646
387449
583750
594808
382260
538820
841408
142841
671372
169834
545652
6442
725804
559317
756829
248001
431071
680616
667322
869977
933519
990599
601806
918351
852697
446015
275649
740477
967609
806164
631012
489233
85348
834342
630866
630729
674933
447039
980274
792781
448063
427003
582616
557736
340353
853012
233547
532260
229943
935050
216673
794498
124365
121707
68615
794643
720495
172868
671005
295414
925499
519908
825022
795695
328472
570697
512605
963551
978848
964394
820042
114982
150137
256416
976660
654226
345665
665202
746121
229058
541031
380988
862041
268315
764631
494714
385433
762598
645581
316022
263139
367749
952651
77900
325530
222416
537189
859031
580747
103889
897210
143354
371503
32279
206717
987853
822285
966267
498417
68001
150396
996333
429427
774770
423878
953209
551153
596072
603561
846108
172985
732362
681015
466237
124268
681920
750173
342858
36625
213571
467584
263152
185285
186339
722499
891958
989520
13172
38117
455991
883860
668054
138824
22074
656223
113184
122956
857904
668639
311913
522266
164873
530421
346674
796861
337395
991586
672115
40746
270128
976350
714176
655904
146770
437959
891992
328234
322518
653430
226058
871618
249115
688366
78149
790992
490877
564718
999802
803343
254482
661414
65712
901009
38720
505478
859812
392473
81850
174577
69530
673190
623253
758352
635076
404879
138379
97476
308686
326153
959051
936691
306692
97030
205818
760323
2273
813112
547338
616421
615285
62068
242229
12617
877489
345137
380503
924399
819858
455087
160806
842846
733800
231220
115919
83821
966722
388145
67757
941438
180473
715332
968360
819147
723989
877335
670888
766616
447007
946661
399989
802312
647940
732957
929645
558220
693922
763487
210592
506998
281778
491811
230668
368684
1747
765305
771120
844215
317871
106026
820687
472763
83916
625854
860931
41985
746289
417559
857530
941232
95410
98683
758546
547291
246490
793519
747533
706612
639989
884990
845489
35741
281015
957273
155199
221151
424780
384472
856397
696563
259837
526303
630658
789886
742908
485403
331566
198107
104204
700332
508548
429456
970767
92189
928052
260961
416750
625998
347561
492995
508831
445299
502364
672041
379222
248885
493011
163131
954506
247926
379578
254117
371106
146290
212508
842572
165180
759489
576190
455066
14746
529144
544024
871354
33898
523760
399857
767136
22257
668766
82838
857599
787603
497825
832438
684830
474881
266267
129885
624005
743487
305846
821451
673809
953041
21832
963441
684327
375041
588881
415303
528517
570192
686561
666253
966388
652087
470167
452316
772122
228824
520004
237479
405868
307078
747629
386643
424448
751469
54639
837361
924352
8672
243773
428948
793659
798782
381125
620436
561365
549567
967985
279133
673759
906464
916490
336692
760961
616041
171382
764680
851988
3992
849954
223729
745292
427244
558779
140935
512594
955919
45077
74273
610864
732000
405103
679849
568870
633245
787214
435993
96281
652906
853125
384980
444139
187200
923286
161123
531558
864949
529907
73418
93073
994979
249117
429959
369637
493816
599022
855782
375706
134746
313330
34692
192346
234356
851759
438814
737751
220770
172741
744852
210168
539445
295408
521536
565678
400035
776683
875757
227301
857678
168239
776310
833239
625071
917722
297853
701562
52767
412650
11652
994394
282242
500904
167723
436865
423184
272161
252231
622802
496705
521487
761627
139445
555093
568919
796469
964076
1277
784492
479911
671620
586665
753617
742497
376488
470383
291131
337896
453712
695509
441364
644085
127126
93499
238364
780204
135401
913448
223594
654519
776090
464751
520273
24127
354644
509309
741726
703559
940649
921858
869245
35044
257927
787002
880890
874077
553609
822359
88293
857691
377130
884109
228048
107597
422932
884217
165490
143963
426646
371311
607406
391236
210741
601886
726829
165718
312281
857826
209511
924169
467944
192743
347201
773881
338992
820916
804433
455423
543614
628763
99901
341162
295436
439868
584897
320927
302678
229809
35407
300426
522893
182105
478608
941056
927653
996356
158985
915123
272201
543544
319193
62737
281454
676894
564126
228729
208453
659340
564664
352154
573898
71344
563109
377066
879162
659093
206092
104641
663969
385749
415573
624528
997073
373724
121013
85376
642799
993236
145095
745387
13415
80819
307990
731057
894783
871645
744119
571768
677897
87926
127123
768900
528371
456584
275971
172975
320312
961422
852372
705733
223801
714651
407337
347582
52646
413354
940416
711385
227990
671171
850509
462865
419191
461446
397890
854014
509023
203159
982640
752523
442305
10150
334407
602000
787131
324889
618553
298444
747083
747097
758141
996352
364706
443638
511408
192298
289233
645176
688726
80989
319520
695875
163389
798201
124158
107813
754626
938573
427346
489408
387181
651078
263087
556623
354296
671121
490471
905558
124461
431893
538807
139626
577773
604806
4191
591962
511884
966760
451093
183161
342618
78497
803791
37513
256573
904632
899838
262214
987578
80560
102171
411596
140114
995771
103001
611621
555209
643933
67130
241139
599298
820318
831998
133622
423621
426347
516726
647163
440803
401355
253110
412130
509361
695225
274600
646602
476079
21794
749374
841563
579597
320252
530943
506927
963907
976512
144067
309342
165278
323334
735930
559460
567515
226364
959334
46257
606764
615299
129961
698894
692055
748455
91512
943911
839998
41912
949167
346617
3769
948745
675263
342745
890463
931973
506498
882398
541220
942697
44783
332908
587676
78689
173545
962206
233502
169987
79730
308495
305924
120482
406204
131973
601358
272208
283040
279867
35110
179828
104872
365002
199486
617092
25478
631603
992149
898974
346856
868171
435481
894857
309283
281219
401447
221379
188364
812115
25774
559366
741350
625347
553585
54812
230837
162646
208298
402971
385073
666899
374284
897920
876630
466417
782754
87780
774232
717150
692179
289629
479604
195756
933638
60916
764962
805849
953186
426238
76839
985785
466094
681817
119366
992258
666648
640901
853270
835956
968081
429020
913391
19555
805461
341359
222142
691682
759368
131647
184889
121998
807036
531477
956652
991860
840335
749822
86641
684960
215986
195431
51325
694275
974532
583953
768407
564160
445212
990832
402149
513491
710758
689382
591839
290334
41636
618839
18852
280722
154838
168232
374827
9078
172725
906713
856274
970007
194265
224381
141778
477964
755578
786450
703252
718373
999443
262785
337180
282544
234146
10995
2148
724135
1100
336653
163140
840697
217438
646794
74060
684851
361903
853748
491380
2699
323617
429183
66475
568649
1350
916866
735051
757459
414687
764306
54126
891539
83391
278781
575770
100487
850894
526624
299607
54244
196905
731750
502690
554600
651175
586845
103226
763067
458423
478262
593495
831297
39269
589977
570106
868799
341051
729251
141279
118119
104580
952445
903504
703169
319404
696218
174292
155000
474179
662221
753284
884479
555104
245124
587837
272862
552290
552869
654129
67677
73938
495683
144472
533707
977764
419133
980485
745579
554908
578099
619475
860988
347534
975142
888702
829412
128701
445483
214349
249912
202725
408972
621357
133354
807381
788027
475802
839248
834291
198708
613686
699469
292003
510126
857596
101598
627971
768765
160526
995523
644686
991367
747946
644039
377440
329440
37691
784302
43224
947269
877004
802427
123929
833586
295319
429211
45227
168480
816956
212657
971200
353503
431693
964799
970384
198859
989318
587310
479141
690286
543322
632378
948979
47986
126056
586108
56735
950465
99148
433045
293280
707771
371090
354932
667011
670355
977286
256197
427336
275399
376743
125623
410410
825081
188858
987751
678780
306095
50746
713262
862255
320484
117996
609604
447664
853000
962449
755343
802414
789915
202165
141964
720121
692129
732517
393881
335302
358403
409854
430556
131023
54722
896735
678100
414615
832728
152832
542458
603467
57005
64796
946771
172228
410739
953482
260437
246698
806430
513578
45619
844722
436995
391226
339655
820679
185228
974728
472283
272071
43926
178306
681748
805860
764647
324073
608380
656363
673423
825700
36715
905953
577178
45425
527376
631049
397806
67446
230049
403331
440392
957750
51933
978575
301582
458143
198458
339246
332624
946623
221041
270889
158431
65367
47522
107819
22858
20296
466596
692617
337586
963114
519533
761122
346761
153340
508635
464482
634091
284085
412701
284512
533592
570425
719297
713063
709006
714663
112666
605778
234239
639759
212941
488721
733044
298433
759352
382792
230974
469377
465344
28438
521812
503126
938102
751283
627342
590145
752422
652402
61373
855307
642619
716646
826789
818679
23314
782881
589784
414871
427865
937495
783599
104891
166436
668962
903272
561924
621708
816159
274647
612310
716548
224181
74762
532076
484089
808886
792702
70853
904997
994589
174839
652540
742705
315703
466560
273269
6021
672287
760831
281779
548781
656290
929012
948615
485737
132609
633486
222243
718161
182676
888298
968333
145443
108171
807337
127471
25835
227728
795820
616587
809229
462728
816111
572875
777906
26937
82751
988918
777997
533702
23641
651007
520265
365653
745697
890296
624337
632209
213628
448676
160379
324043
73482
415401
307154
385723
88835
852388
727998
157413
56109
892951
963986
671639
805623
64893
346290
361295
626933
185855
326687
955321
17465
38783
699361
261653
962570
735569
948368
621111
361156
481481
778430
383400
632844
404463
429444
33514
618093
930639
822504
551833
737620
901293
903336
87661
469412
836118
911270
841436
197367
752402
356399
737820
922162
72310
384169
121670
267268
704470
678105
352790
546171
795927
657743
545487
12419
734881
194542
443132
751675
171572
370716
280784
741813
117522
557506
650607
841738
680154
236928
111750
886616
794101
450865
520085
301594
262697
952022
359885
516770
496267
9185
748307
667061
995281
264544
402916
586563
149190
427012
349972
39745
157398
373134
532079
444133
81929
82709
322176
958334
1805
348150
807023
870381
873067
718424
446725
345731
74844
52570
374988
275321
192565
762908
806418
720390
436221
319847
762700
571361
234271
487994
191190
900755
49338
804914
23960
661495
501974
770836
178757
145617
945522
593850
568765
551689
261177
276121
553810
736963
872594
212075
899240
807004
995222
634493
650998
337666
230365
392727
791465
897008
462001
961027
52775
889349
205348
933500
860848
847232
93502
682740
528801
498650
770894
300418
820179
175232
883489
732775
261792
529580
677201
41659
57989
330207
639029
166649
637475
447165
945526
594980
404704
741380
52673
142356
111083
233898
933016
143840
330204
549651
582084
557609
312953
387756
216997
430145
172437
653671
439017
478263
717458
489939
317403
373120
463240
177687
933523
543108
194686
737227
650380
93186
543765
957170
592338
790112
212549
836440
570394
13011
277310
647109
926444
994983
306736
55771
695547
346219
73254
125713
499157
488125
14157
482508
876469
449646
632147
382039
168886
885457
78571
179199
658850
689445
794989
807374
309417
227036
333401
607650
120237
408775
355772
166824
734714
167585
926123
825722
538323
197173
668524
177107
881575
999788
908213
414699
14499
109495
374156
519604
265441
722773
910349
966319
617918
186817
249418
947179
719689
153020
308364
813275
761238
837554
52152
560083
804659
35724
450125
301023
942578
178961
357194
629888
67173
24249
897261
645828
554984
475536
404949
430720
918040
899140
675593
897773
393250
888843
770065
230557
897846
811187
406658
657496
461721
234567
357400
110231
373082
510747
231803
339612
519772
161781
493796
707116
663570
958296
245721
536619
593802
154094
543508
976402
706080
882897
991426
760463
651091
851062
114215
828665
150132
347446
78878
426797
953978
166906
892286
986378
685427
54659
391705
857095
58645
129108
882334
216812
271411
868668
470302
266611
159883
423300
619627
377020
492732
252145
850972
672295
237972
750262
685294
172946
280839
621689
132933
903471
647549
831616
581520
756928
914818
843256
565130
952882
891617
268898
934172
431507
70154
909466
576415
504690
561840
898054
448192
718226
626288
778199
5117
808714
969259
22079
401420
660988
161780
48943
597210
725168
132069
499403
265520
450700
728332
849069
935602
447090
24579
720403
937410
248630
872093
509606
532609
314810
253564
864360
448501
489832
914368
103545
985030
221580
502938
681733
160803
638028
575486
539341
45506
628548
102711
335121
475332
430722
71892
906071
100150
609627
157440
744219
702836
915688
157488
980948
750632
267681
287669
828638
10224
357332
465649
919624
696606
910465
105894
216892
227609
304725
361386
468039
412960
155329
613559
598469
498031
44535
53343
177834
442810
430849
246044
547951
288662
487229
669125
190807
385271
500217
451421
899932
340884
515431
820806
517115
655655
182525
218003
908953
410896
253420
606779
96784
469977
660666
47912
672411
736084
407294
625903
803674
470753
437240
856731
182273
421964
944714
765986
393507
770643
784727
376057
903447
27268
979895
369219
58052
311365
35860
679780
611983
164014
996068
787957
607197
303504
234883
318416
504519
291801
92204
853450
268378
240399
212179
898752
478151
678778
982755
852682
191726
447327
611279
812237
679809
790950
337495
603949
318552
461469
962265
405023
861969
313557
604305
635996
683810
809130
574703
202353
523197
813025
371988
492531
466270
131690
814568
443665
505396
360900
556378
339074
820394
973119
443317
976989
762832