127220
819605
880677
635119
206434
462076
231725
489522
684194
336133
754618
183464
764032
861656
807565
955094
110278
166866
99234
43822
861823
885020
975619
461240
963799
918505
325623
138335
959070
728268
429271
928278
459243
84723
685760
314789
244445
501124
67684
136532
498749
946450
953211
512306
887615
772604
825752
165890
351655
273314
311062
691843
906185
86661
520497
905563
536232
953402
27696
137503
658496
979531
317824
824129
394592
852138
52829
812119
276398
451347
4841
190980
81678
106749
808927
736645
353374
372668
204769
945178
447961
881014
59181
911054
564699
594047
517038
10341
360963
945236
282927
679522
268468
201969
120234
853042
245430
974607
212543
971000
143931
551294
817472
482550
999803
462874
808681
781333
764736
304685
996077
108433
353470
895905
692779
713027
495130
83040
756991
204556
772363
151050
667445
219739
727390
438162
859225
857692
697491
499382
849706
940798
484773
131800
249837
255902
289191
259454
967709
322197
873226
861411
662591
8091
486459
847287
509396
623190
216169
777914
169832
531907
54820
851376
374472
722112
870497
98178
404369
577395
826906
546225
997026
802843
640082
983351
55859
486641
974262
302972
603071
828154
317023
482034
118813
940908
763061
607629
193453
557242
915181
654050
906797
146558
873010
145627
913835
265346
479330
830997
806997
229227
906671
595350
617388
357699
118182
22318
497559
315874
361036
864873
361940
104887
835044
404717
952585
531064
808014
229687
108537
696548
134218
490285
721874
961905
59801
623839
904482
603288
775748
102750
622250
870393
653366
116409
427147
265963
585476
423057
913245
606820
558925
135704
377311
336642
25405
282410
930056
798132
862123
93703
54460
104328
403170
127213
646298
743249
758333
878606
930738
963508
684076
60083
639956
865423
649043
894829
636868
898887
544593
696051
162697
685421
358430
619293
580388
596877
997645
20092
35102
168082
964721
590164
329018
504345
849308
509751
25418
255376
954434
827966
491550
251083
21437
518567
929687
650979
203370
699206
638745
124299
310768
486633
43999
653936
821025
561613
754856
242572
85688
993526
661135
685512
251074
596271
672760
185932
655834
582814
947174
304996
428621
558339
882666
686800
488924
719885
65718
89128
38111
325913
258640
671530
806278
934216
685474
404898
61435
770619
329582
973620
519971
620270
82654
168905
8452
4334
67513
587860
947777
291384
902130
517952
98432
814896
851675
72568
41900
214075
731575
52818
699286
304889
987500
464345
653110
431970
458327
658997
454672
117948
135226
161401
513138
795830
915664
567113
879834
109284
516034
106662
625012
15448
449586
815064
714944
44697
604212
171127
675602
92291
504476
246997
922483
564411
228338
630987
534629
652684
249922
736031
937348
784419
193616
744335
468424
485859
341481
677117
342631
949990
995541
903926
589911
207441
500777
171808
982321
734419
968569
196608
910001
279226
986666
163814
725850
757042
489892
867765
339127
524122
839527
931539
701051
285508
274805
203305
536202
961481
966573
259223
818705
58759
523192
68856
471184
301049
706268
658381
547896
104625
656750
353992
337134
659700
731108
724407
874479
995506
112201
545163
186831
215840
601993
462981
594458
109812
101356
744316
744155
510781
798624
317325
510330
648284
362734
296159
95168
371554
460431
214545
349879
647688
36760
587523
384045
264901
350544
251006
170583
315152
4258
134785
624337
879282
281197
119721
204931
268294
287609
789947
508320
277072
891333
809297
965576
723128
277692
853792
67789
132962
362949
704866
933715
604011
870521
247204
941969
358209
68080
380334
566004
997279
331828
378826
735202
301220
124119
31603
459547
489231
311713
579931
783164
802265
752609
169625
820574
661359
572900
549678
718427
621259
9988
643314
93360
732846
857368
578720
956414
64316
803977
405435
100523
684467
315460
845787
967014
23049
699147
526871
160327
676770
451559
629584
527124
886315
643512
98648
656736
622614
51756
53694
827405
247154
111566
812727
932147
21414
495990
582379
719961
283466
351135
205977
662496
225953
331477
65191
711104
340727
329741
174090
555241
47892
589967
846414
258123
798938
353166
680386
812849
40768
278168
185924
9736
502251
422248
4581
248574
106854
621145
695480
191366
312510
21365
410748
26232
445821
704940
244771
893076
607041
375840
913406
490599
631095
983773
275656
571718
454585
380774
897804
534135
295874
335978
43827
817072
551050
96150
137262
923447
349059
520452
876412
984680
202030
314961
148632
358869
608538
420044
17603
54343
610746
679689
855465
435683
378082
967574
831027
69352
612638
397381
345832
206997
150575
762280
644736
881448
541795
789851
11015
599232
871055
529723
446763
450084
689452
191861
646242
905884
290956
777209
575482
477181
127223
179532
653310
703235
120806
105021
425474
412758
818843
310959
341836
414383
300379
109013
341855
391700
155978
705981
892325
328063
381089
208387
400568
326621
548110
300710
446733
47986
369896
647479
675645
447961
62348
851245
574641
58537
723289
725718
570794
723060
790214
545832
364651
109545
41243
645750
337347
95321
523858
802942
382139
446550
544011
222367
438872
35703
963238
260455
279053
216505
645121
157258
706688
433088
382350
752432
147063
360827
915279
491429
606175
7909
443057
827316
694841
512295
312642
76301
903521
600282
280529
657891
433661
615467
421793
512723
955070
95576
709449
448894
679190
114775
832619
388599
340406
942165
506063
845400
20034
691419
516891
798831
650324
613197
527985
376918
612458
672717
112677
592736
184749
169596
504345
266927
719391
439072
45111
786211
810976
111137
518667
909165
294556
248942
258683
640641
210132
787517
483171
20714
785352
128623
697937
695223
829694
604689
228186
481939
567090
404543
935831
263347
289243
463011
926720
80296
213141
765659
701219
906068
30959
368377
151424
116025
907667
830180
87812
510381
462414
998235
765664
899626
694204
878554
209990
114434
99473
141525
593600
442927
519878
591649
582764
823432
863454
91570
279000
556560
572243
567743
738422
408489
221410
102274
207676
23590
561200
888219
22491
214462
727639
777748
85401
706267
685586
20031
136781
272850
20545
877756
225783
477294
872280
609495
927353
414501
87146
733774
590582
304620
669326
568879
923334
566502
973675
754848
59219
809335
951398
403449
151251
664888
636964