698202
213504
680584
70285
204286
575016
359277
284040
935881
400828
717910
365486
506167
669668
3202
414604
715237
498099
492635
938724
205809
873893
267115
377723
921277
215351
273774
236860
480595
237155
602946
611084
977954
942583
106106
995947
327783
662993
16211
754947
535271
69049
623550
22033
306584
984987
661916
879981
651231
915935
412424
101879
194996
720103
750157
854176
745123
251812
828088
735954
989675
945365
864713
433853
22793
855198
104323
381887
65359
375745
790819
75503
631725
78715
842669
484999
790289
678845
452897
349035
703787
945989
743949
496922
816713
815257
472380
970160
764002
185568
33676
273301
57838
435997
290653
929222
137650
918601
607526
421566
997018
465099
452513
841280
104510
253654
664870
248708
941895
359327
833366
441724
662571
933690
586798
845569
691795
918480
475323
800095
421342
413055
611052
975546
725759
292430
285315
898779
152578
467915
127910
414299
350060
817540
373138
545450
823423
797726
754863
799868
868508
823573
260222
943570
642627
497104
746094
116448
554999
45600
376462
267104
587069
890709
926
87155
955266
192637
939966
967727
122780
694522
969480
547337
262697
199231
457209
362400
116372
619751
170314
41828
449014
463153
270685
614625
910296
363548
730579
457708
237015
788315
934586
748840
561568
191093
869604
826613
923867
977341
547859
824503
232229
786152
996816
378302
854517
842960
745178
432919
712480
527044
339324
981998
258359
623241
704119
291742
816334
415602
498591
21015
807896
862551
675458
990379
589614
265845
830466
311285
497902
640994
131588
35942
544576
180011
793729
923310
139956
167884
176826
65731
680519
636939
928648
267664
123141
402673
3089
502717
381832
1574
628375
876631
918046
693224
712042
484253
11592
977383
476158
168870
789663
20097
338839
899313
55762
114773
280672
896395
68746
341190
576732
375191
391918
656910
24372
501309
468546
956860
204654
824690
573098
520780
752639
852575
784269
195489
945143
510385
957397
690273
692250
413756
245970
855277
513743
837196
528510
968571
369202
972874
343963
521619
283524
64264
282873
611618
399554
404329
165780
496318
978195
401584
262041
404087
966490
399459
693513
559702
909548
257627
775735
278517
248923
493611
304363
616122
587569
796523
46761
288306
42488
400224
694091
363142
582966
931081
935371
242332
996215
825673
399773
49676
804418
9580
359161
74941
368813
575639
864246
781916
262221
572497
940690
676152
608709
502760
162510
118013
112319
288577
64566
408716
407481
18432
111999
749555
104951
135248
695689
336910
977943
468047
906563
307833
331713
59609
82989
501872
675132
345456
662009
165382
621662
207749
210059
196606
175772
565797
147936
516170
728127
720579
495050
115614
205816
529758
613337
272879
187850
671374
742614
895693
513189
589873
165545
232602
840979
402604
853082
829606
996619
30496
205300
83945
729188
894379
130117
75227
597731
518808
586499
542644
93685
662564
810185
709563
296376
890542
609022
459021
108659
504250
758550
31725
678246
326689
575858
230146
691581
588121
548387
372721
527070
204765
489164
749143
928673
684537
53797
198819
58079
179060
238492
989711
413987
693273
246038
950201
112958
272548
117267
737250
345911
74758
821423
870402
476447
537365
587652
154309
137409
605588
676589
269670
624952
612058
153830
657447
870108
248673
825423
25642
235604
363245
11471
632431
882063
181334
535189
368299
93582
244468
655098
607873
708377
852967
161090
634399
624209
335168
301122
809336
91365
464464
425179
81113
639903
559947