428200
46702
533036
479156
880751
138959
440144
806632
733392
462633
127330
607625
550674
787862
777895
66075
175607
499695
956471
44348
850109
262502
682517
285771
285697
464963
894175
87987
883455
679289
956320
639895
583284
549029
251395
166044
604196
402594
458147
949773
147192
701771
754045
260015
852095
896142
487623
741603
277397
661993
447514
892465
320161
45061
175434
858167
617592
773483
942742
905261
52895
122343
505083
811987
92077
272824
207651
911802
896847
255536
236218
386348
615398
61166
890146
116666
232395
326134
138620
967584
797426
506026
191463
556246
36268
815528
88773
157174
306950
547903
904376
258820
60943
283598
584877
365535
715255
244859
401806
111171
786515
51149
505499
246649
648637
182311
796243
755868
503705
827042
471948
881863
785458
318469
781026
792032
3138
125475
733836
863676
389648
833106
473738
737454
197940
119299
86394
833199
673398
517507
260747
531243
253141
69709
327240
862118
240995
107337
433046
437129
599949
733477
639417
473741
968313
371791
757904
490115
582472
262156
399393
216253
49083
273976
172367
827996
732209
581019
848936
314168
870350
370595
997019
434661
125560
208516
497479
723240
388667
52585
556590
33718
839693
562261
338056
415973
92651
490267
687604
893810
72418
139702
95881
289134
508137
890822
24843
225157
913259
436776
933881
744108
52515
98736
318788
719015
262753
604293
647962
705780
627177
977626
992543
962455
39738
849605
43581
917251
852588
588733
70802
320098
377011
731893
710152
729537
548992
455759
506947
173019
984070
719807
966195
736384
162266
544189
847240
167074
761395
217126
210309
463804
230865
495344
210030
695968
574139
643464
26203
245787
267872
442250
636847
247558
638239
115356
985570
630828
311394
211880
573049
227219
591461
572595
645528
899881
405269
986271
950574
876749
251667
830329
658190
992950
332823
413952
525470
853956
440561
621811
596264
371489
65131
36053
186382
520340
310923
87041
76186
832354
300533
546211
275635
885281
205549
104090
194540
113626
315705
521577
285431
154714
833828
691732
965559
425877
805215
365341
318515
197048
370179
382427
935974
828298
673202
342643
299763
919421
265627
326710
311797
551319
960795
521815
464053
670328
224705
936519
558581
859783
51754
153583
787625
589757
233867
760201
859269
997966
576397
483612
616369
297775
108435
260498
389914
47944
123415
744567
431074
719096
334386
264528
955319
728767
688058
527190
304321
82957
318533
52814
640693
578852
368844
340358
304903
786028
240172
822509
418556
761555
93957
6415
146846
59461
997613
210823
462929
14911
171765
645920
839671
368117
362851
432676
322063
244341
588596
616541
457427
907294
882690
26353
985126
77892
898817
711701
498009
202665
280852
887136
306905
806316
639053
772154
854777
101374
905856
666035
146328
450318
564482
934128
240111
802247
619459
326080
827833
192751
799685
164172
849535
232176
172984
488813
404351
344820
752628
116888
654328
198505
483666
283124
9685
855652
808680
83788
386932
412385
203423
860832
671761
585513
18034
911510
554068
570508
66756
388878
620595
734798
159326
277267
665285
790942
96645
951469
620709
442369
553012
167955
652479
645774
54139
770621
605306
625874
517748
104024
844866
820627
525213
791635
510192
51634
671383
31127
965849
755882
492410
840147
201712
51637
265107
813109
321240
200909
760443
67316
745995
245072
626837
899146
542368
263612
180259
829119
740732
567322
283781
213921
199320
230200
88592
919888
130538
540238
826631
987381
264371
393474
476089
295315
649572
465927
447734
97974
743790
427296
304175
902599
532709
856387
895721
61569
127951
382232
189982
799038
533007
523681
612976
396651
151273
87283
903307
335515
735217
711650
877718
22071
653397
592315
327509
263954
980099
754794
924638
591834
900088
86076
914933
270250
807463
848191
57031
677117
761474
664774
931327
414398
941735
590345
945673
400507
59114
340713
865505
728503
470587
913616
371927
579870
288820
841783
373281
381715
773890
767041
230940
83237
520749
432325
981921
971297
250181
632425
186816
943553
670251
499177
241372
489602
762745
605815
880931
466515
248591
540733
666983
401001
566651
26942
429662
931184
55876
22490
497907
307547
99219
962544
767750
639836
534079
4829
199047
914992
391731
26851
121002
396114
943358
63526
89351
142415
886647
239952
94994
355577
36043
883155
653938
283765
788133
703182
264320
307952
491640
314377
549917
675182
865196
615643
562416
474626
77603
21611
259003
16090
859238
338515
840281
518386
567217
414240
652054
327657
113175
584438
218730
554673
683475
391697
631764
829599
265773
278374
642192
392354
12869
514919
616628
357072
372672
195430
629741
665948
737484
300881
462416
938148
839825
288475
665951
929831
121077
182332
834395
201428
844876
856462
892608
978813
419739
562072
906786
460202
769799
529768
278946
253066
870879
999833
614989
684485
197187
377333
159633
342253
979695
998323
951196
777490
988264
839777
681491
153396
5057
456029
140523
796051
820234
219069
231592
459619
491670
111567
986608
373660
781864
174010
856011
216173
280954
512131
169274
45456
498601
493228
273008
73465
612864
418870
856945
946024
258719
866696
808454
443422
779015
206056
251738
329324
660741
583909
983925
56678
281337
223063
386578
454391
525507
528446
457182
216334
762441
528264
935696
922550
531942
834863
407903
276164
508274
30334
655333
962025
860266
276275
911886
644583
197500
799168
275068
471649
941042
596076
518075
57418
904184
927255
513116
60096
311435
593754
396208
49905
333248
616140
83043
759419
486831
977570
535474
472530
547770
165998
788362
152346
169213
971144