955819
688858
657038
167412
415629
666235
732256
425794
66972
643055
304628
40087
979232
196935
397124
947460
93071
464868
335649
513355
115948
86629
963496
744042
478345
229322
436243
993736
426670
951210
215723
230395
852562
717453
272219
410996
73798
760231
408544
182536
463857
90738
738461
583067
707574
727142
836043
162091
242354
45400
448910
110710
663265
592045
809570
915337
691040
923833
158836
734759
748877
50872
857613
842386
2122
877095
620905
433657
144993
482368
608870
938365
687681
959889
21592
168225
669095
415352
344505
471182
102424
6397
335550
755265
988618
998796
823748
993426
373923
18381
503977
59106
403225
208226
199288
939551
278456
2236
268156
742518
402562
430618
812533
7831
795824
497312
439017
43166
299671
793104
834129
454627
855654
677671
493748
877983
40267
499990
925330
174649
629302
245211
394358
901676
152246
901564
535407
951575
878399
446112
79896
197730
265036
195274
420370
375239
279777
803442
658515
205636
197418
18178
978392
851420
769919
623082
616438
50628
422729
873568
381390
654321
346110
417976
218463
263356
863432
912411
938998
757934
465795
341159
168832
204590
507941
323299
660608
641988
852473
371229
872795
161673
772228
486818
597201
426925
703560
616666
136646
692453
382054
577597
906302
694895
209502
774966
855272
601603
326387
124626
279441
891992
21802
886373
56441
399503
56112
172794
604931
40000
181019
861940
756677
158624
25737
62405
38080
723788
540261
451210
892521
879988
4168
606594
127910
533030
10427
848426
705044
148598
365659
843574
271493
146824
299797
985197
694727
342650
343633
530209
167391
442416
241260
408778
490581
249341
105437
211455
746729
732650
746617
33680
941283
34471
73745
399746
358408
416460
578745
928808
435304
284298
951460
377178
715413
37170
306603
459413
122286
508258
303340
19567
50009
407688
683151
320949
82703
798548
152740
657955
579472
773566
114344
443902
74616
974001
146151
157330
379050
250835
918203
538756
118440
418801
507954
587987
670021
114060
519118
31791
78257
412410
342181
888886
285684
835387
236201
53895
921014
238617
408834
526789
788730
2874
370455
116586
901227
777926
927084
561861
947791
376367
899557
338513
731672
896929
964713
674420
784153
586504
512802
48273
283286
973048
11552
457802
629684
524606
609373
743509
460431
914689
65435
456441
135914
228883
423018
117414
696257
885146
570950
423791
804411
183381
802716
204581
466876
313997
227757
988433
561046
344923
456396
354445
965791
40208
81729
73215
130205
958532
594576
490163
786974
81086
955092
298900
808165
516541
827716
477063
785150
586401
97623
731941
914931
726841
867972
707091
886423
984618
975523
533311
879231
807992
953071
395192
316881
609396
474796
628010
547508
893506
50149
657653
153575
470726
339215
625322
331694
741163
118922
135650
661670
848591
80773
242938
729850
499918
630848
629614
437934
789994
972525
432465
315544
105812
231472
83110
92463
754266
372742
71455
821308
174252
473473
987375
523693
81228
150129
917006
452488
774546
648991
461449
287549
402265
356467
860931
198036
984522
815093
534860
265989
596482
675248
823643
339110
635555
199538
759275
980479
242420
314865
162544
582969
758
682504
145653
504821
534020
847198
143892
850106
489317
422888
798289
930054
161138
781316
974547
310789
295454
525638
405503
964512
150759
773968
462514
242028
535192
331866
439131
409667
837816
84818
469748
585136
290515
955613
151707
355204
101090
177915
283089
884229
846617
408328
234381
730246
2894
200222
362110
721682
921665
999704
651036
528002
29900
26802
751658
875630
751720
452556
830602
476288
319001
292621
777212
692516
976055
280356
722421
413147
755675
553066
2904
272431
383778
292196
301715
489025
300257
659876
792473
158206
790053
592462
320567
276144
2661
160504
805973
836017
354503
417003
375692
665210
634891
524295
188318
339161
463256
609602
497750
403329
86817
294160
639741
571771
687220
326943
864182
438587
329695
831866
226807
294733
328255
902605
681636
559022
543782
481736
1994
742583
828648
492956
678772
466932
874498
539298
635694
997843
475880
710235
666580
361912
557994
76690
791445
820526
945218
492446
518026
329783
979452
518019
395885
319172
817282
99768
423223
304896
661379
973316
341594
31238
449984
254978
605528
174516
727027
68291
572222
632279
675356
986514
473217
438661
596905
212946
850675
885642
256961
845956
664674
603002
269805
77925
847502
608102
292195
875508
839236
381289
393713
780818
815963
906018
385346
825345
474250
412924
886736
658703
101221
677800
986919
346956
640690
154348
741906
614326
572972
453973
701348
122102
63187
162376
656292
291523
238574
513847
248982
563429
538079
896751
749858
53332
355041
223629
743652
334015
630368
109905
882767
153320
287604
455818
282750
242092
223740
182321
5145
593184
552147
729234
580320
37335
538738
495141
726935
660225
391714
390843
285006
46382
165403
734164
672588
625520
522494
85453
868632
888541
80620
617526
402787
700339
391873
665794
934997
131287
280497
69016
128818
344182
279421
805446
905577
360780
236113
616341
198777
724867
400253
955959
709184
636595
169294
992029
445154
250056
665353
780709
582354
861185
445059
144433
976192
298325
736032
343699
366047
956912
457510
380516
803410
781531
109885
327860
641586
238585
545605
554907
144894
273133
465044
666094
503968
808281
578634
239053
185688
24194
325523
84250
154055
457039
550457
436868
700186
519792
106787
799873
312081
309212
40623
402522
746347
88434
812711
601440
93872
670209
926754
181436
167899
14755
492282
847972
740705
968580
274853
611306
334562
399424
687730
774702
317867
762859
792482
868532
325414
253354
692577
539728
953055
49470
886495
750014
579123
491617
28688
150350
151703
819977
535292
381116
836610
178889
645123
198046
346808
466519
342257
271734
582197
836200
609466
539943
917746
44215
557522
132037
253654
10021
590571
778309
592444
878587
591052
948563
244701
395211
729739
790403
577946
964212
747943
731871
356649
644675
885252
845279
842649
836534
362691
228598
855235
623517
850877
201033
503183
457946
158557
790139
705760
280775
396567
806883
79517
207350
832905
925343
59869
739731
683884
956290
218734
691878
425015
527656
765827
961269
370128
940651
979319
469319
337839
869102
357634
859906
403026
610902
362807
111030
52695
657497
507319
138163
234041
18798
937974
324948
371945
184356
438695
40543
20296
188943
260295
937028
652607
725213
683587
802947
840188
456710
797063
295211
6793
564514
957541
984829
368906
67732
214430
469359
736275
427748
528207
143884
29604
787371
851578
738360
543042
597031
283632
847634
472755
877678
856537
584882
575445
752320
134304
411794
829019
710069
519165
313160
307621
376021
308960
53233
491899
370374
398391
178346
437991
451232
583260
565816
96812
937629
954270
489863
699238
40556
851498
819472
50239
998948
352855
975123
905547
337621
990027
508164
961601
701499
964620
34114
750551
250316
221095
560514
851449
806705
890871
102602
776997
536017
110738
515482
31782
684552
797398