186496
625679
87034
299773
446768
148990
374504
417288
373758
244377
870464
710053
236923
881593
313247
341369
878887
564019
709019
707120
289687
528914
979069
423558
733618
436470
852556
722419
541845
796232
873028
519089
309079
126424
432038
362283
596326
214
125929
423427
360720
306922
192398
184384
140254
184240
316817
287955
441755
588371
338427
973764
579058
117637
525012
936830
325045
941272
922806
906611
305722
484540
438269
649005
700640
681814
299675
16819
603567
315385
477128
510228
666909
33411
709270
775955
817453
329174
603170
254766
355890
8818
534695
585421
777842
305068
350444
77252
367653
364813
505950
623877
927389
149002
191864
547301
601535
38171
936606
311625
941551
787770
245450
241901
849482
476409
946013
193808
157581
534912
17431
3968
62291
858658
59234
758781
166011
160796
866121
753933
433960
648233
662150
45916
440801
819973
551416
232141
646297
432380
165683
696801
164106
214637
857650
251586
340090
696160
826023
795437
570016
996801
241587
870970
610463
845369
422961
211530
560305
660776
141357
348492
393311
515008
138675
3243
276908
759169
462657
979480
405586
204237
517662
961775
325476
5671
125060
463497
964370
259404
204344
20125
65163
425838
28155
480083
550013
574537
256856
892327
806840
640804
767006
597622
305968
735398
712488
41513
409569
212051
356888
78651
422605
743841
563490
65896
628513
405947
178884
813171
227830
479441
618644
409044
286579
544730
735089
168253
998287
783527
910619
187400
471284
368165
167711
393727
19903
159663
105195
680775
291108
628622
444096
650601
838639
835982
443716
800190
912421
364606
529463
436599
691721
550595
705470
52039
981626
955993
296219
538605
357369
588328
479102
698401
559625
113534
72564
925338
859311
425391
983230
357882
195417
486918
148989
15895
513051
372263
598472
374951
721876
765251
867424
742983
860591
391222
187131
915496
972613
418240
591036
173015
690784
805534
89540
431463
403803
504580
951394
637500
466789
917242
301478
539127
801636
264784
399059
92665
281462
558335
759986
903894
862866
818398
86915
636248
414541
28285
171023
851629
435641
207074
119193
539886
331304
254814
100210
41164
839566
298058
544044
564633
155460
400803
961062
97777
185385
687295
506503
377027
93923
841708
596614
199679
539907
168484
887205
5726
116679
526958
888765
5193
876152
655251
41653
544615
534004
554747
76236
616518
189446
449957
486102
483365
480177
876160
679748
796443
566924
933160
65691
822632
422087
465472
201159
47767
881867
908200
661769
881932
548928
108955
329547
65136
797736
391912
206420
242549
458536
480907
193174
907400
315943
702248
994917
954195
318671
687331
660162
517995
917809
469598
280982
466205
480965
709904
67194
275280
147279
45759
514803
443287
843164
234138
764219
750166
485867
695669
926458
678285
680297
850017
417748
60294
414421
304167
4891
281239
106371
236961
85093
666709
422588
264438
244665
886805
170626
661872
73187
716448
769201
526652
467111
524402
51392
870845
196306
171951
197479
161228
127724
469219
481755
900945
469193
474356
196341
831863
42942
33767
679281
956879
861553
285259
151825
339267
423242
829318
479649
319284
438278
587514
563222
290099
371178
655187
249616
762201
736468
530351
301951
898116
511020
999083
705377
750830
852090
421510
106537
175275
971474
878261
270523
629183
93802
825603
302740
85337
897612
857889
928647
576176
5990
274577
840418
69305
564671
470699
862511
848450
805764
71819
311574
493870
436801
224920
419424
733581
375467
15793
250966
590679
20569
743349
984136
87110
386899
184751
905897
855117
295235
944669
122712
706360
761225
883740
585338
618849
4202
684529
270850
201612
844136
896182
510610
123808
242028
773919
47227
460675
939616
815912
325793
338704
589593
844317
487930
11704
10034
361733
713973
898354
25268
735660
245815
662304
511665
785932
669760
391552
850096
531031
90668
148875
814978
608356
408406
327150
959859
71923
407447
215266
227420
227998
871404
100586
403413
589535
798069
624616
596041
797688
203738
606493
722018
235523
213192
676348
286114
538518
665
740585
80467
123922
767890
842899
731287
720329
660294
27818
824217
245449
734167
35903
114340
254153
495068
750968
52498
699311
151902
313196
929628
17020
982141
3489
24081
136789
314736
36895
995362
56303
769386
185520
811034
316437
746583
504503
461546
414425
976069
607147
726242
55381
477152
649902
113724
328605
902166
7054
76947
468291
423449
766167
788145
337221
920067
610386
980037
535319
352851
454367
777267
355529
151317
941994
775046
575958
599840
792141
557185
671304
496249
835714
102803
636874
663701
63619
475368
565068
830652
983360
277788
462285
856073
8892
158474
847048
853710
556293
789827
904637
951188
504014
571675
514586
74112
260586
123421
262086
668881
647527
876126
144779
508741
242629
933487
819997
655131
649554
770348
124427
408564
524707
408689
489473
592531
981937
637292
67831
784707
546765
721742
325690
743384
403777
412251
658645
920077
963909
737826
468252
599372
235355
744262
303252
796813
925704
496698
60354
170518
661423
161803
509967
414752
993867
480471
555093
136666
502856
821915
268680
680583
78591
881450
589955
314434
287244
882746
128302
362466
694798
798553
234058
484088
588091
847613
579609
778421
315421
136120
212077
483049
893229
743754
917515
799142
870154
773072
25082
96131
222230
720987
497518
937468
995630
123932
459852
440311
615428
388283
286618
70561
428122
126982
321157
837367
697692
695110
656909
662369
830747
655470
747281
334584
315362
918701
513138
302440
253623
100579
707815
405809
511983
639407
364125
214215
291054
784743
835209
596570
861627
591073
477451
32304
759100
4846
425280
790381
279698
361127
180772
526645
906963
952543
785186
892008
174816
974072
314811
269964
180195
463569
242894
766857
380648
697565
924553
190413
348756
70543
175149
379664
236998
497649
524087
392881
389832
447956
820976
405631
49649
249570
156627
929941
595227
52623
214870
487197
719613
115694
517975
466805
358756
52640
989796
501038
190099
792103
284839
434161
267635
883416
597100
33724
42040
939439
444561
747338
359635
891324
606025
408465
671885
588668
871756
379941
468743
28355
13215
947834
838283
732820
359675
217926
202830
410323
478301
816901
595460
158289
436905
840918
239520
108231
492860
955459
320423
24991
289037
432798
989936
779691
764094
456070
638906
110840
953157
785737
2538
384381
238257
711843
839903
120174
910236
33253
349620
558638
38636
844081
672017
890273
264709
214818
526318
464607
207311
820872
426150
83652
579423
438224
220147
216612
310724
790787
502988
750684
335729
348773
390680
517764
603266
467261
116493
464256
50668
459573
375530
834102
960710
112151
650829
513881
233518
741175
359986
821924
103385
722800
958472
31843
354683
248390
912817
839083
904719
110763
874839
658858
497091
954269
738982
486553
307972
543020
978665
639502
697761
31897
31748
590253
349406
248538
553931
648127
249432
346747
539838
497179
918608
864862
224611
296192
432853
723619
131518
430597
346642
14243
225454
266791
602738
452117
244199
756034
483243
505043
824583
981275
313006
869879
290775
705754
959913
735455
921889
104789
300151
238609
501737
564934
926118
266231
357641
61151
729698
462795
584236
530804
189890
890126
200295
52823
786991
438257
265071
540546
827501
823383
96635
770604
659207
922738
684087
861886
696411
853194
695649
43999
200575
461596
986500
731884
740111
22815
93007
106179
761365
202146
810578
528894
689811
414865
24084
424574
24175
441878
896211
450013
340220
777371
924249
48581
775521
342894
97911
174687
770664
35262
485089
764131
570597
85314
696549
576334
703744
161017
232905
614578
687330
279052
18113
171815
349048
815759
966986
270047
37479
613094
303014
568535
312588
46276
136180
502250
265582
508111
474603
629184
262339
606112
344691
318755
950427
344294
35424
868658
143469
15209
638476
793902
602749
33516
858767
909041
284582
355053
934109
239423
216265
300102
690237
223221
349842
374453
475298
804062
353124
172345
677800
286501
568161
898003
935916
833316
278935
603948
966344
452891
918410
550613
557034
180604
371098
725608
723535
848418
321809
64078
83681
532066
250955
643163
998891
930362
297922
536467
117429
186343
570806
265104
975745
391186
187381
70587
262112
296042
313292
567095
822833
914957
705354
922462
411703
174495
673517
37731
493590
966781
714092
665495
150314
446924
194592
574407
720453
933739
972880
860354
458115
567431
863703
819512
204746
153292
232564
22205
659299
368697
927982
371693
722032
40972
95138
882474
827977
871901
49387
994753
293367
415303
171116
843691
666124
536256
660221
318127
21149
240394
376367
18149
170718
232962
875070
516181
903640
979734
538322
3901
588425
220628
551346
27249
28184
480413
555462
421597
802547
899704
735366
534374
216391
112323
159877
572463
403291
39108
543060
198776
787338
510173
426452
858208
983387
134238
934172
970251
710142
896757
848194
96222
938214
899008
834314
95271
837053
650307
976169
743706
527305
227957
528372
880886
85785
979957
736490
823559
427051
172826
943898
694724
628126
410023
331123
53848
374542
258077
422630
470718
760913
938027
599482
552261
227597
755073
391276
355571
608628
975106
277184
991942
257502
532440
799848
150933
703873
304673
879568
914262
43087
998663
421060
570809
897197
593133
222399
826481
340043
711877
261073
77394
320804
593022
818923
134293
900500
406555
871242
553081
173585
204063
17150
338692
31303
725092
115734
377128
5652
323404
739946
719488
584285
498254
58053
772985
442955
888114
851373
837902
78886
134872
290639
170155
415820
900913
67276
538675
938445
108945
166554
228637
18854
162397
97432
344569
302681
492255
105843
469329
799461
646200
424686
359402
575527
675125
892497
81642
475981
531258
994800
353299
430451
504474
774806
741357
597148
473929
141903
461506
500110
859177
821071
728387
463306
129024
368706
550216
458406
641035
291761
371765
509641
544683
762830
947768
57987
612350
128028
847150
230214
510729
504381
409893
484997
785169
763353
787708
454184
231625
115688
817959
976809
293669
59549
35535
883598
66317
496432
951574
666627
518893
680518
27000
244755
756905
892862
815821
69443
195502
674778
516779
676043
731812
100296
805352
141938
907071
158413
379901
513349
64629
264781
922502
623987
416906
212729
9637
91784
378310
630805
224327
289412
404872
414884
52094
96728
190709
577203
84302
22460
53385
472832
341955
510767
901645
160261
189951
226892
554345
60900
798994
500358
627537
816304
469954
961472
960859
567381
899178
279436
266225
753830
733694
12413
777826
574977
221612
216490
110803
789345
939934
918466
98642
758720
778780
233671
529355
318247
298639
40169
832339
335379
899616
504640
708450
68550
444735
331492
705758
128423
614528
786476
997970
27094
907871
956738
719805
650960
728228
55136
191623
897212
645602
877929
802510
402320
36185
14822
612959
189539
934011
627547
777281
455311
539916
376389
564139
429250
281890
225459
948053
420450
52172
247230
644139
202202
265999
704167
32926
585286
603019
446987
570261
635511
804029
22789
487682
899363
513566
615776
761807
709228
56488
835319
679286
664843
689272
738348
446320
531993
538062
252161
315269
168634
917682
12118
375170
966502
456946
173759
138569
936981
76870
760065
281538
386887
322452
642282
904367
336237
640782
587658
751070
178807
43641
603985
796983
224763
151817
583047
60853
630462
232489
940130
826162
371875
214422
848455
806746
31342
305451
928160
108290
811699
3447
19286
144081
572191
81738
776427
438940
977698
705743
70199
315536
991608
671187
13502
852744
138515
451364
968426
734399
940007
214292
534249
748703
451537
747357
982309
644728
959397
967198
814940
477068
684882
223300
97053
643015
251444
502724
82910
376844
924982
182468
868156
440874
935522
230425
697999
886829
478727
364843
815273
448593
577158
748853
241004
736082
276089
194473
870405
607262
381695
640304
135753
770028
121512
54927
680362
616486
611898
71717
990806
928898
266014
432273
579628
475951
723626
785584
463003
22954
448524
2692
966553
614383
740815
130480
17021
727821
516045
389535
862138
97362
404658
189509
536057
615270
905320
177918
501522
553268
437860
861330
850278
409987
910477
389082
485403
128163
781956
633020
141301
945602
919444
184913
119630
328350
295160
899688
126386
645269
685507
943524
657049
956440
825072
973952
939009
380862
450118
126707
378088
112437
114791
559534
172899
952211
949686
715971
621022
279818
905443
482079
331185
870522
860757
298680
602139
689313
626931
733954
404765
884909
899534
175514
456181
844402
247662
620358
814389
136311
235063
176404
771136
835883
484343
494046
966049
566645
505103
847727
962696
301993
432636
190656
726178
226966
441602
935259
602516
145980
2548
910369
743251
507931
220002
447655
39715
406374
716255
450746
811817
621847
972973
2755
865327
17500
266376
99526
641589
674159
265164
602756
345006
574979
353987
771457
974302
702298
508175
41184
146061
519347
36080
794602
729960
325729
331763
227821
152949
65975
25528
757441
376177
352864
318942
439846
683657
732491
495437
798345
567665
854019
510751
582885
590563
55260
95532
502022
30711
743625
602928
750634
525659
408971
820571
130688
609456
681668
807286
72722
7874
285098
899181
347070
694625
372439
762941
691807
11424
186876
262586
134860
96682
839542
730877
207926
658876
81785
112234
240053
7170
258280
555034
928284
27090
339399
555753
193608
752767
30664
152541
273272
387419
352129
332337
931862
11341
302527
579070
674964
616522
579956
184261
447154
752755
18955
857819
505436
203403
97948
960497
456943
613012
738619
932991
262556
108997
872235
839117
808101
125097
862192
892318
132997
250838
87618
382137
789932
953737
592286
573269
264936
599067
737910
529312
537567
477090
699656
961644
567929
598759
260044
147639
764058
27519
683782
232021
3917
361096
262140
584188
197564
649666
224898
600300
196123
876359
660145
540793
723813
161000
966966
756854
92415
4646
940230
687552
364344
516490
426735
113252
248946
794337
994122
591342
869786
461912
413069
727375
868050
884335
692925
987689
731889
52893
307200
386811
559648
668481
770576
720356
222565
793280
590284
818517
374716
861247
935528
231064
535841
788030
613957
255863
428459
187151
661340
339722
963922
923827
659923
742305
649489
482000
188402
574858
21735
187472
488687
651455
978487
789976
11941
558319
634703
539427
460067
71207
746949
603707
568417
800669
54781
370516
130894
695961
295112
902853
466053
737856
885671
416675
73885
65599
287533
305468
808991
424464
329986
771373
447507
104108
211203
171105
466867
14797
413895
923622
66433
197471
30845
601709
210228
166915
348721
668318
235214
86334
354413
30550
923337
18436
529660
825150
986799
587549
740746
245513
752009
439282
395047
670153
836655
919991
675178
212719
127806
290548
761010
528797
119720
469681
199432
173418
251750
534461
837984
538481
977480
610331
133631
134998
922092
887946
773942
457623
603341
863472
444556
843658
221363
181794
571322
13433
401800
548626
153039
899286
489419
487510
84212
682460
155421
219665
664906
990085
399801
570048
469679
24802
951105
11043
710752
435162
445683
791685
613304
118081
4858
183082
864855
818260
553761
435221
348830
887375
217058
304051
997846
89451
414685
590183
659184
444855
306980
397683
664231
613458
552179
608447
854594
251395
965757
468874
678517
227445
920865
886890
108903
220498
930364
665537
281871
823226
761496
198974
222711
377696
362305
27149
938595
765569
271288
673181
238219
543170
243009
733643
713219
842406
443735
712816
108539
341481
647680
807684
128739
811771
675195
661997
797927
301916
468949
893032
120984
174288
782682
958482
458218
737728
718441
660052
515290
460781
276321
44073
761320
706193
337783
536718
929410
323156
870826
782213
74561
848488
479821
418501
555340
793153
506371
231297
886874
676084
660170
922899
964758
258859
631725
840389
591131
776195
753245
180092
16222
481538
143963
932546
532523
395960
169676
678958
521544
772529
817710
513522
602422
474003
572650
191681
163221
951515
909119
693979
166503
583918
227870
969078
242733
626015
740885
107531
987181
951804
810723
609338
561173
602005
425130
212954
563642
390794
56642
151905
180537
562896
965097
574061
143550
650880
554649
486765
292067
258075
414002
364782
416048
353694
385495
11142
438913
498430
300181
604695
38789
236609
972796
867328
203170
808633
601042
222246
834166
863453
919645
290842
571641
83653
616991
399655
148542
864130
742559
757947
17048
205271
485665
905520
208985
541720
774839
843765
591478
160670
173936
766173
355398
39013
908143
601284
143465
582018
966872
545882
718598
179843
895715
604749
760812
653733
722258
850583
34842
902380
784127
184545
478938
185123
147471
844562
142663
213552
508995
282681
310192
736723
881069
384787
336405
575419
809727
957625
997774
810693
236606
382761
813579
840018
533654
724847
193206
825091
634632
525679
506037
945236
580607
858962
456523
83026
198272
611659
502174
42170
734270
262021
504275
680368
602957
844587
476053
170712
286767
847315
143029
111381
872587
394504
30572
74332
321147
540594
703995
949812
451076
287140
604851
901324
812577
626818
86673
83512
959352
346253
831745
710218
812654
408269
209731
916425
287766
500570
599979
491025
829060
505350
180802
912006
234368
715498
375755
516470
958038
421580
499552
876555
703051
57962
437882
164009
647402
353765
277646
109674
293372
672077
874965
31091
154069
316293
61733
47667
847755
169235
513595
385208
356546
674886
899482
843053
870499
316484
257100
113396
633963
528751
236359
426972
495327
248308
666731
134143
50014
426224
884520
958203
637134
990526
135101
857739
571064
40353
931867
598145
322224
151691
836840
946018
628653
667272
902175
891678
145975
528906
831508
661226
313790
440465
906773
164988
612166
585335
187244
160482
857088
678805
512450
133504
691893
478678
444510
775716
217883
901654
661386
583816
649802
498422
963350
761763
418760
752383
217014
478636
627072
151728
362758
414508
543762
89893
567790
331582
587396
441126
156897
730790
356437
490250
82047
312012
258290
671494
513883
551252
731842
478167
992022
472410
569884
675783
558826
485775
966680
202846
573187
650795
89283
908329
168583
935886
520172
697120
262199
621495
578331
596790
628525
498847
146145
887810
571653
538291
630731
944901
359769
912621
311920
943703
560100
921550
453546
55923
216520
916474
679905
603163
208426
294575
929795
165737
94907
51875
358608
528948
168274
27322
850769
53723
983157
274721
80680
722033
423607
51338
234499
223301
97467
923012
999658
589260
88214
520566
296312
292078
684627
977015
727335
714602
178704
432269
752132
3942
546501
950913
174785
6231
621733
623643
2409
215625
34588
138368
365934
980811
258233
777252
207838
882299
226662
399277
995380
595497
705618
728806
222155
451883
283503
303644
685550
670397
493719
55641
159114
933074
979402
903866
751493
769723
784466
934895
895463
183091
998471
65551
388406
559365
121007
131990
292193
810458
315133
340412
111314
700067
368058
366706
51238
134175
829377
570108
306489
275785
911204
976998
881498
607842
629613
224932
17118
511702
701886
661514
647824
353550
2330
807908
627910
685841
651900
777907
216463
600855
593445
820165
292744
821740
988084
270639
993358
827453
166125
518890
141453
56579
335004
282952
598583
608073
89106
273233
175697
380571
941646
538878
980583
715533
525496
154513
657248
900965
206150
755791
291308
450726
464065
536539
694297
808314
115746
49585
274309
186427
465174
695803
868270
961630
224801
871059
29093
183804
19998
113046
615841
20414
268133
38177
624112
317477
863621
382187
36105
46132
380848
217855
13820
609146
503222
661908
922378
174016
362474
423819
986065
582923
388193
891396
572896
781134
93272
876572
230377
615535
363189
927303
471188
183540
767526
683719
466032
528970
104870
832583
546628
903666
623774
823638
431300
179976
213672
448131
800031
182705
342638
214481
771765
123937
534257
834775
472550
251527
211110
410999
749638
637141
234234
926200
959724
174191
975927
793923
888554
574639
967167
932727
806870
878227
182644
802281
64455
923780
401018
230395
330652
698563
841940
464215
381686
813234
462379
496137
403973
843517
105133
609015
852672
212323
633810
41789
890990
570917
170618
740649
200546
598857
277939
956816
487556
683211
973078
775819
360777
767841
300944
957138
536964
317162
634302
110578
449558
409010
285938
739822
524289
785764
493203
372720
670043
635341
394465
634026
952158
525385
951829
664910
938844
166604
314918
296870
161424
199119
15912
183440
1679
511380
297295
249498
178717
584152
362066
372278
139867
196181
842475
520666
391454
706289
881402
587767
486172
887174
589129
982803
580224
274447
503979
227269
166173
393259
142269
213005
723198
820561
760526
368653
576283
657105
842011
535912
345641
788675
64691
557366
80905
487438
598905
463585
708256
25878
245192
4127
847750
701507
12401
791436
260247
548779
827295
781922
540200
281627
36700
452312
703764
426183
363052
947285
559924
921611
998615
101776
183852
648157
999685
813190
103394
718802