775593
590254
981271
606146
135038
894273
932089
87622
883014
704558
687970
16811
362854
598449
98820
908446
929669
375278
151091
247817
27213
472777
882928
79873
935247
859364
857764
511379
198403
847222
858536
471270
492269
467077
978881
878413
415898
138048
688745
886636
144905
467579
520072
1539
248871
504135
516290
68956
856499
960493
917289
147085
68993
454919
830803
885419
202778
27260
514631
245451
425088
287766
669713
450998
537999
879170
969397
571496
417278
951715
414272
195461
730373
716242
159738
889433
15513
347639
759351
693194
476307
397757
158860
152733
620527
111541
842719
957025
472047
118089
835672
26748
90335
429466
374516
574736
68276
338553
953080
620937
317134
590527
323650
171653
163677
818762
561402
864865
873119
411412
411944
987548
138375
423473
999584
94187
581433
10533
724504
527065
561586
55455
654554
977367
712581
703446
976724
404007
346816
313023
93517
680161
771181
668648
5938
148449
692020
717748
402831
814606
419614
840115
73305
998791
433140
334877
543655
290219
334982
998124
330113
918405
350471
853267
29649
854611
925718
467934
783287
382130
472600
322727
818680
642919
553024
512050
779926
441548
980016
72678
16442
424661
188025
701417
464910
961918
768447
529942
193639
860883
22712
348382
823072
103259
536275
68152
413762
153314
169717
437958
20319
313634
11870
329606
340286
987405
735210
863665
551536
33530
46452
3316
527233
792425
333909
831048
285322
23028
943690
956336
323043
313813
649139
972366
892343
755854
637048
11171
130288
372409
163142
221154
780496
802220
244215
226927
333281
200264
865616
871929
921733
877727
152484
692272
422759
845055
426517
432869
522066
569631
986938
851518
751008
597669
150812
624978
475146
148306
946459
238631
570591
795083
644654
93957
651216
487173
313608
752502
222952
185803
135701
980637
476056
792303
775523
392305
944176
273163
445278
561300
962346
34099
604404
973652
957153
331833
713687
426173
81375
540315
183905
449368
214163
785997
510865
883909
576033
689247
509875
920240
730260
42508
995038
585843
95727
973790
920087
292744
458401
270720
76243
162537
160790
657378
729370
58246
196650
19587
473095
27042
108600
26526
581420
79371
788241
151155
92370
928820
945929
920432
455134
489840
541163
922876
241359
12301
97548
871905
383523
85003
102269
306643
403161
645304
736858
373025
265234
700201
871807
568375
141905
573911
693274
295949
247329
237459
733852
14832
342486
821927
793033
384939
904299
791307
234160
293266
654986
969537
911732
494506
103979
92878
342408
702584
578388
977685
449401
553381
862590
174161
287525
695435
890456
702830
585225
398110
803173
952773
458488
726457
294976
652146
443112
115140
450560
202068
331815
211648
43382
680289
425003
361263
685267
101923
905222
176995
888423
731731
149944
392417
53956
484048
48798
91440
638337
561020
41993
323140
944538
763316
731690
317250
303669
63018
590633
778608
910335
495264
577812
619835
313717
357762
476084
371107
749247
466209
557180
293511
217526
334024
578523
183432
193606
834557
5617
18589
728751
597077
295517
170355
340581
936436
899957
535871
67416
741345
799887
185505
482382
258882
854332
424694
537323
165944
114581
481914
883347
783321
287917
810200
971366
584134
38246
717073
434922
44393
323551
215748
400263
25294
489611
196191
646763
775642
375389
335715
502350
273580
173983
205453
651791
735118
841314
855462
427709
816151
816016
722217
284787
330401
376349
965836
398747
928099
363356
57837
931091
185258
905518
238042