21439
3242
521301
938226
399282
305259
318596
307595
546739
718547
45584
224216
860846
59416
863942
558261
670366
433715
172729
838712
354447
575676
75164
267424
701118
865505
143152
465306
763548
505090
913494
691375
484465
571309
630662
102797
764382
240753
881688
685551
974843
916769
248640
986092
562719
208231
136087
156506
496253
946178
487956
189788
969835
610269
45785
392591
34558
358349
666858
816781
588946
877607
823928
426716
485350
620156
754652
503799
257636
231859
265375
893622
395069
501441
84021
282524
373235
340935
659403
797437
403952
69639
47926
142154
22292
28612
801994
548603
394700
111286
84236
260119
537885
590695
768063
321827
340993
267565
99162
260069