308331
107172
669083
342865
535028
497923
185070
573496
411297
485318
655049
619443
282313
65298
596797
539749
538323
173098
101113
136215
434969
525801
984633
31301
531753
250908
473820
590403
450853
951226
172948
793994
126090
627776
161143
569828
297293
330349
750514
534511
43809
116247
588380
233041
101526
646953
859624
767352
451867
25338
598901
453004
941988
535370
774336
211508
544806
57627
855289
617922
213631
751210
625139
89020
201843
454088
828532
385352
741522
538522
907756
6707
659637
541609
417859
329246
367462
751655
687627
772741
825631
698815
619541
450669
839467
529239
393375
724714
948458
761445
885867
284362
867184
45611
943914
679394
95820
485008
140375
358386
499941
219869
179105
506295
104960
201872
666752
839630
970015
242784
214697
469184
527812
128399
533276
569838
789268
963685
341275
522138
162134
588942
167413
602831
734682
699026
556096
621167
41270
732524
618980
621335
832620
523850
720212
57648
966312
956193
861016
603029
36516
362729
20166
190748
846830
777532
684432
890435
497666
647175
135414
249
541777
338218
65308
78022
938595
337330
503414
206487
295704
43248
79455
890026
64650
350454
960458
127890
766798
466669
783119
141288
577306
623574
513383
216782
483072
745883
448179
914913
934616
174801
781046
468410
241532
623437
546212
526625
402349
579296
201490
367952
790356
638640
226508
351007
186466
665140
658181
353936
575896
545867
165673
185273
180835
73274
142799
429642
840607
435776
64458
926202
717884
850072
945311
214483
39806
502603
261136
420822
256094
547311
691095
439948
434190
248448
324462
438506
326426
721112
374219
509472
807338
791182
311978
562174
49188
581033
66370
160707
360686
682752
768857
720708
142225
450351
100339
583158
897273
648631
459046
692888
421080
588339
875721
77311
912363
382963
773515
896959
353813
963447
942047
551795
685287
469898
58261
414826
83137
981816
999300
71534
155218
510317
445924
916018
308026
767083
337656
234007
446545
936359
211176
866651
212609
953857
316844
629087
622862
231199
79333
962131
870454
127973
323526
621184
545780
920018
244591
265969
373022
207354
719322
1279
682030
799771
383214
797176
378653
120479
602609
994027
893675
23790
753307
231827
958076
173676
917381
120542
9500
763286
990528
566168
398179
152820
428546
538361
290100
136380
978428
701959
641055
727235
102151
5865
203750
35168
96828
574154
68061
263455
116450
726374
622379
832927
334978
443316
346157
708873
777303
108528
614841
942445
865954
308420
856767
768379
836634
189074
91660
676314
341439
228449
638504
74600
428943
526945
804832
577807
806738
792348
191710
449344
251152
924412
759156
541199
637603
548915
791095
76587
806631
439434
464072
75768
242573
999242
205038
350859
515151
21249
901983
77633
85182
65649
977950
198268
642167
916123
741245
950460
401844
56163
284228
117782
624574
805600
637354
21523
183168
958338
717440
508647
157751
488032
783277
339979
149510
773342
601364
552378
857702
396535
13970
883589
24763
566509
953123
768660
840769
794634
701156
618426
87525
421969
91059
744371
968496
548934
509554
727549
246430
840663
703275
729232
702541
560550
885133
929658
524561
972340
465685
96539
300900
21739
104136
180155
133947
737992
793820
891907
887284
931811
561783
329375
137386
718620
930639
759469
478635
613988
158896
60258
339457
593893
445788
717306
623149
262287
36172
347737
56754
531456
675413
383235
810381
169231
299430
354741
723778
738102
359342
810462
123409
959001
24538
433661
614920
922871
865148
565336
741298
236204
954951
179734
781421
964960
487223
522682
269593
349584
426061
383868
582316
37303
179192
291653
748963
173464
43151
236423
322643
90475
299707
462840
132126
471458
99186
796137
846528
429654
454366
171463
174729
291219
63260
716524
644517
987132
377631
746723
229143
807965
602101
653303
743172
969676
711842
759798
261228
585658
279784
588423
156211
743899
106344
480805
288157
227312
662498
623031
348121
508077
638233
575438
112500
662476
779282
91706
850542
51502
983546
913161
858730
669353
554791
470813
296958
967282
959863
45865
72939
990120
210005
400328
877862
463867
794074
176506
773205
989239
767823
462075
921301
586865
267921
500354
401592
232588
983310
638419
807116
116008
880619
503553
636694
218985
203208
23492
853086
375583
246363
315186
192420
805783
397305
499870
349936
36349
759987
934346
314119
946860
578205
503241
366650
176468
831018
524918
60760
377991
72627
299402
449283
212064
343126
497310
271904
908688
629563
656574
31400
204102
797362
843622
641244
905979
124664
62556
610069
770903
339033
396585
967609
592515
403247
183541
654025
169676
694408
602814
486296
283568
727206
675061
951575
23305
770271
478261
83147
594451
66405
843681
628639
496668
364000
160984
439701
419655
841207
891800
600920
914108
183662
315308
144238
818032
588458
994323
840777
811596
123023
876655
783484
80701
87242
647526
878155
343703
872874
827545
70491
996710
312873
139263
691144
562067
105993
131037
236054
285424
22426
47844
823359
649760
143960
165415
580842
628390
344817
141687
28733
499080
783587
946589
30985
354335
149764
838899
421668
509694
329563
417631
838676
550333
805484
593453
177127
35873
183826
651400
190560
503401
571332
861653
400204
754680
4538
678700
134002
141786
463528
442100
356520
765876
89641
400794
801730
440781
126135
710894
596518
646259
39831
294554
598011
542731
536210
436543
943424
900793
193949
224622
19641
205287
665882
715839
63427
775862
369079
916946
5577
526719
552756
456672
128783
64517
966147
866044
969580
258041
698504
818796
69908
115944
944704
671966
566355
830981