607659
318561
148793
832436
721128
655608
255575
405895
75859
735093
342127
941394
617836
496795
347786
34551
287098
472457
921654
582768
769036
742802
217747
129971
770202
295805
658059
356417
265803
509014
341087
912140
372560
496175
641820
806595
859821
124215
128748
351867
567064
732468
677768
82811
672890
426464
475787
104100
634002
755614
551714
216571
446009
623703
51616
655189
806272
132725
630958
996446
55605
202300
440288
533317
767173
514880
24994
96008
576891
373703
510161
33879
504614
280763
349158
618152
2521
86859
234765
845078
923724
837472
76564
794166
47392
893176
890238
6521
63168
681056
446264
621047
905315
707730
138211
684958
529518
289128
721936
142198
451445
916732
842506
325520
886370
395743
122764
599435
792622
682738
138451
36866
816333
845796
406734
240085
772455
467016
863539
653202
661568
760018
184491
694209
765560
631470
895341
235977
800238
633916
820072
59778
923136
245932
815706
421976
867118
943539
803070
762648
555613
380327
909730
920154
964855
811837
989014
507660
478319
186204
918977
861591
646754
549597
540045
298543
890841
484898
520898
374524
615147
830544
971313
551584
140352
398890
749574
603429
196592
412811
165313
466948
704009
606464
950654
947604
509359
157056
687344
666638
798622
590728
487788
331961
289612
855959
566369
881206
159466
379331
274982
676970
254536
924151
368492
986307
170328
921866
142611
955241
498762
883388
628376
712003
503127
54543
995819
766691
200602
331584
970142
82703
142168
381281
384506
924653
230624
575060
162988
399818
643534
389669
992285
796359
92969
716869
866463
216928
705452
490399
775938
662874
970722
514969
762503
302345
922730
426537
690924
856443
476826
19217
302502
986693
313408
376057
485357
988455
299908
416423
719217
969950
79593
433821
67306
192007
854898
460047
728013
463531
164193
994047
401626
329003
471899
814071
569874
540809
867815
332770
354694
461776
817301
716168
230347
913698
627387
769892
476426
392796
598490
243364
336244
43431
876768
337405
813970
413150
436167
594920
416314
871511
641051
630844
535198
636433
516504
773865
730814
101688
661169
960462
986109
567255
918189
137976
800274
688474
711916
921208
27861
678527
484552
836896
951161
924697
894743
832474
235801
456449
967820
839524
143019
264985
963709
531307
348881
262142
558207
374019
877582
916618
486829
900033
651221
201154
694216
967478
704061
444259
542584
375880
907026
232644
624689
792430
457605
916072
668017
355975
334019
259298
609317
324056
462882
124645
370283
424865
152696
588071
308851
986138
546374
240178
601662
674767
82578
844359
135368
718357
177106
285999
459331
967976
164868
261471
950137
643938
630235
833799
458514
618714
48211
652535
485942
490711
493221
531886
489994
803120
427223
15873
349399
590145
509739
793637
89609
559052
76471
587801
923987
652329
588821
856178
285039
641067
679472
238724
292483
768081
78527
54890
983392
653926
865742
965299
871971
107382
696248
500905
813118
641901
58673
790975
644113
445325
885312
473942
122418
34571
651849
427436
37708
295559
819656
963298
843939
797351
674714
119336
891637
548495
651573
516487
520252
570942
227257
638346
583441
13128
966110
309770
13418
71084
994828
783445
477764
957841
592265
173562
24668
436962
39756
340468
400214
943298
944561
309169
778241
465454
308678
544509
485170
705582
225026
180624
974988
141304
273877
973168
485858
493857
180699
604996
792563
635904
135978
810871
747028
133730
35018
714629
296235
403939
885380
917349
165015
214703
55891
246163