611728
924835
229235
600955
647993
270594
602026
435438
413228
150738
857035
557219
269415
924231
113874
290296
365797
107922
408527
272480
291868
750140
214399
826835
540192
121830
360886
200982
447077
643162
463991
888226
555297
405645
85926
797300
687184
727603
151508
896240
797265
109823
676538
65459
847406
169078
293314
667700
26105
285103
805950
228117
136593
110569
914555
572620
752132
458249
412848
646504
400974
387950
358225
603139
632320
866867
271105
913091
344188
721984
848612
451340
472733
46669
324946
620678
696435
167413
798695
820742
54187
932978
375863
57243
275150
174203
762399
817336
522912
563255
688887
462265
485352
461212
86243
26963
802384
129513
845513
533085
62882
481340
525788
370101
718898
70801
722455
93648
246619
955223
954182
612706
258977
391920
616318
688550
747702
814214
352045
366794
710360
686149
918348
879931
343191
359864
583409
908552
770612
786627
676928
490741
207717
621498
415042
927263
346486
939997
477838
777927
926985
259250
351459
250492
549566
382333
445528
724329
768174
394013
413802
762873
476048
280774
544181
626850
95422
749270
519678
138709
198546
118998
464621
448832
820650
775952
280216
43710
301964
96776
878265
67229
223074
229336
711810
86921
461734
219115
425991
116953
229273
401558
482202
146230
66668
978446
97461
529764
622530
805450
333391
441390
334605
112694
16849
685554
531733
92176
990818
999366
643223
336803
51295
777222
68938
698590
108838
123388
974973
162385
727057
85290
35868
83075
876481
963958
903121
743602
843920
313715
953350
86824
78376
381448
485833
673078
915698
416639
946953
918416
926374
476396
759293
498244
884225
951671
635492
582360
875413
601865
459943
188416
182202
110991
15450
713017
702626
525614
915361
626949
248074
43651
790319
284867
179021
685461
941930
260778
918611
773914
902315
644770
462566
158178
575905
201279
246437
312996
158932
968539
642321
748196
596295
798734
699204
436349
304120
281676
618818
887824
472385
315804
938280
212169
207328
667825
933249
715595
773268
371303
649144
254456
998942
767451
967783
625886
390631
157607
838286
484609
361728
863033
708319
121089
355523
282126
85173
478504
146137
146064
655141
940114
107030
798282
973037
502649
163902
919684
505226
740189
917675
469312
736997
506060
520774
270863
365101
359891
177522
13776
22848
668353
495433
12102
574594
145108
339710
949397
387984
196163
816162
222361
763983
499175
417666
210212
444702
714887
930349
90450
18794
4542
337427
119369
83743
903435
313160
971218
139260
71477
168488
280847
571647
897497
681749
961624
163456
183954
414236
984566
103514
601603
275190
337851
973763
506244
633898
795900
97021
398822
492752
490733
787813
983973
915952
153111
643241
42473
331464
890552
556247
557625
289708
248823
491344
712125
71624
611458
848603
863149
565569
556230
350230
414492
178106
608074
756999
781979
908211
731497
51152
36299
770827
115882
614529
404355
744870
581949
262344
57945
699625
526869
131651
369745
325730
52828
378870
639008
884357
202968
71512
383963
503953
159832
974984
155329
418706
6170
968989
851745
304319
898685
290778
29034
848323
210653
192128
641165
961433
997136
585342
277521
569552
638332
442436
103603
36718
691347
79541
250487
584881
572717
318459
668495
523888
252800
593460
184487
124449
310270
842
812043
544180
4620
608544
169206
179804
650842
26280
624376
747373
133603
84113
699202
843296
374531
638430
503185
36084
647152
651602
387573
490095
388374
683655
816125
723971
87891
561823
729921
221387
373900
601233
300044
288180
299370
729829
530724
966585
47221
108027
834422
943558
51979
537540
484963
728766
536252
362644
22241
523160
623813
502928
733135
578788
814312
243970
620058
353708
323044
399371
925893
219893
323478
781688
536984
402917
992428
675821
195943
803390
731842
974845
156861
277000
968027
669340
467110
223629
182333
789548
912342
292606
139625
350515
32953
632499
479541
601518
748056
36048
731336
593342
742245
479363
849906
423297
409251
598633
848485
9596
468468
396048
852180
39412
893504
850839
118503
235164
932479
334642
103384
39464
637796
115210
433325
803072
379431
743489
424402
139728
499629
182291
916370
436476
539157
784920
721586
614129
106977
505190
933226
452311
470463
851
380353
437346
730356
599512
790788
882568
870308
290577
100450
907149
333440
428128
227239
864505
881548
441074
865939
29035
809163
700953
480599
730376
348938
148377
129899
393740
414791
862974
603790
964160
644284
65770
328283
397388
84043
6893
3397
747684
301703
555981
705391
770270
621980
363813
89643
544164
142749
283177
458380
462405
661992
480775
682729
358118
430456
855785
903281
490005
429255
923415
100198
999230
220382
913466
263480
843126
764794
436795
219455
955573
399837
642314
418771
812065
957870
88379
916171
257157
412493
713418
339601
993312
468983
618623
613471
500634
550611
157485
102808
914001
510231
62548
381445
388626
458714
273318
998058
517156
207222
562919
711044
889982
946457
367085
422178
587416
363433
995015
879645
560350
611153
56378
156342
783425
690541
388838
278602
591528
923982
884616
290164
932741
658922
571481
562559
364802
503587
789843
258246
173273
664818
509267
120043
268675
611824
426713
579120
739592
560705
141421
15285
416821
224797
72733
489870
854636
451836
55585
880256
268501
428574
60959
307929
481714
64436
627209
596329
148753
946606
412836
363616
356506
554018
24612
957254
569928
669077
868340
688337
707573
240810
156753
241638
475853
713573
554454
580527
250789
472858
328530
260245
292132
545142
473941
764954
471647
593385
87498
621398
194755
3055
247550
435853
349291
500346
883775
912489
166482
917566
809951
927576
904162
467416
327192
565956
430443
51612
414473
583531
236463
924281
694239
156060
330458
474507
208271
1357
502351
95165
786239
456923
579741
363673
253892
133598
672784
795758
421062
102952
941476
171421
641216
902619
982805
315840
634660
241636
645073
296886
881819
90968
889103
147215
489002
266089
325369
109265
785904
144133
470789
388645
267340
312651
17506
241633
922011
851434
623501
943603
159711
583512
30082
858982
54395
82988
673296
293396
457818
528345
89925
30953
223920
635976
277257
717007
651161
833169
77639
19963
105117
838613
102598
777108
470037
645562
403094
29499
411367
124804
463205
163835
606188
377037
10417
605711
392435
293857
542680
282826
807967
51384
447243
639335
476267
626640
417697
436333
829326
233575
962824
877438
18617
939730
861462
695549
852734
199229
596477
667738
953610
270144
225885
338684
173203
184858
834612
705930
827149
496524
874096
299669
743573
534804
524133
814629
797361
33156
884058
737758
235503
84351
447550
438670
776169
846416
781944
239062
984618
738791
801820
139571
366123
780017
14457
82089
751222
617299
78351
800075
501740
272258
19870
903529
156194
329986
419289
318486
281957
86456
259770
819348
755998
323374
154927
354335
589905
475684
712882
601555
575807
485005
506166
128314
345708
666029
979965
798646
408699
686092
995974
22535
470709
463895
290788
357882
833128
285268
348970
678895
883244
860928
177091
418693
741825
193288
279390
670692
998740
199968
967878
166630
40672
629442
144527
866467
225777
811462
888620
637399
773509
751450
992158
453106
956939
618911
934087
312957
473229
345633
874077
433764
309673
254128
135034
123748
285818
361695
936207
571409
388183
456857
255545
57860
787121
646875
742636
114593
709920
304401
724171
82305
444983
698321
153882
457280
536979
492142
582219
949732
364979
42490
688372
924264
579777
268828
485154
936549
466671
461577
23943
297372
341949
936546
827534
439330
267991
205162
835151
848296
421786
395043
394462
921190
668919
181764
395198
264740
643504
480792
175859
65253
566784
648117
324149
667184
486231
404632
777985
922812
628739
55386
472521
822775
148970
827217
611979
112051
725684
290566
975999
42286
947717
400782
636841
916796
108584
36103
211343
534803
446919
504625
619333
4595
684118
318310
968100
178928
234256
122999
597465
885469
726874
248293
873433
290967
625859
605433
146482
991467
502701
995968
229821
646181
277445
653735
282480
725494
682477
655086
816720
741824
21436
367500
164995
246722
279707
416032
194627
862171
505616
585359
821423
902076
27159
110654
175419
624815
996652
564333
594632
429886
823398
491822
484495
788225
672125
945090
915766
67144
661612
215695
990341
802273
53810
531391
660850
640774
266098
627063
711256
24038
147898
497330
951814
722638
101600
749626
696884
315060
251528
690627
431249
191072
945411
660004
261112
974519
446802
560946
376256
691686
833544
807547
501362
168935
640333
437148
527126
361651
447614
903808
603238
793412
420210
931701
772900
514950
531544
739052
105671
95770
46460
377485
276561
949637
847720
943093
181500
163323
147495
233229
459474
47812
278757
307848
980444
748553
724594
655992
948914
646846
593765
331918
622961
104363
667933
133612
628235
666584
290595
198505
879097
699668
918315
453536
431819
926242
804730
823861
580383
318529
708129
714790
656496
264727
893671
292745
887558
155769
107141
136808
543051
539993
112970
563445
847742
905741
201055
624619
25600
607352
163301
583428
182284
337047
688058
113169
465732
563946
915227
3833
676966
223740
485731
785936
125085
319633
395186
628819
121844
757804
128617
865918
561189
546490
323153
721866
62288
11742
601563
223558
344391
982746
65346
902417
612294
516182
179405
613874
51392
242257
164528
310164
472916
455393
693714
401505
52447
34664
620906
133689
113451
735317
375746
844687
567108
746772
740894
618912
862379
989332
136310
13457
289188
782450
464926
900325
458666
972871
27462
293144
984835
32331
310686
654426
660718
452964
327890
687595
249528
775887
925363
884047
492013
803177
511733
839343
264684
887067
149
148940
966868
72160
664339
94432
674714
623605
287389
217555
895165
876060
417292
999575
159760
169740
852935
817824
225718
362680
392453
176963
267757
465402
61233
43754
269824
882012
842086
736050
734688
313347
273177
93217
479822
78649
649686
897095
728047
767125
339299
195056
557121
273417
297985
778114
985517
437576
340560
255610
189362
880210
265874
828669
198273
713757
450888
51934
732456
109538
775928
86443
724134
948161
419152
716212
33949
520081
635941
216537
787621
641608
248468
844815
82684
165828
624777
453167
663132
169012
665886
793338
333541
481317
654171
253677
411834
978029
942940
553149
196904
704558
539088
552752
573375
725127
987805
575576
145797
902173
375329
774124
101248
100289
374356
276740
621426
468990
593033
982193
937314
807362
377555
727862
778708
520679