671229
838170
229368
229601
652914
834466
386635
558458
122513
887280
982340
644855
517982
129331
629589
225712
773806
830535
413123
486883
884658
581519
626874
505564
366740
799404
137083
749247
842361
830743
394608
110965
221415
405921
602593
545969
697600
44484
861694
803166
688877
992420
621468
464295
698582
984424
154237
544930
698317
2160
416840
87898
726794
703922
138135
852471
985681
881076
674031
15756
122096
937000
995083
113853
595236
537823
298833
485899
847324
397803
514662
381822
779349
128726
402333
530286
57636
982712
116618
135917
150290
254329
75573
626644
171553
663460
487850
217129
856301
802467
746030
297130
170094
597597
704908
817977
791322
532393
333261
588131
965607
500781
494661
498830
915054
738328
154954
934783
819947
878392
123136
620166
898273
206712
144976
170182
160730
725178
990775
818981
975372
628365
27450
864780
78488
433867
125943
694363
631084
434706
533463
660781
599815
47837
221664
812291
342236
703038
720103
5967
143504
945274
616995
761695
594270
934080
759004
26980
83738
728200
863297
900191
422419
426053
530393
218791
968721
32582
372818
945689
45629
739694
844214
8284
132320
128974
358267
45327
314564
751452
303353
991250
980534
163027
470902
242926
514861
912422
749341
239266
102853
956642
931470
761163
55780
552927
125711
964910
567998
555298
815839
85861
157491
470930
998891
235621
198933
96085
303898
655784
409480
516935
729347
789179
124930
302999
21310
323366
706419
374973
718744
687091
198398
760347
830496
78173
499172
498608
31390
127703
261250
379827
809315
528053
571953
762258
626428
443963
730891
860678
436928
44481
202189
243027
952585
373951
900440
40985
253311
50619
374354
427546
420816
127692
963113
706889
208572
244937
742328
245387
166732
830995
622082
476045
703074
857596
168858
782209
659500
872787
649637
815798
297458
658318
293816
8914
919375
236114
322651
936879
394365
674337
709167
828496
344649
428320
312683
999743
807717
963588
744706
536004
539292
643417
968289
101251
453856
466159
947412
677619
629183
737185
766920
222071
452596
697347
697195
216794
620890
966823
548912
957612
527868
390476
407470
371379
24135
701668
912744
395024
98017
277825
489767
208816
464914
709467
814596
393387
356384
968896
175234
376380
875322
420440
337687
636190
916874
814804
289420
50239
660909
440051
802042
383331
393535
994160
113460
219672
133903
53004
358531
449809
821554
469939
591372
989346
271475
996622
899022
251095
570536
80996
74056
860337
545248
18413
785591
254462
640696
741237
393085
129044
949260
72938
418461
256874
527755
91778
686179
393234
375332
295307
299937
687255
606109
850960
514259
800175
482882
426085
171876
78941
571962
113680
522250
297318
155381
370004
597644
560429
717441
65115
456996
265901
295484
684095
82687
216467
8996
221685
223712
723190
469322
825174
672037
191412
841381
931020
568674
978154
355971
54165
711209
819471
980570
413239
966956
774126
679549
923072
391481
109566
495082
388473
512739
354143
775360
495463
571777
355379
353870
239805
494928
376791
553606
335905
387380
537085
755792
482841
715292
75368
414011
137298
633602
850434
443278
99405
131026
143389
461821
86439
151778
167108
890103
991875
83552
742845
514012
183061
686154
948447
174860
522638
611797
530570
784923
305823
166449
665734
788512
887340
627940
632827
333101
731343
578579
783306
149336
583238
831456
183944
41592
450042
606572
679189
802156
136045
418109
971932
45653
71295
174011
721897
635875
689884
625621
900897
535053
323781
862593
612771
547610
568570
919456
407098
923293
338050
573887
930747
530750
933398
527226
326018
737778
425776
903547
802755
600204
676587
660256
412879
769773
859799
489275
571814
251223
595419
363826
70003
118752
608135
827015
213608
96130
579958
788850
602358
848143
791452
925355
257129
144321
152754
625796
140895
341488
821883
164594
514083
643996
897137
892716
73194
983978
42897
830571
211433
835244
66816
608914
636689
50137
362904
866344
79337
889692
698132
831616
137158
438984
936724
553018
128808
640680
9036
322786
395380
855220
772623
634677
677962
491488
139252
633092
600834
882447
345250
111858
267080
893478
716990
714199
613457
602043
458221
174855
616569
9323
413320
140525
269435
345738
967196
384528
285836
980342
488410
912888
936148
955013
183266
578154
162762
174300
585318
523982
288875
261857
784702
312178
368342
615432
569801
849127
164679
122762
849850
859273
767854
431348
714758
151325
936107
700700
4776
645778
907753
154990
868495
986794
622548
466404
432230
122226
481592
930196
485373
187949
763767
643875
398489
44495
719591
825239
823189
197733
656582
655755
741234
503634
861658
821435
321731
262579
836457
635199
985710
208804
671890
802965
218079
132060
442119
628759
170319
142195
381224
814283
438828
178501
771964
39705
433126
183534
18574
50263
230038
15604
531938
669568
713546
744964
182931
685828
775025
265813
681034
792889
77152
836905
454813
682799
647102
69042
452545
726241
860755
446673
153325
571014
87399
161337
101070
745671
779418
679987
987168
482188
878208
927418
849392
705200
336630
19846
489707
530387
392262
968038
347873
744973
529906
519750
124380
557311
885217
225360
193751
154310
383587
390127
664541
384905
928355
93487
83008
748146
903848
302913
249202
637817
941127
17562
360067
166364
944169
576506
962871
573035
181749
75530
73411
402047
643738
189342
876836
66571
676026
778139
442781
820170
348214
432562
239691
957464
22610
116362
682662
94109
894277
764732
173270
912356
729440
455672
634351
798282
307992
919429
585611
267793
489394
466213
583427
746132
456266
493270
729929
364245
630719
134773
504229
396978
150142
708286
231114
979190
306794
159278
848405
452812
714597
127241
291553
734287
942142
620919
693257
636412
476599
937738
210747
898569
185905
527067
291381
141071
191606
948818
495648
808226
570339
914179
392517
493761
990576
280181
441136
862377
349214
511615
768224
61316
861116
655628
454695
227199
604309
924733
304420
931129
61881
818925
319387
631703
136102
945552
338670
414068
948948
768820
458042
414646
589082
235754
386193
162748
803776
599294
296079
352627
677090
752609
420443
410184
809661
986216
242556
407799
655257
615917
233621
25986
559251
842579
500159
23806
77702
82408
865793
64647
20053
453923
948910
849812
606232
188684
572188
806053
114529
617211
709884
48345
482282
518968
611803
411164
413468
62338
529268
341821
255998
637035
62831
891805
312185
410400
809082
472003
396676
831175
478275
728397
93872
507521
824783
669185
926546
994510
311162
452482
221640
71056
862795
86366
480042
277288
761075
592452
91791
678269
755107
548691
877945
241179
61895
901773
346654
890807
111650
184874
730323
510033
492551
702729
991959
531570
96497
159681
67258
899093
594688
400982
507752
453986
571537
415432
146262
417941
653688
906757
805768
13310
934428
69758
332924
398369
208496
942230
431735
248893
789194
514039
15977
691306
442017
309183
774655
477787
107240
912664
848262
725123
905281
685158
297207
92885
156320
137689
140451
706595
909181
83298
504892
453800
919477
497858
878781
93153
65534
117309
977399
458261
812997
420910
432825
194102
748582
834100
25244
632544
863175
869450
912424
572286
870161
551605
69159
9676
866636
503446
460036
188022
34135
494495
360734
339872
720384
121378
102767
379135
453958
371013
674835
730916
764456
238674
76792
851097
719785
724075
890401
822564
847139
777370
960022
472296
32325
112135
186028
791723
705771
875843
394861
414835
89817
762816
856803
418377
728211
447907
364166
291999
433947
219506
490303
561741
706632
536744
208408
118327
678719
810728
200515
936075
533969
85646
347908
315495
800881
624288
846395
343959
461264
897827
213010
677564
978007
587978
665663
416776
994176
973193
629174
199333
499793
884489
819759
492917
969143
829492
782799
361013
484923
51887
575221
533947
290787
571944
17252
477598
133160
814917
651336
584692
68686
276219
646823
945206
374246
26880
62053
159680
281116
747928
283251
165557
795709
922316
127830
274688
366218
903802
872784
400629
155377
556805
477997
325333
207854
186732
204267
685296
363390
930168
395206
506789
697723
473743
593888
872517
632089
542951
927050
871766
851003
157140
819378
47987
381811
934081
616745
197009
229973
376445
439503
450588
294710
578733
706908
798719
569094
432096
512206
418499
632327
861248
986219
215247
106153
730723
552818
99534
80068
762945
804578
990638
893873
79168
52838
608004
488326
738732
994075
882956
393196
66498
577920
84238
756317
569515
481593
652061
867647
507398
249984
362106
143320
898462
526056
879189
814254
511099
855759
421619
126140
199380
261536
649707
209170
289954
277314
575370
434442
430927
172321
703958
150882
950413
44439
787696
563643
521668
835574
345618
461101
505763
681140
551032
502981
561048
68340
562140
998044
598234
668397
447961
722133
680419
489593
801841
110258
567036
685884
21994
986323
163568
616367
75027
876941
383074
226696
381476
964259
823419
604808
35651
706340
828347
441313
277347
692064
186097
503425
548487
170248
778566
204927
32485
733793
614579
955873
365861
483237
169682
576711
107080
412470
200594
139128
568038
815872
130437
428168
608719
423978
499348
368738
49043
832184
812946
415096
657950
382592
429741
638404
482811
678214
109633
710521
709561
154487
610054
164491
530155
68926
116842
143768
33609
363783
629050
312369
290547
595022
373817
660361
690326
655651
931283
373114
320551
258940
318763
363182
964365
238006
109201
985200
5403
375082
808655
724175
353083
675432
798050
499692
177254
579027
612294
954145
957967
98137
472234
358414
500895
166540
820099
135361
785051
38946
997501
339905
887331
590342
205388
910776
514964
494168
55200
547642
331468
206024
725494
43638
454797
165002
125195
212536
851066
741110
333035
272024
78207
980608
880360
75267
652366
215183
38311
815011
645444
140219
208533
422510
666218
601448
767927
253576
943766
785018
527262
480150
130290
869620
788984
519776
560596
955504
768195
972834
910477
406717
610141
291248
289918
746448
205944
857091
575523
865001
233
242212
662387
139716
97759
917235
935456
931639
968240
839508
64377
922030
417359
745399
511600
943361
815642
69379
260661
6319
550288
15583
225600
555578
629472
443484
340846
686878
705756
166338
638659
368239
978189
748982
425614
875214
288479
636421
713642
708167
753149
218959
430624
147275
951032
61842
213802
698757
579168
902930
468371
5338
479925
918051
93114
683074
622967
531
167605
434110
676570
133942
981009
609461
836182
110158
385400
629487
750362
201367
581484
972909
488864
838061
139503
791202
529692
850203
899397
151634
758670
585281
671313
666886
807607
938657
14364
861801
276008
686790
698421
316355
53941
160209
724082
559183
5257
508449
932116
730426
281427
251614
982537
876155
162270
483
330826
273225
717567
18885
717669
900158
278503
311300
987413
680518
172248
502862
437837
22851
412789
814826
288916
730305
608306
996615
419273
640849
655978
912418
511560
345924
597647
155790
130277
320774
665723
354019
380117
285012
402534
330117
490925
845211
879665
399952
611394
143727
716638
218141
717230
362148
414115
136756
820148
599949
22355
926414
277371
400142
38780
863941
870711
509664
131728
285978
230629
373409
652475
963939
271860
505878
938067
892431
4481
502270
631854
650519
811643
259987
488653
552323
66598
97312
11317
931286
651707
820154
565726
40600
667052
251164
250373
64126
561284
407075
635740
146487
859885
478882
769954
911125
698699
664419
40845
364694
83718
744699
258850
851855
55782
520713
582631
139124
280151
284171
263537
806598
400587
884700
716375
383769
977022
845070
390023
950465
253589
408544
198582
484377
109024
572444
300147
58735
340991
164944
251221
835535
323936
654886
273747
572011
752038
119842
148274
550820
769253
16504
911129
58999
91466
917320
764800
777095
714456
646391
723655
556099
857229
813739
779875
516019
948835
544290
177843
696484
937714
962032
567601
283502
312946
355859
960195
264415
217439
401396
721457
796230
142069
70973
396082
910941
551003
338129
979423
642004
450716
164524
401353
327606
739536
343193
158694
939194
361433
889354
415974
549673
857865
548951
610980
359782
833505
918038
810679
523615
163700
957907
808105
867599
420523
131500
742207
755757
206241
612940
205751
337460
3374
196674
470096
192208
914369
406397
751555
512162
143527
421926
457871
51376
626728
194202
28786
588140
944016
148355
581875
690271
475339
343570
339036
914674
283562
811674
716806
830809
159746
925388
26700
79709
465523
438539
21666
747012
812294
568107
427006
679902
541488
110155
420276
332207
403571
291916
363487
534580
391908
585325
937851
220180
440071
856517
410576
500388
45846
740252
721289
250199
636129
579109
807651
342913
471375
491996
217537
50502
955714
791160
803932
505699
492761
360910
779607
832984
381519
927682
258608
779761
650560
892842
194003
140912
820492
1217
281673
901977
564628
124548
963277
145754
156258
290028
917119
809556
825509
756873
769074
19722
829849
844792
833888
231653
666373
137089
850877
856993
720606
107279
613160
959256
674441
296396
197886
534121
312638
569049
336649
140869
12872
631655
4822
69462
730024
659637
766756
416203
368410
817830
909176
44164
11503
587582
481614
209943
273305
812729
807977
228797
821253
684488
426316
24797
696035
65193
696321
40050
492993
235489
140950
959899
933397
427417
944936
471487
580569
571090
445207
367258
722001
486407
884633
590889
75432
317790
238634
364910
61496
24074
562017
121568
647273
402752
204958
122419
355441
36691
388448
707839
21561
422638
527923
45648
257376
500526
527302
54089
566936
799002
334810
211381
140654
567103
841815
640812
791208
31020
604217
123998
498951
709383
952103
762047
389292
217675
159588
240655
355415
539871
497758
162372
235274
129299
294948
263511
54796
562617
816885
586664
556425
992990
289460
951311
471127
213220
684023
534464
548627
294333
13886
814106
788650
530246
474048
918476
210420
733374
283233
763044
932730
40801
546433
404342
324504
928293
897902
941669
798334
782544
997945
243857
429968
391284
115430
249053
21741
424968
387581
132571
8205
478629
186237
526807
555204
645146
837872
815229
365027
756140
284122
568680
822269
88813
99595
475911
121927
225655
271316
945774
293785
711110
544726
143159
168017
908079
260534
984594
89559
719105
420396
967856
143738
542071
884603
965320
781561
831830
965115
117829
752607
707241
466770
389900
102853
17687
97409
759597
507195
327326
646874
606309
672962
327406
513551
699918
504048
983652
937062
138916
43958
457185
390346
162612
411839
302599
678779
727651
933806
380176
880356
540888
459210
473162
819661
685319
470390
398387
487
208155
554777
414893
497605
985727
569500
890077
887466
18314
658577
710118
191421
448773
806577
279933
861529
304793
280830
228777
605249
185946
434119
366554
428080
75498
315722
180387
763919
868107
941811
828564
647040
658629
650435
459640
964055
30960
259020
942888
846057
583391
608088
334410
472956
738601
567530
651178
14814
155285
952028
621618
213009
671201
707367
731401
563619
577903
182081
440326
879645
500557
469985
891856
603217
979295
965342
365780
922518
967595
596661
59809
185937
152577
532585
36899
313001
769477
348933
253178
927196
830043
374973
445558
155056
286893
608563
287345
404033
173851
26325
420681
424057
294848
956707
486649
774239
13342
800718
84692
51590
259301
369916
809821
699109
235685
699945
923717
855943
85325
386471
197186
564633
198943
69509
968648
67361
544306
423950
883366
205902
605987
598761
452352
376362
727257
758430
873701
828843
642868
904568
572812
24425
645394
481541
846768
87531
872509
77946
490949
16858
441588
194739
216213
8151
308565
111001
535548
607976
659492
834717
564924
815629
102586
802848
11838
627249
262348
8309
511462
146172
813143
44478
557009
150277
776357
416947
833390
900965
547967
834049
204406
491175
263856
516046
254793
975195
636145
20507
731495
103754
122870
872579
988231
981251
934612
922848
141079
793236
837773
947341
642961
281620
95418
68869
725367
723485
992915
737898
974059
43736
823070
144610
583981
456305
590834
116508
844721
894377
752999
719985
162716
37065
414109
707173
699675
5940
977765
319244
791840
110230
959055
137225
703098
602297
660944
871474
307216
272694
154000
213519
316282
788424
685198
375489
370877
543548
145393
687616
41312
373572
237356
490557
562415
558380
55052
719654
218444
942884
315681
562696
607532
566395
407815
100558
444789
572269
440720
648039
366003
66579
59215
75718
693617
293048
32451
441283
199418
534668
340895
242271
145644
737778
741938
995812
513205
257076
291576
244587
17005
582806
462588
552119
564176
16136
756200
293695
820118
945780
565611
605321
259377
938040
83717
846514
470051
174254
844594
215818
900793
877798
481009
714396
340135
411253
598383
177355
625921
154343
48085
48983
690324
852047
659819
522239
245023
566080
298535
252225
743857
257428
24918
576765
34144
913961
727718
740728
442147
616684
684302
572219
278669
797197
214938
340443
208231
369426
576406
346196
171368
823495
576342
28687
702803
232211
660961
67971
196333
876775
501752
807479
481178
253007
187078
476005
668308
196139
894757
804091
895494
22007
172426
343419
516747
353157
898703
342594
781886
467789
408732
630053
750205
216027
893296
223671
193151
361446
205329
90983
113039
350849
225870
541062
466789
2858
375278
140711
215263
915072
797175
12255
531489
96018
375324
559404
541830
579411
179140
491954
727873
389609
209139
551072
932117
131428
782423
919858
324269
337164
431025
214031
105560
687827
914206
408530
199205
21289
952386
177766
213336
653167
296016
588874
868550
122563
198903
153972
51538
505274
287724
842642
192708
823467
238032
541227
867715
7208
296639
651620
338223
618632
976309
568415
116637
292704
233500
986622
599152
617552
428086
486213
644624
904313
548003
284573
611786
610124
662032
686581
464836
738942
786044
796803
368155
325016
175592
6377
484187
672810
693915
290802
574490
81951
536911
696379
131889
567532
69307
987758
992152
154786
9918
396010
544733
204772
570597
522175
13441
59826
627609
828053
602607
582691
955688
569452
551834
23025
546222
877053
973810
554542
776351
454656
644226
256661
628020
179463
474985
573116
487664
783623
522546
56869
725582
484535
161811
135027
565065
339282
554623
269625
27463
214198
676584
545710
541667
755310
91924
911549
330454
773325
513371
779001
407233
614769
116859
747438
253145
996263
282071
155474
19311
810477
126290
337691
54555
976210
250116
221866
157636
680762
363096
80037
446799
997886
622786
486946
787426
360880
114399
888254
630036
460156
276458
276558
718963
943145
395416
706605
261297
508031
707986
180789
8299
918147
967885
231177
967447
917982
109127
933454
980426
135772
207071
754169
718820
965263
710609
606531
725273
618388
330574
509690
4124
113069
94900
750641
629802
891982
38767
557144
741872
239091
795371
13094
152345
84398
50549
860082
605496
225343
528237
221793
72335
442907
323178
831994
460666
186895
914666
583574
242043
872510
627188
74483
956771
808902
929421
98023
469721
26945
370706
897329
944330
252391
944760
35051
205677
138385
127006
169051
884145
700440
509708
674538
136070
407196
434891
4460
456005
331169
176736
78877
14653
125075
24230
710893
481051
761450
538503
793010
431413
45096
405143
845181
850035
836224
694733
796999
422682
333137
848926
667529
89590
371663
962616
665130
713252
134275
925272
527251
691513
865449
397768
834975
639123
103479
676921
341358
852602
396669
440120
206296
195826
13607
607184
891583
752543
335136
553981
758142
418773
378065
249672
116798
562940
772615
724100
661351
52124
643699
749219
236146
43787
115722
287285
271901
113136
660045
532863
847608
381683
623715
555316
855005
768387
505698
552083
513341
875587
128492
110748
786836
550034
320502
433008
445118
279221
542564
453508
401380
540516
381200
49089
389454
201902
599530
393788
418653
995721
54841
196877
883856
545466
880128
144654
521987
169629
179387
805618
811257
130322
433096
226879
605838
128324
985379
595113
541583
579415
515338
821133
908133
282349
462911
26182
890028
273109
250092
156080
634721
83986
53088
385591
988666
948035
954616
877466
920784
558515
900633
800450
489912
975679
220761
992889
447599
991648
649469
736201
441587
699221
96989
700658
756654
173998
432996
933830
556365
107830
848308
586533
52848
538046
95334
7953
312186
660610
551279
841133
713479
955451
341982
319447
215293
156352
345473
349406
399804
204314
339175
254498
325615
32611
517441
74439
728836
222297
785954
359061
453176
275076
411366
230000
681035
686530
609262
999023
191123
102060
180489
68698
8813
365287
962094
73093
477646
740105
916325
789763
699319
850725
846534
680777
811527
257525
697946
942497
688490
296995
838814
174919
303727
724468
854629
598052
422008
731217
230749
165220
306378
488948
758506
6518
278597
401899
689710
367520
734061
581772
781930
376124
814502
24374
336062
327954
609215
127
116428
977043
294693
673919
531515
166896
667320
745848
962967
264405
653818
66848
199254
750150
655715
538445
886582
16596
721683
796413
824961
317563
121695
890366
326002
869467
90380
73984
284274
564881
148634
492021
484859
148018
131703
463522
479070
493540
656405
419270
217119
272152
727893
114531
727870
142695
723554
708077
649489
786248
497179
570510
128780
732204
287208
386388
407139
460534
469614
848632
330182
521562
275869
766028
457227
94161
448230
379200
533674
624950
510026
526096
864097
947457
126350
221262
900536
756637
302283
73863
380959
452327
536033
962581
293171
414213
15756
496833
995295
392609
939855
716370
40223
869505
86092
877623
953312
497797
411381
809228
500484
860732
419485
885068
38849
861538
340520
556692
707433
987130
125153
941520
915844
854788
640106
502596
887001
746652
394446
624057
501516
989039
507827
712642
264033
582554
889963
534121
807390
721505
2665
842939
945103
96904
693968
84077
351971
748177
572263
526954
993076
338707
150697
383482
907300
635636
610553
970640
846179
758979
644531
517744
320716
605300
801694
847739
561263
805561
637053
814936
254762
350393
879621
51457
122032
688623
563944
767719
692203
602210
156496
832899
58942
244604
593319
672507
179747
114378
212755
857005
472052
734735
167935
171674
165829
534853
429077
576754
931822
605425
603528
914040
357670
578018
363149
640913
445770
307142
455337
255151
527678
184488
675685
430933
244202
541258
154463
608390
16038
230874
752315
804046
196208
495061
131702
274540
869722
839541
734426
977626
166209
411736
471438
260923
367159
497903
972229
7392
246402
114591
868759
197367
291134
707831
926380
138257
611933
405198
967252
643150
996751
944569
873141
552
147837
223783
397596
800024
207406
133785
410164
444520
368460
274368
770388
376343
311745
689652
502578
533538
355260
63823
213173
564789
878352
994852
545001
206126
129787
755807
807116
964746
420867
152059
515653
525166
971132
386586
375156
667284
87911
646148
56228
285520
99189
392446
547293
393982
169193
292422
169047
368650
589531
450666
179208
706972
165144
685954
936606
439390
439783
506000
950473
444651
82343
577394
998959
805845
667284
675393
219907
762707
733736
463626
946224
770246
789341
394855
562031
513126
814161
791225
357368
901389
616003
656643
681364
742624
121210
115430
895633
931222
24453
631605
266703
478566
242525
213428
975736
348497
529894
177650
85837
908169
844436
987904
389147
369213
741355
375757
129420
19138
385439
257887
825177
830431
66585
209520
790813
989045
73371
525155
45957
180617
256442
317601
88996
658288
474826
572373
831203
548950
908761
440000
559510
27050
649681
410809
781353
802857
819265
328837
421689
718598
461749
984719
610495
215155
163777
289028
753447
721871
402141
593549
972927
439532
33770
308586
704010
369403
90771
232680
471157
68439
518030
305918
730209
609579
430082
630666
155999
602432
340675
74915
129850
491302
820664
409306
356781
255102
565214
295698
900405
39651
936741
785785
625665
410099
913016
819746
136775
769213
52762
998913
684912
965385
350700
196802
474419
121214
541963
991622
971776
833396
108630
366267
356626
707863
875277
432022
280039
180276
652757
766768
323724
927907
881560
372090
444049
622417
409929
168415
619805
108713
951877
456053
701082
521503
294101
3486
278224
612249
295440
143745
915472
625018
579933
771744
450054
378635
144918
122775
232370
543176
622409
355184
797296
624261
826584
528933
821363
776891
150784
515187
775696
500211
406966
104087
514486
856910
64301
199208
339452
688687
434549
111632
976531
182597
304189
869416
650395
455672
469049
722351
244049
916015
535134
188391
979301
19516
805642
879373
644457
87269
289282
776563
32998
963600
110547
370683
726025
690506
776089
752306
789499
364212
339870
451078
986382
89546
466586
703654
579602
94929
836953
680181
63944
924253
37690
643050
990766
327100
438611
214406
784057
333506
257842
679859
239201
983666
197886
785910
284502
922054
864573
456593
482320
44508
931311
261432
913412
706557
537879
418925
478706
940682
829785
274106
570907
5445
626110
826571
563025
468345
219541
620773
146214
170056
235381
407879
990662
829711
844637
904219
741409
326839
126012
577817
66624
72539
391500
155193
655417
278865
740696
837906
549374
370199
194783
913748
274703
216988
193681
147551
724816
628008
790646
822461
673909
823848
563950
967619
741401
837146
187667
486591
276846
104721
528506
754270
625231
438885
745945
115997
71346
140603
524930
150890
781753
826029
646285
542231
367783
736469
892629
142073
574639
9275
329496
477731
328040
433241
234690
730490
498014
549511
441731
946293
369218
960007
338140
344308
466817
275055
205306
797497
26865
143599
924857
484103
435560
75838
119049
590677
382951
796454
411118
134191
880180
209960
987489
9962
116677
293005
904404
918594
391576
626250
855699
956690
719712
166542
786054
511662
197401
871596
37395
841440
228285
732320
794528
161086
138255
527168
928246
129189
303764
442688
662081
406996
508257
961698
990580
557543
620048
871096
530505
40493
802956
454295
282854
355369
722444
647258
214491
757666
198941
733904
783048
440423
906775
145155
23004
842979
505649
502438
767288
603288
993393
628634
625713
691516
616443
359517
176820
490285
982027
18895
889412
723985
881470
165666
237920
341134
836554
326366
698368
125859
100239
228239
165245
17953
487173
359948
660560
714698
445012
85220
128690
701444
716482
649766
832739
362426
544390
970765
745223
815952
397372
633094
360490
302144
100594
973344
19108
738390
889503
790351
662168
918916
7795
265437
564118
669539
8970
100462
893921
328007
947898
377710
628170
775357
822859
495961
419579
369827
113990
950758
506832
414948
98150
412945
495327
25296
141611
658436
735128
717908
798670
58081
456008
571610
761679
156591
381432
237440
950122
38046
63282
228845
532776
427576
137315
424022
393425
961894
275228
263372
80191
586845
183602
517951
417677
69155
499718
993555
494191
466818
462623
101341
289564
659719
894323
68794
631205
408311
454597
499276
999273
734096
12008
372370
791841
435191
950305
245027
466135
708227
407210
534215
474292
202020
405715
560754
706486
726257
206660
551774
254080
902350
275869
958595
966923
922870
433598
937654
643195
591851
778402
670172
616332
614199
380006
805897
522219
146589
144744
102457
387681
48097
719370
147433
163306
166833
625878
733011
940260
129455
289084
19525
539619
445916
505014
985181
866081
920354
51084
334051
258835
446142
825331
502403
508758
715784
778833
74149
379592
173984
525596
12971
98100
717111
106848
777798
654629
238135
248415
420533
532635
659408
832786
465244
334299
72928
768462
492541
4385
723326
860674
801237
3249
825764
689949
18709
412556
565558
492236
23227
763389
371187
344993
293773
122834
335927
995599
686962
313000
809898
740754
472301
36192
635145
469227
233654
882734
762063
684745
341879
700304
865087
76932
377376
829211
399185
315522
522983
403440
117879
960316
163360
93582
652938
925275
99828
497729
438102
68284
434817
691961
236158
894291
648462
466549
359502
777323
870185
316446
671643
554763
425567
507056
12121
36404
571672
178835
257337
479304
244620
865544
51836
305477
110246
933503
836441
672366
804723
885125
608775
598218
683207
728538
967912
551302
474797
867489
34450
369013
93000
62000
52538
494584
928522
495687
780415
116153
238352
99550
272465
507217
613081
539351
63868
707402
905314
955219
541269
992382
803487
590176
672255
387934
833815
281360
245786
62991
376285
760805
804490
309230
933094
962600
632479
185780
496908
891033
987942
225909
606686
639808
818251
132738
813281
292578
388265
172655
545384
685519
529712
114927
544587
768280
572210
250395
209351
270367
573962
729937
602674
190023
349801
481273
503769
502153
220542
76323
376120
900520
888898
197452
306965
750013
272925
536128
905785
355820
960376
316825
874892
192567
621856
786917
631052
147185
751699
709286
68905
839818
429739
712051
433153
132489
443940
959547
3571
906329
430220
68201
554210
117882
327750
231268
166984
979544
367290
240430
195124
830201
291357
24940
524001
553167
985688
258628
150773
809389
193111
692898
846483
508439
9073
346070
787485
988978
126703
491223
668745
862426
40891
819115
390942
250514
940455
273118
390028
744406
315734
991599
326438
241549
952907
477259
536317
613530
132748
401905
847002
554642
56050
447092
962071
859208
822224
121887
952730
121539
390590
17970
155375
501777
510593
432779
219586
905397
275480
931552
437942
743803
373925
495401
852260
752109
191799
151450
715443
759582
223408
408014
230608
257315
909720
925503
986698
896161
390781
33714
814541
756290
802564
110384
223865
484610
963665
796014
48799
149605
961998
259918
942872
110859
983260
752894
272897
967835
350612
739199
341014
849949
979576
650368
597930
352932
14204
980584
994496
130152
729386
917107
236746
967154
868342
736820
951227
510960
591326
304440
557387
743848
216125
177419
225991
614154
87278
285396
448850
854174
222039
39195
538172
511324
168665
741355
728764
417690
810706
868371
974413
560544
863437
350150
912803
704407
233863
232354
729353
384992
945375
685902
254553
470722
41497
238332
910295
109755
838606
212750
486826
345527
856564
568341
532855
472606
367942
106868
686171
680904
362576
717603
690565
353164
713241
89551
234735
707958
563884
602143
725687
792790
932229
245202
547486
815861
571669
523908
624028
560419
26930
966351
63197
514156
205598
378254
142300
934377
12722
820349
780059
212210
103400
796220
536828
316081
595906
718067
313791
981778
872217
606671
678937
411542
961733
337385
327277
645703
852134
784328
667369
272582
544653
306429
57536
334656
734347
557293
471487
75263
724947
19947
50830
590748
888718
29635
741958
169747
832060
179668
567657
767535
398273
214101
189890
183140
279956
696
11226
270843
51583
899563
31380
249576
311955
810555
787110
720439
451884
258003
459252
142693
794781
938019
982219
765451
1975
676124
216118
98613
264635
107799
648705
530321
98778
252757
249160
173891
227812
981601
103482
473301
178197
975826
151280
729932
984825
444397
35108
959574
812856
155367
179407
98783
73410
128199
185123
750146
431383
992362
100770
31708
751667
492320
265817
861821
587669
848948
874493
409336
912619
984906
277472
435738
839644
662816
593744
390967
442609
374775
65357
488032
36385
266955
409764
465072
469815
337533
925100
124230
970210
507026
58076
270093
440345
139540
183752
42742
109417
293846
919606
713415
772764
152405
878561
634573
246472
335482
994889
90285
156657
930365
561589
160409
878364
720227
439815
107934
309681
379943
424634
949913
333259
62519
329082
392329
793056
85397
632415
875520
640392
81246
508936
326516
424491
799336
915792
216818
586252
882116
899568
985138
371180
804706
36849
145477
271900
12564
211723
739179
847331
883691
205279
266113
835143
784894
786126
826967
714812
605513
959092
208992
441894
759921
94853
789506
532621
993829
186434
209998
895836
226145
949463
26186
1686
504972
971220
515433
904790
505857
667270
422748
188865
425707
106482
646081
248266
723786
499309
899258
883617
792850
108827
896857
708537
87666
238914
992183
414324
845106
144330
183076
369774
683189
227219
894520
509155
395870
714035
910920
214206
544655
395402
796596
302911
23565
278852
913438
255303
100416
231787
446773
862083
248598
864103
219183
668275
65350
466515
422293
150486
503858
31868
2104
715892
953701
760056
829441
491783
54716
467233
801638
252999
874274
583853
169849
409873
79732
83051
209370
885171
741955
351004
360205
248470
857015
945388
384870
843209
592784
263819
160737
11878
583944
272109
226190
430691
885461
499546
801385
121655
188938
498
469896
5926
518941
205953
465965
524203
134403
152443
349051
707009
960440
283220
372934
707087
59035
936382
399043
212974
70005
311616
175454
294808
132762
477360
761707
23790
453416
395469
255476
331685
962860
29307
975280
126543
58021
962459
590229
891522
103328
622982
594629
974951
650754
318567
95907
554465
242532
841202
560457
571607
267544
246981
648914
438880
55627
397785
738578
809354
993027
691109
36709
11015
788807
677583
358629
542261
362269
40335
414325
997000
291502
461475
521210
563607
996678
24809
817642
61375
794872
211548
938300
721592
880478
661869
636991
234098
670590
970109
350471
613867
650953
50997
402113
270800
494781
381251
957928
480077
211818
593841
381456
534003
924561
281187
979296
756229
748839
462573
196701
506847
75898
324047
701025
410436
547691
211278
506730
179266
168217
593776
211406
436420
89246
106323
829004
202100
636339
131114
250943
523979
825135
42581
244908
943990
906988
517468
568442
372646
594378
460233
555777
849909
569549
345823
718906
653488
554914
860218
927511
897029
169087
768836
94508
123466
857832
218321
295754
900391
439757
123928
907885
315042
335120
124559
296331
818565
163429
927202
658316
782574
745683
304719
650009
669683
86743
164705
822414
701167
806759
789318
739209
798318
637204
346831
572708
996081
602248
593925
875007
335006
634671
14434
17974
479431
725235
217139
727474
552661
657759
546376
117211
742353
908261
426580
36907
239566
81467
109544
883358
392439
744159
955591
857413
738033
603708
594341
205114
491692
939685
397377
897518
419787
721790
928412
748062
748141
581945
896660
128805
245400
27966
873378
359018
117058
663908
500973
855097
804347
920028
465992
682672
316218
334574
279119
153744
436482
501211
483993
10867
209264
974048
952474
781276
124900
711836
429528
855018
559370
856265
864072
572519
753988
898790
26757
163069
811574
167605
542892
302792
573165
427040
784278
855687
646444
105719
1267
758763
924757
955604
183679
521362
485297
355424
973476
45709
626332
815918
927084
630173
81552
474309
11105
668925
707852
712059
226820
943257
848672
645244
901990
943324
431768
770090
400678
303911
334146
252063
636103
307293
755870
188493
387692
119963
955042
135175
952051
958469
561959
90776
652012
115772
686323
989649
917877
403435
610404
914657
153587
593793
910773
434012
866095
775801
239792
170206
947210
651604
685744
686729
191454
802537
109010
229929
231603
541842
30072
230841
121947
752840
358009
68159
230379
302537
194984
437522
909270
881525
253888