155438
803463
537205
477057
303719
959038
510219
935462
843508
414835
602026
674491
573695
964366
404316
804313
537274
478916
367766
282561
949092
644278
984259
751560
53931
535143
282361
83871
71212
262680
17357
5566
823702
911490
465986
682925
821100
870447
43932
552431
816617
106422
193427
290123
55933
635601
928547
297720
979766
860060
154240
33764
821754
470957
500199
613089
715056
917002
846608
809261
986559
395275
876480
248092
681582
505037
449402
629540
768235
264144
976341
483077
912871
109806
970729
853651
92126
492217
457187
135073
887476
98159
193912
299212
39547
284828
838710
453409
86034
427021
580662
389740
486631
396204
681326
769886
364956
964861
617123
463321
384391
605812
555387
383388
239956
744432
919216
279558
837318
372120
129057
261384
151194
505361
688835
247468
696652
804249
585652
109564
20787
980483
298608
409040
671879
964687
815836
450488
482371
351781
275840
823682
286117
998702
767186
863976
811859
551120
91565
308569
764376
475076
269601
233122
747851
167381
499556
538489
192656
646070
71525
156326
704824
295424
672897
688591
623172
370696
870607
363998
230023
666906
687638
584400
813289
373588
476126
863901
992711
203168
401507
6720
393336
734735
212582
930850
542059
406095
739359
868263
615852
5833
336461
889236
179781
258265
185517
616538
95233
373163
761929
898692
233548
242926
137575
542330
917814
320120
617506
936560
602902
856630
331479
716078
64267
493006
897206
295804
185374
276819
103480
207785
474691
752164
535023
410744
597374
952354
674745
864744
124515
311435
536782
287839
5622
524664
287033
867570
755056
654255
766308
411475
76451
616166
204875
166232
201141
218581
636563
315876
436872
521974
296499
478196
133690
742620
202512
790216
617544
771117
637543
104747
64397
628158
245860
777185
48617
307721
332623
50029
719804
725197
889318
664380
731602
440067
404997
70129
168281
462392
661506
2830
581453
526732
292821
142268
983028
102789
928372
810679
52357
390352
996734
529944
600228
499990
822669
621888
24008
784631
516270
992990
348478
294886
571501
648734
543622
324385
158601
233519
232283
373579
803142
651630
302161
829159
80866
748404
279894
726835
923807
789433
686810
628895
107455
409443
60875
801641
292302
752815
730361
434646
891801
701178
986009
836878
262204
502829
645285
762709
266137
148739
338528
903330
983461
91001
101176
985182
887516
619921
821636
192250
61909
436354
279980
364653
261104
415423
259175
406665
790059
788642
984543
368185
508116
468661
449778
375065
544665
516445
649682
452338
782139
847396
254796
150992
811873
699745
207526
537090
657353
816966
323361
961454
197529
753350
873885
240910
43027
531233
727004
141707
811623
266381
893278
835060
685347
955587
392812
545563
7110
74979
831537
955980
322162
8452
13122
881707
538943
414300
767
984041
724716
694665
947473
964899
25072
135034
602835
362583
475119
151228
315725
593859
83784
603237
544283
416284
420171
921367
147692
9128
973640
93937
647206
544440
287170
776152
489831
120902
17923
502045
19495
78119
224201
832012
668473
954668
248734
863376
974000
495323
110277
375814
289374
669573
470480
858652
989624
765188
720591
493861
400533
890515
227
267389
47765
864010
67312
611348
545438
502068
736048
809496
355010
351310
530469
622403
338749
239583
708902
254526
550362
992943
558939
883761
299572
908581
466692
260392
746778
417664
684339
742179
182156
568370
681434
904890
647138
432020
777599
74667
139212
625994
75660
874370
662516
935349
534594
104099
909760
707150
337358
461239
104883
391205
673140
581489
787763
131127
793064
367292
591909
864293
441339
523843
238388
557463
673202
647772
650609
440748
554739
257554
585365
173276
259545
865357
655585
965293
564199
452320
66790
776079
683096
149487
758817
213588
391572
829627
785534
709390
643775
192268
321789
528071
258028
250042
266610
225111
26351
577687
252838
258662
640592
210556
783899
642751
689628
934831
54637
439500
460245
358446
371924
86580
103433
863386
9478
377998
176768
766659
174970
819392
904335
380236
258886
651192
283721
23355
15081
567238
317909
368032
665445
952597
255707
855966
462277
712389
740952
13723
214909
146982
330322
358272
304238
23122
42085
558637
807560
913575
80571
85949
863434
768031
571674
797232
855909
407567
131799
530043
699454
367673
544104
827625
130451
892813
259479
544876
620661
258819
981715
339460
528563
403982
73057
210891
971735
171197
201455
915482
909450
696691
467145
33756
836626
751553
242277
239853
494460
55197
782808
886574
380181
868034
262123
840104
210450
248163
338761
65882
340815
515660
495759
73249
88052
537816
448198
259330
73332
475721
474861
532759
442607
464327
717102
991444
675128
754552
606387
523190
350448
347000
322386
789767
9937
886261
591652
375440
868423
309418
793779
232795
249528
374134
983953
519587
123621
81816
15941
129242
565288
333450
969185
483223
582429
10167
850799
925851
981917
298649
657418
754494
904550
785267
902984
941307
56406
380328
916117
799060
438742
120951
721691
407651
927444
855188
33437
598655
218408
233892
40163
540167
544984
1492
820176
521038
605687
494549
903823
678563
691624
429816
940140
370875
166592
847139
154879
521150
278729
427886
411010
220395
355107
809757
215684
831656
554182
207545
165751
241066
232290
58893
326307
102013
969959
292666
901949
846768
891937
2552
221650
319585
872506
522665
350558
428129
446883
955611
271930
255427
595662
814619
271921
269830
220627
837296
92531
629788
818994
209979
20130
166294
36024
405545
474122
413423
12538
168722
9006
942770
399614
215921
219069
660040
861114
290688
72676
686306
325108
454256
481213
565951
492936
391362
384100
784282
798344
14085
635690
106996
198525
419628
799331
550777
568588
50827
581402
890642
602548
554990
899749
933382
639156
784086
862547
58189
922378
129809
165057
913715
715221
778421
801868
928678
685852
490873
593632
953884
696743
789935
285103
496035
918347
435234
981438
14278
443204
173384
427993
316505
416314
183716
779815
597282
440934
939835
617368
671908
726030
151536
539002
954953
127916
630142
187819
601195
706605
342290
387433
926335
942997
405059
277126
284318
863359
877487
163383
594033
654530
439923
947275
54521
275760
77062
581496
388281
383736
683251
248528
553536
283051
582129
815444
17367
29083
447648
279839
755395
746848
865378
240259
356023
865652
251412
460081
508761
139262
835240
588689
971759
638316
969696
857778
113894
124601
477033
846491
42879
469006
177618
537344
903766
312901
884071
508048
336016
330440
813166
221355
364705
72152
913405
337841
345400
348714
127606
445494
113287
968427
355873
133970
270194
13988
879268
516884
781523
480057
545889
306646
163560
488332
909804
237355
775450
587135
661800
986933
409899
8854
89917
116308
110971
430074
575671
581497
396534
329753
285822
320472
405149
982123
525422
103548
938992
261456
221715
385588
686709
716373
480770
486251
134120
989526
382742
560405
230783
507581
322438
383046
198425
439592
62816
354525
398722
775401
863268
739933
820325