105070
765848
373669
246386
569646
661977
354777
414544
141388
315743
350037
278257
38296
89858
976947
145098
96841
71585
907693
173453
31491
407318
695765
980435
709214
531738
673217
529772
562265
943446
194728
248925
888569
406490
896229
942839
196216
716004
308682
221168
937070
456207
121747
836457
944223
500317
627364
542678
638992
354443
389948
826717
605405
831339
987673
139762
443557
954927
748491
61264
908003
442781
764831
165022
213265
591320
112555
225122
45822
897227
122591
798865
260371
288663
757754
154497
457910
411133
632644
973446
644166
15399
981078
249959
949100
128612
923390
335434
951715
354903
715026
130398
499112
347926
268212
14020
34717
225410
130072
219182