408411
435299
932810
750464
360440
516506
322257
671044
297795
267943
852692
719574
197661
188019
910783
710747
942786
97802
285879
653810
563210
178480
392103
758557
895691
112736
258487
598538
613147
92509
608862
9022
269107
64695
759054
888093
946991
642973
475470
650456
62642
656089
551654
6003
47910
902700
834483
903729
698529
208262
980698
784607
994979
980450
715929
154619
572092
847996
876409
139850
373296
358816
563469
402464
39472
760067
679352
588547
872866
98488
59756
455246
375060
640489
467068
205941
941661
932197
444294
745894
819089
975248
761093
608651
680160
570107
767347
643884
9163
26126
484377
252274
724036
65122
149364
261638
712930
312299
257477
15256
351102
608018
206518
152188
586285
411425
239332
339950
97433
265048
672781
541046
993726
573789
590296
763687
204159
949775
421115
606593
17186
594171
423308
650230
815407
485927
372136
311370
90592
923852
86202
271379
409541
840930
834409
953312
249783
235091
464928
201654
724662
712657
943675
291958
361186
366275
321483
830106
161938
896346
224390
541534
195925
481475
579534
442107
92675
408117
748060
266510
874686
178985
854153
418968
535178
901802
771385
219166
643975
824962
768100
148721
198471
774228
240834
123592
331920
761544
614739
571401
658927
8160
534536
86630
2935
805034
76497
502308
356821
910990
244548
233783
94097
779079
640166
362506
74403
706734
617306
261595
484719
484658
696291
321730
89951
664868
140248
213457
122908
742575
876515
944471
265513
230885
29173
649535
763100
109940
319562
288726
38713
279735
260884
662122
799980
94825
803911
248909
127715
841332
180096
462009
581638
981799
194643
119373
971028
612487
116847
508534
464603
396348
697072
535145
916628
571372
913345
317452
294104
176997
396844
574644
933955
539444
569216
745289
830500
782163
23518
53894
278621
729406
212960
277405
962846
208486
692197
557112
936440
384511
264253
281753
149792
469556
403950
149090
614531
156667
520673
976561
2048
651394
511724
157027
434567
475400
408573
698490
386508
589321
862303
129241
316775
468689
638508
974060
700491
50098
90704
825956
558881
949777
456693
498784
198912
764314
48144
816295
996747
830932
697480
95442
868904
488974
803326
413831
286744
306617
859261
938207
963768
998672
900736
518185
377043
108081
172058
347080
688354
589775
463238
636599
855585
468353
211275
311789
350926
76082
793739
369180
125441
64827
64553
267155
328355
354382
2453
772291
910860
558217
17462
103326
677885
641450
626418
780763
687286
526498
980893
102230
473078
390402
106363
476245
459149
449234
155956
945254
752415
971585
452819
368868
789111
722934
996474
898968
196997
869509
122662
706107
731190
743677
352091
77593
364014
96350
176748
423762
986789
785959
160937
190907
200987
792142
851173
36321
381561
72457
681506
839597
423174
141641
260316
670499
25730
856199
60335
628037
879458
650295
503141
512788
937065
991192
378208
657142
683744
944621
3104
520499
233266
53574
282098
872793
36774
156663
597046
520192
498809
358954
133771
957928
920023
397777
892249
754942
961974
319731
590266
950142
596176
906408
723205
619890
966331
963552
545401
997336
6758
659997
740547
837089
562290
997761
751020
182614
246826
577857
784163
154453
79649
406713
255330
932346
777127
54426
174846
797657
37415
833854
303120
508967
564960
633052
515772
220472
740350
74967
377307
475746
619796
755121
97161
115841
240953
302429
791564
157268
139964
768177
990623
96581
100356
925626
134747
955142
144521
275050
4353
569367
93865
870508
984550
663844
492648
45528
519739
921098
719431
648578
956920
399866
972031
344557
948901
512310
586522
73629
562821
499769
869039
666186
886559
578868
538232
34864
888874
25906
752209
738435
637588
263196
169808
564672
732591
136281
85947
475103
515000
268109
644394
789157
15878
261763
986106
415254
421388
25957
461099
494983
221899
356392
377367
834192
58135
383301
451088
162720
885443
230945
974356
916076
415211
513358
323503
967488
337055
484010
970478
474934
430951
639269
196667
745539
918584
575841
150874
480878
144497
633522
953279
728413
280850
694148
853193
577096
443258
520028
649951
725326
666010
509431
800806
637030
84668
176782
546716
128174
569258
202875
563604
648927
968444
628149
279118
439202
832066
492471
32626
976315
42953
481408
315689
612708
39182
275123
328984
818613
186237
851230
26938
38654
507300
131735
359641
649399
457721
208195
288873
746575
738372
558128
806401
330912
995242
859298
84599
64324
176216
380267
986262
519681
397832
264435
187647
672799
506739
583960
108889
764123
751315
336814
476342
427636
35732
853799
412484
116450
634966
43406
39148
621798
707169
592622
882122
182973
875046
165327
595914
272238
743406
282336
95643
947203
117026
532784
328403
861460
526070
548438
86303
706430
324338
774577
52645
19507
513054
914506
819064
109355
728457
847126
969911
958905
429110
315351
310146
709496
700836
194785
644570
394660
778361
243066
470485
764677
218122
348827
282682
128069
130441
566035
758783
716259
891532
613131
205404
832384
338678
323556
39947
322007
406020
883452
768927
700618
690102
263120
608190
43223
10839
480059
884605
898473
80235
927133
386902
175563
193205
323095
40456
654391
650402
356274
133068
959309
900757
259295
734703
482655
994192
763417
575824
527721
129915
783591
885752
749790
822549
431869
617425
196061
827060
354306
488709
297538
32250
887021
980724
205529
135126
967432
629009
629998
892468
217175
327450
348992
789186
72722
758066
187604
302688
977997
379548
225317
635428
289081
32278
406200
944199
260995
526672
130958
176431
426522
595911
681587
267993
442894
490115
887284
974626
910932
182889
916718
550003
493030
646014
407488
191559
626055
496057
968610
712027
709988
884610
314511
652849
23062
679245
53854
430912
85444
173966
200431
450875
258470
546968
414720
683516
629220
698134
960095
119181
498460
495204
383546
915155
929923
186699
331666
694744
364899
36631
567822
794803
92226
391895
738668
254934
253411
610673
350034
783412
379174
334623
504259
249997
697866
453066
320173
151511
368211
408257
211359
980683
284678
915990
228695
626761
373394
84757
430841
462184
16969
918178
467292
739550
587723
974766
509695
94920
36739
637781
213913
178904
211659
868440
97486
611736
962475
905074
583741
999519
291775
152537
267446
355791
714422
346386
775881
170247
739382
773681
220346
600876
721181
207660
399568
607695
932771
422299
118540
237307
485083
854479
833271
514782
848600
886092
535829
660242
700589
597860
561717
288326
143116
867313
575658
47949
927503
161646
421268
642435
843669
750706
174359
947288
585797
782987
797230
679866
628718
119091
622168
199331
929807
954226
954416
588156
598386
774671
369498
576300
965939
611508
856537
756290
761438
317917
802750
505595
651766
1020
440187
621168
635410
974253
526998
915935
450147
790353
570361
920788
855056
479561
240038
912243
44674
219281
771975
767461
319100
209718
909027
181213
201697
25846
493165
629254
973337
556338
457271
636619
155151
133650
493572
234434
994834
184181
921978
865014
428251
724051
150006
533519
578350
802482
405050
566240
546009
956865
872961
316237
720345
477333
521268
712407
426332
806333
421685
96390
707554
480708
863064
671729
933180
207682
575921
981485
262071
17503
175944
73744
852242
648550
663337
795809
402602
98241
225880
604126
819319
189463
75042
209000
227503
913598
550223
663439
592072
925151
513076
553526
147227
173029
487397
622307
324644
477281
466759
204389
650278
883390
21187
138658
415915
43036
342102
305916
197225
565259
887429
16864
959488
759333
639214
566571
157152
588680
447930
462904
177928
237294
783087
224970
752681
77099
940386
401619
411753
27331
270793
697119
906243
600934
765807
563360
70923
820937
226304
543254
113615
326562
44420
206107
450010
589056
860329
165256
585746
559172
883000
603272
791809
788096
462122
807543
92784
20074
976212
958774
430255
410620
494269
710350
437042
476076
613136
636413
417430
586371
970348
969314
84993
397277
924185
312130
190374
617916
679190
951029
784168
365128
124622
608624
687062
614119
973097
74863
644949
754101
649278
526975
784155
217312
46501
348517
971607
559523
767786
215279
134831
287581
911711
312597
394721
363213
331401
494282
97099
149037
25338
660261
607173
226152
953279
66791
157292
589944
657199
183720
403706
178080
308644
564387
184849
220419
941126
944346
48087
762080
750018
151207
939642
303531
438298
393825
826004
872136
969559
225895
52906
872358
730457
576268
285199
900406
199759
853215
878310
866439
505729
195413
523332
530432
525386
711190
943924
839097
857124
891041
192724
216374
562140
522076
99804
992896
905764
233276
102079
319778
278855
992653
44010
559997
205175
712542
203753
660937
458050
550029
710121
675048
443619
331882
154584
876456
629301
824779
743208
661590
366850
935596
571699
45049
383354
800512
508857
963634
435263
83928
136708
734062
303389
554479
96492
594053
653783
197200
634231
33010
393820
409700
315224
338031
331609
159388
348184
83053
760296
678327
754706
867757
23846
348016
367192
342654
829218
633736
832884
935763
326576
328491
58825
50304
231390
94529
786327
912081
601406
116820
870557
648775
161378
161049
302360
612016
421990
212637
701482
473570
561831
737485
41558
162195
248466
551650
11944
465880
674135
460583
602866
841081
188155
785896
851248
872045
677325
415353
162957
203255
344624
561504
899006
830236
932567
810784
735629
237503
16656
259043
39152
100827
290935
535043
857943
606941
426123
276597
311557
701020
458589
452818
445206
934326
911460
848963
508831
753672
702446
54857
311922
940425
779953
547559
441152
805891
148608
705644
587289
338032
676825
970720
288016
53101
152027
607371
844474
964765
770644
559773
778133
108957
821049
260925
323076
723039
133295
31537
679864
34085
282885
449446
651179
375452
253893
755869
980934
139347
687648
720882
39587
25302
471558
622154
484012
443691
596375
94233
540770
458408
112819
235342
400698
812783
583789
920667
817826
876168
156895
444900
826913
479577
326871
467907
480924
141508
627311
49782
230260
791581
435131
611238
377421
788551
908763
810068
973290
596970
747247
449442
277172
73106
774186
820860
594266
495655
596096
727649
453905
402309
910073
520146
452668
124920
41383
508821
750760
465813
975860
874086
95086
911543
220821
70011
50172
187989
872283
682611
65581
140029
208936
135002
318227
176943
366014
475547
716503
210456
265971
239939
161976
355754
264001
274286
714415
956372
168058
1424
564019
891235
439320
400802
530968
293109
60530
819814
422483
816149
757835
125337
594264
388920
263109
7861
614244
717203
771635
190752
115863
530519
398284
699636
523897
877578
905402
822316
234333
694787
379218
986343
481186
673730
706975
39708
833686
462250
346263
574939
726902
916123
582319
521916
863313
804016
769162
853670
608395
832658
988557
667005
812732
979447
303182
66153
966584
117371
569386
883968
716650
936985
797877
518031
880601
237702
684620
826506
499213
528682
406471
904589
58314
496635
775627
987982
435515
994680
353788
867874
619178
976448
186639
874216
162988
252941
563773
82902
574234
71760
923795
569118
760633
946281
292326
245180
732731
627330
863013
914079
871583
85962
367559
549489
733747
489545
945827
597957
405690
440229
115230
381916
474664
356784
109694
847508
703625
236075
623133
890286
267650
885340
167034
92474
62192
252231
894698
198369
13485
728396
737132
686671
909169
974173
516313
672059
144916
371481
490362
150420
900721
243850
838772
634890
42215
502712
627742
617141
562553
910696
95987
573990
379925
872180
891875
414089
229554
448584
863300
337459
949330
355254
410534
911758
738855
25655
865475
331038
361682
827903
402645
861039
679046
570107
275970
77725
624459
213098
279859
374080
821535
927445
867010
939442
272183
163245
80977
645630
20259
800447
614200
855270
286991
591958
963094
900369
812261
607917
220233
667663
940816
979407
88184
724875
440604
631757
614989
435404
668985
467163
353216
318695
123167
100616
332047
639813
574603
525337
917450
447885
126823
951553
67658
561133
9415
612990
774913
384970
366223
829458
160429
218178
838515
101405
441511
675418
105431
811092
236696
687241
893333
234592
952714
647008
231004
600341
556764
948436
918453
289613
243472
259434
998177
22497
929215
733309
690783
692739
711724
307695
485322
379259
680309
905194
946462
324284
769125
445714
966235
461410
923495
772489
691010
894347
737622
416286
768316
551247
414703
499219
129882
935261
219496
418441
177079
358131
483738
920458
617914
629177
299161
260723
985016
94587
423844
155388
509622
957762
587704
742565
776908
712205
157695
893887
469157
4017
419877
802901
877282
393866
388043
155125
241758
397213
827733
631966
575180
535116
709663
211975
67069
970740
144076
967818
864126
678823
192062
179692
422303
181249
170210
639177
584206
503529
454370
801248
848993
997990
609278
854009
154930
972635
118837
844655
640228
349152
379997
887454
394884
665791
938898
522793
928908
624712
475531
868968
61569
598545
882440
510637
955003
489230
98087
764529
691589
107721
398230
803808
118042
948734
936675
696894
542224
66517
655664
944628
709201
308668
484290
195387
407107
831393
836920
281636
423434
719753
383768
713473
298787
646992
118533
55028
941297
822781
979597
162130
235413
429377
904287
893427
675958
707852
393242
144024
228256
129868
614272
630969
93192
332164
15753
257771
392173
327941
444884
715499
744859
882635
629816
288842
840906
752182
573305
403764
330083
619618
108822
559966
827874
727270
509567
269516
215766
44838
496805
304828
834630
796053
837417
521074
359982
270283
964598
386017
485671
721343
58282
439475
698340
252769
218479
158133
147352
836951
335529
304162
746933
33937
3400
179019
590288
179915
241468
720095
866017
714655
706952
44125
967782
885636
583152
473491
445158
809319
870156
573585
589331
453540
585855
740912
782985
460001
476545
533112
572019
472711
937175
291314
289996
394910
170341
51083
475139
291332
517146
953634
133752
523018
699913
29039
953380
882988
179608
293647
816597
7722
66513
105456
301334
323271
810454
38101
397549
340189
476145
606790
338429
199579
940233
351128
498508
96605
234225
842452
43871
173158
619547
41735
710274
320509
761386
8102
651236
597345
208229
178651
67998
684009
645063
871408
813524
263165
162867
680471
263476
999595
446980
87187
793372
444007
766275
520391
555864
79394
71474
637849
631561
797765
655429
525187
110433
445322
169968
293302
805130
808631
637147
420970
683302
718008
548787
765191
844401
180761
332186
857897
134147
715165
919230
706836
706610
135485
20039
838644
952725
677376
12650
811982
869219
898803
318939
16393
272825
192966
665823
957971
989498
417859
515711
982002
648400
170795
899800
238439
186193
161263
389136
302464
786878
765384
18851
835387
332709
149683
506715
720722
580902
188109
181662
828648
142034
457222
359201
530574
346351
120133
811835
106802
607384
262169
619156
775460
364545
965142
752956
522246
542425
446804
745944
681104
39496
835392
395447
649726
747864
672669
939458
779222
836336
357403
870290
643801
888890
383762
435228
280646
535782
473627
119879
57925
34312
852683
138078
755255
859997
737485
141217
356311
110379
483099
759990
747981
762246
614297
335229
374479
301678
489678
529921
34932
956630
357503
49610
454423
288768
721514
772943
200868
584643
904412
938760
949954
264366
358767
768994
811293
205255
832164
325068
32911
3116
422489
461423
187754
430619
417703
506554
596388
794893
711322
530651
995424
400381
360206
982153
633109
919238
561314
111422
483229
349802
790364
525506
293788
636783
867929
915107
986123
939107
16239
366401
883040
318273
178017
506309
185884
542700
355262
792434
165424
353816
489750
627796
252429
657288
119706
389204
41159
154673
411791
516653
679077
529726
393199
689017
14791
162861
990236
869925
335988
502038
140353
161156
11968
628172
352135
900926
238870
93788
137905
984553
588007
514355
41429
605808
398319
452892
954168
235183
945633
151014
445764
386401
591471
869987
75048
839089
857976
515149
222028
882156
276237
713156
167344
541720
156833
534963
363616
722654
691533
13648
430102
368034
621438
486401
176236
58675
879612
835036
515004
34462
765847
988487
554134
420701
20208
169599
447325
542381
865313
871668
235902
399677
54794
418000
277710
707266
630137
228824
769216
742824
514229
628331
874495
135010
262311
725928
263982
791394
267686
720365
725946
906085
620062
917242
792472
267109
264859
699187
899360
876210
85240
36868
250117
129371
611870
918239
499440
305606
901627
980385
365305
13471
192642
51922
530754
917869
485208
458507
576431
300672
466530
322546
607941
85511
54440
859041
700510
582526
160358
387301
190151
413188
1455
581154
455094
243338
633150
284820
159979
744872
396891
832432
33313
905098
537383
21097
601265
955079
440772
739470
132164
364114
272291
622288
822899
537097
55851
299298
497981
769771
321539
516665
485284
101799
612156
544563
519332
531791
989214
387604
444305
222123
705422
611371
848780
493866
573464
855827
538337
893044
724191
916437
302464
806747
902558
555563
907031
187119
312346
213151
87944
261552
756710
57746
744396
875934
712210
159001
54308
957037
433842
743042
964471
498133
783366
523508
385165
981573
153355
764788
438246
285943
717533
981316
632632
343327
426503
309030
517380
839293
241129
603902
1876
766610
853700
610389
266387
62254
923878
298170
322312
415784
525037
176451
631473
290984
853177
881777
215864
530462
362482
178801
849492
247957
100594
4543
293503
565282
66641
915429
589967
932854
780556
271714
152244
743123
283985
466405