664253
254376
20890
809540
294553
172570
138662
906192
588836
110355
106682
192804
332347
81452
558795
923801
85608
317971
587049
644986
235996
397591
875668
941727
103844
708830
824404
846412
988619
188015
769923
518961
932283
379752
321124
572997
149845
522092
512786
210300
531153
538261
951614
147456
353401
528730
379799
171164
360350
600580
113373
42444
662176
645512
626144
385027
488926
983529
144736
139511
690922
626217
496199
142377
21053
281746
606919
397790
656759
123086
989999
650106
123597
771622
278047
936321
767625
910277
359244
900240
190483
433367
956818
783910
608833
64897
555524
176917
928992
932606
423441
800445
437896
672019
103397
830504
403149
252924
155531
523558
547774
870093
121007
197788
319362
920745
646599
944554
108690
303155
460861
797115
89462
13972
424797
467499
148687
296246
193455
177410
456311
395785
119575
555390
583069
320438
906385
49964
717120
864997
173913
817293
452891
563880
541602
581910
829644
164390
49774
540377
782646
675268
743477
980283
936406
38425
24432
920733
717315
996147
940321
745580
92108
781733
925350
496891
848930
848446
632021
223710
229385
969802
401246
539944
892803
693663
606450
335266
648052
313250
577003
404182
123586
230090
57304
610996
563013
827114
190097
92137
231317
744501
826021
912407
495980
756538
556179
537960
507593
284700
240445
466381
546150
950277
961479
363017
522056
469335
272886
92737
825022
623425
329685
107628
699313
1389
990231
753618
590476
700771
260954
192846
456476
201749
518766
803635
865305
182183
790706
116180
811463
129263
996364
569653
575321
221439
465871
635173
622215
103692
234694
139140
492231
859901
586226
942746
866998
697957
64109
485972
516394
606440
708493
88203
625928
516098
583867
312617
84662
305022
760856
147805
673896
323335
790347
237589
738421
981357
365529
898837
845026
344658
305906
207081
137013
610023
217073
1041
578850
798334
181042
259699
51689
993461
614073
939361
308322
980747
992520
23174
125245
194262
491863
231865
599867
468977
710106
571990
432499
212134
553947
656793
205582
257514
54581
524805
126771
846975
349762
502591
437776
895533
319677
510601
707518
939442
396456
94886
525985
941117
880599
382440
694269
430433
692318
104264
866634
298839
861793
807750
742047
930877
219542
388789
325485
257125
686604
114049
483393
743253
283948
375150
3048
291773
481490
519001
632187
526236
789351
232359
123086
952071
557443
123715
134396
43868
794204
341881
954398
395887
441284
298205
400916
690679
948198
818137
926013
390163
179468
337892
907662
734148
656449
83251
345965
843198
887078
520085
698068
465920
68951
749974
383800
185148
764646
939322
573139
703181
242935
316676
226971
163128
55468
750485
4226
331594
75803
428316
571280
867337
666065
698608
53676
831212
856285
707304
855519
54608
422449
64265
838510
976767
531472
408144
900474
85784
184847
403449
322280
153737
37394
399786
862440
43336
293540
710865
470282
981612
290787
229573
661403
845619
68475
885518
53258
185747
689716
272701
294055
424185
335306
627519
634753
909229
220694
221101
691788
280542
200517
145010
527286
906138
519976
415633
33829
988781
548288
300119
752490
307637
486662
775522
675668
460469
981758
72839
290370
902272
295279
328916
102942
38219
181341
471750
152843
121908
905497
598493
570920
734336
902748
270491
66720
174692
416625
346019
339762
180954
87379
198868
801266
16464
864561
429751
665688
108062
807739
467537
425528
102003
308833
778605
958229
415833
20522
755138
30549
107534
307401
736994
763712
157660
350044
36802
701656
65893
126871
284231
485133
295
374654
882934
775957
605755
285777
882418
998572
977516
138796
107182
670219
236330
278591
956713
576315
603714
863382
892486
814271
868943
578106
261900
776831
663812
77110
774130
475093
16896
263871
639144
211762
245916
641410
108691
506746
365013
874303
916855
350088
833117
391657
907792
311309
650293
330164
959569
769612
520835
367309
165575
545959
45054
27033
118731
515936
676123
853639
58792
361370
483995
444449
589318
479066
605334
707698
648416
206577
626565
869369
426172
947826
46547
691178
961691
485462
396059
81598
223990
752207
553182
782833
583517
600024
286842
98857
714834
653839
85182
693102
136082
165580
881098
329135
787103
894720
374188
53602
275642
433059
266530
727983
679854
64363
879109
4143
85359
203552
296399
808414
356386
695526
398485
149919
993103
770255
883318
601052
310983
248673
656063
111538
593127
672981
768207
912199
312741
395319
425977
140536
508
300387
455804
477469
840365
760426
13955
523043
617281
625077
258161
858647
211855
534003
160940
744252
439158
606729
637504
181428
662983
612052
685551
636343
281735
48414
289888
61699
878466
177046
431777
982530
555110
941252
661030
318007
729750
878059
338310
299875
465803
582575
835751
317882
223291
20736
695935
773527
774889
2731
992411
55669
913268
427238
909371
565056
491250
485716
863755
309512
282605
876336
329972
967518
128856
218758
895579
475170
846234
283783
975703
129920
406980
356033
44609
924300
980481
33158
204782
323740
522240
31661
407012
984873
732506
117304
659410
974154
371400
107132
118943
891376
113681
534
45981
928629
353815
688332
220525
302466
630827
361762
568189
685544
632427
697309
424683
233709
59209
128698
79439
555476
982242
33954
982224
503091
711199
463296
270949
977833
605154
112733
84582
36933
704514
608569
461981
465475
540066
809643
495618
633875
983923
756967
808579
899976
547176
104539
353906
34588
100355
350446
997235
150196
595364
953990
336880
394867
1285
472401
739884
236807
331567
179825
628278
509759
336322
241608
636639
515441
161055
408513
380268
386388
31904
368342
222664
601106
817519
346554
611676
13126
139003
282816
265604
6529
551865
927012
733707
422776
207738
496110
629959
717086
318634
112367
144588
397413
692824
103728
274834
174972
588944
388833
584516
412548
143739
591964
201444
395268
668869
237295
192328
668258
183532
357211
416802
186562
652147
116036
455304
304962
530172
598378
229985
698776
386145
740385
493497
151470
564340
492573
447384
770865
79962
694473
370011
602986
197585
814210
283351
801032
433604
660225
368614
476708
44728
407686
52643
112123
417104
798767
430116
942679
154440
173794
961074
34859
78531
69383
188893
877560
801895
480026
560776
181556
9757
521201
300989
238965
97394
154921
686479
632992
348922
842743
5179
308025
414879
476613
939217
11077
448476
704513
108413
897830
894240
815741
33859
659988
587720
679759
837044
875410
521317
842865
576889
408410
358747
778594
245248
594912
539506
460563
90811
635555
604694
880601
122034
89623
196878
870347
351622
613612
39199
601099
588264
120504
82709
434563
355726
349273
925987
376221
825076
428882
557340
243435
482720
397008
447474
801955
625123
790963
29260
547397
670441
366732
641310
512315
708037
721821
83328
464884
668690
98526
33756
131783
991517
926518
714033
625725
688038
727071
348803
87197
259448
846011
167708
660303
10117
108440
921952
314223
918467
895499
147588
694636
375806
331924
697538