784880
907607
35649
274907
788623
552326
416388
98223
976191
135676
902298
62728
838021
233997
774788
558088
750351
115780
522787
776645
452081
770949
341262
802997
624586
878529
589702
483317
230725
376916
551681
712438
952955
932734
457506
782405
471926
964284
74826
830389
521937
254082
263624
443562
765691
585880
736364
843845
871898
738126
121
526375
952460
169885
969464
67876
465864
626844
885417
820998
297763
346779
905365
722619
511663
281056
905471
353436
526590
695740
47160
722394
772100
911368
974610
10439
946458
339073
135404
523903
662175
726973
380653
330353
842489
456202
731020
247565
191545
134050
912011
432652
905565
148940
218371
335767
855726
452689
118043
514069