171459
204514
554952
270858
939897
840863
161570
788293
469612
173645
596876
317897
273296
227782
248415
321002
233310
354843
564104
855291
863931
108749
849020
969241
393785
587621
729097
669905
901878
511537
542856
476527
139426
349659
245231
989796
353247
731111
997827
883731
207553
767944
349226
586808
928180
9376
313758
416437
736765
910163
631870
280827
370841
760774
193087
583377
363329
169786
438143
396932
676431
295103
160506
128171
728634
52374
220757
201878
902397
900519
814744
970195
912727
629787
425849
217884
348203
844951
714643
566304
242631
792214
941878
643180
867009
919778
735575
671222
35454
777007
323432
294406
433740
900820
568963
836610
500591
914599
711296
883732
650041
743411
489253
842106
233938
936792
193661
994921
547096
978816
345153
993375
223135
782265
103411
423108
497433
276916
8778
265660
261713
771801
997704
990284
359826
552197
697383
385702
148388
769377
190449
432338
979766
34208
756783
629499
469783
978453
457849
453204
564446
348334
214445
738085
522922
717329
409403
526390
827332
628881
286044
828950
93409
351885
977186
412872
513155
719909
537643
61067
973758
386778
951727
130437
635416
904193
48249
699147
94666
239908
612403
688463
106723
598837
555481
253671
237388
528816
506768
720758
228134
831564
394703
829753
635727
415069
686267
885424
837252
136841
963089
431463
536737
931364
112381
863071
241987
851243
714375
182878
376526
29018
326829
463440
850570
505002
240203
452953
52776
328811
554743
678520
328483
755705
74665
498137
348162
772958
843479
421943
157433
770372
12063
870955
23535
43861
492510
630870
89499
433137
986718
973032
664584
682891
837932
386570
666551
540513
334150
366830
109987
827926
292915
105072
788447
280685
173549
787817
238684
684196
931002
515089
197831
297515
828953
112782
721615
935999
242071
634589
12868
91944
744257
475932
670683
990667
614259
453681
668686
435948
539279
803483
428256
186308
629962
152979
818622
675835
838432
549086
184065
318275
751144
994482
386320
406481
815297
27650
245667
593207
375852
418024
789474
465762
696564
799790
551467
326574
207368
981946
20915
434017
743529
553875
983364
647179
658430
791124
538788
536248
576837
7084
143958
826319
746212
991566
777850
19338
758557
564540
289039
728850
154464
484076
476121
27766
241723
249684
820638
97352
24813
652119
602058
787732
425880
597963
600434
250686
673876
943078
917941
785975
347040
352646
370302
55003
372659
909466
863783
570027
203633
883248
289592
173346
275193
805659
518413
179893
191771
707904
676501
638316
191847
295870
42167
250264
717216
438967
83023
813936
620048
613247
750101
974092
33973
154849
92254
834749
722265
48456
270717
39943
932863
616721
941122
818620
876153
71402
250466
928566
852759
288679
675959
169072
916601
824097
35614
676929
316678
823883
353022
311479
54773
814931
597032
318028
339977
402480
745498
198471
230297
236430
25182
597938
459853
227028
200976
30132
997477
728078
461372
374794
325171
910972
692965
583398
911273
416694
25571
520740
63821
722874
597924
234533
541897
2516
766738
425290
93854
883560
95317
501647
48953
984159
675120
997889
827998
687340
241350
228701
274049
659706
606719
139143
675315
211060
870598
880548
800441
787888
583466
152660
268153
80441
945252
252559
465806
109367
807928
344219
654650
710141
871348
760359
122235
358127
977237
515272
841078
159438
635145
227341
954448
728802
86864
921216
974236
758723
759484
267196
69038
327491
323351
879206
407054
374523
726115
337225
951881
933233