536781
795909
346066
297963
854354
401028
83124
421778
717564
731757
886991
815769
858196
439699
332639
506127
526286
237461
284723
243960
785583
534292
944425
602961
293640
169806
174844
436032
994464
992924
760116
11165
35952
924100
347004
25111
487815
668540
328976
208260
73742
954300
721941
574281
907686
575550
419522
850594
125933
553365
243580
954383
2976
808423
63808
156700
177754
171401
949306
813259
214203
669301
525682
569695
360484
336298
861094
933960
638686
388385
108658
267558
95706
603879
899115
483515
952083
392476
596620
651570
205456
487494
773320
924742
801669
60626
150078
897617
958041
866089
755595
38386
73283
285611
66553
46937
682317
588875
781588
620594
940411
734663
668445
446827
745733
155714
397976
318436
162559
537983
934400
606898
157402
398460
260315
491088
729667
306345
307944
20963
852521
690948
844020
850217
656860
368210
942284
400893
303441
677115
921740
521801
199106
639875
93910
985608
373682
681505
764447
398198
513614
940030
845603
700631
977839
411787
1208
328801
549692
41023
69440
539976
981101
970988
210745
976676
729002
948221
971375
681088
770769
70158
284304
914433
232727
533800
473952
204977
827909
548375
125699
700583
10916
579306
113528
615893
62196
654215
620901
835694
580757
593576
653516
95858
600649
520566
913373
848983
971537
200576
187302
941781
886515
642072
383590
343182
52381
5194
691391
713753
446180
34618
692937
804138
278501
557849
982339
842079
963724
287748
348580
199977
991155
789945
821199
188437
254498
836278
392614
661622
158837
439600
80310
687729
388571
633325
41744
87781
316922
579070
581943
742773
570288
891485
206581
145139
403765
460511
600264
120106
13020
346901
704314
476680
562680
119493
257486
824038
414683
753984
894678
970870
690234
990944
95714
979848
206252
122848
884754
378745
227793
998552
785165
414456
751376
174611
869450
847542
461944
718414
459403
451178
30984
571920
625450
185406
922634
211489
195980
485913
260634
148264
448818
868042
574724
936420
516078
589773
935115
236167
51058
750654
631750
105962
832964
591383
348134
635953
804109
253287
978258
526909
221137
25362
550003
881671
3578
563711
665291
363488
119309
750818
826688
128706
43710
560485
707895
735185
599902
781621
239964
125748
312434
209384
14781
679435
28192
274630
233942
836300
351043
378427
906024
281853
505437
131927
834242
260752
563180
374527
490209
445206
571477
515572
122547
893089
711805
527293
601144
717819
71479
691700
509633
556604
407511
987819
318363
548620
11749
581113
609477
850998
440046
847588
607836
857828
614836
54892
669784
31549
150853
656626
229999
723480
78697
386116
8087
364827
426996
180870
17577
358644
350908
819070
54433
362228
591333
468347
548802
887939
668824
590819
211670
663556
900562
558040
967187
568198
189592
983046
790361
344291
529737
741708
927640
579065
763916
774661
753679
69058
393895
972402
896687
35411
266097
564998
457246
924014
659168
439117
274327
50563
174588
936569
209902
152458
165365
789386
757873
934390
313871
290713
171051
150166
453691
214530
737858
791693
4418
126636
707712
374764
117722
68599
832878
83561
275995
432320
467292
488319
408395
935315
817150
416417
346325
812718
47601
765852
109401
304494
372763
620680
487709
414745
892143
359722
730336
943431
361680
37097
750415
339373
747725
393771
316753
21383
744651
723404
855677
790050
47552
154171
352619
217987
980443
297264
782184
46519
938370
338509
634819
601720
744947
661841
115396
553209
903691
902579
112893
733775
919525
50401
468472
277883
191579
278484
262543
394392
581288
347279
392667
781534
997550
18741
193988
181264
437586
986629
626488
202888
758469
563955
972919
772829
497438
405348
474122
91118
392931
168645
213587
502734
775719
485128
196864
580492
204813
143804
831898
480541
416426
712327
597946
216104
278857
189699
64090
119150
427400
186931
768841
719124
659231
543457
183224
93967
965121
197397
904690
684331
954267
670771
147753
527928
285177
922226
258475
914385
471816
420469
52020
910986
768438
944199
75356
767797
268789
242744
621169
18833
955039
712270
571679
654801
526772
153706
336780
58820
863486
332537
227777
70501
943893
187027
264898
831873
524223
91059
987518
168193
428591
316243
292001
936915
569326
962724
405703
477689
782231
193191
268748
795310
135356
470315
998911
308080
677991
746083
60085
791983
829627
230755
284153
701712
120632
575351
675873
993118
976285
724064
277308
512718
890151
675820
12903
20973
229624
685809
225727
726824
636115
912742
877744
339960
427460
301597
501932
578024
952924
926241
83384
322756
126362
780072
765856
489696
987750
35125
703499
707650
619958
107021
11049
915053
10579
563027
229576
585162
868150
237058
501638
447349
883916
962183
48225
772066
273369
97913
12394
676971
10681
50806
731353
755511
702273
102811
105913
340040
322883
171935
743748
711584
37360
361101
313673
553553
735832
110940
269449
166496
219534
349868
215778
640725
461991
934687
874659
308066
398945
229074
339518
7149
890911
673591
418139
816828
447570
840208
626313
380732
88820
378442
17679
519534
441198
838772
333857
71727
687322
643354
53742
180066
543074
291586
280534
493884
734855
731394
250809
882795
584318
183356
739563
34532
556853
454200
503043
266504
707763
827996
391699
946994
852509
116554
799346
942495
591316
153366
683572
445563
956476
96867
28475
606212
405592
16857
316327
508125
419601
798533
776233
937521
711062
745228
660917
163394
958620
885325
830421
750733
640326
2899
157787
227740
683041
384883
403631
486824
793478
35080
891462
977192
231970
648905
552499
670650
334803
841028
689559
258669
213032
362233
6197
959977
115339
608790
504736
738940
627131
966090
950357
904705
796465
954823
639973
766447
41508
701977
231819
16379
722216
722526
226332
451051
34162
711777
582492
612217
797622
793687
930988
814112
477809
10421
466721
93061
283203
757420
201457
403461
984500
177731
56263
544535
833303
808079
778550
943774
117131
340240
642505
713998
842270
115307
821881
30840
118669
616320
233208
410867
761575
524967
348650
655721
180367
886860
529395
560955
917280
148324
515435
809490
374379
536139
766766
977795
810907
297340
454929
59870
253370
297644
684015
502356
39628
43907
236961
737218
568921
112504
634699
988830
901257
408327
184723
772989
626215
748626
338733
745662
214792
130578
198162
457559
972293
848632
362896
985146
358115
139940
40954
202211
624084
298113
397439
567937
981975
267899
866136
117246
57850
108702
664795
470125
871551
163404
705325
808079
708637
472218
893652
433794
98717
880649
640683
472711
481317
982172
65774
855150
423186
86554
562741
713120
744958
496994
784958
409801
237793
656870
720355
76320
249491
711558
494890
462292
873071
708041
514107
376532
405716
586618
468908
295547
692997
309789
636217
636439
158704
466637
704207
671957
605836
202803
115847
122698
104155
535333
897840
540512
477711
485208
574277
869147
951497
504515
43710
716615
702588
948627
864194
371456
594544
673220
707001
468509
201827
603363
27520
546682