287043
612552
405981
224128
579408
104242
58206
651891
511569
652016
138228
905893
656616
411014
19564
448828
541194
201470
830777
84651
531627
16608
84260
627135
609912
601873
489248
845704
698750
421318
645115
129378
541736
774051
47921
988959
591461
85876
501019
609747
930280
827078
834437
842235
19081
569699
510812
391690
892809
294313
225990
10130
961395
537030
946188
950027
541597
288658
446514
757764
841614
75081
621928
274979
165625
653540
525337
534362
572008
246162
519264
110248
72948
234776
147802
128521
180016
861058
970390
410044
781478
664517
267369
393775
792633
511091
138015
367240
489834
858713
680844
424338
844341
788600
119616
940546
973211
693022
40856
214246