585400
63551
807435
761937
596420
117945
407433
294097
464385
616169
522048
589977
15866
311266
782233
920307
433121
457943
414476
279795
329260
188759
823766
552706
496986
860262
135753
630406
637588
341497
63101
896303
404014
347405
942244
394785
641676
421860
109499
488377
55010
503773
199709
201790
98899
907887
176370
545638
783419
915074
470660
649026
391688
970858
406962
393351
717571
731328
25981
743993
329773
559583
119999
340981
124100
377080
267260
999708
426533
751955
264337
148568
242315
777634
854793
100428
661045
103555
110799
580380
314086
105747
35901
816213
488390
905450
105426
208507
593766
148790
783107
546606
983969
939959
568936
262776
767581
702420
869783
983606
620017
881625
80590
394784
55201
130062
775561
654518
895492
353973
421492
727688
968775
393247
428219
823586
652106
554475
970621
334419
860392
843292
934686
946649
428308
220950
766843
777899
730910
515381
465849
447651
865365
506826
588087
569733
822919
216947
143586
556784
926820
151382
100006
201951
789441
764730
426497
485916
791224
795650
573364
819459
821100
200838
523092
913327
402986
627151
209597
451459
957355
805743
553957
868311
796662
304955
255374
290684
481954
552359
616917
207918
387577
159036
73896
124949
14008
623480
39125
212600
93492
933122
732413
550463
540182
366216
652135
348387
548871
78903
641201
114804
297383
418134
299489
401286
879542
78335
232089
245689
375637
998076
210217
606308
90855
705658
112831
810846
167634
124460
554105
709096
288226
600127
353243
150842
783564
648757
70748
883688
977487
501857
741339
246385
798966
974206
957039
157733
366843
240491
285019
599792
451845
713799
148256
779782
900434
538341
700333
551021
758576
860396
769074
234146
698150
875342
700626
784745
294191
808739
215415
444532
680550
978465
67711
723375
407997
467194
121556
554342
12903
256210
293593
498324
437078
153244
885568
239561
245982
33552
514872
960694
229305
607499
19140
187288
633380
871106
232359
536767
332966
842340
158843
902331
651696
515916
125793
653154
278496
401504
353875
413695
968224
973449
857302
409114
310507
619023
615819
910816
155952
313744
491043
21615
799630
487132
613554
252160
91392
953584
801373
795826
521362
581837
599150
813167
331409
721397
693382
575549
460226
22914
282226
327779
851016
974435
142422
980021
303465
699891
12741
52735
648106
560439
908339
170186
597782
638068
357634
870093
799134
369387
582520
763635
15002
179891
853394
409221
764141
995697
723505
810357
130695
708277
627187
837190
97221
720500
644445
55514
264307
463006
428084
204250
539633
912796
994603
401788
814323
722920
516214
269492
110178
634952
236925
385593
364448
572584
113644
577970
529577
764947
600231
979389
753620
315022
440987
586076
422009
265169
836976
986557
516013
397731
772058
668325
516777
497233
753295
165816
464137
526922
444115
825511
662256
783322
317358
922614
903176
244801
969023
545193
551
99887
391083
902730
781773
173791
80942
547482
494346
760973
154577
452370
13757
630805
432572
956500
820278
75242
109219
178803
269373
456303
76380
459163
438892
791925
911185
945375
561143
941650
92177
225630
244300
405978
903297
538704
802645
204413
233711
289842
435611
534525
862087
993740
995204
474826
844254
771996
59517
789563
376172
995553
150450
965483
118231
883077
526010
449518
589738
34919
369040
813039
159012
597573
799420
599143
932909
814403
679441
544188
124643
444698
785999
438964
872339
836192
610664
600916
547204
887663
191520
44889
43053
949301
387085
563730
643846
468440
436158
953176
13499
258499
969912
373483
514621
810514
128860
737899
121459
81686
683940
364912
941455
502981
942156
258310
286843
97665
817037
191880
993649
275075
563268
3288
849194
529764
707506
103480
296750
278728
931485
813640
876426
580711
108883
862364
490720
349433
464974
141113
38232
267518
42931
555052
246772
426983
546229
454600
950274
482276
349718
654138
746218
964939
216974
116042
694503
966690
694852
164464
899027
339081
996089
72465
55130
304583
261060
648341
501969
964847
716152
60262
484575
427758
90977
786886
866649
172660
829805
966925
276972
842237
507368
310142
522227
609595
193248
950085
289769
316706
638120
850320
825656
72463
372535
827527
999088
513366
688496
288937
310163
463271
830908
255556
892941
766363
804051
448785
957249
380449
327514
222442
58558
160447
400167
100520
15120
874951
97248
469085
739891
788377
151233
66539
624163
487823
149627
37631
874766
254857
217082
183342
616363
459668
870719
610218
46116
90745
390445
700832
743727
492768
192671
781042
510843
950304
141750
397516
627333
116260
728112
445605
867273
890683
720307
694548
399382
502331
947050
217228
983482
948435
311686
43894
141021
473964
696934
779433
825770
412412
262545
206281
19048
621799
849888
806457
301863
43473
890169
213694
13013
170756
873270
73201
304624
630395
502691
279840
508950
401161
151270
730371
900472
83689
2042
313622
195565
375075
242516
197592
797538
238487
549542
822814
955248
876649
118913
72916
400966
343945
865237
5585
15813
81309
747796
611478
942379
303950
603253
230692
89318
176620
264661
170999
305930
854335
557815
304354
225630
332523
652588
734664
309073
655678
703566
969652
132490
244570
322598
118358
843613
937338
313005
585179
318425
420578
500528
714727
792702
789159
667852
302002
761676
874008
338585
244348
249846
822088
399972
58862
329398
435705
42516
194511
6394
621479
836077
19871
69884
578734
800691
260244
284527
650136
283110
299310
585301
964423
45100
309881
881069
176700
757837
753247
102986
202369
905240
767399
945279
130297
506594
737358
682167
886146
771950
462336
765089
916996
762152
819507
490440
721817
924108
594401
564672
964185
418660
513120
866172
129344
245166
641695
299709
705214
737947
275199
74917
864540
509812
654091
446378
329286
793368
728022
452389
955513
656544
428656
556170
405130
971235
297284
800371
990864
515029
274705
452117
479215
657098
426819
296531
562946
39001
867245
772273
585252
879835
41702
21665
53979
486675
954173
469305
38882
668391
896346
303814
451218
761037
176882
275834
466732
429697
586662
106304
510533
283826
4729
978480
83470
296445
300
804190
145599
983696
883064
765901
126816
815473
79272
560257
121844
492503
73040
163314
935234
561654
394989
127453
366017
679064
914715
26228
709407
669607
303917
446837
358574
573703
548588
465624
705068
70624
890927
981985
563373
26169
119828
663574
755751
549568
663640
719627
508954
446950
783576
828505
443994
399911
325029
490477
616954
845287
489278
745660
337943
513080
371244
660116
977918
285688
617279
49806
902267
524759
368352
384800
841215
406327
86035
516559
948205
76588
197644
423105
233537
230243
615210
681840
339549
866910
245140
314939
484658
334237
489455
838870
281031
533785
963193
982114
982761
13225
257861
994200
903663
432264
758867
156254
447401
237998
944651
922556
275941
475034
534294
56168
291037
853745
518618
602557
17920
994560
630288
273418
141979
175134
637635
287559
12324
932013
998118
117411
682211
324415
585427
949817
3646
28244
513948
981600
743775
91201
675216
771361
115012
384301
650380
122884
478882
707574
744122
409475
61239
859569
276459
930848
752171
702478
834061
564754
742242
303513
752969
204186
96033
286556
17915
972085
956826
801058
161167
435690
752533
899350
530549
279747
948925
311626
477824
856792
166021
862933
191968
117702
253877
389012
909626
988799
368981
455312
686817
643900
42484
501760
441332
735373
557141
752805
853716
583952
113271
485715
846591
624448
490816
351440
333646
377509
720709
223509
503815
887785
101880
164081
427232
112779
595823
624205
969681
890412
759117
948746
334676
262727
4815
975751
627388
726846
355253
211262
417519
45583
265290
713550
857666
123301
785362
543763
167279
899083
328528
130737
528693
412475
424817
949872
35789
467733
931224
577153
500484
560491
510279
124959
115322
863609
930663
455953
923253
5298
483636
461580
418147
605173
38791
412789
253930
405343
687681
632963
969198
544570
170193
441539
94494
2322
487971
375605
259387
661224
57830
643412
698535
408128
708727
225523
813861
657877
358767
344707
489523
743149
459718
403057
489089
538119
512546
734572
412813
435632
140352
297668
840156
679028
863934
661166
234774
751730
688386
397156
102591
307785
386187
993065
665870
948142
222546
212394
273068
432032
623644
873024
48138
433266
667039
101202
391967
683655
61902
795288
199613
271581
87235
652410
453775
933887
985352
506775
829681
645662
178946
610145
424492
936314
661499
583525
141709
266811
717963
675624
682016
576028
981025
412781
436814
823303
836467
998484
435408
671739
201472
493404
536207
280425
56830
970121
113818
646623
529702
819681
733251
848987
132632
914896
116758
682562
686187
666795
634551
139113
150549
289745
644695
206287
67892
71662
322963
159022
499703
821785
40489
745510
783084
528157
110295
559002
287654
438677
815186
553494
743178
925616
87712
986413
758774
552789
946322
513506
588751
402208
434914
892156
538534
691465
443365
510781
896775
90662
910124
936299
614749
797575
907133
724941
643653
590847
32425
774386
294061
562498
83146
353258
359401
243306
279195
638488
551506
870292
804532
529247
642395
898215
28512
371066
276402
553204
565532
803304
897230
779065
385647
478468
196379
851200
556001
82419
157376
692581
84505
141430
588553
761716
750871
72991
172214
791985
309386
631968
610335
585201
522830
633278
146306
941413
873734
847269
116139
979831
523795
250774
746302
899148
230062
440571
504100
277418
889576
94108
237840
246387
850683
180905
230061
583696
31563
657719
817446
143465
579647
29896
323729
617040
872887
280259
274937
638269
644969
414786
721478
35828
292123
277002
376971
686467
300415
786134
882284
395047
932518
234060
113642
220367
570530
705745
463309
497656
528893
558392
218029
11511
156495
563221
92124
517781
969728
690288
22643
260436
291163
714453
987896
210128
616778
155849
357353
992833
455156
461911
510632
992989
303792
95048
717442
528858
809188
784112
413085
399761
58367
863781
9150
31038
64015
147659
799477
15780
793919
624331
116325
904653
592945
891426
837492
978671
427316
764501
251659
424619
625954
806786
970314
989295
417113
421330
815820
43706
849812
28683
673362
217663
308901
528834
561358
11107
861393
842094
520462
29217
280263
528023
88835
970701
502271
749804
197870
788278
187628
107892
417318
956580
725405
527837
556936
783488
184245
831665
687163
810835
902981
601126
500382
709159
995203
146964
310737
861385
959978
990337
394461
923568
911085
334744
287681
453944
398873
9721
201178
687303
248966
905130
914669
926545
870841
312426
990932
207478
126489
621542
56708
952328
973004
706309
416951
294891
235886
335134
327290
221333
61934
222665
637077
656822
908740
604371
913682
408753
423570
55883
887276
246791
110295
979769
238358
185493
378634
720046
456548
914996
407257
255671
128666
643006
737405
350763
969744
666928
840634
532068
902974
468523
854768
91658
300202
619669
449057
804939
158443
422748
368640
43303
578008
259227
360498
744807
579538
563093
787172
63021
325675
689757
821896
808871
810098
419672
919789
9117
799709
849627
19321
56426
828881
593198
474630
182280
784080
43314
957655
995396
888127
614750
808566
559888
435475
276837
397099
909751
622360
455924
454106
599659
341086
675799
708602
260730
129984
499451
610478
5727
898194
650830
385729
578101
626662
451971
29251
856263
352635
938737
910842
69506
229827
708955
885959
260684
560592
182218
826839
896877
191386
763863
698626
265323
615343
140997
202115
738677
751927
849034
825813
418741
725219
499951
866854
653256
599922
305997
987770
307210
113375
119927
784799
917194
384107
214582
625288
346397
824706
343791
610057
930510
498701
949153
616110
101491
827475
613707
121080
516699
198412
910186
269941
601251
415364
94624
390459
515879
709033
869104
179265
413526
902449
373030
411225
696095
856490
936468
65294
209800
757855
738166
17750
704669
758308
443639
954164
837189
366143
68941
485613
446128
201395
43455
949732
290284
492970
81415
158100
540631
847678
509586
43690
934767
601572
127715
997629
471493
718901
820056
919211
861008
71963
42885
816081
18078
400212
178684
948454
168421
670566
422255
799349
756536
248095
980972
573941
881941
93192
512390
983814
772891
910118
445588
556938
793241
7276
659987
684894
966465
518976
578279
373812
422523
822440
892287
550991
660502
135441
881493
965209
575513
583356
589525
412644
805048
318534
710037
92923
65442
561554
204931
250980
515639
260180
290397
441014
895255
935805
58840
155025
778518
539454
554724
96125
566667
302843
391175
256482
11720
489934
173990
38113
936547
253941
985251
133903
966835
622041
234975
153420
401303
820988
40928
65667
369072
507326
427790
982912
972206
43851
11800
743464
26568
319908
48564
928026
408325
316297
471491
812065
277368
65
339986
564690
646025
86597
906877
536521
219309
270799
253422
791994
676663
404794
620163
897334
588680
684438
188238
589565
444962
786826
903349
634298
595227
12198
679546
494175
889133
408901
925013
76701
404714
164443
247742
93312
78668
402593
939399
350438
834795
854234
841701
298266
524871
387904
304015
481425
118085
183632
535038
664064
340791
125679
379413
174488
358484
900151
763803
857568
133319
414499
762723
671917
315171
959251
202445
655231
493043
950715
278693
98363
537967
786926
956520
513025
567499
918659
129703
692969
652906
675553
420485
989023
168177
920301
381338
591128
771766
432844
409594
343152
131478
928727
315600
188578
6053
371483
372323
736291
763969
230025
9723
914715
647872
884417
847645
263425
173447
583477
147569
649362
281276
237629
168325
496621
458643
489720
554730
442190
155973
742233
394940
958117
723039
610773
14912
879314
328823
299495
948453
310016
169209
46526
368877
511131
874015
967237
32165
134959
322239
84620
661584
849566
89982
465816
591650
676606
168354
309828
898856
953933
898950
256145
797893
111057
612326
414418
659222
840016
407642
536877
172535
895913
325088
627342
830367
324686
646098
692846
532582
511327
535350
38267
278440
26147
59828
762597