488367
231777
662360
502022
625268
624559
673072
786570
850732
383147
480117
504601
917273
951429
196123
973005
293969
257112
827750
536930
112710
158023
706306
39013
22048
595634
785903
623868
953542
94164
412889
112140
813436
703164
481541
244938
819750
72869
68520
223778
719723
607604
620818
721021
997941
701391
289735
985651
471892
357013
623918
640013
956738
261757
483555
596917
838465
956942
785511
3004
922849
795960
210423
808456
516702
397262
70522
713049
672934
405601
323731
75254
816375
727866
348375
950712
897383
728947
987736
995826
150013
880946
312288
718907
687357
667715
880122
245403
360002
961873
2985
239246
155459
638657
453436
13111
117431
328684
281529
320100
198613
390966
741110
433786
243893
213327
558792
628541
477458
565318
299602
688062
912945
331333
666751
66722
800922
868333
394186
180426
355077
990479
93946
612068
711697
338307
976492
760526
434925
736489
478920
112226
338457
291706
873302
683042
226951
660938
326697
900481
663643
426844
166329
452940
576914
563553
312015
870131
323646
821967
373977
877816
491183
500443
927005
491763
715246
449298
92554
734847
199011
725529
4010
122245
789590
496191
465716
981539
135826
107644
870399
630200
47910
110345
245904
519246
221765
153755
333908
25317
395021
918461
565737
419672
289124
703689
526486
507311
122367
428098
528668
689472
742780
956241
202788
595586
746607
512091
594455
125103
675386
215739
195149
323733
227030
820769
787485
256378
496238
267782
676307
434794
473066
988875
22335
553823
785993
19501
171818
52299
613799
918439
961508
711492
133854
66213
660217
764236
103625
653088
715650
980604
104676
818202
214935
812173
167183
509432
427298
159875
363505
198199
164622
337655
66745
552140
532575
777215
492096
823965
140700
288956
769419
385301
188967
785471
740716
303720
932013
845144
472647
120867
41016
912637
686770
820590
938017
950548
271286
111842
105955
556253
87283
886081
897676
284223
508447
138582
960204
668717
89327
361450
641648
170101
947342
552096
614184
718501
688522
762222
97476
135706
276430
616632
177662
683366
300042
495626
261808
460253
341807
361522
489254
507325
109142
463736
815182
13303
737280
334012
201740
213150
390776
887018
37482
893803
478485
801115
653037
750123
462556
826827
195330
366405
624962
125875
323031
410732
50766
683395
315143
820381
475229
954366
412269
884757
617343
462065
19162
908435
187839
351633
923169
407429
139904
683440
578319
310546
951107
762716
486776
170691
172229
319828
480620
601487
717381
938344
527881
483457
661604
155308
344490
368008
237540
158168
310589
611419
137683
391679
401779
552966
689793
938986
333712
308886
456492
596561
7266
410269
359869
769653
319886
591907
544491
858205
179077
880425
543870
521131
481686
534427
443182
145305
598494
767505
189610
452565
289306
171074
332212
570423
445341
282374
891177
649179
516445
463813
122142
576096
159271
147457
893927
729084
466739
676734
192241
746681
480786
538250
629327
143311
627715
370860
427090
463071
952678
917741
340752
679562
597384
284861
41991
390060
296029
188228
274268
643384
50699
712775
577980
669361
949026
346098
524131
245251
878058
37832
383227
180860
965910
70436
626076
190186
55252
413802
49266
741777
852614
646544
435837
446473
739786
692610
446513
665842
107893
831991
244221
210454
805791
310734
278249
569497
384728
524452
294680
545375
77945
595381
312877
600378
949589
807467
850250
876238
688781
192520
674676
751492
95362
679533
490706
202983
511334
264453
623764
490654
627884
828689
97713
301446
993822
587472
690696
551212
291020
701578
832104
885156
442594
136121
714091
221320
95379
166677
216253
98641
65009
799163
476154
363467
863967
625145
873718
636024
151966
733624
423190
270148
502083
591366
744219
977503
328393
275647
652863
510076
352131
705432
624120
659366
438634
815432
36377
136890
464212
99284
114904
722181
596166
332917
703594
129146
83872
652263
635594
673360
521846
628753
157529
131638
372032
527180
856352
127348
638631
379153
924209
422048
635263
913668
999467
861241
301268
827927
27355
375331
479069
598364
206015
972031
2894
918891
470823
993702
228617
634988
607413
706883
718004
376386
123907
579402
175910
328853
576611
196249
876538
388986
94145
808425
466886
528704
812197
894128
541222
86489
720085
199063
161649
598243
671000
676179
331534
200146
220245
107938
153119
571772
139353
588132
325274
668417
492855
7380
207097
783189
300361
282721
677768
359532
71445
686445
887387
220096
990475
313697
858786
939010
953579
106347
317461
254939
732740
295573
493833
757277
254231
160259
56101
889931
313242
261769
141486
901633
863064
425575
959357
60482
949814
632226
315731
816028
125776
558015
393219
915642
109953
144415
533837
57094
299138
8754
574667
101688
315369
705817
587268
713728
42387
68636
953759
573580
377629
589508
438834
12982
478412
625623
180343
168142
873293
14958
660063
202303
379798
302324
224705
378016
413418
388221
157547
846105
421756
947648
273241
298096
454955
217523
992516
621487
464748
996418
766225
176948
271110
40939
764906
739797
300022
43705
162666
852525
202802
984282
110194
996168
271626
73887
523097
348390
855019
9360
291008
347312
912766
797162
724227
943669
235629
929975
415051
48862
961670
662727
398912
112054
204664
862224
279900
824784
420473
931808
857755
952404
836874
51962
500558
881450
762194
366101
484239
220866
623463
562349
981903
308541
172012
793603
482827
262971
992980
290744
252957
63106
586949
754690
985711
468935
881303
209800
84426
227741
267643
357152
129164
76727
398073
293090
882808
685787
669585
720489
799720
54950
624387
394214
822557
295990
466923
985952
180919
273399
722756
504972
163584
767950
771405
405316
512610
397659
323784
663848
116217
667567
183391
575374
345027
956042
750370
318758
926836
342351
944491
314031
807207
184262
441699
875408
218862
876430
819101
709012
118666
677405
44255
601541
250742
317749
316738
805923
733982
604646
855983
353922
586477
752762
857289
519293
175363
85504
654697
96666
166086
970168
588996
675836
248400
712344
774441
852159
200582
807865
453351
461300
899208
884513
401740
447033
254532
437485
870920
916915
469285
574299
45167
431658
887018
893170
906269
792258
630417
819534
788147
721234
279921
690956
352960
249187
801575
88334
450748
996679
638760
431403
74222
543955
658934
806838
467693
285754
910766
484777
182915
862151
996221
643311
961453
443062
553395
800203
54591
326128
369264
45480
515812
129762
252987
982781
819011
82937
156337
471644
786494
895164
226522
940760
254036
431429
537047
653585
136934
842013
894776
468702
937047
807219
602282
931093
332748
440313
313293
833721
877970
962076
282148
276225
477215
571869
153382
704833
3505
335569
961073
372727
971987
131761
579550
434741
1278
321439
126255
15398
238940
399414
287653
610622
170472
103052
585582
188290
500529
600711
576444
322929
598972
146969
212273
936270
990793
155801
206070
724427
993262
523071
861675
370259
548640
561276
518201
847348
702097
155060
130051
562152
906419
926041
208634
927231
950170
495205
865039
337898
336511
330419
42500
864742
962912
683387
598492
583106
756613
598952
968753
215119
163678
448664
602276
718884
652041
996079
952942
595467
529583
208536
615573
383436
694798
725722
518971
708435
51281
820498
588881
97984
829339
809939
201384
14411
746786
529815
192040
707602
729976
538912
868377
524353
720038
909039
609695
582429
508529
598112
984131
202285
709822
409952
989419
524229
161745
37069
110188
697328
960369
547304
966966
133497
762984
442617
49710
404566
283303
621760
628761
535090
489478
663187
840115
777622
983720
696921
960032
994163
600060
364961
121466
991118
451937
711264
340105
195976
844769
838469
263824
550537
781918
188731
937924
485897
548811
941114
150616
936379
519825
841162
206195
921814
775953
719574
745219
19457
517961
732969
730859
89690
664336
190215
168728
918498
538683
414122
732401
568393
280610
920984
660973
517010
469757
624861
92798
368355
51239
87979
393323
202924
321349
326858
450747
186673
296960
476029
956749
960117
416749
494003
899077
550533
814158
338023
228193
895902
711858
773077
868329
851132
775543
683544
430597
946240
125232
650725
531624
755132
214241
748638
161514
599135
144871
678612
857012
685496
963765
44828
207828
488040
884217
701388
75313
738601
975708
335315
435736
734388
620136
716082
987444
890772
733829
392283
298589
916805
424092
564132
878407
950984
550621
107560
521563
598534
957787
305978
966242
575326
263060
123527
640478
173517
591631
691271
783987
524985
27806
114720
782914
126938
594435
293335
879063
606726
737071
416883
841016
308823
724581
11952
712670
791226
948478
607773
81216
298327
560389
736147
649674
550168
544834
51154
84269
505433
873940
175801
514512
554922
645623
477025
120676
737347
632870
759768
519317
877061
828890
996469
838108
931305
271536
196380
773873
567111
438568
982736
188254
65861
217801
615664
51119
217690
26723
944720
986502
184638
507693
940917
932618
363696
427148
967852
282751
294115
369845
418567
754738
779590
870633
146037
216075
126127
532639
19517
644
771171
246144
220503
348665
420740
597900
23975
512405
767512
649114
520151
186668
84977
426620
164048
732008
641279
207745
8468
423386
758190
65427
251
257842
348285
69697
863495
507914
361501
794200
522534
310172
698689
156522
38469
501140
149128
84080
193420
445505
58437
744843
411769
727972
820007
116710
635676
260587
831562
657464
924460
474744
691929
578854
384517
496537
652253
873221
124415
549213
851111
627453
230444
826876
581718
845001
192301
412981
555590
295898
377521
220213
833749
814363
954188
94899
526419
269072
470000
787033
749509
66456
712202
785948
505686
100689
308603
779308
808283
191002
111985
176583
711809
876020
856866
720425
735830
520513
844517
128542
398064
566319
158445
162039
290046
958894
201122
4187
89641
759452
399325
411125
794534
864067
317632
300043
389275
65336
516529
92206
930411
630948
718321
448525
565216
866719
848988
107493
886580
886456
414399
891924
58492
241297
968145
754955
970354
157415
988368
974688
782365
336496
877689
261571
338399
907805
489316
108809
284571
822207
764025
913508
496705
678214
444499
646900
677879
108836
292527
981110
639525
513359
258640
605850
945629
674342
950579
248691
945382
299755
266410
97800
214436
54894
899032
723143
3685
473291
274632
898329
928522
454538
297066
205713
38608
141604
826666
153661
610746
929317
304046
687391
868317
979693
931437
797494
420935
690576
103015
889141
90125
579869
509892
586773
179312
580796
108237
565766
469611
948657
24833
321473
453660
356861
316885
32377
378316
707171
358988
140911
890845
818440
37998
593381
958927
71667
889768
251306
185582
778485
823808
906132
8348
579810
782258
428492
975415
594941
44972
553859
652070
393458
43235
744771
575365
894716
206032
770528
672363
275431
73483
136205
94164
325871
860994
106058
422896
554952
65558
436219
59719
685751
994002
804180
372551
811997
909960
879537
911467
100756
745802
343170
574538
89458
807682
373156
787578
437483
388079
13322
421471
307667
453180
852122
114259
830720
108094
464212
719539
587150
530187
697965
706500
808188
759729
894266
330049
272307
409946
999304
482946
960999
511802
537736
867914
603094
738034
945319
276077
408046
915653
937468
868380
504907
518515
472859
678543
600350
973623
365127
708814
734889
509530
343875
395547
851942
233971
997769
488063
745800
428604
707284
569008
659481
452689
1624
157467
872514
86983
545298
676692
221929
208486
589817
812888
528692
828805
656020
213819
337645
984001
429541
600562
566270
909593
714819
96703
903259
768297
489541
383157
345278
466689
164826
849575
324046
712802
683638
496945
126425
375892
115495
165538
243264
970726
893446
363909
472754
107908
540488
345034
566096
88750
436020
116182
462384
258075
993007
515108
320573
340201
62195
529686
351548
83007
713758
373724
72745
88065
343975
238847
958336
535727
667691
845131
597527
225563
703717
43351
441896
268612
887741
677874
437933
497044
844535
146668
291620
221939
800716
685502
354290
444998
182358
468951
450020
933128
786660
635652
104912
128579
793837
370106
781658
396778
999266
880771
550162
692630
583836
892420
398139
610267
261941
959847
863719
838087
220274
557673
564670
377398
469470
409729
236061
37909
398962
397356
170906
819569
275888
932753
500966
246651
938894
349334
825740
530651
238224
194431
258326
151917
597679
864317
15950
833372
892533
779931
646754
779610
364906
654464
256097
203065
812712
122658
446690
562473
794443
246216
594947
946190
841541
747641
348879
924925
884750
893126
996409
441044
926136
647281
990405
634099
822112
284793
902854
325531
26560
777539
357186
486561
864418
630375
172017
743758
372719
346580
486244
480086
738918
471392
458947
765811
645480
797807
95727
635614
911663
747583
440966
41386
348127
812431
784068
630077
843893
599082
312774
231659
479836
840980
243627
890736
795358
191503
533395
981130
850871
828746
724681
918577
434438
647399
10493
32052
220509
690984
709546
121458
864119
990645
814166
579377
851721
399820
121144
708702
655921
539525
708403
246498
128779
298881
466241
415069
945763
713967
7339
522113
299588
979962
885492
305550
82351
804051
582614
509797
634791
346262
517220
289675
573161
123419
281358
168509
59898
624156
459267
571947
243736
841214
234545
740434
699218
199230
105703
476153
645428
191865
52124
797959
144794
832791
60809
120767
906149
665685
81137
759066
693324
242927
434433
434944
111818
437606
320721
446370
491253
225011
780362
420150
316655
633032
687651
574928
979509
966911
820676
892378
45461
907106
579403
679216
486396
366230
228716
633306
960941
534820
224690
610215
532750
696677
838949
689826
17885
557450
164548
807220
74368
528069
544946
499990
598329
23896
363629
833008
650744
181560
150329
168403
170698
184285
126363
634000
131184
448105
112705
757747
471370
562034
17535
327007
384050
898158
221492
640711
996966
159674
555979
146886
69277
609479
695965
249948
843706
331681
303732
108550
286558
766621
850923
685241
225176
285663
697905
236794
485495
398662
183596
378781
701441
274740
622201
264792
532348
331709
774290
818371
494761
515115
628425
829102
366800
403244
454001
210271
833655
925593
484123
776038
904620
298723
8254
537759
768578
260380
53360
736900
114904
917151
232529
343916
352788
877726
464967
445476
477295
250758
913827
255912
716906
175633
165858
615103
293087
624295
194704
563120
677746
325682
919880
433572
556902
211901
184150
637530
243852
646343
408509
977408
680022
15146
86420
924597
880393
328931
577610
431385
839633
206397
904779
503117
165230
515423
953083
683852
628493
471086
699360
822757
545649
915808
229020
581076
118800
540383
789783
201468
179578
930133
353211
439236
604724
829210
181913
298251
336739
834168
949993
664969
17380
312471
548974
126403
490744
221386
957816
328106
778845
562100
971331
319441
157624
750232
496509
667978
986221
203389
976677
571228
841617
23098
282447
988514
87799
923939
576132
727683
296935
339088
340934
238217
457389
629254
164848
181536
346701
383173
217212
159342
95636
462574
811167
186185
867145
686222
245455
310681
200451
279435
336292
140
141268
881001
75676
428911
232547
990714
652409
114224
599704
185376
747077
480749
258288
87424
893558
786424
689200
983237
425388
374058
832245
216206
572054
720992
822762
28534
126517
879511
702996
724541
535545
574688
280136
656215
126087
593791
166972
553169
197404
280934
267450
215132
879115
461257
937840
177784
713826
503134
947045
757630
741739
757875
798150
885322
608526
219243
271134
369091
198164
288150
632677
243464
342662
397868
396783
91576
879796
857766
798277
552030
853073
629562
373009
359608
616123
922097
851826
599522
718041
369062
253616
332900
980126
973021
100105
324948
454570
181565
70122
200169
506895
538091
883513
474014
974512
612741
786575
799615
979654
671736
427139
453012
776508
462143
307490
970471
598074
610873
6266
288690
227904
835429
449877
439402
789928
328892
614019
350882
244046
24554
179537
944798
643851
661803
475926
840757
383324
884095
90603
365217
533473
386505
479930
168679
289090
872586
707375
955549
829164
947060
841292
758045
556857
740462
633049
466117
250670
737891
60152
658023
664285
166983
361943
989588
732203
224680
835902
819904
28396
138540
803080
366354
535914
812461
362350
117835
700805
655726
684607
75344
804852
667384
990124
882517
95721
189909
156287
222696
687443
88936
743596
550936
348221
520743
508288
553024
776468
840183
338422
742771
743814
697314
969832
636485
767621
937015
136675
968052
25770
655551
781331
756594
198775
773527
75101
610512
724981
570351
428748
846792
605564
937054
963490
588199
217937
455391
559120
909013
991657
760108
824258
141251
418188
896437
819729
26799
495189
894461
418524
613847
585494
908882
776689
935800
138776
974951
249892
342849
354047
404431
846530
49433
460492
996184
571168
940874
299453
232834
50636
707528
527055
863579
733861
468322
155939
870648
70855
795652
517567
577233
195358
321638
758059
646458
440284
419797
911995
950394
556741
499164
852589
789834
7655
989327
612392
529836
131624
566643
939877
235748
805367
36045
588073
786583
345445
556806
570736
341055
784076
145015
660454
532297
184621
561303
811278
893260
981080
407102
873542
104485
833668
719253
141537
294643
861695
485213
50548
28588
848383
359704
528493
764250
247702
447255
83548
515638
179204
289633
920214
730079
695142
769661
2670
15287
793485
69917
300004
155163
795818
781031
235162
12220
534820
55648
159809
371039
470476
791735
335123
236397
509928
371052
652921
109943
249580
374747
474892
56587
276807
41065
78520
665643
159576
69706
550525
813424
3777
569388
998351
155771
331092
727107
24798
103827
617131
30066
474352
192672
958164
713363
243369
914691
264936
69923
144748
296336
797245
129421
797852
502121
392305
492945
448252
263608
739623
990353
742260
193480
374862
650872
461493
77825
408477
220359
573299
324926
143899
66622
733201
559437
588762
994403
149531
216898
837316
773745
240108
933112
573709
440480
435184
272549
894792
411213
193860
413913
658710
328775
269690
585811
4408
476598
671416
403840
532486
124327
943104
586129
281721
788919
376330
258615
131106
236380
690957
539134
20989
537483
466205
769475
780512
387849
382062
787988
647886
91794
512566
779554
61481
831711
893425
556965
90755
517656
730494
810381
759701
258070
14886
867808
236360
242963
542333
911669
834929
255025
651554
464971
392474
662436
642785
41222
522363
297404
876855
666632
699080
119570
612277
831976
526884
694799
862717
903890
936819
560148
57257
563451
936269
42185
646988
754558
680078
951237
363728
277400
210762
546391
638
415293
525214
246191
322141
255253
398369
831404
557361
1622
167930
313091
145252
566591
1291
819913
8771
422254
104651
459869
891615
516574
111026
727284
649428
435521
183309
859906
425382
204278
708337
447298
279943
712359
421708
384738
598773
414978
656151
885134
851584
549522
754791
15064
643113
738361
984675
572353
409958
25292
946128
969127
524291
675403
767944
37962
157730
134395
39690
698940
964387
293858
493162
182885
596958
930719
192681
284912
422989
232227
905375
998870
541127
579152
768533
19525
629607
842924
456943
746988
116043
955010
800646
861158
515576
266901
234196
497344
723227
710978
95433
202665
945643
827825
507130
863221
515498
47863
176057
127118
898633
616524
623103
412535
493739
664740
291142
426558
800130
68716
286260
903422
124182
245794
667057
675726
56548
342353
874841
683466
156003
954024
586509
194171
329825
53302
561892
79590
970828
528901
15551
322030
921229
281680
604091
446374
470351
910497
443071
35575
526174
60044
730356
688107
734058
796737
346388
245972
286890
48466
44892
519067
796893
561986
333019
562856
86251
921094
814381
319019
147435
661915
15553
517574
414718
629763
202901
360791
813848
930205
203716
698853
197599
4000
968885
780198
769259
441652
738677
748330
467758
817837
762591
754856
476717
651556
523128
105827
12588
443828
660631
429433
348648
212878
521025
999880
392254
654266
488275
993149
565161
643755
365336
762682
53352
175484
761467
889763
694142
333453
577878
729926
784211
162101
107368
224549
741048
470434
886885
844193
332168
925268
142568
615620
828906
560178
220868
262762
582898
669704
771064
553613
944743
665182
493056
436076
333663
806070
555016
510552
466119
842593
190076
979163
198911
129726
469818
907845
23842
350480
877865
556052
450979
711419
256895
683283
919771
632910
134687
816959
158529
44424
452667
326773
187531
116416
214382
338919
247455
298530
979831
414249
482436
369642
890141
484437
523101
428250
830589
988494
603458
761031
849777
623073
41724
63437
386399
568839
697117
872098
976155
689799
764602
150408
549306
127800
491911
410652
295860
359076
654989
641740
554421
304201
734218
147878
382848
692409
558245
928203
609344
105185
755276
741122
486701
808358
127724
573864
992087
581355
380684
371397
885523
755375
985735
571387
234687
508244
273508
978712
987763
509754
867667
873930
597573
462218
800838
261362
473785
317583
218410
735697
996676
304446
369985
546335
178683
209878
560734
176058
848541
480226
947772
434940
73337
96348
659962
268005
936445
700908
755319
253815
589021
504270
291846
795681
880156
987345
423758
963731
147642
931451
952193
611696
972730
507274
401591
888994
733199
330517
397926
191687
850339
3345
622592
907400
696067
5680
889257
305483
687402
988836
553428
453694
458664
685186
46841
199956
927278
88065
14261
53517
912121
994465
130941
145837
870233
878632
880896
28686
607901
382151
28377
945809
810845
562844
368686
832240
891044
299537
338728
813871
369655
891937
813647
220785
750150
122619
532481
416935
577326
121663
364174
245411
392169
170469
399731
573003
562131
55613
646514
696040
230937
443153
684810
575070
148096
481766
184536
585910
689040
585057
169482
449239
55771
35655
616059
715988
527661
873949
873008
919135
521041
45422
318126
724890
352638
754347
722230
536590
68189
837356
698335
53557
410616
968341
317070
446961
199616
742420
944212
288352
742523
348742
118051
123399
672520
32185
650926
914731
613712
924748
684829
924862
987595
668659
730922
177079
244012
118231
351835
383674
936811
562202
275036
49783
896364
302008
176696
866575
875281
595785
328628
238512
382489
163235
693128
587393
630899
887132
711547
454713
589795
193004
204250
709130
574224
865649
164436
770043
980327
401741
914933
988628
882288
462954
4989
359602
479979
386782
567004
910778
906406
813417
236429
658858
392862
714715
296844
545163
229647
575315
876725
38787
757275
698210
837179
782087
92051
7629
287873
808557
469092
475505
551256
977823
164576
545857
781206
103404
411688
181227
402383
419064
367476
316762
965363
399508
309695
301524
136324
392040
770321
821891
26546
553037
538730
440912
36116
323959
555464
904747
403077
825935
209878
861287
133657
31839
453425
545795
160635
250471
742039
953156
482148
758989
957614
801789
775162
49456
790767
415025
190595
614237
184237
52623
113156
576474
519430
316315
17338
971168
318501
967086
804020
666471
775728
827284
381451
719577
173397
437907
101952
801256
462252
732619
573616
682875
521993
388217
704566
392963
542690
562773
131293
813165
436375
967708
699456
704048
412898
705640
419841
924357
674908
875642
228642
751223
265128
472730
863875
213648
915009
410965
613240
104819
152156
91557
78918
926408
653113
165935
384315
371153
318412
690278
455335
227228
604674
382861
769146
261265
19442
715993
739067
309483
252385
374260
628515
719939
636786
471326
570068
570376
457576
44334
254521
438795
328473
148535
92795
996599
244594
347782
940764
807006
21281
524935
865716
107374
991011
112199
321030
799426
206890
98003
153343
893525
288746
702336
547210
125521
145792
254916
565394
87302
694655
364930
164629
789942
882457
867427
658593
570828
26727
803167
960879
700973
781397
838684
798873
459303
554733
602029
169272
982471
949694
197499
837662
118663
702248
181185
300141
766243
433671
503153
214290
447308
236602
558708
779426
929910
734223
162959
702671
216076
538189
616289
195014
289988
269341
181896
520297
188492
861525
253604
175076
770787
292130
617651
892206
392965
625618
244956
763102
939710
465084
458951
907687
620128
399372
627561
172466
11728
478319
71261
297814
653818
144919
90606
543095
611685
367723
601393
628344
513760
871183
849615
37150
29340
853515
529633
372674
797652
603418
788724
478642
236454
954898
484524
840614
34118
386795
217092
87002
141384
795053
988915
637773
828762
462458
843306
458452
348372
596469
698874
995483
430824
658958
669651
546297
334644
871980
144679
66159
952758
416629
928430
371134
386079
158269
606722
908834
890944
891784
422506
74094
404705
853053
911603
693637
490545
341802
182522
700466
274327
961326
320647
535973
378983
524871
840212
431499
271472
692153
638443
172616
815730
858007
12589
746964
192109
765553
237550
622959
946772
309274
85502
256642
902048
59348
577731
195796
259138
676954
221698
792293
852016
974346
489660
123563
343329
101998
242869
186470
993811
307750
14736
797282
252873
363571
660310
452489
355859
545762
302229
494434
240133
433491
200101
297642
656521
669861
324230
297741
523345
874111
694949
474561
13412
261118
34237
139392
389018
205558
722394
455008
144739
864423
872505
930448
929281
980414
469324
284401
938070
94852
189593
151566
835351
217895
940290
510714
46368
231075
232863
16389
273954
109837
574983
864154
57527
529276
844654
751672
983894
360852
271272
331403
556898
733872
399628
107367
971613
608876
266676
557856
356730
848908
946528
829320
676175
52172
534970
560390
823465
594692
505076
386959
31610
283576
810253
27204
216685
418106
440883
341928
236826
392124
161347
899516
991765
482806
982508
104569
465697
228208
996721
927018
310082
816621
490957
523747
226032
134580
346480
337377
263527
18171
676392
878016
513116
177395
897371
355283
404426
644011
684528
113955
957097
272033
986446
7047
914240
60332
493436
930781
825106
847551
700840
396066
399348
929498
388995
134644
349310
812307
959945
38049
229472
936381
444894
37419
327052
826418
187220
257690
83089
896258
671114
398398
727624
130168
521326
311168
920487
167621
644706
690724
831026
440396
199868
582622
513106
111369
650664
756493
430206
984479
279977
739032
268373
917244
437372
849380
604046
227307
281053
238703
763975
675766
381027
623692
152057
842293
171462
690171
750157
493175
118593
227172
641224
538956
155666
40816
107617
96430
835039
826821
216243
538570
703602
372252
72525
641326
622245
387840
590951
610256
872857
258213
274352
302392
994464
466274
599362
909451
206459
762956
853751
614006
116925
864817
470293
426483
64334
65710
634340
803067
846923
102701
62881
882184
882315
998847
490443
549061
78397
213650
565210
49045
99949
411919
9871
897981
899621
118098
351207
819695
969840
905351
609769
697012
300986
703454
689951
891381
14099
361130
314337
103397
755538
461979
673868
861071
331414
130710
967378
675447
378088
904558
843947
765424
372540
607490
986538
54266
913942
896947
985194
281429
3274
243455
580647
29798
118300
45695
182377
128325
858501
254265
707034
599521
755671
852771
791737
903312
439160
801845
986727
570615
423882
459817
80543
608019
195179
749586
976195
411105
747672
326870
291729
906672
630828
725578
869428
57345
36102
53865
982775
717528
736009
388143
462356
697378
601790
263896
547563
549762
126996
105584
391886
309754
899655
353943
106873
356402
885405
149779
310751
468648
582349
45074
943071
282293
810491
687546
613333
58808
645342
796143
822157
685601
939523
699233
547091
301788
733674
810894
597350
145239
844174
161499
839819
719730
528451
399691
644797
650626
931447
445337
835330
826178
440666
826104
565208
974808
674650
463909
29006
166655
638663
136357
861232
193621
615958
101856
974747
841795
358657
744858
434030
915972
475083
417354
971553
178708
689698
292889
497903
229559
632669
63032
13807
105828
154916
818014
758145
923148
141614
525213
12899
476874
175269
594784
840867
823144
913831
457731
558703
302731
290790
256719
616904
273213
802991
831697
361557
83413
97992
417429
612500
827397
477169
388036
732331
368384
192205
863127
839133
248646
346907
530359
940504
214093
734236
856371
5419
456717
346457
23389
332372
555880
99453
459074
496823
437685
82717
587715
602283
856680
939353
397524
200623
280863
220378
314321
189818
148555
463803
677944
148784
452985
80196
584903
438960
275196
191185
478899
279114
723641
184913
477058
763726
440143
629354
359685
891520
322913
71610
491510
200295
302529
199865
393770
117828
490810
700794
180018
486432
982330
573008
986836
47423
615130
525645
349025
358512
860556
383398
52339
829766
138336
33906
710853
251297
879667
280913
463471
485605
255732
620393
483388
574861
239892
222860
113770
852056
463690
389430
953469
331745
70144
563506
514880
892556
394461
106011
318745
233692
614576
94528
623560
983650
189494
372001
751484
381841
851592
760150
300754
337324
439332
402191
866282
351776
647381
40246
115624
832686
592962
709105
287876
967232
530257
8131
97999
870109
516534
466642
440451
427000
272092
815171
670341
749731
736302
503681
93433
18529
906114
974493
198466
306200
188066
554255
65429
406821
701177
63195
244216
736202
798359
22031
924765
659395
657121
212585
390613
192310
163160
243093
964083
278664
232324
53843
209918
407628
224636
148727
382673
634454
20309
849034
879507
169198
519269
6926
203279
975520
480562
867103
491183
661104
708860
903605
384282
439915
188196
177798
919527
665689
197944
903240
629628
938895
769500
809364
456840
737633
824790
639654
290841
378548
553333
968577
821402
879793
451423
143536
74861
192405
860918
401319
373217
848485
736231
149895
553360
932799
419151
193600
637208
109388
910601
725841
26868
722578
138328
175403
713462
118246
389166
821875
27363
550334
888215
591078
475819
260837
142981
827416
618243
147527
8952
907605
250401
722796
192265
391464
77075
846786
451412
256442
755901
725330
662144
566161
837485
81045
218029
171834
809756
912928
717048
882050
172868
159930
854893
807006
280088
807630
352010
79978
72869
758012
483628
485390
195587
445577
845657
218877
582455
620151
451625
503959
793705
704240
303569
758063
701372
678044
698381
28390
579535
240722
221098
977270
150544
27690
225389
749963
882424
277617
507555
707659
829222
934838
37446
660087
836508
338433
489865
201961
672784
312547
657921
55357
672560
397993
724336
90572
579766
533738
738926
825940
696675
905280
417270
276083
887962
354643
990218
502290
839004
553808
847108
579935
868252
204921
925307
467378
683519
818967
401550
904401
950578
420298
103760
384975
577255
146049
625296
535375
95405
723844
621123
590054
769770
805870
332816
833054
764024
381625
321400
372055
459354
229426
67681
339849
794010
406411
528189
507876
397376
722319
940827
955608
98480
167664
382922
3568
29857
635516
323301
663257
434934
826670
455424
160449
378555
539489
574190
809755
680957
35551
702252
930431
541829
433560
944877
347373
234035
290222
869954
99506
189812
70253
362214
536163
54240
139800
484899
803590
528946
627870
845669
229713
842789
729068
332249
61770
81319
386844
25602
78349
937788
664395
260120
485868
322802
410760
661788
826352
604029
31272
514365
302142
967918
742198
447264
371477
825364
777223
155088
97716
953327
408620
154434
285977
415693
762050
11523
732003
971652
38499
625728
655257
196171
210239
265906
285955
381365
890693
975076
473206
207562
293114
904290
138094
323907
659245
217088
688083
299746
440897
907140
321374
145004
283497
464241
204501
717572
195315
637873
556018
533222
704891
709661
517410
280380
471040
352876
607017
175968
662675
574519
269218
412655
267691
433957
168484
621510
837398
15608
678145
212316
208010
527410
559336
576764
863002
820837
648106
596957
545092
445334
903897
429407
999207
494413
764941
69668
447633
516732
636800
503881
358519
345162
591065
999872
104958
610554
683718
862348
921078
705405
926594
107671
623910
198864
154550
878899
779010
289555
871804
373867
822649
905960
72510
9222
589675
678724
617405
708440
517816
573333
695854
690692
120115
822928
106686
136337
833974
850774
347958
426920
553167
136194
346490
40487
380952
666130
75628
770662
640677
757231
582766
712836
916246
515098
388484
395244
755531
571957
854551
425130
957303
593900
251989
186275
311822
487422
518454
4918
321048
915756
908634
817582
872487
340348
44302
690145
986213
921898
915630
981672
520519
573036
551204
250938
77278
438816
541454
706087
712396
370005
959806
119855
124243
314227
404251
759997
182985
346312
509924
59331
72168
980975
359957
406963
233346
517407
242466
664086
29073
614349
714912
610765
228844
57471
295747
108195
539862
830703
13314
893579
161457
542040
806423
207930
539664
325152
381986
782243
189738
807841
154349
999820
137898
311829
138762
122954
503458
516702
99161
313501
830112
845104
866214
278570
987545
13788
585135
54865
564738
945401
574211
649066
869694
331569
497285
486881
147826
498661
775056
7083
521652
746814
363252
792996
862561
639569
937887
204551
714765
337902
134424
770441
493653
106438
843812
397394
957649
140278
465355
561113
845542
954228
554420
989851
728632
721173
329133
488247
890748
31736
230087
441257
902123
505875
411230
928609
670482
528472
806583
443327
259910
678723
455362
850094
243510
387011
949502
718490
166233
699714
4988
438159
241286
139283
117563
398383
7650
740471
263282
271120
626163
693132
747053
746992
273491
122963
17167
687765
310977
574172
515638
783173
376210
238928
136763
788959
940357
638875
431704
382165
254387
900340
762213
976263
289445
207882
276987
674300
569472
590604
618873
569663
745179
302357
572709
247508
461553
748787
887210
811606
558642
527827
758591
634606
142580
202314
498921
299122
169735
511106
268567
892439
689957
305087
355562
706901
143368
436429
527960
757462
665750
661000
854374
193049
35256
895240
112594
884586
339272
35751
428627
985206
888744
186031
454136
383821
992880
154853
377325
458425
511679
477420
95261
980085
252275
83160
239985
465548
806643
32720
26806
296528
825641
362655
342684
935987
471821
56279
21658
295173
584349
167842
441775
270986
607913
853734
531780
779831
964234
370132
904046
531209
511795
263118
344335
422915
465311
740787
619356
725826
791786
844040
516664
770302
259068
755588
947071
970591
157088
904888
248032
3577
805170
698457
270370
455462
410871
507499
204231
901887
592583
694476
731917
879670
252197
18843
177425
303507
335535
145283
47951
266953
396016
669223
447364
707445
902035
770796
976244
167090
23987
960989
288136
503771
776973
807167
707855
247390
588695
950003
886565
906873
608618
864769
737713
583765
525786
924487
433800
642427
554534
191805
782831
981751
146635
432867
965821
622472
878515
350282
5663
863168
497994
402876
329526
555390
13682
586442
714907
905606
885132
762992
856834
134970
84727
746086
782588
922808
388373
23558
566486
566991
6344
985428
596255
116062
314429
610671
394887
919307
637086
443219
45283
660253
695147
818889
735885
435255
613475
427180
893033
718258
651612
251479
276034
282709
611250
165552
337042
212787
52508
905932
915360
757410
641434
992958
502532
99667
400458
902463
66374
994771
184027
338427
24485
570333
94296
449462
838003
788121
727462
885145
318365
977141
715721
604637
949513
967007
760224
18835
712216
472668
191857
235533
33227
428488
237151
964780
493953
357675
887096
607304
929950
989491
245867
369333
721544
255124
843671
243128
452427
949305
981950
646214
549789
705317
384856
662389
218811
356587
643844
652738
672050
864646
718105
544638
446969
268566
590235
891861
511291
713400
995145
311676
843251
607936
528404
987959
493937
66709
25322
500996
484089
997354
393007
939815
128074
428885
326861
800595
340220
776141
760418
422322
102723
610565
386648
389457
791824
136031
981331
347243
521494
640911
508995
861520
859882
4109
199512
47858
838723
213238
939413
786124
994977
147776
234622
534832
602187
185688
938667
970987
928368
312474
385983
360598
579311
2412
391154
288700
544242
909304
104265
182819
378997
272579
255016
185
714981
867183
625022
168669
400931
758793
477214
35846
487591
844112
628078
863572
693761
159939
173688
859697
821115
877029
318814
349796
55131
85201
270570
539762
546117
61683
300035
225073
761533
739946
615292
290218
570313
638201
40967
244202
746612
133860
964871
808165
170799
353581
176131
466568
374291
422955
889910
651482
9474
786755
685955
758029
801131
819462
223237
268839
62187
324263
706501
744328
791441
138775
694597
897303
662586
697791
864441
901325
2139
578073
95893
796510
793309
380204
710849
245311
564131
299810
42282
945240
119655
284999
455474
414024
180546
334368
446023
358671
341386
655462
745489
86493
829589
958238
522693
461812
825756
364822
457175
814972
970748
609917
301708
413155
139413
796959
373677
486766
875029
554685
559319
373345
312975
678853
206960
243463
444677
340339
749748
159263
482437
716868
9261
398435
20206
101586
328129
348854
465620
833361
240293
777705
951801
363300
243632
771817
26940
460829
325514
114057
425422
456848
351427
692392
319646
769362
476928
308799
527447
599571
101520
141641
868799
237461
33436
515855
812096
821896
76285
84047
342980
887876
836648
272584
971897
467426
808324
608101
385716
852536
436188
388804
601137
247087
683312
126817
341369
512642
878822
281764
828380
392532
155934
589315
555038
302382
920227
657365
426990
282005
784573
618741
776401
40388
924067
251535
398558
244491
93837
599114
452706
158916
793256
708818
921571
517485
161763
863808
120514
424807
379687
901097
347194
205898
66019
428992
542661
144547
815429
52136
657117
578571
298116
748251
268000
478565
50778
835248
449420
130547
997263
849868
531306
467413
98993
857448
14792
991648
924000
539450
427166
668759
253317
510147
617490
383753
315747
680756
7383
213638
817478
922814
224368
841279
326231
908597
483411
533881
998225
865759
404136
217966
178510
870047
769201
403200
76027
864633
534595
701915
219371
6977
516530
15590
706439
867109
697739
483877
315938
302227
546682
329710
642154
49160
919628
730757
292218
609911
589391
731799
818637
766098
358934
86479
338254
77303
631193
74649
277515
352314
637433
501617
864583
128971
814880
357031
730414
198660
26759
597297
87139
750290
346065
663212
882869
458045
721941
175153
189233
215637
76409
9168
707409
801659
200249
788524
675794
692809
776135
618035
167587
975199
81165
588791
321209
302603
765198
223342
625984
911764
983658
791171
705899
100323
718464
217878
830380
374031
894061
825559
53248
907459
357107
579066
262818
615950
539254
90455
693791
32519
210592
893986
828361
862235
785571
783170
679429
976117
130270
656016
655424
614280
665113
711149
707198
137724
758571
623680
502546
263603
345275
880907
442090
512374
817059
832041
449730
266177
898160
868070
248313
805159
846598
619642
35329
55331
981985
396388
2415
963773
841014
282144
498546
310101
367095
143556
348384
588688
755830
47101
266220
9180
101409
631712
178740
901025
772203
884783
434295
369669
373772
274347
396708
387676
787102
70800
410253
595947
857384
241010
387642
202967
753208
227250
254362
739567
382057
802461
378325
486803
787781
797025
989309
372991
558467
693420
518946
895352
780465
746979
253444
880977
520109
577851
72547
911194
466445
965048
105971
59878
369375
298176
676268
858872
662026
517211
279293
221450
467859
11146
53600
933625
941244
564288
46601
943568
196294
220225
484984
133039
761944
651926
708206
947095
257336
675242
878524
422549
682037
653253
954230
92745
392103
556770
428487
322195
963342
96622
538334
829529
534040
673888
274374
60470
877375
454959
110484
470210
723022
161333
787257
23034
767619
390878
640887
327948
934352
437964
418993
954434
382972
655563
498266
138952
680231
962156
96016
103515
769066
656384
825473
619792
581596
691187
869195
31359
24562
526466
475298
581962
646846
948634
879338
108813
745944
360207
501477
25828
966746
569525
586950
958547
284420
989407
750052
524182
582080
536434
460554
71686
571137
143140
980715
872101
958213
50838
32179
116358
886265
699212
68472
927260
762235
357637
470031
6365
121466
194043
748860
865618
628409
911417
972417
327230
369779
743892
283223
247720
538137
575559
203963
556103
843191
77935
9055
768010
154420
362463
425473
289729
721976
138337
995289
828907
965352
734410
266988
815325
920396
495289
443134
349387
869458
226924
741604
679990
636844
60670
338103
95602
524948
181505
744421
956563
321711
73076
163361
17651
529679
682337
950459
963875
794067
43670
352202
647148
212841
363069
275461
72128
962932
701146
901681
880002
385928
368161
572085
303919
731730
779442
942281
594407
506389
642354
367821
53468
94031
543751
831094
439126
644794
748975
118819
731744
922350
360766
926605
272531
613604
264690
165085
143612
380501
47028
833752
324525
68608
535470
607797
326301
375883
38979
108688
671420
542913
310960
814455
825624
333114
748669
162912
166821
426136
829151
641405
212332
539117
416493
394088
875923
180282
620413
191801
711685
618003
664987
120567
44733
350814
854629
404651
992052
197178
59142
402064
573669
293692
266125
487974
615545
519060
58153
243494
616021
870798
301699
682383
970044
797172
57464
140511
624801
393618
76914
834973
182093
630162
813218
73939
522153
869893
497371
477722
304169
674242
329358
66573
271317
725801
439646
956127
704245
692929
871391
520585
658201
812479
41072
618587
471746
465768
549490
228724
303856
132173
257828
891533
151561
693685
141981
340399
130083
445913
766885
871749
605486
230153
978096
652620
374657
732652
689399
8358
619071
615524
859252
972494
970854
64784
734907
209447
117684
363179
594352
22829
934582
225618
26729
736268
864430
897186
188705
349263
16480
603008
595797
653361
137913
341234
32446
204816
568157
410410
593004
685055
563596
638371
987068
853946
696111
10788
419574
141301
375493
806114
656645
858957
619301
628099
635923
653600
662255
763260
360449
693624
3027
146267
492800
73762
59325
213473
473167
720221
688924
243655
867409
216494
64206
832481
601354
696720
339306
413408
433398
982281
955369
334130
728070
922648
965937
796932
45048
786443
488320
933863
694609
833261
209521
412112
32570
202203
307118
55802
81716
945720
675059
498086
443642
515190
993466
927426
492722
986773
714697
861352
169615
27945
22932
548989
81670
172755
835343
305850
478314
607506
836053
118663
525222
17906
596334
155971
696215
517346
50240
437345
50052
347555
191125
38828
716538
996189
39109
475498
506376
30732
392768
501279
181588
106519
584058
843497
398105
922881
603955
500040
413182
622136
203298
73984
992915
630539
879358
368151
320426
198329
438824
725177
996880
838244
254328
224956
867879
81573
98850
244413
448929
466169
63876
569065
604123
242200
292944
565400
783764
51110
134545
902099
127816
430083
154011
295670
944109
783741
683156
472305
766345
726565
909592
57000
615854
290111
341582
360443
913556
934802
375557
514976
353489
510304
952521
494699
894327
212656
948488
652527
389834
899975
909468
306943
261724
665973
722293
291598
706567
205259
681060
386676
844295
252650
403334
427025
344689
191734
111755
704972
856852
813866
529058
411061
746731
852486
115267
937097
953979
29987
995672
219347
694287
92134
904713
980463
869774
266003
456547
502698
123382
474745
555236
837125
425527
241291
941925
339480
149870
254543
125156
975764
467644
817775
659117
232673
405059
801453
305637
843494
22397
348596
133491
98406
450232
199817
946571
63495
554802
547936
969497
967151
143181
582411
616646
663751
195374
430414
280937
575329
168760
515149
596429
925622
814881
186470
116123
403080
145453
978268
722660
438758
48911
731112
960589
300494
427993
395380
874520
693996
93595
682722
317643
436865
87008
257094
121087
411999
273281
519221
954502
395793
761636
420533
210106
542807
228757
445011
241054
706446
556351
394836
842740
271982
606918
841219
662043
495086
627332
341161
382945
138306
461599
946715
180909
269828
406020
550829
630658
335601
859778
621381
683185
55306
708549
474378
420510
98202
212397
133882
514924
368472
246858
12699
102472
643938
118
76297
413711
344105
930576
544110
891101
320492
710736
881872
257267
938269
246668
970821
358724
618591
266694
610689
370332
620465
750703
219088
363374
461476
168765
416287
23032
264008
68708
138356
115733
640869
393971
512510
82463
405029
127758
466054
190014
811727
435268
269253
326738
149166
859532
573584
854649
656336
941601
617391
945085
163818
54647
7883
284509
329945
626136
173445
812342
967683
340192
946019
454286
549148
557585
871461
840189
338245
448084
713206
732089
668686
156173
396030
308348
580572
979161
704596
57556
522918
489959
351569
630343
714585
308400
432704
900320
13852
213396
656753
661786
160429
526483
673388
701032
294506
114468
282947
975583
232812
947061
850497
17793
248334
391680
750270
790247
877451
433095
732820
559050
948485
593388
257068
253614
35170
740399
58545
955243
781521
199300
948071
745689
68331
20048
493908
681239
327540
501824
487516
103352
752832
883590
811499
755851
420786
548209
41931
36422
583456
238248
463445
12943
901203
376580
845316
401062
867178
319431
362661
776433
309981
265212
9578
612005
871839
697579
160158
515471
599197
406009
547700
767421
787748
469082
998584
538763
725855
595573
422694
630093
430333
442835
963737
525014
940785
350210
859676
65379
774291
491852
463837
214695
80996
841807
156224
119092
278127
256889
709263
752387
335370
357474
286478
565472
54076
57478
396908
389941
862264
882717
326358
397488
595976
422937
1702
673428
431365
188028
266874
751322
520066
387219
638303
844289
849865
195602
470571
138233
449341
781261
972137
421352
32287
318225
685359
27222
619308
838109
476748
179004
735010
999360
344542
99108
705635
539088
159488
770812
558643
981828
464480
460605
107996
142959
913134
548979
190449
981338
287408
312808
28591
952956
661106
583153
636542
461464
853083
915924
442647
289587
11547
39508
319041
516529
722945
401371
416244
116684
297961
462660
886238
526831
733715
683522
807427
795573
642510
719792
145663
224057
489938
34165
587239
108633
745006
316883
527694
976460
594198
87373
288867
267357
749726
138483
499320
452868
925636
33995
162141
819103
245095
730910
971051
503186
71830
335324
358109
160056
96068
937132
659864
87172
908439
376020
268043
558393
886303
753986
234545
451138
711780
66485
626291
852271
936792
833931
727211
554444
303531
260455
260
344672
999037
684798
714045
106111
269807
535807
578828
857612
546450
231901
476447
135631
79553
376378
751485
34159
747467
999409
790475
828940
910024
985152
512363
251067
272973
864017
333119
751263
896314
115939
747531
581728
958768
207833
122873
219339
206112
497183
285494
233478
852607
830965
137465
515886
591701
310682
803491
434383
744885
616277
404225
557887
332871
786722
332527
457879
721153
277048
393816
590799
724084
860275
956120
22133
767555
104611
940738
422730
967534
222448
580605
102905
993228
547048
383049
885685
758423
599911
891616
894318
221089
964962
384183
117679
382373
857168
141155
65751
70456
909493
903193
619313
310559
132940
860750
600179
183994
776720
588989
608592
284189
148519
321351
158330
677695
71212
398132
391479
394187
422487
768151
858271
97236
203787
665552
353456
9574
275708
274027
322829
128119
219260
628518
903706
630589
68320
745616
888044
500441
627411
975949
850417
209840
377847
671670
368220
907163
393395
615581
526474
918132
412061
507246
222710
460241
529669
270897
253013
285133
655644
79211
724112
19841
568896
394021
468444
354642
884133
21764
651255
54436
479009
750295
11136
18285
658580
669424
553459
64100
707313
177321
258305
592983
928302
672456
415944
983004
145796
275453
850804
122335
539235
984904
429617
53019
831350
893367
389388
935844
11854
469325
793381
287520
137325
740799
505683
24918
436850
393879
759188
402910
443420
821051
168175
59192
609788
938313
901481
926457
920187
705817
189856
83617
317381
38500
767174
270215
27409
896770
188222
59381
700303
543055
595340
413392
517869
971431
803068
9904
821125
762769
549459
232526
688102
875896
23145
455195
401789
711508
363243
7405
320351
41512
926828
372180
768758
978852
430819
598219
769351
725354
14597
934474
644892
359086
892992
986297
370002
281078
631825
631935
971521
798849
450178
369271
763651
298116
614596
414660
800739
755151
118244
135611
587876
2767
962285
37951
672811
132588
894619
720043
252618
898130
128887
366951
155433
941197
582036
758621
177363
67662
859556
378182
917531
140491
314871
765342
325289
201282
546194
166198
704420
427101
825576
245608
992893
555633
165048
205092
460438
359968
5762
313577
922894
464479
525479
805200
735147
755858
577564
922370
558114
636884
206666
988490
447877
341906
420486
54725
455433
491927
484264
895606
446131
790562
808394
383286
557407
654259
768927
161032
905837
406565
113197
209419
338377
960180
569256
35913
296340
382880
904685
992684
292404
642667
954327
611983
199861
162684
904258
111218
307738
32358
743194
308680
271045
371458
319390
436267
244030
716856
634615
303535
986851
722717
637167
464404
772844
565302
92752
500373
721882
344027
989082
173341
496828
164919
68384
143577
467998
450732
996031
40233
813774
843539
718780
940208
290892
788065
837497
504586
580877
355173
896532
80093
204716
237869
43484
256200
752302
401993
571889
64313
128752
903719
496887
462427
877039
846301
931958
972780
179444
596294
558930
862572
423130
867843
369186
147185
168253
27427
242670
595032
849985
772253
376714
785366
523260
20922
709641
562796
979585
66832
827808
55481
895626
871080
760025
560105
996545
699009
297776
945099
654123
128430
876430
435777
808050
706458
929375
815504
762829
659436
185426
341335
130126
930053
416365
736477
898312
542630
810122
441027
807002
237679
676465
271128
7004
14338
430739
581963
852582
454214
914593
121275
884472
653640
845895
100139
248649
498427
58697
299921
154479
115936
654584
982605
968551
516161
925392
920823
844802
725911
479089
926481
933421
547787
686072
155100
63259
705497
139834
639878
722897
97873
20509
749120
181645
296696
353106
660398
917268
839755
65330
626552
530135
907491
386932
629246
809025
516852
398665
956328
528672
500079
639445
983387
714797
567112
915017
461191
25465
177361
318689
646685
483126
883781
765111
163998
406752
738338
635011
444943
745286
615213
687792
281481
996537
905177
926043
460076
212304
621954
150250
105972
27284
404628
462087
788451
601039
985481
692216
184222
436844
298255
606749
504724
260491
663815
629317
836505
954084
206122
143596
896913
385301
66438
116821
360007
191433
141798
973952
886813
669383
785104
932617
957598
81940
951656
491549
803055
349830
386610
345241
846565
51943
704373
455489
550896
780098
48250
904857
668916
868429
258356
561508
562936
108594
740025
156086
367415
336956
645422
424696
166100
207195
648514
420984
805163
953492
168657
598058
342915
850439
354792
585344
601439
589598
384424
703393
934643
825552
948675
328072
282228
263439
455780
351484
130120
314324
606507
8808
733213
156868
177878
207062
946198
299647
443259
984524
629855
319110
867249
399747
387041
495558
107023
774848
822481
860933
7436
929170
539875
745000
49094
616743
323037
292318
211870
261322
24198
72109
124736
654141
493245
686935
169088
809198
195813
309480
499360
773658
299006
788511
510510
994939
433231
457463
810634
851439
732095
86545
284613
808679
36036
104191
430694
30408
761011
386863
628998
9825
343349
145522
411739
496650
881498
465512
941905
645141
100295
398986
67860
708660
332171
879572
518827
328103
560144
865037
138942
69407
261357
490612
656120
635636
54872
450377
837383
670208
787961
245045
611328
960982
516697
630742
423392
572834
311801
68203
165486
456031
987136
422489
269052
784367
368652
260568
461771
767770
405097
852413
996046
561318
850591
633252
364743
395086
652965
92409
29582
678307
642100
858019
701936
848316
233079
527054
240564
383579
498142
539092
664569
233118
440850
705928
418107
112670
882051
255582
721204
318120
126429
606586
767071
102166
481496
52500
919895
582409
226991
606148
197023
268036
615656
965551
909243
69224
29074
504270
300667
996232
317709
264152
359191
77352
708803
4428
927798
477335
301941
812765
171209
526182
569008
221241
450132
661252
715358
546424
497549
960631
132984
774302
74269
947961
438617
354636
257667
545837
761774
536586
283736
125436
328906
643113
109357
613457
165590
183448
588624
528493
611493
153990
747502
539047
930662
582254
797394
287364
799283
379332
632395
612335
111174
866042
566188
445845
296779
815471
680429
57759
740816
151605
427567
516301
195608
170813
690141
824236
519311
110625
426030
489459
286809
240206
419206
987520
729860
543052
239740
650858
458395
62700
911351
962562
94684
703885
559793
310187
258625
777098
251038
272147
97978
291076
13733
822669
504764
931463
89997
923021
239923
303899
484083
52287
646803
212522
246327
241796
176204
131656
336887
919050
239708
92900
926579
30918
758398
135754
762384
309777
467328
600403
207864
180252
979570
492458
766302
304082
686458
404283
652063
711753
82309
208570
88132
687523
191960
485452
290532
206151
972997
498518
560167
968375
378424
649185
778917
138319
451697
876071
307820
896345
996300
263357
931872
682255
394620
394780
970493
501486
261910
198413
826105
395443
413193
426865
713796
306229
157420
201450
513521
485662
293680
26858
149806
249991
863092
961046
324463
522799
805944
137558
676522
628760
149737
827516
521211
160319
402202
565326
373223
215286
193940
746353
247101
947679
600068
863860
40600
139975
218450
50167
45058
477468
902931
151095
657715
992141
506836
988663
873463
631997
340311
148427
579821
915043
943066
140164
417067
199936
954578
905331
934399
462142
49015
632348
202449
350754
171257
858617
389924
587566
893904
416295
85755
899478
451633
108849
630168
703132
217436
256376
279519
37258
258706
976636
641690
395788
832164
703241
175446
201383
595815
670848
876458
734106
843524
624577
615127
66703
136108
362482
282187
377854
971240
663215
48704
727263
236622
695374
590466
782153
175375
548301
415693
508076
16110
821274
430356
678120
335051
163455
290206
753928
816221
425449
937483
785566
570815
309587
513589
604987
494561
4500
247538
921291
243999
72257
786805
150155
232430
402496
997972
208681
857907
338730
8228
28279
821294
447516
385408
612938
320595
649051
514857
351093
647801
157153
53383
689821
445163
299720
148430
66361
357789
171282
402940
722857
787193
754259
771518
255663
202262
396475
539826
659854
389322
888452
406215
717822
908950
219508
545729
340936
673344
629647
915481
352324
628094
294493
694593
358061
506382
173587
883205
201630
970787
588449
668301
401964
479737
602263
612031
412959
884745
11189
464449
124685
671832
239373
708892
983765
2923
276823
721980
110837
625365
622737
291604
318409
390576
854097
631838
458785
196074
989545
928256
832125
117111
785717
912522
773735
64804
961795
140316
835629
907084
531168
215013
724218
38883
875067
312518
289424
810479
694393
888149
186533
496919
972308
909949
44247
525332
69168
356418
185164
392644
401404
717858
13994
941917
161665
542359
537264
6270
178762
418361
196335
192225
39024
653761
315945
41901
83393
749481
440132
93225
851405
632111
591851
104138
859660
89783
547138
229805
600431
962256
4611
450656
445250
130383
400698
902426
932154
152023
959833
883083
897633
147771
198713
576078
552731
939130
304174
661372
795731
110505
585285
769050
332744
243502
493276
510130
66222
552104
203359
713471
809730
166124
674523
633537
993901
449899
316608
809649
31252
66543
331640
481615
269946
132356
939550
565911
645523
608179
849116
429329
350310
111913
318758
590728
555741
344247
224077
541202
386796
234867
807553
745422
419868
207867
789286
165101
751667
138073
675985
226470
157442
462210
769311
556749
847691
528633
391730
79870
872012
860881
667465
296307
862956
262351
299387
888246
249601
189102
208016
64752
114940
643132
329468
603039
916978
535969
691577
510886
433095
733055
580352
858878
510713
864437
855331
225546
452422
247422
612042
40265
807739
402551
846152
860645
38299
256318
166041
887784
307304
574262
877306
548622
22161
959590
44453
647221
339127
242305
104232
892785
96477
689472
565025
819900
805741
255404
77208
29642
761953
110648
37049
882555
247764
651658
149484
989418
6630
918106
325587
545378
39237
801523
6495
480241
663967
526487
492111
684244
676641
380352
551559
517137
79594
894464
785673
435748
41361
526409
135250
113873
741967
159241
118291
787288
567755
858606
855818
703623
699329
856199
682621
473577
668494
832266
7891
903708
728794
55218
128847
117697
240418
483521
657834
519756
475744
346851
272267
761146
866266
507315
631845
622691
311556
199894
914733
958565
244115
622597
669367
487680
119136
184425
594924
448192
293300
431583
708330
914773
230134
272731
906680
305278
223726
450600
882404
624420
990005
388429
508603
931203
315451
955148
433125
729155
566261
470212
122650
723557
52961
482998
547077
863192
345207
953572
803379
909932
58414
18581
636536
757406
774247
328310
62303
640273
519418
180379
164683
485598
106844
804066
726382
411778
175594
21688
92005
234550
522452
706229
964655
416924
944489
130787
633353
903381
204090
166108
202087
595183
375406
154001
628304
361916
638370
539047
217943
452350
443194
991611
358577
842750
154313
55686
459448
249915
106713
680220
878203
513152
902871
99407
163327
249807
498078
407088
724311
430009
773598
952309
935771
678031
221097
923318
491336
582771
859098
444754
921396
534919
614178
439343
256684
777095
326768
548574
263532
771827
7228
180316
320570
347748
90673
303156
643167
578176
150901
372738
676355
732745
232470
362196
435492
525071
99346
767849
667762
714438
811139
816027
203531
138994
192485
236696
756750
263615
989701
769932
310622
84717
586248
461787
487221
208424
542870
812490
800802
796021
490913
583165
893344
520073
699541
384283
716245
477812
564638
531469
760100
255994
50961
193766
287535
462786
437624
703837
265068
890920
910397
74229
599779
706029
81137
531261
130817
905742
372282
811443
150684
503986
323351
81476
307140
229116
131282
965679
710978
117057
827265
20743
989488
600915
396088
643479
831988
26044
911310
322400
529562
843655
868810
438909
493518
512887
894891
346984
120691
170843
872529
40789
924578
139321
252555
433340
920386
181480
274238
808052
670272
300154
985710
813371
844395
779413
622124
8338
547695
285411
164636
653573
906029
569119
645218
219720
903347
73680
797033
666237
321885
126291
793295
519059
46535
266832
70001
94536
875373
130703
930574
132238
827362
516707
856986
383820
850921
675012
846370
664443
740788
520059
36950
590577
21366
673718
355384
941819
317223
594171
331744
982754
179284
134777
976873
251152
127072
174522
657660
820301
405275
557621
23799
800482
547068
500801
401465
287966
566270
424483
241740
520118
451605
343880
890032
360327
288204
19982
809664
574136
992509
631292
83843
165115
199596
120339
744978
404722
251072
705084
762977
825582
540382
390048
846763
890962
641955
227095
745662
952342
439102
161208
241056
968360
585257
102415
486685
761388
332866
569772
474350
872228
441802
290648
86600
479467
301945
234723
163198
441436
366651
137369
191059
987088
114955
986707
626208
499139
303211
647081
832222
38744
566013
909189
620689
403443
219713
994450
739218
380036
856492
428052
620471
171684
600609
936978
407520
182423
386446
963566
604769
683313
402342
918165
352135
992470
463670
578193
302281
187610
616999
325563
53389
511559
60175
951310
107283
919612
225715
333080
782210
879090
344093
600138
689293
217306
287894
708462
621250
465570
385857
577719
224687
284887
17940
567860
807985
236965
484083
906783
591898
982905
244587
751890
191550
600583
734343
733785
863835
24871
842195
178594
202594
781211
174059
916817
485542
540972
381182
576688
780576
100977
18853
57092
471516
771249
567322
312507
206340
379744
421398
839617
267079
635270
171595
649521
794214
211837
232507
859304
15195
856985
785523
208950
692134
324962
190056
836462
430709
326204
735468
759517
307247
693032
477325
425047
320221
400163
727627
209900
599797
98668
953843
213434
749829
458083
621020
411292
143481
103053
868349
34624
438473
643508
445098
216791
955329
913451
575273
251493
62318
723312
882101
679608
28066
925610
880719
424501
928229
90065
856763
420302
636344
890284
418590
136335
954694
750390
519026
951256
437930
376346
36259
492389
174615
565918
129097
72969
261736
21276
672707
688186
397061
847466
857004
210437
418222
801115
566269
571874
979815
172127
853759
265506
363328
780805
116267
455685
735296
446241
640863
329384
569006
964489
943615
210779
719355
318713
847526
120401
548047
694038
722248
608944
317870
580176
390630
17033
604359
711328
309804
330721
970073
740913
943658
72814
608707
918811
978029
846557
421926
896202
309562
727440
266424
368957
981030
764005
255464
719786
178133
714289
550121
604287
929357
977101
177694
20996
776310
118790
91232
729053
186224
819832
144495
345451
965265
552629
106546
111633
860282
902814
217836
228499
774740
681364
230526
326171
930220
585097
764371
819542
636905
127280
935723
634619
515942
54995
427207
971564
34928
226882
633646
149813
556765
869929
574363
664433
903559
960955
814276
759819
398180
365067
621190
842338
660547
148473
953778
209158
162661
441289
209902
192095
647798
470159
16265
500846
586471
399174
942879
291882
692585
74817
28197
221644
499719
377
44370
587239
55776
566596
294315
251630
741504
998439
549097
193434
511963
863874
12872
455523
290341
739946
85038
274283
17040
206420
426550
385978
394531
507116
960729
419748
436340
138053
370425
673991
15106
809899
854025
442609
958513
681237
836507
722910
463778
894647
127559
482782
541039
629811
664437
214485
323648
14383
899976
206877
72077
67906
481639
261446
653552
340935
743145
827837
481061
379476
748125
434698
156450
287301
882227
822451
850381
798001
644938
793342
870110
652799
863382
670356
406099
148945
264173
922113
183242
854685
614959
338072
141566
982557
887248
506548
469984
437213
106116
996761
585425
285810
47237
15288
322042
921737
918468
749521
542857
456413
380010
700787
896520
271938
965641
522847
609115
986783
55012
226443
300822
436665
112535
810946
314489
50409
709028
895016
484169
730288
941148
940251
942540
60705
30375
280566
604128
929212
969776
472943
146808
568667
601391
346592
538804
504070
950996
920931
89564
110753
360461
259030
541178
914053
869300
649662
638417
917227
564568
232647
117309
674244
564903
180905
203368
945255
109685
370151
748518
82402
187115
476785
854383
955953
631630
189930
742070
49741
111147
586116
821994
845851
499805
223686
278536
703173
445050
929647
367963
810854
237792
492853
444370
529311
383639
343462
276668
825991
359651
742704
688482
303871
283881
181884
511168
607715
353339
765684
368866
952476
551554
230629
610072
603154
206599
429760
147029
271103
7902
642747
783210
909791
967023
537877
820250
332483
548898
100534
876185
937605
773287
215476
107302
797206
606559
828018
694658
791219
877994
436899
660684
64694
92302
94188
466106
475849
285376
609896
76278
463477
127763
999173
58322
276376
573690
272523
1066
228789
411643
317629
877077
304102
692851
446680
705927
941548
213824
696504
746502
629351
664654
90906
196295
98017
485505
256636
121637
993668
157180
165985
935677
982956
801996
359025
732840
834775
879157
612476
51414
806905
418582
66975
707011
856429
516667
864127
433881
691333
607807
767858
663907
979650
510300
815294
506984
777759
233233
566393
123500
424712
741423
634191
45567
243816
102271
247778
135040
233696
347731
525388
746738
795411
356008
226176
226360
223134
129525
200206
359856
321189
408402
850693
944810
716168
506440
1202
443332
581813
754673
697607
544611
686615
710220
725336
231696
279085
537247
452286
924332
368373
632265
213598
343441
475974
937699
560132
643079
713853
445650
375016
603680
643343
679725
276499
841265
345278
383685
746587
395117
67367
382741
339466
861983
674296
79047
969885
681156
285438
101857
168040
200194
689180
280522
304215
229641
260952
838461
387791
367621
459471
387849
436786
907965
570185
814082
771330
148363
56999
724488
883037
262776
298361
415601
514214
449459
295148
653526
3716
439726
89824
107831
226948
632022
234904
311436
919194
910957
471563
653481
601349
869829
810519
913804
948560
722075
83925
2694
154996
721485
626631
145604
204443
85753
344430
612090
92735
8756
986233
779819
844017
776100
672087
504599
958134
90107
485357
50241
145228
138576
927651
492635
884746
24923
892249
315024
399461
925773
616824
714862
53647
627210
137443
414127
253817
651332
429643
323810
857081
458613
873505
49275
485831
474937
223783
177651
482082
493765
324192
735389
122000
528968
639910
860359
866370
977820
738074
242825
545877
65193
387573
280237
505269
571607
651773
337018
508188
662253
570964
38431
793272
49675
314923
241273
390635
676672
262995
639169
801324
29769
919156
449749
79307
489383
346390
974241
209425
947483
775901
523306
326277
777537
82834
61303
676684
864071
219547
780444
925416
368456
448269
396132
447393
970185
249112
638554
164737
646158
219937
630708
710008
489818
196205
372637
90656
282178
53368
852830
865435
33261
409190
84904
58777
211755
913169
179904
728182
207598
737089
880839
987200
273961
665977
329829
479254
661059
378862
326034
456747
859128
111251
863425
532714
723597
132943
643561
579508
67885
100368
456624
749061
92069
303737
674934
957620
56185
177655
768572
18585
24609
725105
353072
169417
791523
377054
64086
312060
719886
611120
51412
717840
893584
201454
376026
231206
563701
874847
226668
770922
832380
647778
500173
896177
970392
318235
819530
703483
143936
653832
841312
327127
576499
506033
539402
130662
554188
200510
303212
946935
416189
364514
814549
311890
795627
687669
193780
693264
833446
409184
485019
765031
260099
106865
899112
723140
356184
722319
441749
430801
763348
398215
721886
997526
684152
587972
522827
204219
576502
533982
212633
906156
279268
584329
953225
619221
930077
18670
88900
618381
891957
192535
428521
39567
876886
574147
306549
285666
985596
960281
272142
350683
768201
470266
575212
66169
725829
676911
562980
895662
588982
643457
589459
824893
944472
272168
277795
195902
305530
524635
609277
905663
778485
852358
482379
606917
269705
208154
317096
442672
18645
702270
917479
45564
105587
66915
881789
763427
105198
797429
14668
618464
771297
115373
957132
138959
392173
10499
512920
155569
737046
361089
757651
638603
828603
809459
798389
214701
543280
94203
276598
732304
671609
604672
238293
726489
659878
64199
178757
97210
709318
525338
987189
115128
593289
249380
620346
970119
26934
714463
108316
155857
712197
181796
357370
186517
955034
941793
504986
971948
788190
84265
759505
473064
116476
129062
900939
900501
899893
387689
613176
195169
189601
943266
715220
534552
185539
100907
356625
656455
182087
764094
807522
796674
898522
642183
166694
870146
851302
234581
245423
633254
818601
575786
135599
773338
88049
652081
74943
549717
358518
437199
860043
376316
298131
479250
506972
645860
621539
46150
420995
316789
431796
232998
232863
950121
936107
148080
97932
613108
343668
471761
876712
439358
437795
232896
320707
118859
725420
248359
50146
884028
497275
725819
852528
301423
465201
180844
887554
290241
827517
94968
834501
190963
263122
857179
581255
855082
355210
853217
734174
870096
763991
233883
620217
419481
522401
261040
35009
835872
219202
117195
384683
892911
887002
122290
746141
467294
563023
323191
417722
452882
985636
46343
371340
497831
719093
224223
467021
659816
360780
549215
434514
377403
372772
297079
340309
250074
569016
74941
408861
844795
562310
231329
907340
601682
126309
307704
342277
394284
845248
387188
191479
958460
983086
38901
248075
69107
721903
447928
326502
696520
62150
189869
220507
180183
868526
495079
307376
222502
510458
454573
481739
27970
753676
145837
865210
577800
272369
835536
163932
314303
941848
469737
910958
15651
256429
394951
289462
435517
432535
448809
871557
236589
216778
307921
800173
129226
881929
596785
990784
767136
92540
643522
983296
567768
974697
545460
827624
141621
944082
373312
539862
846394
324140
416921
705555
156266
878071
794176
534721
786919
904958
720055
784736
592316
419181
647885
791484
72694
523594
744984
368887
341101
487762
769
236462
833376
800369
886649
833483
343550
355804
63946
791847
172801
14479
552776
626457
154229
423518
355302
934880
286615
96890
830180
365225
470360
705795
109606
697853
870209
178244
328865
883465
134064
985871
13102
597387
270656
350454
810753
229463
161991
121571
101427
979460
522744
995029
32890
689205
339177
564408
531067
457863
325040
240543
182198
351060
253414
186784
456928
984994
363533
992780
319566
329452
104974
372297
311885
115530
258907
475342
168270
718911
434995
989883
877118
231583
705731
279443
342644
755163
759082
56791
264004
317355
193045
118976
189361
855638
697161
577432
304383
909793
38784
257909
719397
290962
673322
867091
181281
828703
36116
881933
846950
232440
496358
250872
405809
86382
632455
552796
354873
346558
417371
291664
602693
93054
465644
702449
674711
316963
391910
240126
868998
548653
514428
679891
925033
610735
355817
882560
38127
82047
205585
294214
629196
878390
578118
172141
256974
967076
688998
736069
81230
882195
260961
855223
676929
942006
517912
108614
203566
659311
574113
93224
98234
479738
47847
669755
73567
536697
90286
243302
821499
129116
983989
102925
336965
747692
433844
74288
249434
698869
98629
955361
81077
846734
726431
651360
289982
766726
267709
922709
25337
467629
931485
612264
366815
664700
56996
333312
466058
607586
504990
159511
353929
240556
390564
984503
136788
831311
244694
435091
749337
612629
267720
435652
753396
282530
135226
484831
647742
408994
370686
488751
497340
792594
45438
730772
229561
82407
758742
864183
875822
444638
227997
309864
808541
996769
981505
492759
99581
308435
99088
666092
149775
140665
53843
766595
678671
313156
483477
690311
737670
865855
223873
913578
281468
66513
957929
88126
194059
496752
953123
55859
548687
765987
272782
612270
402554
735345
9138
717954
240708
365483
435014
787021
986431
613715
501643
256370
582152
989480
728021
836590
132057
916815
519657
558233
826620
649887
826562
471355
967578
878345
211694