618329
58564
761821
860767
682607
872183
754786
784375
512258
353125
390556
420614
543932
438802
921264
104147
248402
771713
425104
24738
663500
460887
851337
337435
185189
788174
419832
983834
565896
137810
559389
686098
781562
467195
928776
90078
330391
622760
146543
226278
526773
69620
403425
586026
757413
878552
242773
713582
918808
579549
110364
168194
255901
932156
943670
813805
227016
650900
641856
976501
856047
720198
80074
253966
783630
937393
328519
771997
108874
450117
823646
243175
283091
417350
561821
233755
478754
136223
8333
404152
700322
141280
53280
380636
387307
143830
668679
788587
191337
435462
97504
231576
413467
234309
708109
460627
725687
591159
280800
697551
666411
291618
327666
8175
75583
966126
844499
407884
719318
593787
57371
697701
157972
183071
988127
556452
872217
196859
781888
301705
633066
317432
291485
851189
992689
489827
228776
854037
52315
787683
786902
412713
955103
739091
213360
470576
977183
924992
102599
387378
517735
588544
235460
200362
773778
167085
667997
927309
404811
801725
125220
173691
294513
16767
268537
587073
465812
42292
830304
612041
711900
674824
868589
28255
370314
872236
592924
200288
359189
18001
651837
445121
989814
72770
567244
71929
576832
424862
815647
443788
567910
661489
86520
482549
374561
474927
388090
936432
701417
98572
507897
860193
77408
565307
82666
801380
417358
139648
266362
288882
796231
41844
795898
686828
20969
589461
418231
761864
724802
633479
88168
381461
494734
766444
385280
517228
733789
404891
129956
803061
793363
321919
503
905107
754890
173775
952976
41645
901906
538725
310605
500058
556056
814462
153665
162600
368740
51277
34440
139273
523964
761852
862716
593115
703270
701952
737088
818707
908171
717527
960313
949189
119671
794785
721629
503762
86973
482328
381795
337710
196600
614254
509466
378636
88940
125633
211990
221865
146186
966398
972805
242354
433362
876175
872543
436371
99795
129538
811580
83229
640462
402616
294143
299987
653177
168645
321008
852114
256671
663147
625832
428506
645860
599278
922213
223421
3814
176660
969725
108258
9728
336763
909424
167094
958440
29974
762198
347441
155000
633990
454647
734912
187466
540945
452537
38805
396604
4289
44084
387655
340882
80539
735266
558758
236219
629370
292978
855071
658476
54729
258235
634376
629737
35930
469390
895562
77858
817061
9380
573928
765626
645599
531190
909552
595938
967286
749164
620476
873188
913575
16685
598693
545980
186557
426581
446214
699169
164583
984324
444072
556641
598260
414803
358095
702058
441069
303650
328864
527077
656271
667853
586477
223292
924643
221437
944287
270716
613500
120666
124415
192662
760845
549534
163937
491200
274020
680069
667821
781433
99271
882465
551947
6249
395049
403594
158890
20262
446473
703794
776046
164179
255464
58774
165812
934243
473829
35920
892930
544187
724534
206345
493072
369014
247557
498765
196909
543298
894181
960439
173968
333287
334319
179467
101756
133672
622333
322210
799374
925314
214850
529280
582246
127057
160133
250369
554160
795346
78392
833074
547150
570691
565241
749757
946660
501031
556580
162620
337023
297125
262610
841966
868834
825936
233459
839687
823471
930242
19652
970273
50351
266913
408236
90833
827262
72835
644793
518740
994646
673838
306866
490089
999670
124152
352920
220664
995822
400845
314302
652399
265610
525711
715266
773102
606233
908952
58343
681560
916057
850907
187280
189130
702976
422120
607643
411688
450793
757710
74520
80659
589785
92378
492325
158135
131566
720638
98919
824320
630563
405389
645095
930412
748482
276259
767239
663867
800615
43938
640543
823492
217132
412503
17464
263586
46326
145786
728675
928651
226075
248084
674679
742080
678767
181371
886886
556384
641578
807673
872187
796504
943607
250315
609011
125941
5339
566469
221685
161754
133440
178259
614062
810509
203806
311450
582029
192875
362885
609084
560472
21948
29385
308603
770793
949473
115594
574965
116809
915818
130334
598605
357416
504132
479070
643178
117366
230800
671114
95961
717920
717710
613081
429582
884778
294328
886626
541064
472933
958251
438496
622674
333326
566656
310757
519589
822147
109690
386142
770539
876258
478167
628479
6430
318784
347977
179083
284623
296963
458431
567809
558019
525917
373340
893606
392248
209445
721225
83756
479237
115540
627110
926716
760543
540440
763867
605861
636791
605400
959821
207840
850113
19781
128301
147007
837136
874649
503658
859506
686941
397616
400838
970166
999143
198207
305478
496155
389044
397173
475203
555568
139253
214700
519134
793036
21319
75788
444369
634620
66070
610173
623840
964
665244
180870
98094
736916
951687
775943
981099
316297
891577
435727
45291
845340
877033
435483
641042
543915
893863
202220
381804
552162
743804
911940
176281
195270
775791
691516
299237
924638
129444
519237
104758
809854
416544
920057
705630
87409
236584
782941
875089
91778
16710
610102
490736
4647
2861
391364
447491
661323
801652
806559
347078
221302
945790
820717
878426
345692
95291
934974
452124
570431
446087
449732
790611
612097
663984
464498
296707
51658
543061
758319
679582
224401
187433
421111
523994
680267
181975
609103
91678
805102
483712
510115
840854
912929
986784
641981
544614
776642
39246
143652
958458
484755
71970
860751
585276
12226
797233
878980
672607
743827
951219
309522
596888
723820
845062
365863
281197
530365
967819
364751
225254
645065
206638
43466
417055
311382
469572
625096
565503
816813
3469
115971
228099
269390
852568
156537
602164
937844
773254
795717
687479
145408
970086
532953
943299
29445
308224
49306
30637
232687
336301
387544
589407
7568
722147
990121
78311
78665
486607
707169
54123
627601
445851
807279
374907
127077
887055
825239
129919
105804
542867
124615
397391
152006
611667
889241
615009
161617
811195
805924
811933
826711
120546
659711
544269
868727
704195
413011
324784
678254
427941
465052
642286
711778
672797
54524
358949
909259
336362
502204
579233
556222
64702
904096
797227
194839
335516
729381
101432
888963
859420
737369
294722
62504
882444
240663
352245
861233
36849
106910
981887
808057
661419
713038
15434
433171
584822
38718
637382
557812
793676
987068
636255
989246
73512
517922
691022
884457
383654
402897
140555
621072
898759
195277
10016
308822
413776
301429
218713
298227
367697
22365
32344
981214
859651
913226
91269
361497
901131
161609
287842
878804
900699
570924
462524
71551
984952
536226
52029
239
51414
951474
758175
702892
400031
261780
186619
755349
321298
921836
570304
808880
348488
668387
456063
232402
715602
329700
485858
889831
892415
660144
248061
128479
755258
448095
650556
578293
972943
569716
196092
247389
734158
450011
563639
48906
806344
675201
607383
559705
208695
261456
25131
843869
370234
13702
558007
455624
788605
831857
9061
899250
527223
635145
838682
382217
884813
437994
127844
86550
150804
68204
183119
261608
589812
547617
913111
146335
215847
720746
5111
99286
295329
526006
764128
505134
371082
654168
173061
318452
222630
572356
512851
375982
224662
366822
885950
715719
978616
209824
849207
922452
572137
230430
260794
315842
264682
427094
878403
332702
672544
599073
445600
520705
860789
693041
463522
598358
204061
347951
424301
487626
660403
281522
219887
559374
373505
979101
447725
783627
832926
850069
953913
627108
270066
439965
470976
856481
784150
546129
17920
89597
479958
112700
799382
714189
28120
33110
628405
427978
979478
660253
358259
685822
448006
920014
52157
976968
653852
456192
753835
177675
22181
998238
194798
839737
985428
99839
651174
774327
735578
476836
371408
447278
220974
91917
684253
330862
791084
521016
552862
43838
483546
197815
715354
223300
617093
915244
727298
494029
994378
491620
298812
502394
168752
678222
930267
921608
162227
156759
376688
923258
772700
232675
453050
987237
833227
975017
947448
257688
412823
977131
681183
99557
767884
83793
413800
811665
641235
305121
985793
348308
815791
75037
50851
975628
553123
894138
675715
324229
468530
991352
68898
824605
641150
373602
853887
955607
227154
95332
298477
357311
715707
33412
497535
613492
4561
473343
234079
852503
839059
47297
585854
231951
491632
107712
845861
615798
773602
274613
381354
469411
584629
481656
593279
815445
492774
663991
842597
974520
221222
704338
187262
378135
128126
345814
365759
923167
708236
276885
315012
40844
715051
523166
847421
97010
513521
624990
479494
953962
295505
965203
753109
922647
647457
883561
605324
219092
557559
763507
542895
347964
339948
701575
578223
129301
491650
729526
544805
575001
707490
54886
752282
894435
979838
338191
611011
786099
488213
80142
271690
914398
951764
216425
299911
627413
347802
48032
869837
992207
915028
634284
723745
965590
347335
35223
936966
244140
403117
991543
409012
760343
934198
473160
524903
114192
279215
898725
516755
804868
708288
751523
590836
121861
914768
572746
325956
883728
683779
742705
164614
394107
328931
628213
584448
317371
872028
391253
916677
724879
120865
104301
974832
333965
511149
995086
491437
354119
249828
638006
959921
370586
652760
629361
686922
410067
685031
404363
747472
936701
948865
924720
837371
198091
312199
447139
119822
589854
153423
4183
67825
624884
522244
691117
148765
378862
592298
650699
263217
404157
930752
534997
686753
151592
479550
73035
654
273212
805822
811007
919856
760272
245367
699697
496111
343219
771556
946697
94738
389621
363139
690992
469582
930383
756089
787275
732672
157295
566674
526356
147318
200740
691047
864151
132200
217443
996952
849863
846980
35060
372601
581115
544039
450940
428682
486664
607463
95399
267933
9275
984269
999281
531100
719219
31712
226898
750243
945625
699356
837060
982217
298558
999234
184882
676732
721679
365257
778047
208714
362615
476466
928367
170300
523025
393913
365750
897117
647112
424679
361499
569112
900878
72261
875145
112383
636597
234539
368946
577576
68781
643766
87648
349618
4699
14487
233242
871845
168274
808904
68079
109175
520176
641882
891874
958251
171672
345003
321202
296149
640135
790899
218436
589240
926037
515517
62959
642320
582027
375858
548900
127979
651227
569872
255416
600689
439744
44410
642384
999045
344563
600362
53096
764612
51654
379138
244928
579179
998113
936767
569123
813525
190744
206670
307861
718689
115685
599097
338968
483314
107143
484858
918171
24400
231670
336816
539456
73899
175361
850863
882248
34304
6790
595122
248222
160981
947278
489644
243196
732190
994563
105339
317118
610818
500622
354494
347713
122551
435089
375485
399863
241673
832062
546759
444043
73786
222610
957081
328235
507268
721330
336058
853750
822778
133344
142116
809476
559885
604378
40796
250380
340905
278607
966243
25974
460287
955710
854917
58430
265950
319086
11214
228993
178043
677124
557980
547752
314895
950148
586640
922478
591135
858471
227678
817487
498071
533268
535364
901199
431632
871230
666008
503588
781809
425755
898361
251649
583601
359869
446952
689663
473402
596558
164527
347946
353257
477868
212159
232934
535602
554655
687256
902461
626401
146547
706401
539142
584443
296695
524183
238002
831107
861392
431906
945654
224088
533754
899907
264208
565051
247133
916394
445305
845807
225864
357925
538726
316857
626956
63858
93434
517895
265207
626037
946955
579117
989228
619525
426127
516874
992540
179744
804707
121801
116835
890623
520311
633476
851713
605381
211354
532034
105587
997521
25374
498913
517613
479858
738728
367503
582967
806778
974998
785074
305953
799979
263885
404072
906724
473486
364573
295016
28247
885603
914323
986055
123339
313715
279580
116503
690051
280193
575249
475434
228883
957279
33508
773876
972180
830364
373604
970510
955200
931547
738352
880407
758001
681407
54390
666613
496305
45186
227431
5945
338557
906597
378617
38177
756443
431298
725080
314295
993365
574397
173930
673750
479377
218265
632125
769292
866190
681382
608208
329051
455357
112472
839675
795162
635001
100980
425083
884409
920613
386659
919390
382690
334433
343337
500359
240122
752617
614447
59679
71366
514250
319484
906969
937003
227968
49730
834271
845326
773873
479125
257438
948954
843456
359415
45163
993503
816144
59150
948176
363671
149269
866806
125623
558597
370328
599667
694514
632631
438023
399295
189413
317482
748150
986178
594769
823564
172854
977248
206653
383900
804688
528428
745987
873517
256991
545786
766772
357834
258247
134929
186153
526388
826389
541055
695463
563143
347701
137607
447470
607291
449802
388982
635742
126405
985518
767060
529415
193117
204166
96885
242059
586395
4736
835503
342450
75451
730540
570854
760970
959935
999860
357698
282553
411892
211514
205250
50017
46284
91596
327018
839790
75818
453318
144472
616319
922301
674053
222069
217262
412419
376451
624390
12158
592815
212820
850914
148000
838950
353340
447230
866914
138083
444458
480100
131765
54970
360917
613955
388249
842361
412530
99103
505127
794730
146255
904169
585146
59253
669327
196009
120507
537442
796227
512407
38728
925885
727457
469066
621057
815250
617315
55368
525870
883608
599166
877499
935056
521962
415037
513797
884291
278896
72250
694634
570892
456412
644217
292396
39365
868560
573473
102708
368482
991709
650072
73772
510687
452839
912186
411562
307464
780900
631989
725126
438180
598851
814595
364876
15487
52329
544517
357581
617811
710486
140473
634256
100498
968294
120472
307622
138259
79156
315087
161051
722646
90201
49687
836360
137782
606738
546419
801670
910442
742464
882694
98813
485111
131848
709134
91226
437302
982107
486017
669919
979261
346640
131586
332564
935597
531116
827200
881307
588888
418372
300844
415905
609420
994041
181012
338608
866433
641827
663649
737122
376731
456521
273897
788593
690139
731467
528946
802345
433256
67171
318404
224446
455350
853760
721642
483322
138001
388946
468997
102031
540168
807844
939148
678218
21176
641570
204899
640232
748596
599356
716951
406851
126286
328803
813940
733605
674053
148465
594307
730174
505611
72037
828708
872560
791281
669323
376131
23046
282545
345594
408826
173765
998295
870583
55619
380827
739790
979384
912792
355380
705475
340162
68330
820524
298168
81459
166650
482270
404199
304156
894230
915931
498576
496838
503987
634679
918753
155606
172516
865725
218818
469131
611765
908610
865082
131299
778726
673559
140929
751518
166663
851928
411554
320410
870765
598369
172684
832157
229902
527137
470263
523249
505790
578054
762670
413226
760135
443032
38716
916547
206494
797666
494519
628199
68360
986378
530340
298955
866313
532162
673733
104952
93956
875095
975366
401382
372212
210279
158784
6724
999301
761136
399463
334293
841616
364867
774167
791284
665778
728726
240950
52280
36424
529017
502405
601970
955784
264993
538121
471507
985919
171936
601104
687851
99491
500726
420450
304332
932436
471425
441350
729037
655028
273807
687597
932394
722079
266516
428223
771849
517577
13175
278401
413271
547955
970823
321568
120017
147786
825035
807005
292063
756124
860726
219156
629530
83319
963833
413994
844655
108960
389043
62930
299163
384749
883396
516668
46038
693888
378943
656284
724172
328864
958269
74578
373894
824117
668750
798651
443112
109600
163211
891540
478163
454261
552967
886342
915050
508246
235044
115794
614898
423149
265729
377945
344979
298885
557969
704713
80635
173381
327111
364320
52770
202379
486317
189470
252776
82785
429652
905163
324890
527199
923750
961250
982355
452445
439447
178905
223295
673298
570426
85582
898043
129998
670256
294159
94744
212752
376187
309510
633471
417989
442160
80895
338670
616350
613451
600280
474592
423372
170205
236612
96203
386907
7648
526459
911427
738216
932587
176130
225084
771456
292864
532690
258541
766167
115843
370280
126927
455650
155078
948137
834436
256977
244991
991471
295253
561964
65371
407988
25812
320777
892971
787737
548576
305703
605373
692372
560583
196203
854854
937333
148550
735092
965051
238547
167403
54557
285822
864343
953563
95886
872181
770404
927344
683071
618359
649826
411322
659595
606560
891430
717287
314093
851844
934975
554813
730137
25664
996448
173571
523449
193516
108645
451712
865666
859436
403268
919515
299699
188774
925649
917345
192746
401870
697197
356902
170659
252700
592076
55938
610061
471967
68962
126332
507979
975723
662314
357893
934980
127662
224979
13979
356711
58529
270599
795022
669374
401562
1560
454176
492526
57278
933706
504005
849929
431571
763639
932745
338512
394931
111459
688721
526536
257436
346013
378361
719735
899813
543438
662429
439547
901963
976481
449907
451656
141354
317391
441238
575164
714119
677189
82334
324193
659786
849909
517482
492158
822985
276214
597247
469914
642047
484761
564618
732302
167323
415497
673409
471750
706101
738334
394408
158356
753115
557118
898864
852016
540426
158704
635129
309648
297912
15935
666104
203616
257998
683527
23220
263391
87796
492959
754027
213782
848388
745058
544145
890101
368032
727772
5048
113291
853215
138638
812555
904033
381986
237406
884148
750900
760517
904159
861470
121678
297201
135096
25108
373376
624527
199347
736008
262654
726615
183012
134832
175895
816070
36916
365387
564623
796846
82633
722306
787674
815463
200404
640809
820791
853219
193782
853348
87335
438496
919375
533798
212874
287478
357157
893205
192852
509840
961646
274058
836080
362295
709243
874292
821937
713546
1537
54172
665649
749642
888964
414787
77832
845842
507361
650535
522987
295267
7673
108324
802270
112157
266550
594168
50519
745739
749051
651103
487025
849365
234284
210461
706569
89304
506583
894106
107129
310035
613565
279655
291631
218232
964673
346463
366441
997283
217836
878312
131535
269158
653211
46361
666284
519234
180166
994614
788298
43187
941805
60310
62506
870819
315232
441829
257757
682878
952619
305798
483074
290917
211357
364432
970269
490236
102388
376186
70672
267870
333351
548177
662584
802544
689616
61861
544742
299219
763699
704068
118456
120435
70511
256606
289236
876284
563712
99592
524800
442477
797422
279516
663905
617924
880789
723709
815886
269657
691794
524984
878929
4295
792391
276613
699578
576133
909516
46638
973023
963730
819570
80647
264499
70671
190901
261211
333057
989926
959869
131303
921222
58536
952913
160319
220585
741365
32537
475343
18392
772564
427854
382909
509376
363875
640576
14697
933928
709992
544771
812374
816363
269701
351031
573154
888976
117898
201779
202417
453960
547749
840718
810152
90819
982708
743369
566869
967215
987963
914652
962604
314446
859825
271899
613613
19506
616565
509637
142177
54488
767646
189866
464514
690719
57328
197302
500538
109091
339626
211357
669380
536954
2044
619557
77999
142795
272341
613579
57729
142790
768027
769555
415096
790211
948724
916847
494700
892219
538241
303627
429520
858461
458155
602931
665623
500942
843669
471458
644211
911040
235569
56616
260024
557806
886126
230711
849311
397489
134671
749066
878183
417666
990935
344561
653207
600909
125153
439870
424990
836462
964108
63110
119194
423690
294355
707988
530039
158220
364666
837232
820208
770299
269732
168455
97585
830453
842818
623159
985117
966283
298086
735737
856427
630072
685493
177644
250859
636414
485627
622714
951207
978847
695001
200105
744100
338869
661657
572928
179080
545646
872802
915603
813269
88872
94983
557166
672083
287397
811321
299610
776909
456555
50397
968078
798513
478139
508472
171318
356251
456491
228935
845016
376043
606306
818540
747497
777810
995120
875714
105067
574700
81288
63057
850433
225352
354843
685597
241809
199491
345553
499865
551636
780433
543526
235001
711229
934557
876575
810853
490819
487241
819240
363145
612557
238478
750668
448585
11897
407495
582672
938066
75273
13705
463980
525580
3883
398634
569831
348523
669092
207715
33998
311077
740248
381456
19984
848638
9720
543572
105337
624959
135944
370265
832009
260357
756620
473589
455089
75765
822734
105960
469033
927821
474127
802306
663793
375702
909000
507681
562274
995445
739675
672984
510959
971361
141723
391276
745598
531632
504821
80504
884573
791050
967993
884720
826338
310462
235593
928258
882404
558323
635740
875416
896719
91318
229359
722042
29800
90547
704906
791505
888734
326271
758571
383046
908105
933138
2385
341513
204930
306898
262054
900142
692510
841290
344969
436401
306311
840889
542264
72730
39929
854855
716311
290364
546134
535123
640863
28887
609831
744999
476326
569245
137392
371533
313094
367122
178543
291771
60525
226892
834224
80617
540033
32282
813392
252100
695534
567233
588236
847930
327821
2658
313477
397366
144562
244919
836242
682406
209682
858172
554818
134135
10319
232234
15789
200930
918306
487262
43189
181024
309988
627161
505950
457081
922297
586464
791879
708602
315673
863236
546437
699717
49788
669692
781339
722562
63778
917486
737559
169140
282684
195405
931339
360422
457338
666843
579111
252420
328370
161872
653424
330373
165482
597139
749407
282502
4930
691621
133848
384627
907905
131485
566725
847006
320314
951629
141263
227122
554330
472580
192121
601792
25809
540333
873497
45752
860443
71957
406259
794741
164458
316042
286707
198959
370
484958
645447
502996
447184
516235
348247
267504
957656
457072
605986
538312
343802
918394
482806
566727
783695
78110
594827
402000
82182
882178
757437
720818
686950
174523
334693
265209
790335
267825
144019
977057
504433
551135
555369
816934
996120
856119
235351
851255
950291
430947
812270
830280
603951
872165
287139
858951
945461
914527
430819
767462
820429
753647
780621
839319
228238
937842
724817
35286
406371
37546
860131
974880
832347
32186
811355
92417
939660
835406
65132
972683
778149
355863
61694
864034
411215
648756
657771
497205
310912
793772
327059
334279
71644
79768
883869
871403
838471
86174
250442
404238
489356
945879
501239
199022
252003
972370
953647
513705
17314
142450
387562
48560
439171
976050
728807
240538
412238
274889
229665
670421
69603
122921
939825
955511
972902
170913
307071
538290
270407
703842
604326
53286
385324
249438
308132
316241
485438
467276
798458
558178
275661
411656
445606
390315
605409
315800
569979
694644
25118
174154
440090
526507
380626
895865
190991
664825
430239
896174
291466
158833
202944
3490
442360
244194
215481
516066
894013
968396
549599
224587
85328
316719
381505
525749
540276
887102
934066
525420
840271
998963
509620
408729
928808
74236
663811
709568
725762
305427
557371
713507
448271
202667
316710
848707
144723
863878
484198
488582
802327
245796
224316
20340
987909
932053
265330
743835
449319
348144
117611
738003
327095
2908
773893
953436
234594
245259
585256
161187
882718
245959
250222
134948
470116
791780
757615
864041
168524
409685
581863
819056
355717
642523
183622
988714
655149
445912
967701
70048
543251
213442
807232
97072
395334
999667
201668
423798
751898
178204
799158
884230
852599
343450
769901
179413
181789
539489
566669
233975
446328
689877
342641
611650
446747
202871
139828
807314
681308
378620
587036
611495
242445
858362
275364
147880
753042
711995
215973
803722
787620
630196
867616
416524
734945
476880
10538
744218
711757
821477
301556
736465
310761
981128
529782
515874
652462
84348
134584
617872
540966
135749
430333
78675
753320
815643
820748
464991
326702
24186
863324
339774
656020
610454
485787
92762
430639
778732
128411
480535
872200
286132
402458
752861
883252
901234
441260
497587
774353
246380
940807
38662
952863
565430
559595
242506
80184
558569
592428
94456
758957
463666
585373
238837
612095
657670
819611
997779
334199
51635
503091
71216
176163
444114
684209
290364
21549
255193
926598
225817
604057
235469
513493
265179
473556
148762
664622
446994
717928
58167
330391
630373
396072
174557
499667
921208
921225
730643
813595
861964
268521
543526
496201
95921
915460
925549
268308
796776
629183
491320
170039
277977
965218
584085
197105
110829
256931
465278
737125
863945
892829
342754
273441
238248
806432
720974
325819
316244
722657
466296
112728
394497
708818
695336
700294
893062
239565
231876
300617
496569
376170
263542
666099
726821
592815
852796
431532
31082
945255
145803
642770
653042
829899
308833
76473
583115
88157
357734
829075
41958
535444
433406
323243
956779
439794
423854
215820
787895
859057
913320
487358
575987
898459
695348
339760
746770
972153
775421
471793
840551
910115
31158
944728
700256
745399
540327
684740
494051
189221
997528
477758
803203
477734
306392
427515
214495
139596
849322
351165
118807
699253
750797
924504
298028
321881
28199
982546
263667
556227
882701
449700
444150
982813
877169
809373
921383
499363
355817
714214
347202
766138
769560
417312
685886
576217
669691
398121
986095
396261
906898
137982
357307
437851
130217
804539
125686
15975
944065
719805
989917
556049
824992
612456
989484
141079
461234
178756
781532
429013
437083
628162
21245
407713
62170
921309
276139
641075
740059
302044
809328
446529
93401
942387
80310
272105
630061
882441
483495
858632
144120
147413
85091
483432
433130
708514
975261
800854
826412
157873
799379
968784
971248
829885
413352
604957
782162
682009
908831
977463
328811
789174
605302
96292
706163
802113
994333
376227
542544
819945
172497
961217
884223
277054
431258
852171
406494
687157
804893
997085
208659
835272
170462
544089
277277
955578
675734
921588
507253
780408
761453
511850
531104
118299
495125
407890
348500
394954
589891
568843
717316
25981
605641
203542
666890
31900
10132
393918
17264
329733
272384
202290
617948
351149
375251
637235
11477
887134
12701
976104
633206
593950
240874
500175
171502
600112
583265
470926
698352
896692
76732
958119
404158
375401
409188
33098
242894
387347
509416
367045
638102
161912
107866
132247
233337
849732
906246
708834
439117
841164
230992
460926
283272
769263
888425
454634
911176
159448
926189
194653
641660
274081
981981
731515
999986
809426
582900
754019
834749
94855
900135
380197
573442
781231
840958
91345
321120
679153
45258
258666
186937
850921
334274
620282
630561
99855
806782
717695
693155
118328
467727
576323
832426
532727
800185
701193
180371
461532
673422
465827
186188
247068
177768
825185
197865
949329
240130
886819
548675
57368
79859
709328
29069
422552
289161
667039
662581
534242
56126
287443
234738
810804
806873
762179
290480
916376
51556
830551
869974
50602
990086
557327
637296
680758
754236
340925
627006
197567
684344
602771
272344
338397
766230
494743
833724
198718
547959
141939
195190
670796
55740
224744
439722
836847
154337
551715
138497
610154
228595
450984
859118
413984
317551
333931
418076
319161
464633
403069
532022
680992
463542
204707
704658
908132
649414
938755
798011
665726
30369
375288
459545
703154
987597
442564
374143
115342
768697
858085
893073
329807
249018
8832
30352
660643
670879
683770
575236
901194
94002
297510
937541
800406
495054
356696
670053
66001
597272
822232
39741
384381
410971
243891
840339
401398
139972
848171
129125
92468
195766
964622
829653
349485
215307
149732
747504
78679
31081
909954
797276
35595
649660
899451
744926
981573
165077
487286
625478
85256
773599
772955
895608
780702
931065
30439
187031
256381
253045
129120
665487
265541
307693
802914
352447
546342
262332
136919
952834
662943
221216
536197
938201
289121
702634
352705
304438
444562
422559
747905
204071
742765
694127
827663
576349
558470
999951
94490
923545
332779
451701
663207
225330
378599
177968
510628
19973
400032
678881
705053
910329
298912
599450
344007
210605
436144
762065
776570
130945
613856
514496
670972
769022
994724
401565
816888
560995
442713
804209
776718
534733
481509
984087
752068
561857
900731
821588
559962
91929
812798
568205
666234
108042
181117
958057
899598
855374
356765
365892
683628
537714
231188
6348
106029
294270
219985
592700
921947
799036
773946
59251
885832
916711
777229
161840
396987
285234
659816
771116
100422
633585
80675
847892
82355
741160
273371
370210
246941
800879
129034
302615
392410
708094
396562
443863
920982
771739
60249
348193
538363
684381
335245
128617
549580
718427
668040
622419
300241
190198
308047
936142
355885
755968
136245
239691
124235
583048
683421
562841
574199
831492
57116
836767
373001
489049
926461
300021
112187
10825
213406
945247
860508
353593
481015
474854
230174
416286
964731
113237
186633
307268
942871
847693
817746
831803
844375
213125
882630
208094
334120
819042
628065
745601
671544
647215
914555
589878
607545
14329
967074
899004
503621
142154
223619
206853
145756
994496
456641
347299
574920
924937
539880
877198
527010
702396
492347
847252
249389
206487
578601
667933
745247
341137
134174
55642
18240
285532
562230
182666
251180
931705
250061
636457
839154
611127
683378
302261
474655
848137
688890
638813
11349
552131
822704
820105
398484
307953
813674
245760
679003
30548
111287
101242
46439
274106
252852
677635
337882
445305
876030
744393
708855
170183
957377
850050
414218
293945
836527
423804
948645
109206
578573
933250
63300
519640
628135
513384
259602
213886
708452
489460
930501
869776
5044
666089
551716
124273
786213
130033
262952
555290
24469
300774
557632
519033
997058
197693
282223
36709
460798
571727
614929
809724
812606
656582
405691
214171
700049
424032
641471
390777
908269
14563
830030
80736
628580
53022
212281
191177
289782
205719
208912
248916
151105
75286
426347
298401
85012
950157
238471
467534
781409
642914
328327
935565
673616
951003
789532
70816
48432
173669
749376
545716
766920
387969
710620
71639
460620
189900
401994
205400
935467
186025
799412
804794
608581
892748
344667
53140
435450
383398
106932
218760
73246
370152
32685
269662
895625
184054
202765
412156
770378
203243
45305
855428
324795
406914
459538
364618
111215
76519
260988
168880
409864
76955
132794
267361
900134
471742
281973
855334
732794
279164
656604
457512
504056
229399
85796
86595
654891
220044
998001
93122
31202
288677
949709
80893
9288
399834
902612
451724
709713
327333
404659
81063
785937
322017
951813
120284
70375
118750
741788
473707
832534
785155
118177
244417
666163
860640
657107
956751
372346
588048
703211
347527
816700
74439
894880
419763
33204
535678
176134
121074
695543
811256
510930
383887
757065
988207
654648
123647
287180
147616
931573
569975
841683
154544
748521
135272
963668
554874
103516
623896
69436
641142
86753
923998
714717
588871
595671
256634
782018
170912
566540
191182
590116
581332
821949
129085
615541
10362
274553
802015
774745
798841
216996
278430
895476
73974
479126
545456
139102
287383
65123
25009
182707
866930
487094
874524
82312
777431
410198
232870
644408
754038
337675
748151
844508
254319
720281
511493
724249
974069
751723
449103
584914
367837
373579
812467
731902
354569
128718
135277
557461
235371
277453
645165
833701
352824
527693
730516
242241
919595
179520
632522
668120
447667
862309
660222
446243
327291
474250
59259
634680
760723
173810
266980
170620
349376
835409
487052
93302
15197
765236
696436
374974
456363
332541
753058
41236
402621
318604
651610
901516
580025
59194
636860
142759
628235
904767
176953
569150
362412
672243
771827
698136
894666
890417
799857
732186
660181
610392
186364
311326
441318
468459
92120
269020
371083
156504
971554
454404
209715
272150
256323
279150
508787
764391
345934
138729
37875
691453
354812
302448
559672
793465
816705
519483
236110
949070
142666
882097
73937
257988
861846
268026
837976
372825
829038
20083
603327
690690
892418
511611
747024
856271
131106
455978
559501
421356
766870
907682
10141
518019
436570
619133
426705
500351
657657
609766
761681
568684
607748
180739
185383
566202
959087
89360
274728
725345
584969
818375
42554
583646
927959
54907
680839
412891
603019
302853
7485
217964
471078
141013
315198
307958
736999
390890
509547
583786
356142
561244
788872
770991
780786
892502
906956
676574
195228
116706
541064
347622
335550
906141
649009
472208
690483
468489
599500
881246
387027
212673
434869
758732
669139
737031
915339
27960
286136
511481
482107
499165
755126
388579
804456
180283
805929
645550
723444
522899
10479
159861
528366
989070
51040
715704
710488
658941
190443
756137
102483
266107
202574
410788
499369
702575
699889
909820
438071
218222
560608
197488
682101
718781
770723
425149
187748
432052
707324
311949
381075
619838
755709
60749
520461
469756
926915
88476
710818
607625
947923
11999
818768
782040
944655
3825
237327
72314
126484
675960
174006
314109
586995
881171
456653
125998
147979
287407
54192
233598
456192
242425
850972
779714
521434
473198
945305
550932
602684
989710
584580
606167
471870
510190
801976
873368
307818
286765
315801
781521
442896
330110
628796
50055
904326
215268
183286
676691
291776
459773
477440
66237
427144
368629
661636
81091
284633
986139
584326
856826
78046
591632
198002
862028
267138
122332
723966
942879
866547
559514
753531
963927
420089
716692
632574
171185
127533
251689
289893
618832
561879
45675
799048
990421
247208
980165
603902
314599
631568
11929
628425
844242
551869
48552
732447
379531
13042
772139
608725
309074
772095
299838
721770
552880
350050
39484
68846
743520
173818
699430
113614
528394
675812
877500
447484
190570
1397
467246
772223
131471
314770
919980
355156
856128
893102
91290
130560
524409
884193
832415
750259
35667
742178
427549
552346
434433
576673
401915
611842
804598
769859
258269
824100
354340
994107
537973
779345
459296
765570
672691
945723
734754
418738
419160
554461
804712
67205
248168
124872
951993
42853
10046
719820
375175
281583
794233
603583
46702
22601
950676
83309
63641
491100
227924
571228
247235
978800
675034
750010
617563
626659
373080
338277
756865
810758
898080
575575
324142
776276
467096
296364
869808
724496
657034
40786
150162
613882
796952
169932
487450
290349
266381
785058
425771
565528
545806
180841
11403
566999
162735
900843
227071
833965
656674
655666
163475
233120
301578
606134
134454
956593
331501
101024
49345
527607
118600
469242
715864
876759
282877
831222
617001
341154
710376
581784
114834
889419
649295
722112
791647
652291
104695
77720
787633
568627
12243
103510
761978
713174
997784
670574
325988
522544
710060
508120
139537
845742
990972
425849
344125
642907
577901
296561
636672
362557
214826
345152
587568
94986
282972
943061
801764
964874
683576
302581
226771
458634
412785
571460
448858
516666
697743
311667
371484
484324
385816
122823
729412
889353
801770
484354
254118
442906
642666
655152
564419
501136
898135
631823
111787
444456
483192
708508
353021
608575
369460
56182
423370
417669
462976
415345
349080
967969
463730
376890
607682
279329
766261
920546
294204
882588
796309
174921
515317
842599
32442
768936
865877
980208
672690
755450
488742
292410
801959
724424
924431
29301
908848
713872
376378
942073
606914
735697
792471
846303
639303
651446
379194
510012
507399
432924
407008
464315
81091
131522
80911
457046
468065
908620
368155
984561
227009
674356
603012
276435
995565
846477
598397
58625
803375
745397
603784
215289
432317
966807
214844
681544
868048
47066
102825
379080
186067
512810
154002
166010
742390
234017
209816
486268
596257
80593
329016
381095
287622
626033
51179
657799
887119
642273
407340
421495
340215
231259
539478
121369
453237
347704
732587
978864
230290
572060
157681
14810
951643
649024
44150
544813
485555
447130
568181
736620
975488
113579
854225
886373
33349
708133
48958
390443
890064
374262
111103
802732
373834
110389
193097
549614
570988
572840
419975
924714
141457
955248
597623
526405
644262
278353
958962
426151
183997
268578
203144
549498
702145
17933
470281
841153
240260
108164
482529
274578
672884
596097
918043
959410
12269
64503
873158
157323
948200
651738
965621
152460
630032
469384
140447
949469
572277
647315
629415
997758
399834
874092
548919
444603
745896
941165
914501
144398
768326
345090
205624
904017
772224
842613
55139
810270
538404
911765
107759
423685
142828
137667
744216
760425
344469
441177
528462
372471
945550
285623
251067
718916
461388
159019
83108
925250
474426
428796
145897
114399
720270
159636
578918
698107
608823
31367
347196
54659
882930
473604
628586
580015
40828
212439
652948
454996
808866
26200
747558
535078
262324
865908
462802
630158
865176
869269
237365
96356
305594
994033
285975
607498
164129
285676
542609
661988
870109
572267
161417
317559
70685
434486
552473
511005
114205
656585
363214
109666
538428
474168
937804
25727
737451
256892
143631
739824
718401
236382
638156
542580
679788
182078
904246
645665
560707
131968
94812
813217
197494
476180
812015
824141
29351
256609
724386
303396
59473
28494
951466
801960
789222
404397
358757
434709
618808
479171
409623
33087
218509
447224
52815
822919
61589
623128
495272
556409
918263
50627
819499
787653
338439
400567
297490
633112
626261
538488
545383
412823
81631
957850
814539
684536
814886
957163
399123
786364
708573
821759
526989
139597
944318
36056
600288
905328
228920
612722
300433
817766
874115
744873
754850
529957
635923
497864
79701
236078
198378
977519
223630
445387
205704
968160
545878
14055
143166
373478
190204
214217
92833
410274
992598
656302
216921
562163
347045
603331
205977
968193
575958
415612
281449
681767
278437
392276
335518
331707
162908
428257
794028
678330
830522
557395
102994
962645
514478
497865
843059
581586
812738
947919
206853
321441
46997
96184
952034
857020
356993
952661
385532
739513
16347
357007
494126
546095
881880
186726
360685
530499
214604
963462
776989
163214
779854
18883
173824
755564
986488
667634
426249
179172
9419
739363
10575
796399
354863
8510
385885
844455
486295
753401
876774
418253
9603
114099
352917
830071
511391
998896
422019
25172
502665
898674
436674
695645
210224
748144
883350
234202
465880
603509
673731
905934
588921
822616
565186
902209
52551
241364
808909
159272
886925
306883
977114
33650
917043
354876
287972
496881
183326
184069
431204
573348
325238
304631
117279
822237
757763
624493
419289
631699
446961
332392
547687
479174
721138
476547
301666
775819
93890
342989
820151
691699
804166
448904
836828
943004
348430
55421
991901
132883
263737
510010
445140
220516
740600
698730
549239
646017
715755
804751
282571
848779
516775
896862
577591
468799
636505
670326
977843
963392
348612
589055
942303
446653
213670
359452
894832
312958
396280
448076
921669
722705
22933
64226
783960
276555
436914
294879
216016
416253
486475
785257
36403
468085
320287
196330
880632
502637
889489
631752
941882
629525
515376
214140
339209
845176
490832
988881
860123
844173
898199
671227
822048
43805
206868
242386
228275
967627
803849
426601
792364
300549
648841
853135
890130
268358
842748
466146
590958
576581
320512
629258
633338
541693
336490
203737
861305
922458
181354
875069
529760
252285
142028
516640
430706
938668
596123
403101
390313
865049
13280
336158
265104
506189
638408
413910
703150
849457
652963
45272
406876
113273
516617
160403
357944
342830
143575
839530
128114
771798
189655
27956
636163
345089
533630
198541
368382
984435
967246
800087
647935
276969
530780
267729
543615
616458
43180
741073
692810
986155
881976
781921
63239
641983
774352
804980
267254
50074
90459
321540
69497
565024
68475
754121
47305
84942
321935
703895
177993
327588
943570
147989
252535
998766
54432
632277
687423
596334
126233
954837
947882
863848
613598
662353
19891
292426
823032
99075
579322
5173
815129
12729
987602
335212
209978
65104
479861
18456
221219
877010
934359
465141
510025
302058
65239
124381
302673
221760
787026
209391
415091
37301
358610
141148
657530
724796
460836
811662
952103
426579
618696
371188
756213
891293
430401
590574
138040
378590
532555
822226
57951
790994
682732
772633
737560
702314
852515
471082
327570
978660
880061
522304
903454
527750
221511
894394
636207
33014
993118
493055
349824
447993
999330
662603
414869
625414
265801
501339
865561
450502
879631
666801
929318
598827
317131
913220
106148
480618
242781
843144
128072
102294
906244
402325
999550
770715
777100
872695
421537
33107
205476
13841
329703
742920
175886
854446
271194
790279
436527
721574
58625
149021
71942
213033
804573
507761
352890
477227
168207
652349
856907
745452
821399
4778
926571
938850
505079
360520
938726
216646
532534
486311
508476
315576
899072
244565
654287
426704
129706
772980
980983
333058
945556
714230
79923
8429
572648
847800
557243
535488
359678
167224
452529
419657
81698
374837
250485
956060
791725
589538
987031
225948
202959
654214
219943
295081
149999
436979
439849
118566
602985
688864
251237
424101
98230
572261
575002
737906
179754
165395
572243
455865
987990
430254
307665
944725
136845
705737
212839
64117
590020
641980
873765
499501
540691
190787
350124
87319
926936
540534
340897
519844
57082
181984
331581
823107
794763
151423
305728
783339
115143
509336
395717
19081
400377
681844
618161
78273
97917
414714
153157
23459
426720
791402
40275
764652
775331
319540
410126
642422
349407
231219
379130
372221
727810
589833
235970
950734
352567
572951
663272
794126
19556
676441
174679
412196
525325
913437
618068
678660
232342
910174
332115
392921
739941
761985
361702
209742
630246
521259
723856
861946
709544
413565
571832
256742
684325
508525
175225
245051
493727
990914
54230
730061
641829
616748
667467
5054
783669
544189
230206
835152
151483
734024
435860
941899
28344
740692
605857
120263
848254
703101
148791
611031
642903
43752
402591
958418
61701
304033
282982
319743
713445
290387
266574
398876
950893
445667
756710
938955
601748
280361
439668
676954
7313
135435
893646
699181
292539
422392
468744
822090
227279
296510
627271
708033
543312
588105
983988
249782
657161
442105
764237
662605
229870
336670
191957
917040
432417
935763
180076
80064
777872
88564
713849
341269
890939
850557
488963
994740
928787
189504
641119
26444
358718
803779
884996
339117
61687
400948
654074
835206
213523
796937
568049
67097
322526
680888
639278
214269
769764
680912
409952
686927
287307
900787
47313
489399
403741
182832
783992
941970
431268
37185
484395
965569
875758
371550
25457
933965
103601
221499
35893
165109
582663
294885
450135
22423
768474
849333
890141
944951
644187
870894
718215
57198
136811
949625
634944
210801
463069
289274
33776
11005
612051
855054
221231
995548
953476
747555
853331
982807
427168
270005
694314
476345
157962
987873
108675
187
281540
991079
861927
959633
723113
509441
808165
823056
526867
384346
784395
311674
666076
349101
717489
42472
596930
134331
768175
375378
188068
715240
930286
700094
386857
299379
641436
702467
88640
945488
710009
536057
500225
109348
529103
85312
578355
373533
180606
160425
96167
419051
744245
89604
920833
807518
624829
835975
240854
482461
952175
611287
891377
493376
39622
407478
597744
795147
21071
61130
279436
223944
324029
757062
847862
716544
501209
145655
596188
514261
165206
359469
571914
761663
320514
394628
668270
730785
141273
629966
966388
563143
565364
362846
182800
162623
768863
436404
876506
614545
641800
544064
270290
522907
560146
351061
137669
73038
826377
159211
784649
171903
457072
563600
855202
705835
474295
241773
855047
491146
473993
189041
923646
811150
123841
528796
914724
377208
50236
913514
586505
839319
558281
600538
770552
402847
818621
720217
435604
784226
402468
777552
768925
625005
63890
484231
28562
307458
805847
710004
497265
144813
109328
429796
122330
88901
595546
927365
558865
750721
753698
647438
194210
485940
697368
141643
589535
222950
356930
289224
151749
530385
64685
966809
971389
741109
660158
316741
413054
485720
758182
843597
478735
786974
759988
876124
885226
248640
766724
960076
828029
527020
335957
218514
229706
945849
885305
901576
868781
704965
585957
866710
3966
671150
575144
896444
594188
428777
737529
83133
449418
398082
837928
3435
972806
305520
478391
332940
692052
374740
544770
33574
775113
310798
509337
751660
40291
897596
985134
923525
547142
184912
468649
259509
595617
433741
445530
489642
819183
889374
842118
175909
177818
968723
202850
377347
582394
922489
259742
389352
24634
644180
579544
932231
627547
214075
384881
375823
431827
720081
435197
467957
94861
392603
762964
423770
865556
975811
759813
377178
679626
253800
542506
812273
541650
141856
5015
300105
38158
388939
425708
74852
373506
801749
494026
948770
582615
964231
217058
497392
554108
57547
348777
725389
258471
49850
334568
221754
799353
581091
993583
898430
763648
18971
968362
754963
675478
706748
231435
118000
778406
98364
850663
377652
893007
737066
276829
965676
887265
977030
139056
14913
124932
918398
563894
173569
231287
414721
411946
460744
816566
213314
88156
375050
7733
287499
47048
878016
180554
978427
882115
699565
439975
435294
484881
916044
734148
709031
120532
745560
813403
423884
950623
543991
545357
762238
770601
869956
998242
677188
296797
857784
1006
686579
750222
144372
969167
905228
859912
64557
868114
370226
998402
752500
263541
715398
367471
504609
411527
606689
807411
205020
15788
715053
412851
518087
288253
186144
490309
937675
688076
817175
533191
351934
621508
644939
326411
316398
959535
369266
245616
367757
294034
534580
28748
590520
442611
236872
289093
742629
978811
955627
835327
479209
654582
395325
562799
234084
596278
148216
230734
855946
452696
281293
532010
793294
266782
289245
936086
708781
853435
182928
941378
503828
22894
781206
724645
255470
354246
276152
460758
660878
623811
928090
829371
806390
998621
619151
600472
486338
583966
339417
9225
591156
902954
671036
719563
44957
466975
815101
342580
538084
209175
850364
422211
255350
552586
481771
177746
187466
766161
31402
348776
874255
104837
967809
308139
334005
760646
5561
279282
334805
34776
380119
953593
499710
38887
86134
592430
494429
347563
598080
337384
354440
417510
416200
408887
559463
419274
464519
419862
603135
409209
321010
581181
112924
704740
647476
735763
228379
396884
941709
319809
723282
700359
361159
787682
907996
867186
257360
263766
814468
220902
155449
58998
634381
940365
193930
73889
506395
93715
715519
844021
520002
493537
517284
20314
939178
346372
493768
346808
124187
720364
429729
876105
100907
262097
627836
8904
111297
382320
621918
497608
264197
373620
207997
693922
198822
381359
392148
752583
88263
927111
37159
959476
972615
139182
235155
161603
875499
905609
528656
420445
459307
315058
251399
959885
926486
729433
457482
819696
147938
234885
704628
169225
755988
79096
263647
726769
256520
97265
27643
515883
374558
986443
307601
484117
776705
783043
354197
58235
5781
71319
876385
131270
633084
943625
741524
15378
241477
49539
947270
299997
279795
378068
56166
697114
397221
969304
588595
958054
723623
837494
801747
666386
307092
390276
854099
516126
681317
853125
279292
375815
667611
886546
21326
496568
49989
141526
395484
419356
413230
702834
246532
882707
829799
237826
915336
966466
797804
566327
732942
587461
266806
793699
550960
128704
117853
83092
558081
748691
938151
549975
469213
907499
101361
483806
647852
834805
404920
837436
85491
582766
724868
509836
613782
455703
758515
991986
395694
256964
885278
656889
58307
777362
557098
161052
857062
279608
235501
528352
172206
411127
677114
411742
687501
931691
575883
821727
582030
836932
50122
225440
12909
977550
520956
776692
171090
864939
565002
373065
977964
498531
485678
924674
721830
922066
763638
724100
747849
606975
716664
356429
722030
802125
895315
888318
717470
350347
118173
779321
446152
665254
374830
500005
883742
379518
552648
750158
679372
527765
541218
965546
977749
662244
379279
262134
629452
626248
225424
339839
295725
390298
976563
545725
668694
869532
186853
764506
21541
735246
654235
571728
800623
567009
364633
973551
787481
872899
623902
25726
814807
414617
56364
674042
351743
962827
671159
954554
976393
421816
461098
478066
117605
79178
750096
427862
672569
513061
438885
43222
511862
638521
172154
138056
965974
711735
788031
605860
266420
685409
790000
552616
564295
140921
521823
489692
413820
229019
87578
576304
175152
514087
742264
691649
125511
922326
450373
291450
183340
998958
948359
226775
396069
876560
427181
948805
946705
314415
850131
236198
637377
268635
857140
271792
122033
460091
222509
172725
471394
438362
587178
628541
756245
978968
553903
627727
662117
32896
823109
195471
500226
901370
988671
58177
774598
947351
669032
556459
551605
694986
637066
358105
471190
176246
532445
220026
905128
415778
312459
553384
371651
583370
996124
954501
434445
793231
585603
936128
919701
351502
900356
610167
142287
802829
182528
144183
156524
552018
747679
696478
419669
943758
445784
596898
808261
671159
744224
299690
488577
731699
840364
814426
288180
185776
310885
543404
467883
897552
740712
267770
776745
110978
799158
104024
368744
554156
390143
489309
661549
668036
404870
131459
406022
104958
937264
664420
80931
712287
743471
612708
306447
442481
128646
391982
228169
978639
90360
301270
84547
190752
996433
653918
852534
2592
819536
760148
943968
64538
952687
493337
427931
242994
944145
529340
422491
580638
109703
565572
255556
637557
761151
813069
207014
409248
542218
759881
518358
949101
548361
439272
914218
876930
347251
910034
528464
458478
387396
449425
405323
429019
902021
343436
386444
570848
955765
633838
474665
758387
258641
765734
648700
95676
479429
637959
577883
396356
381871
610319
626031
934540
219084
345348
422387
841914
730113
583994
187339
151854
780424
538738
673790
938995
9333
288029
854738
478034
518244
305406
735363
121024
77185
609965
995743
903095
156788
392055
750209
483810
167335
525539
442408
30321
839285
393487
735155
931661
738608
732665
353979
162533
666191
37723
265549
946471
767347
952429
203394
970059
454804
534286
847293
63753
292236
219453
160897
535275
436288
126785
613164
237052
724839
372905
901076
230816
639928
916142
113277
612797
129588
373684
119220
614935
70413
344111
264587
127674
342258
405411
22256
204304
33720
807747
196716
997074
571622
90683
230454
928667
324061
772745
572913
147033
951778
511110
509769
234844
632522
983491
268133
698641
504321
732878
981577
308424
444854
165972
281804
51376
877479
783904
391152
628965
272644
351298
448995
353376
221954
237259
985809
629581
949055
516148
885348
180474
33037
301534
831641
935339
625054
476660
777792
326538
651274
617836
455952
107579
296191
689709
371364
277390
734405
766731
3734
775246
556012
724077
604215
846582
386325
518096
472296
188355
394907
30308
620760
280293
236316
914388
781786
269647
716263
320611
861345
549742
226948
717938
452827
324790
463578
474014
319080
79895
634049
508358
559222
52174
536293
902698
667515
21017
934611
442862
980493
704195
313059
500222
682145
492573
191810
858253
356894
106893
166683
625462
351453
311424
581986
834307
718848
509947
793661
458763
404396
864463
186639
421685
360100
678315
282913
686555
486659
151435
820911
778251
410774
458702
706125
567591
808276
298406
816308
620
794618
463273
68142
954767
927047
706180
408985
716099
302609
617998
78747
765272
83459
562746
903842
518973
341236
230567
584214
428070
237028
464978
166302
17032
730197
438443
943436
454465
212164
833925
656230
50197
67970
466982
4498
920468
511540
467070
404765
761303
630883
67253
876072
127848
47681
851677
566255
954625
108729
166343
209655
862381
844913
616177
906836
164300
263583
462557
816020
589106
302405
249788
391436
275502
325770
873097
994492
101031
512951
60275
950561
774818
257226
240946
655640
600353
334202
317627
40810
773286
24649
675406
677880
549398
221759
516589
486980
66360
527880
911975
52697
345052
229228
311698
176217
5336
151782
491606
942177
57326
745892
521638
257626
107402
959387
395914
116575
344998
648323
314264
904390
794384
366902
792514
566797
448004
51169
515592
216419
278835
449764
802062
195728
347813
324108
885640
271873
980026
417066
230801
754996
835212
613712
998940
399932
15408
738023
851009
544626
794268
901360
477945
680888
120226
887829
421477
231403
684378
125227
706888
704996
124574
159239
104022
519339
894767
782330
467940
32826
968182
689386
308542
132969
16804
5198
839831
975802
107066
131525
327899
789123
829669
378708
838689
753652
427713
62394
234492
678084
387070
880754
847793
346557
323488
617413
893378
856864
328224
624649
632745
988086
70704
948410
856864
443764
643996
484146
65373
107594
722124
268616
957148
215688
817254
90627
974228
440429
334544
636986
803019
813966
232531
1225
789765
560800
263131
271217
198168
274530
717914
65421
138779
956137
101005
792557
981885
719817
435927
611729
905585
455837
430729
949636
305863
376500
241731
884050
923158
194648
967284
449575
152982
721916
573756
702277
456330
371457
808499
607713
190554
431845
784067
512667
339070
255177
423536
918937
347863
872157
231544
692543
524376
734954
720406
785740
783201
976443
582880
540884
657516
1897
702032
517781
649632
55874
763039
501113
913987
906005
785293
833448
659917
527005
293438
72710
733591
783240
803134
160336
667506
346402
78949
555342
937300
759779
580246
497590
936622
818449
372321
284509
634585
851
557896
431002
724974
749268
959711
702201
441460
649936
551437
257177
247604
543358
630511
170403
955689
873562
7003
697191
683732
708046
844161
724757
184108
732028
109678
206548
224113
364843
8938
821826
71649
103179
795778
945033
902148
458214
909984
79450
339106
655270
660310
313993
930453
244413
808953
92165
803321
438068
155882
990130
155775
506388
368560
725797
596001
319211
57153
434427
546352
761531
689248
48214
718217
903301
686303
880758
244134
252397
917446
398576
475024
19978
161292
38093
331378
593804
756354
291777
638665
886090
442319
658565
238648
584104
949526
746644
284984
489825
932468
30335
385645
576311
580069
549678
383891
750644
835910
388852
34007
73435
367413
881229
283906
707184
442964
398967
278736
734497
392045
37226
28767
880272
16367
276084
350595
312638
631383
917877
309686
879381
950890
806069
606701
18
753310
669789
512774
948237
394649
256921
944924
440934
56401
509319
469885
831502
779026
184348
676403
843887
174430
754900
107391
769593
369198
79187
81060
527946
721431
433629
63263
625273
165384
196719
896884
180032
715888
275704
349987
564739
724028
262519
376250
958721
977342
689330
547652
637974
900521
811984
622623
900970
728825
329300
145195
441338
302383
978358
972190
620993
501818
838239
305077
765186
881585
531713
450053
16629
152701
801554
834608
19980
848468
568611
795762
3360
942624
789537
702043
431805
754430
557350
323223
525638
591969
34685
971945
850183
296983
580593
791798
746838
395428
89424
898110
940836
162762
880129
642725
222501
10026
794687
19311
734874
79364
583153
797067
696503
15707
4520
453190
847862
739508
390068
737248
533816
4348
971299
574332
933523
213577
546967
294320
574012
196793
852355
157437
214290
813751
957378
19224
197957
563036
288340
667367
522145
742897
861109
614023
673979
591251
157980
189194
423798
226608
513677
147774
695538
270125
35419
931368
203923
163178
314494
440528
865065
175261
86604
67958
320449
840411
638872
818210
267399
405493
291620
925401
557782
629503
536003
317676
73310
22188
800144
824490
578353
7189
644932
301621
241578
746648
41144
639858
244154
323549
832888
621594
433872
341300
733184
15086
868581
322650
84118
775495
600673
907227
458755
206219
60589
612497
342959
601019
768918
444362
727128
71018
893274
26312
512815
474249
474899
336161
794255
777437
363005
410055
567515
211089
483174
199522
825266
704807
45425
893785
918738
435530
691910
626480
941062
81984
683290
406604
458701
566395
858454
762577
311241
155214
251367
11116
548000
783421
581601
123436
186995
973933
702736
575563
419129
284858
351581
952267
182647
440104
783706
568060
412446
222833
392426
739098
934529
871100
931856
44691
129265
715183
462226
187045
253239
213211
408969
449190
759341
297238
742920
999261
539257
851110
441895
448526
204135
152473
608107
738964
948130
841458
915859
239910
976591
120190
984770
677308
312006
882628
878148
945354
598318
5530
708350
480299
629172
229972
744695
462425
833512
841880
799549
978905
248116
474509
449781
116468
757305
893042
523459
456863
289416
440075
793169
851516
428729
590453
876224
112377
630892
609115
482537
764118
208730
916161
30991
852613
359190
395006
540707
965354
519782
669126
667954
473730
683768
853541
101679
313055
627715
415176
954265
970385
942907
944118
824712
461025
642160
392540
817114
983351
610948
354949
79028
737371
386503
258088
687031
437080
69041
714587
989313
718973
74427
405350
21597
290493
8282
937330
29384
968822
658777
939553
636769
999950
824914
985207
161580
880954
576968
757
222210
287897
889508
100550
986713
973436
314314
861587
520428
445897
726360
105969
601287
734453
572027
729466
44273
518382
658989
495289
418037
449115
383503
423871
213583
817659
164638
897682
104688
602794
983445
173061
49646
82754
926688
351139
349131
589214
454712
592837
526753
971706
186015
486467
986663
121398
243706
848711
415650
627385
205638
722365
950826
704754
820216
992166
833431
171514
991989
298252
723273
488022
166891
573584
233873
697240
187978
835807
132672
277604
730211
311235
116361
372048
641051
508054
390101
89765
747659
252433
597860
617923
552056
49154
103771
142624
828778
306524
302
565553
245291
731112
327786
679905
326686
773018
643423
123646
280633
511294
189353
400371
618464
443793
726811
847920
335519
835884
664135
494438
982980
296411
92651
734638
348055
742093
153787
827209
540215
459491
381126
604994
364627
629803
375496
216304
989441
688806
272589
38936
14590
579589
125821
315567
355267
147379
68488
670844
830080
490572
644142
213340
123192
967083
130411
231455
262200
290272
118590
467472
92149
259841
411925
893523
276161
795479
975767
346918
114538
305081
794381
232265
482607
195767
236718
812154
634400
153453
686789
989594
365969
185335
666881
773867
938362
25347
427865
766203
562926
353409
762714
185626
888566
489976
378830
381126
476554
806386
828043
747752
515755
930520
314709
467575
385056
222360
113457
811899
284490
37122
353735
285420
363494
341362
137906
427321
304223
846632
83304
297444
429710
274420
666177
103946
969167
236556
781222
780417
508353
296576
981527
694746
249625
284996
651352
817413
988387
223020
899129
145748
991767
234103
30849
570456
567956
548994
889718
635175
319996
607837
318476
159935
703403
505979
261160
164421
746452
61955
686095
433510
51834
263939
387311
265439
738121
575108
166986
882775
844623
437304
316923
48425
130650
63760
341351
554752
199278
641706
843521
192668
842147
719592
325305
609585
752153
52636
29442
897262
558041
667167
364542
763739
309706
698433
75977
532507
210893
300378
741471
614993
46389
543807
697515
309279
411302
885585
966445
589194
461641
379439
76166
25849
946985
507275
246691
547036
358253
441370
53380
775082
750258
591781
370408
210626
655428
821373
62231
138163
594426
728203
683723
925527
341099
339013
296316
624986
831248
810813
714439
675161
795192
64852
223418
527845
907298
751819
523774
678054
171514
158650
825762
999580
478835
307289
966464
618881
25341
30459
103950
23947
73572
968667
364611
316045
747973
753551
675107
59453
829485
31129
415849
635600
618575
383389
641233
986817
65122
930220
730111
434289
732629
648638
347791
102825
73584
798399
927354
274171
378184
4928
992033
475974
165406
201742
789433
976279
485142
333216
889876
738285
777359
218857
876872
967317
428003
627214
164990
782068
251260
315826
255961
330851
30353
130732
67712
686708
734652
152154
304522
327507
258170
516431
694661
260168
916414
700583
826019
320409
981362
959292
612226
617741
188299
60593
502230
723851
674567
142955
397814
893856
100934
229280
643007
888031
14210
207175
9449
689570
563821
536943
437092
284655
163814
498156
744942
654711
193751
261932
437812
958520
132398
66343
155106
619073
780661
313269
100297
112277
96208
679673
596844
861225
785363
763707
540263
284168
419005
191892
225533
692887
639957
705666
924733
14962
536672
623451
254031
572468
67132
47071
56224
106582
674717
99302
13864
157487
161313
59064
37460
800473
344273
26043
735765
53556
319350
46087
957573
892804
832278
582230
636273
238774
815050
437847
9991
276160
170301
757153
167645
547941
670339
829893
408923
13272
352915
17084
82695
585528
493155
868287
672875
160314
64734
900598
99877
259301
735749
5576
689355
550966
106271
997201
480632
834723
554398
989553
275448
725885
206416
981825
376972
814190
833214
655521
585498
759906
524581
2797
615348
161923
717966
357326
815427
868508
241292
712940
57424
719263
770514
808833
323374
809857
980142
160521
218760
223875
562790
965910
750339
965516
969518
784128
844047
276978
578818
422393
460943
593560
820518
671422
763107
287665
181432
425641
853518
476067
476783
610723
265353
444358
930994
573368
132323
753163
177495
219331
562579
571450
422134
136008
881052
554387
421418
626784
163291
546198
940132
809487
421936
84255
13483
33137
758919
751209
558772
534995
194498
237299
118233
332191
214853
912511
172921
813295
485021
510327
132397
820290
990733
302251
982370
317580
943799
703477
552344
869991
137508
831806
609206
159720
418224
397081
40391
954125
875029
404428
339157
667730
278802
521904
222112
409890
629559
664494
829819
875690
42320
690281
641668
390538
293484
370682
829246
622309
739400
677846
810189
241944
822749
995149
454925
257543
284099
388395
814799
856659
961344
716865
421424
196456
681714
839422
428632
630898
687188
180790
183820
880431
668848
59205
727409
208736
700065
214541
890910
738201
730244
558426
368220
175160
5883
915751
807805
997298
32157
718842
480277
498441
626494
728042
170458
145369
77270
577601
192596
331858
159248
657404
903360
101568
384177
40623
876743
713670
36003
559557
768534
121642
106526
745253
143514
110153
700082
980785
613401
429419
220914
339496
166640
311345
646784
41579
872293
683115
355186
320413
341544
983238
276062
193507
475115
597475
742408
623051
557210
537538
364772
489480
689401
193821
582089
107483
39386
730321
687477
406350
450871
828215
909175
576603
23537
950226
468797
570217
9638
523616
83578
781878
539497
190163
91635
681808
535521
668058
218471
89981
978559
325848
175769
366906
471453
995894
766715
136480
356784
66068
269049
197795
871082
490330
618847
491317
920431
950189
939879
838984
223537
656574
641059
515760
77994
786236
57475
241574
261941
429929
859332
412137
810058
216586
220150
503294
888276
364856
718951
614873
109553
210004
356017
941844
501765
103832
48029
838044
325819
979464
714035
104683
95450
953223
210976
528495
89087
991109
63554
387082
114365
865814
589074
690995
947981
236830
729454
581625
914740
888297
526338
674216
861488
254231
768466
754116
537630
880692
530919
363186
238379
684390
656788
822
131828
519999
445028
315159
85629
661043
237283
91551
153099
540963
844293
264575
402143
260503
216694
508111
340367
125131
778750
146610
81730
805984
581136
542104
161031
678131
960561
153437
75346
260811
638016
515214
150869
541932
407270
798668
341752
21448
693274
200970
157940
146645
118097
282737
232593
334522
470913
369378
845114
474403
225745
75995
374778
339828
970783
841779
602325
530521
909357
324479
900229
552188
840104
427607
806352
775824
736535
979443
182402
590539
459357
710702
388748
710640
579690
395693
860089
213258
774468
916825
893833
277364
588654
556103
359660
128213
78002
100473
647132
555690
114320
791934
124119
808700
774211
629044
448248
598576
736428
331694
662129
3197
516894
391984
663848
863736
504453
526487
753771
646923
993651
91030
125840
731140
7625
858907
456429
459529
690750
500687
12208
206378
290895
317309
160797
587535
459011
450314
767587
705296
938458
164898
22105
509603
886545
346612
981722
962544
197845
273043
845433
878273
957442
556989
497763
290389
545302
758905
92880
369108
556790
648409
488357
608668
697053
250655
908266
699705
242141
774012
647267
780788
174483
215539
569101
988546
828332
747997
9590
948189
442381
714309
222905
507697
997028
926579
986902
593132
488969
180614
80234
239480
615952
416826
886543
49349
189485
482826
863954
396159
300484
221103
895245
951647
704077
916614
914465
53726
701601
124879
180690
94019
176803
9490
229887
919453
486029
279260
531516
776461
29462
9191
310926
979003
697789
589143
947266
615657
833845
963617
386474
567716
332205
604742
601909
80918
851195
733885
118698
158393
292132
864111
560321
358374
894538
466780
779486
141708
992435
468123
564331
832764
385714
387774
10896
455264
688116
107732
438674
16652
72489
207495
591045
700652
313164
974950
896175
941469
597649
630846
65211
891097
962667
223393
869655
691786
758007
110856
8810
333119
267720
854996
684853
421244
724303
432688
26565
23211
193639
769555
217938
40625
577083
136290
169464
198940
59541
348786
940239
715576
136835
763947
903209
106241
590696
530376
278311
981938
752348
497850
663608
572412
527553
569261
473968
523730
975587
115234
19137
824417
675467
397115
481368
710493
978849
491221
342
240119
305787
162191
610473
275115
96838
208426
170695
860213
911439
309961
321991
887651
332975
996375
987483
372614
53329
875591
29102
301058
124705
12278
177238
697413
564371
455662
10486
460756
381773
614596
782003
768897
556082
309217
613201
402425
142028
881693
855785
247738
262549
343239
621577
826977
334563
119809
595880
432865
19885
614472
543556
179280
784702
158034
484058
408219
779508
793104
123201
175962
237109
186387
135524
540734
516528
935627
704858
824487
80523
660842
367076
912979
21422
491110
243650
501488
602795
553566
501810
696658
676745
490004
639110
71039
179116
895449
404705
844776
359714
629958
522830
636275
935436
526694
501500
532083
784487
336241
281626
507897
997302
468787
311499
428164
607758
835084
829766
247635
789438
135504
126350
98587
722840
241166
677384
408533
955744
730670
513598
146031
432849
286452
950319
406306
374470
140513
121424
557219
85964
24888
236963
897971
991297
201694
115827
543185
80616
877082
850793
702288
222989
982269
911822
552131
100175
464155
471646
893396
540687
187127
287365
278580
265012
676029
250681
549292
728088
959208
296435
997010
737426
71620
541451
484056
225568
108685
619183
139199
817073
794807
662719
295337
818765
666887
887049
789451
431906
318174
846556
378305
676396
662678
674251
31611
196863
954245
79104
817237
576628
242527
214330
668869
819182
965368
639588
145453
646856
496486
378387
536849
432541
403269
687516
343906
188467
476884
966096
246009
846660
594876
147414
14559
950955
417201
861731
492105
594408
515825
733848
280865
754768
275434
570295
292287
409684
260216
85251
888950
116331
402700
9716
704715
553759
622824
428180
202561
952689
756358
617337
477072
545386
376921
113695
178548
191232
850667
820641
356577
817697
532645
498004
657555
789598
209133
723201
95556
498679
779817
994108
399671
144319
495907
243493
77106
898860
104325
445307
851592
736573
844931
135192
488212
721736
190999
153037
951618
749151
75176
596570
304839
73182
519748
624394
857073
794644
533388
711017
534424
190220
187183
701987
16244
970807
140622
949691
402888
857271
491583
880420
606717
917450
486190
92864
179465
126865
364445
495858
25998
102780
712075
246946
693951
316693
762419
378381
127165
986789
438315
769093
668288
839239
432749
272908
355760
348039
9203
909065
236372
245877
677435
424485
848609
990220
512874
652485
154420
569530
680077
815844
647772
448652
466682
688907
797838
589112
836693
142064
835195
306310
127599
158505
66559
125147
698632
664011
75632
668899
374965
653411
877463
499610
893341
604240
644923
135672
354397
572604
642968
158711
816395
182005
920495
59842
444440
611116
334391
853627
121743
707208
13169
45353
602938
529960
470681
26301
704803
354612
154424
666559
148472
953246
437527
750874
530952
226299
202830
86400
337450
138488
887098
285307
700476
829434
629516
118930
310089
747286
636350
298388
627716
949674
375265
95876
883569
179542
469971
117024
446051
501338
760524
139792
333408
276494
936279
630824
58848
622712
952413
966746
488820
855181
411420
895419
900932
588679
74103
833072
639217
860831
44264
75317
44377
339752
680529
689673
664312
225544
351343
478074
938027
557395
836015
184136
323729
639877
73435
90297
56778
472540
42349
626553
869665
416208
51076
182571
646150
904880
805812
89360
498356
895003
877816
569746
588849
801303
600771
823278
990452
677137
60980
315197
165152
97777
555815
285213
718511
235097
802471
877184
246954
457595
48194
334481
477396
984084
668150
858942
817191
450121
792903
261478
380982
997660
760050
138913
910641
374091
351867
142246
240327
554949
823523
609373
717478
879690
149174
212226
847262
480414
775360
549810
904483
592297
478495
997846
391601
328238
658164
394601
467850
38118
268979
138407
855707
646136
970906
799508
475644
708568
895679
477605
804630
772665
258754
605967
629408
723376
531041
577387
394690
977831
589417
728515
454170
642426
75274
774716
258652
627569
661444
901151
515604
550363
713342
553477
537671
646723
604597
384095
909303
912914
872657
841696
393542
37825
319315
851911
292914
209912
779435
711884
670527
699464
807015
170662
642674
963266
846917
114423
987641
810290
580905
950678
345256
550139
64618
488310
674014
266960
788998
711991
335110
814284
588726
657929
589625
742575
693213
875577
154369
454134
488090
273178
978809
726678
810108
378193
897040
910292
928149
804796
562988
911236
804711
522751
1706
38812
844091
7917
667012
144435
774289
163600
286732
794332
765554
351830
192085
611993
380193
127256
485873
439806
383344
103431
763028
603940
493038
250613
644119
923974
205118
931454
323097
999163
153603
370385
393536
416336
636215
637982
760349
942849
952795
334622
837485
300564
894153
241402
545148
473171
896421
562329
423845
331812
430770
335625
687220
892614
692032
917705
463532
965098
218499
745712
806628
670572
196608
579454
667468
969580
158688
24254
532237
300942
362535
93716
565070
964682
221054
756073
821332
265520
620332
707055
984001
866940
75235
848915
558333
241361
485687
650367
521650
42454
315370
993609
359153
564458
644258
30715
979186
146629
755132
648575
100728
365164
572921
589223
700947
102416
919574
954967
772479
139140
185018
243152
88874
139929
36105
291801
700883
591065
330262
369419
518990
992924
177205
767994
78500
992649
626541
473531
885975
326189
346508
147159
201283
262385
21461
790155
984159
49275
926357
406456
886627
376164
626260
846061
375492
49873
235878
552655
656539
59888
869729
683491
336867
968401
465833
174584
520481
9310
146470
51252
233822
922041
354199
816313
845712
639985
314368
525299
281559
426848
864895
301632
78051