732471
358949
242669
597379
496819
100742
94443
212527
721739
92326
899754
153855
384844
930618
251641
457999
353
22374
266705
988275
312505
258422
571406
27134
412487
190263
280059
121453
795683
156019
503942
142836
980046
62024
702162
583202
283474
15652
439595
733875
526280
191967
752085
270130
374067
548149
191549
529225
465418
322015
515473
872295
295123
680780
363627
723084
225003
493057
994664
706484
835106
792970
507735
137245
923267
526811
727053
238135
641073
327305
131862
200296
814956
145054
696646
40953
257651
738268
299629
187872
199620
125713
38696
260138
479999
174291
564820
613509
748328
434521
496030
89831
346251
753270
424246
811039
260666
270131
643746
766070
402290
100935
332719
90689
816796
621173
647746
1414
558127
956419
733772
865609
631858
636050
911580
687794
187487
619551
49230
539228
512356
913941
612449
295356
88323
126092
845479
17836
592921
394466
744661
511507
632059
175156
748666
682163
786940
328570
923981
462671
198475
961084
624479
131063
83193
685877
845295
728945
401113
321411
914012
457414
698816
221767
531317
808230
853100
639903
858284
387768
469697
905085
203242
475715
270702
448292
584700
149490
919151
814975
452842
23111
916459
47902
178728
781919
455933
148941
339110
916381
63696
320403
649602
781494
590179
186116
876829
648857
138988
206531
33803
555897
607384
456856
284196
565944
649329
392170
268919
420849
570329
555289
222367
120674
84787
499194
539501
34101
899105
232880
965956
947241
632999
384291
501188
511778
783214
764448
487391
999113
520037
355341
592519
391329
535874
501511
656200
286824
553895
764122
304562
146149
29407
420764
819758
204628
515399
310886
110065
484460
839305
559920
696783
168650
220484
552392
148647
833211
268808
665647
634557
547883
935421
364752
355941
903461
448931
282846
163354
779269
259635
128201
344110
683266
343525
885980
733404
752274
767691
389558
248377
621497
86042
999138
391049
798130
956873
876374
741102
889400
989010
351877
810875
101489
673878
898337
422951
534456
869149
748721
51933
366981
179579
25546
972593
386171
459662
748141
127404
232143
760995
674045
746376
11472
589880
671963
260599
908054
293660
713824
635485
572811
64115
972726
475615
331665
376726
625683
730899
96143
647319
925459
41431
705180
868962
535729
98493
525446
554366
453346
477604
232254
538163
243535
777506
745124
954950
389101
114141
661227
727648
701946
136889
40297
78733
489813
16555
690302
703135
511355
563373
158558
710963
45530
112522
182204
290891
905491
602905
608788
129883
967889
712838
18517
267999
703041
727243
461674
22505
260717
444287
761444
363321
734968
328453
728454
456132
857592
957093
527148
915863
88619
655287
50200
81877
784792
492155
341594
725340
535748
145350
203100
814726
289229
570519
807239
849739
653478
713864
18966
659780
574511
360608
769653
414602
687088
837637
963477
87805
107186
477518
54159
678305
303162
277367
342642
322722
638563
839214
975275
102904
134102
678794
221968
414309
469289
104603
984137
468956
988178
835612
904411
332476
10566
914309
53330
28089
171827
986365
267083
371420
2774
730669
669403
386464
890617
270768
397791
89086
407245
692710
368034
47299
225632
55912
649316
666012
375546
793430
521101
461172
692250
846475
226670
588212
91400
621746
536047
111081
399767
485106
126107
438596
502905
889989
905605
97786
291390
610150
432213
143308
984299
87849
114994
80993
182003
508068
859278
309710
768213
930763
757705
806776
533777
623770
931778
519825
837960
575787
760129
866622
752559
805159
7226
85401
310703
541017
607423
413138
262813
982302
193158
539184
24849
918265
188497
284854
288741
84739
208704
731936
762380
551295
60335
933644
127052
195148
632717
106934
307993
108851
135035
398748
840848
480416
868060
663744
745357
256238
249727
184588
283305
311451
504486
719375
80147
498843
930803
539174
781770
449288
356718
539958
638964
475830
198901
85653
18462
328485
179777
471944
889425
43791
433424
155559
794829
54626
749876
126429
800613
95112
99064
980108
751990
332833
71466
750989
547269
842002
910666
636948
274932
831415
307853
193138
909793
217972
84814
31605
209820
910121
746258
661482
730818
110916
120118
148163
587770
88944
644664
745683
361036
189354
770846
439477
594777
178357
122758
539277
84667
716324
738444
109350
902073
525268
116817
498811
796903
781564
873710
307345
926360
206109
753077
596993
672129
822035
863328
687316
494060
135118
149465
338183
703381
318810
407717
968877
535077
847001
213166
179508
908360
287827
614251
374399
170221
805860
480366
714483
998682
868692
265930
929102
567465
526276
825054
296049
698083
125123
813379
510398
711031
965184
140366
679900
541270
56218
541058
646807
287343
850835
27093
254245
906818
125348
416413
565124
560035
842090
310935
547262
804813
462078
786196
411086
418401
738594
455297
164701
375482
966934
678161
197157
17197
86923
70217
976503
616610
935279
155431
632215
382537
164007
695600
719749
316348
337627
72021
680919
419119
348202
811841
177857
47126
367103
777410
417847
348564
637307
381137
44201
943963
54482
49728
524845
659684
581234
802367
458171
539980
605853
17930
718545
79946
896407
179571
803191
84361
910971
820615
516509
504486
977129
468832
763552
915592
611866
661063
269931
368854
226772
471939
779706
161753
138936
880450
824698
663600
807033
231651
611725
792234
45159
79646
357289
263748
655849
715537
587104
342206
825802
341735
783290
334236
354154
124967
383998
479414
290517
206103
371728
240956
342704
459274
641460
66506
498383
890189
950768
501412
846308
179754
922704
105870
337875
658391
925571
360523
282081
680447
375715
565872
373770
906410
40978
770147
238001
422795
15040
269493
264626
868198
205192
913050
221843
277084
366074
294913
393946
606676
479028
635220
816696
306760
418281
680590
414115
242601
816067
470451
269313
198960
846629
362609
672000
647234
436105
827729
485762
231743
494409
467866
824182
235560
631289
425666
761858
917162
723249
866449
208412
657035
969768
935381
375160
166256
556603
687420
356316
592841
450830
839569
298959
555225
664265
912726
345199
499557
603652
651770
145250
188089
900989
544055
173925
963409
757318
709386
409536
672619
931516
107664
558234
437799
427569
422970
769064
342039
916971
796333
245761
948137
986630
62073
853326
314478
617012
520947
601117
744902
891877
464624
704020
925802
475009
243681
428354
331350
242770
885382
190161
896657
181183
458832
186136
323482
857267
372248
914829
662961
981725
606901
512600
948159
944208
721789
194242
412642
248842
855644
277644
225497
397457
451082
47580
648905
17209
344108
915730
387498
942147
359689
267066
436753
842784
937511
761690
417178
435731
867777
991274
48433
424628
102440
309155
241982
110800
698292
389936
275883
727214
813988
315969
611986
643949
615961
156031
329288
796232
762348
958042
133761
633468
34791
773181
813086
717312
451751
880739
774298
943155
656140
740419
497484
556372
974490
484839
361753
817514
814063
386715
522618
525572
107681
787136
407654
586907
258163
862720
180636
804179
77172
992667
265167
214560
249525
140064
490605
717254
868325
554552
586574
130296
321483
152157
512246
505506
101598
453544
119431
489987
342532
481735
146438
825777
794726
344653
489479
491264
704876
965795
790520
683902
207258
137308
950344
108949
803590
600807
764530
942228
348853
479581
519082
476039
402834
889082
893922
680386
153162
728041
464633
508477
275398
389624
732417
800537
277062
616043
836651
357377
891159
336364
77649
971755
150705
162016
813216
15614
324847
255828
935713
120014
375531
666134
844002
331842
417013
95200
776965
293591
511088
412272
702052
570173
836362
775603
350560
164831
531670
569503
344965
735680
519816
379552
423643
495745
364236
839082
341388
704831
590403
443373
66733
89369
306395
847655
243754
391119
528969
363027
650195
520198
381926
262527
751741
550248
466724
218939
221014
541928
971051
401261
861385
868003
1236
622978
950090
56418
589312
249087
913982
59772
223190
476661
929738
66456
809497
379731
58039
225360
422050
797141
681535
169458
95998
157467
252599
61344
377510
806420
736280
279
439063
816281
206379
923148
784206
880150
199057
746802
448738
366691
386988
942169
956797
718449
18670
469424
473784
723487
618492
432619
717587
523564
317118
637503
47950
816903
708742
28170
122534
90755
706138
633937
836143
829670
449120
140897
721418
286560
860773
685910
457476
282457
814409
9402
661323
604003
433099
526597
298894
614927
347373
434498
947248
360987
314819
758995
504168
380361
28126
313355
319736
129931
926863
666681
494343
994138
784922
168388
760541
943397
839353
260466
222203
24550
79753
519171
421141
968785
179285
893754
910701
720551
205502
49019
303629
552295
601220
972495
502561
5475
489587
5573
778990
55024
489516
534260
985523
664503
502031
690459
447963
655976
980162
329257
702235
565519
826849
85592
406382
324543
859202
669491
8619
946218
871523
934009
845503
879954
46643
901146
488397
104154
651193
144478
359967
940982
477925
137509
391943
622849
132401
834121
529174
508718
69812
903007
12024
43414
202883
775709
410795
956463
809476
354261
636762
846749
557840
420831
448602
652386
383748
698006
591552
598578
268773
173304
720092
983842
340333
589937
297431
257086
691830
219825
394532
502137
530498
335929
383142
4479
900773
935414
954398
837927
111952
625732
268623
8900
786810
349459
243761
976091
724076
388455
868749
520622
123050
410041
694459
882807
68985
939963
469878
649200
555025
15801
268825
477327
837921
509147
151481
474640
595514
61447
248734
562538
537817
704995
937630
247651
738196
64952
284248
735231
799903
944562
311114
474516
693435
17348
245712
430649
315005
34792
68090
216925
1783
959300
17288
135155
633541
911336
289476
954443
65397
49972
661500
511996
912404
473687
57307
194110
975121
127858
249508
53204
26065
742042
561994
213990
969358
154556
398702
956141
467820
907995
121717
166983
881754
446326
408005
826602
240289
842053
708829
857269
772621
523937
945678
8546
413556
149251
25690
49560
806695
22500
345384
879901
483317
429060
916448
213481
493783
210183
294185
876693
447867
145209
51900
148914
819504
588274
343589
437815
545578
446869
330262
321938
161459
889842
680616
252319
643503
743820
486639
894646
94538
128244
175352
93663
270720
112212
834786
804769
60616
471240
776342
135735
849374
871654
432292
556964
218027
787998
98299
46302
516692
842493
636357
370469
866780
702220
314077
596087
379575
597589
120686
230108
532460
819461
422697
696220
550629
921645
966690
209553
127958
552930
484872
815703
247368
783173
372543
679711
220801
413597
106204
671843
665234
688160
409660
120116
607421
12241
899905
415599
418560
663107
412906
909134
49922
534139
470990
555034
158937
860659
9525
399102
401590
781499
95379
955895
534638
151930
396898
432360
472293
279059
107611
347595
816921
748899
372112
726081
538952
605798
83817
572042
616256
413113
917625
784911
74177
330938
286460
140508
907920
616203
175343
71852
683355
657590
998924
774877
677636
941035
821345
387715
837004
935204
395596
187800
124765
872361
656917
862161
873075
421935
653992
953740
118760
401180
180013
396965
399836
153254
755014
6823
290814
686553
492068
556191
275321
501687
129862
417869
149501
991929
298832
520628
367912
185716
551620
841105
805841
121047
116319
30184
727473
17361
823442
191737
690863
60367
441948
856338
531591
581731
797504
587774
42518
855424
647976
929307
263300
532898
298262
657737
363790
91786
26563
87614
880622
348071
52310
5879
23338
121872
978178
341961
438519
989294
273404
69078
301575
121975
102872
606042
19894
555413
488703
736229
69324
983269
219407
930403
807088
613467
121551
251799
556394
826242
121357
867111
162451
837665
45207
651280
204764
734649
240338
548281
169847
313580
183226
358694
192293
625144
612086
60227
367901
770656
856407
323872
169366
243115
474477
639036
211953
73797
878982
506938
348038
312132
9924
953137
238154
882374
962970
398431
727450
807094
544611
769341
656742
608429
152094
34861
914685
357237
338058
536847
767856
212200
716954
708468
122086
189943
978262
947818
752124
556038
128846
180406
238614
970293
732474
458656
401415
756538
692083
705448
236441
346858
788552
726934
540729
509654
107262
847855
138626
107090
999976
36356
637668
845649
739934
523044
182897
627436
806685
316593
595652
454529
666747
556240
618574
472696
32325
674234
753918
949153
259895
81776
878732
747385
602391
808907
807267
742604
71406
239473
495273
930804
658084
412004
372460
376703
32951
816244
848746
890031
561880
288277
415869
989274
213922
373707
973793
598834
522359
718145
961123
400543
945337
106362
391913
332680
145506
668062
682840
403697
400129
752566
320997
263103
619090
837107
249148
786262
373816
383785
545222
471395
94361
802521
784091
778166
479318
316907
960324
168326
506661
223546
581035
287705
940686
56906
436193
733883
251710
6165
249612
422315
427659
134274
658475
41238
31173
114871
840328
866875
28213
98245
584569
486445
346805
271042
150802
9527
17132
970869
58154
144409
911716
837225
544264
681905
404297
761188
551915
225013
861376
23218
937715
330397
99041
482330
485679
158109
812307
834226
901316
953296
829251
815502
45238
545200
970048
934420
673494
727874
810934
338795
323785
552015
519942
788114
272496
402124
195198
641229
458553
86747
933178
502777
800514
16170
879702
601409
456741
378874
235470
400937
701092
301562
580853
344904
987762
427473
191503
562323
502172
138235
235019
793107
140050
664843
600224
463608
431894
773454
384194
914120
11904
543824
930113
627952
183851
465464
298687
918907
936128
201230
461644
332960
22621
113117
919264
447029
912289
620340
775924
271682
9622
56390
873149
522225
483004
588785
971589
343073
259502
417820
865064
469337
371955
403449
465001
786265
80164
938090
769263
94413
159157
48383
664287
45531
508961
625694
982039
960603
330422
238204
304003
335462
28410
795911
936544
58311
735097
918118
398475
422799
688108
15064
938501
549893
959752
110713
938502
686969
909280
995
363322
155897
489591