463807
181980
693871
398992
708382
641817
768823
4424
845972
63519
709435
994285
320548
519013
268842
437877
272474
776765
175731
647534
116424
540402
307676
706083
115626
263738
411313
258216
482219
458648
749913
650051
245889
248913
84804
443191
416627
523272
437568
972334
949755
599800
536491
381762
98694
861326
309571
29416
235543
645153
109145
129209
929164
113231
618532
494111
899705
557621
673010
845336
124208
98954
947449
399210
729315
579673
277132
478307
449824
384409
571113
476492
161530
299562
209263
760298
229384
362030
644141
354736
723015
748546
776917
328388
76059
250392
927823
126316
666291
156211
166698
159765
109321
126525
759341
846784
894345
82760
477644
650506
399241
951455
604214
53526
573047
539784
155787
644376
623505
954458
552619
823937
693772
198005
13482
662978
957336
265697
7967
925567
149115
507078
686364
330770
227994
689989
373751
188729
896279
899251
234759
691549
164051
872496
584747
42944
500628
161959
326788
535938
704258
329700
980098
11151
61516
467148
14620
488
572520
840574
881177
15181
101815
547013
659084
141765
190726
978230
753437
35913
96945
95277
924609
396115
78562
443614
529035
685502
785719
629146
521052
651226
165122
655073
270262
965646
564265
718174
385519
595242
81646
795523
72833
486921
461449
515841
511742
596575
66994
138212
550496
239781
371195
217098
443711
810654
597593
988478
74139
472708
740483
379509
549081
758484
8818
737764
598667
533107
525065
403516
527976
575355
533903
33092
549083
527527
27991
125073
321783
500183
621377
508899
108103
272063
946585
829215
464515
97650
765468
91045
70815
260359
160155
798029
166142
711717
517945
88067
945669
683633
336910
728380
683402
976016
61486
41364
982378
245595
761348
830086
115193
312095
190615
691079
62101
612941
197935
366015
897556
529669
792209
612517
891675
51449
562213
221174
810896
964481
572025
74961
474727
620988
257118
872562
216857
257117
691824
732489
505011
653209
463540
489846
415819
759467
941529
449636
258509
373122
876961
580927
367411
126089
766169
881555
745427
739344
459588
141506
178834
779740
314454
399522
613878
447624
703900
524081
236762
465301
10553
129141
986810
217110
496650
581108
311086
141105
284331
386317
656436
244498
780435
694642
960678
34098
121050
315907
157258
873151
926108
994311
19528
485161
133173
144329
993526
774473
666155
237517
357519
265901
737195
549550
702723
630020
147564
898261
481640
842147
535984
124824
416078
233777
918825
304364
406000
486966
206648
119176
938949
867002
130576
529689
964918
293661
605690
624347
21995
206643
550065
6043
346879
233753
922669
640454
524562
118809
315901
709548
616572
670453
353421
102871
782814
339156
58055
795906
75157
957510
97622
441720
874184
780598
163078
897483
385185
365611
692424
460973
964568
871994
335121
338030
334443
399436
510433
228754
18986
907400
332385
464334
276206
207453
351397
392927
960170
879149
278098
582216
416217
19673
956953
649382
377239
60005
829921
154161
242956
305480
796291
294033
45827
760211
617903
383834
937625
668859
781100
250022
135056
896389
780284
891342
140483
660557
457501
678980
680756
829874
937388
491920
207745
209057
186469
23653
834165
366077
289861
195104
204027
351080
848592
716956
571822
653809
801774
18100
530507
400154
899057
881238
183560
817540
316466
746048
868414
246393
66265
261979
962305
683670
170426
755376
728720
853203
230172
536971
499112
265009
626262
428971
66547
128063
450451
529762
108254
869640
821492
233871
364744
952028
440660
717686
405910
219449
913767
301881
630563
781271
734203
737653
561685
61453
242145
787900
782219
671907
419365
124842
975026
620981
744184
393830
479415
31616
622319
502647
678486
526924
46436
746944
284305
807670
155258
735834
514685
797273
880959
654092
834358
678552
419242
88553
934131
166539
337347
570503
85748
896324
699490
33111
282200
752829
752463
246182
11851
689759
870665
39151
952156
756593
136994
493786
324972
121052
929799
234965
111170
749847
526046
185678
71484
22451
162952
546570
988576
959493
435845
213349
482641
772587
333367
563942
576605
841853
572607
609982
963123
504786
470276
382622
519026
273644
46866
372402
522140
67713
215198
113853
172649
317350
178920
296914
192696
303450
153657
418732
929952
854317
524556
214827
716325
453387
904393
995052
325255
620009
130796
716803
72500
374411
292677
271319
669789
537967
109336
778651
956197
839962
74532
609829
900342
862716
504513
911404
604718
655298
977634
69027
799479
455801
280826
903340
313077
404890
910588
930363
778520
825590
293050
4104
453009
392959
817455
940592
229409
147376
622296
549033
489868
126426
209340
372896
153453
780748
913677
663985
243619
975647
120359
412546
101929
432667
223541
574716
544004
521738
593203
144039
834069
841175
801741
586402
458126
732257
173351
737211
832001
982626
615350
51761
906644
170614
58699
453187
727505
722059
9840
348788
770266
31908
204907
565662
196281
882825
819103
714224
175382
855503
839826
52166
132354
131776
922570
471972
641455
149734
878608
113486
830018
872057
632022
233350
610369
830178
941812
688867
702439
808235
453518
147274
827799
163334
931346
524876
158893
350775
22494
77724
69295
149342
903806
128747
609122
545125
223699
266914
296505
480002
62031
520955
710376
655401
530524
780796
274968
182482
789724
556434
184051
678178
444364
567366
201054
739384
753282
968990
540871
755351
256853
661203
252500
371627
583707
334889
828538
85114
65357
690161
638511
884456
965063
945495
981367
348966
77612
821032
989915
712633
273383
741605
598841
362147
719180
548092
390836
796080
353500
606313
48907
649502
442599
725673
221127
474025
349900
655830
191566
325363
992668
994084
755670
502605
277405
178486
631923
932005
266666
768670
904912
949708
717048
336112
316796
634146
905843
504257
639196
43103
725958
645185
54911
292289
752506
128690
262671
828430
382134
971268
957666
165125
133285
163343
78512
959525
982581
729388
676127
12441
108731
933041
984763
201790
793587
722375
376641
192019
138469
340392
918618
401724
671332
325882
159909
889395
645233
645827
562861
339275
907068
262473
592698
774370
334730
601095
906115
144227
873522
572493
73857
917557
664129
116917
550878
837316
5117
502333
637132
701418
414023
986502
339507
913465
768089
59496
939586
972903
10351
147824
649959
652951
192067
956471
28249
332160
306544
44384
934098
458620
29048
953325
867483
311215
867169
327358
514751
83474
461882
244968
318241
798299
726523
386734
907114
277707
887946
79135
358554
720660
42778
865803
885568
75300
191790
156067
730821
954194
83900
966892
552034
821028
156588
545568
145649
686970
303999
863777
947105
338203
479181
696219
164612
340827
524454
42549
376643
727333
637786
796211
300849
414891
326805
381355
547580
135271
367394
72353
2560
609868
397904
792642
815605
591246
699570
700345
772169
256907
169088
296114
855369
31956
988890
225833
384440
652508
782253
976110
941442
435197
280558
119991
834570
487585
616836
155617
123168
889363
707586
793989
353486
836066
949138
982579
449809
217455
425517
13326
425637
945300
174854
42244
198713
68465
638214
416487
243330
661908
976754
215469
823148
905796
746154
965889
43691
574315
893131
44867
161199
675997
307827
226275
490805
251145
71524
899413
10554
419131
811521
918769
822410
647179
672630
999019
144119
782566
801141
889834
498982
804662
259483
281734
891140
381425
408689
210659
979542
154811
401677
544421
752941
323257
863961
916047
314295
382003
234027
257915
397426
575461
681492
313976
799356
559011
210421
707131
625415
378918
342538
980484
810984
403831
952138
648975
183950
553654
84583
450802
506511
849159
681648
247961
637598
773850
495063
595420
594201
546070
998092
706298
622975
518946
519
498101
710783
872399
818341
53257
45227
436837
680490
973962
736716
427017
688869
173401
329166
452808
346097
560706
424028
588162
544279
871670
936135
516277
513425
447840
687903
242597
845610
411301
580324
632614
626689
625021
488918
441798
698156
669545
894377
543193
52216
610832
957077
525601
463503
109754
447049
708186
924851
603048
646271
602848
457574
624589
575339
596734
269036
256493
873677
115220
331816
388817
322022
901476
769059
732196
567623
429689
156844
576046
383364
860596
339865
23978
833608
163316
807211
933445
436290
790049
979856
153398
658173
255446
947841
594740
143950
822760
646860
693273
272294
743959
755884
419985
984391
718545
599316
21950
84116
311325
526027
782124
605761
176490
289200
621932
450153
314357
387487
364367
743486
236817
488236
748161
931034
558678
857996
416063
151605
678440
704020
71862
353008
655651
574681
65658
190413
997920
791605
784159
813122
922343
645547
549048
648290
214577
451682
758185
149435
898008
188494
229163
612863
380381
16812
975644
843354
249110
688107
565569
589026
300530
639656
77849
994669
163818
817874
717278
549052
336774
412269
120411
444436
865929
431026
513445
716461
714555
584851
928311
554180
299153
596379
910702
107147
958522
1908
559645
717889
934344
243650
359566
956444
715193
643053
93782
778401
361570
311613
942356
763926
771831
155998
342278
527504
381113
136386
602759
304998
225148
998117
720361
919622
912724
680428
185067
739493
839900
991783
86167
174610
245218
849654
129147
560548
168370
787015
533953
671890
976638
387197
317293
707617
133799
480940
7539
373880
766826
471425
811571
285711
894378
716607
809426
748550
584726
797412
129398
941970
119798
495402
853469
436370
159959
454313
29339
279680
618641
734105
159662
428866
412146
849270
325887
138016
479945
992124
794040
561297
5456
996114
671804
589230
293239
877827
738183
959752
848265
810023
64420
497941
713981
564896
619973
983173
300636
716736
609282
146611
487241
808264
985969
609142
518706
945355
72222
896664
157330
370994
978791
813854
589344
468056
67447
255110
720279
430037
192541
417103
572515
308376
789832
941810
905061
664238
253473
708206
336163
984159
467013
785089
439759
755383
70814
568562
748466
176674
895709
749131
42293
938801
689301
163685
161228
852217
972087
108507
637696
645210
997862
659233
570199
863837
566966
308205
968737
722551
81990
808019
4770
318698
665271
794798
392279
58571
542792
167610
393319
979486
186064
772799
116263
249757
309207
292520
63306
283800
236624
354290
71972
417334
257463
244544
970841
704153
877955
397579
105382
440928
211337
788918
79499
413574
748269
441023
712724
975079
929541
482642
205059
862179
911116
223160
512156
997915
623423
350956
412813
824217
430615
765006
113335
375308
662628
943985
519837
584432
317699
489359
33256
849292
577020
207516
51284
428053
35834
260023
515835
775088
175719
137661
295932
831125
82916
12920
348040
175823
699362
310453
151625
490335
380960
688179
896110
748481
395841
65527
290455
399558
393161
858941
854362
51360
864756
429384
271408
359036
420403
518171
669696
636746
59716
253184
94085
272280
936684
382213
802462
775836
958612
793031
360754
174928
469885
745574
96125
563128
689186
528280
739900
606911
841001
422105
98289
735999
361541
638208
680723
298656
604907
5037
928598
161304
718190
950239
841042
285072
727929
305506
787731
194151
853865
80869
228732
389455
761093
417193
621592
624277
557722
166422
145599
423231
466999
634216
587745
876686
897346
542918
161778
195811
261750
294707
261106
577214
634746
987805
78679
210401
144286
867603
734042
595731
965236
923732
801243
767232
48713
637379
592114
312126
220735
651958
934611
250026
889352
484141
867613
811825
397249
557343
444991
471019
501865
824688
369863
244193
703740
889984
580105
258095
270128
310941
840744
531013
636427
173464
802884
487047
21855
955509
92928
65684
18083
327164
909614
324068
869168
742956
521114
251531
73237
357711
925168
200602
493783
246825
210379
35556
274568
853770
433562
877534
780354
470211
634673
997152
350401
52789
821930
908104
835610
94341
282677
909950
661596
41387
818947
276305
577538
372778
598539
410560
579281
429018
391800
219606
811028
922849
930479
249452
722034
15744
472128
613266
588841
976393
962920
849161
357481
447406
436417
674471
477519
589301
211015
441373
948860
832137
339591
235990
351698
641322
351334
551349
355147
858435
440779
565121
831413
495708
710634
398365
513550
564774
791022
769200
824184
848116
161858
557475
10264
734281
317693
547208
958737
341772
989736
889560
328408
839448
920556
457685
485876
396592
111453
391566
31573
699343
185437
583617
446414
991070
508590
814938
933231
664575
290584
525082
678339
754310
307763
217299
769187
535112
791634
26127
686197
286027
641036
317137
378245
319261
6504
428083
445821
981888
992420
248814
311620
98754
41442
764216
371505
772588
737584
365000
590251
222288
626994
894261
615263
213253
61934
133308
914908
653168
246516
928160
339342
486520
430120
732332
684821
988187
154478
528404
118017
990815
153904
951738
142316
479008
418574
686924
668468
863816
783459
944202
682196
81374
286769
133733
452447
110069
113768
590723
29464
935300
162072
206304
346096
636246
711408
339726
602653
499992
563570
209308
547987
531792
18805
324757
780705
450157
682582
827616
901355
156601
553468
434693
140800
929706
134407
930063
802455
823576
767381
521868
118827
735562
370736
561649
830704
796137
389911
220058
381680
253462
366888
557872
680583
267159
21159
119076
52087
776620
507565
863511
86185
888000
347631
59868
336449
148347
371242
102997
903708
998644
28072
38970
504233
304004
423730
975864
709857
372022
314451
279029
338788
782938
499972
155058
974898
158009
659385
484618
149826
656290
916679
933527
110786
716259
696368
748212
795884
957267
614605
150364
713154
313420
930454
862449
838566
293431
352849
4057
227992
816256
286037
428931
168140
898472
717050
579976
250087
303736
760224
822828
12886
988499
327832
300995
562827
385445
4338
248048
511381
887288
453603
81737
584411
728549
301011
550038
924213
773095
791809
439032
222632
566923
96212
137383
426491
702979
700095
819092
242298
585435
982607
278509
310343
856323
705940
487615
577047
538186
775018
382197
132304
647084
994403
838654
527934
509250
278674
72333
721388
327639
689526
703226
698085
326171
82434
241606
157319
31985
897477
289531
908864
371299
532219
547122
519976
259381
269231
940590
410811
182487
608779
471782
297201
283699
914814
938208
89340
49511
818888
836345
994398
499469
382949
226497
161892
961653
164372
548035
689922
868468
840962
250978
443596
58582
632344
739358
548431
348398
720350
458422
235082
626767
199946
932648
462732
221779
24745
56020
424235
18200
857577
506431
213790
996235
581953
486194
433144
230748
44413
213826
511938
376529
290409
413419
621107
95798
74585
241046
994510
877554
678676
313402
39256
879670
140059
589982
676917
629006
303257
512444
311327
790938
556712
109698
743617
758102
360957
370
500982
775060
405426
11817
382233
615820
758703
835388
270472
906890
271155
597630
888634
871173
441220
616414
686010
674704
752817
67437
529088
45801
55937
665470
525546
236591
177082
135014
571996
142961
95311
81379
920369
257826
494759
246553
860
521960
478854
567095
77920
328339
772570
197753
173544
795627
624612
247622
857987
639522
284289
894457
462400
86504
901717
625085
567715
789534
418195
949201
424897
134946
757226
928171
839805
418761
516175
586489
370335
633130
136867
100418
67918
399191
607042
693995
144810
625447
102952
709334
311112
155439
510335
818917
648587
626831
912713
907036
754203
778408
647014
494244
906885
991019
770947
511660
435503
141005
760863
678058
361142
402775
112187
498368
380582
82265
379614
190009
18133
734782
663234
413938
732316
198075
215646
288917
3251
742689
681617
506177
179496
687827
364904
916166
606844
41681
227468
413260
559258
533618
95435
446995
255989
454704
32961
396820
211133
50845
545826
550343
554557
813876
636519
443070
871188
417291
188115
943662
534477
618916
476705
745678
38750
127522
47052
540313
550778
478808
593082
743917
825491
542525
156294
312341
145455
744444
675369
653028
594726
210344
896068
91128
328822
61837
763020
774558
694274
329057
19410
84180
897389
529498
258990
643945
339599
152665
481735
196545
783123
552324
777474
761589
362925
929841
868293
185815
335098
277437
341287
866387
320629
318141
894326
393456
571987
920780
353060
882486
427773
550404
871822
440554
765672
82056
336042
573749
908562
357053
704077
890851
778778
81048
793751
340294
940028
428818
251516
703995
891369
282553
580015
95044
691775
985568
482349
366805
460970
86263
329123
419498
8406
728053
149436
500757
958096
853937
492427
406358
917496
899216
495058
859554
820133
627097
196269
268422
336853
299877
35998
729509
460623
262578
192118
379357
930008
65494
934428
565960
211277
477328
563773
206814
586211
608250
553808
619640
349305
259866
76932
398831
508439
621529
605833
937251
433734
49867
77688
914968
639691
833324
48224
863034
612481
81772
257198
428481
877650
618273
112184
274351
133010
162716
484198
757431
722936
153110
593021
140472
568313
909320
664521
148070
618371
683993
449191
856394
693843
788978
7340
594208
167667
514798
791094
413598
809108
61229
960141
760980
959235
67079
737269
742766
712075
599518
587090
786903
256808
830861
540664
943800
383139
130045
642383
771678
869647
454550
967263
827898
487518
428689
750846
978177
387552
973868
508243
445108
709530
431415
408582
910458
276031
578764
162182
710825
916302
795292
703798
61091
961031
50723
651957
779933
487627
46717
919752
606523
13199
587027
515431
504343
744700
89389
709025
44065
427815
111724
892780
477408
870952
857935
52621
19799
91545
183154
28192
116546
494061
462488
626757
780543
639722
124509
927911
774026
941700
276686
980074
166817
666328
133588
504240
838662
760641
486091
556296
200227
129947
659184
535093
583687
817810
840825
390102
631247
966181
856255
486774
186784
334269
965527
453490
432656
213796
987326
300163
551268
464740
213554
122344
685300
439741
714013
959409
710955
188993
461164
951209
299947
117264
201215
374817
593357
573228
154361
659669
283334
86648
603510
791806
937765
80530
194780
939059
467896
662537
928651
618557
534670
964157
346094
44790
750424
842834
235827
807132
548905
323472
20567
642679
964637
499099
278938
695653
854805
976458
774866
270335
885408
957093
957916
586090
834485
28672
429421
500668
640028
438766
500742
673864
510125
269924
230406
585032
690161
774444
736665
175590
167269
566530
491470
550247
827484
592463
860039
26228
38212
44479
103753
218823
251841
284993
347380
813358
794805
441947
512716
67199
523233
288743
51893
539609
167845
365933
111870
286226
470051
46558
163028
356354
51906
539435
568919
207339
373966
82880
952073
878147
432829
86881
907490
341536
61005
999839
491394
971776
221576
149622
918078
326193
274985
29318
306203
850915
590937
532972
938713
668744
854226
624317
885734
847397
928293
26527
549300
825721
931734
464323
133220
161158
898789
832194
3745
5248
941224
211859
183306
58321
26643
530535
356487
717639
608538
180769
248061
16923
556845
184757
672540
844191
564322
448028
537301
23299
323633
528177
452841
559427
610200
303852
644189
435505
182559
889272
566346
17946
367030
721778
971088
174808
68410
263680
111147
243444
363990
171340
856926
853877
884038
550172
121291
253194
250423
324304
716836
305295
798987
66167
751164
455295
454904
752653
299447
972215
50448
572949
339936
723683
362267
437903
387225
988295
228448
431063
364461
187244
936131
750298
761282
119077
173320
15861
807530
294588
427189
530028
918744
540286
691350
114115
180079
635680
616986
914492
704886
36109
138587
744622
760872
88653
366331
311551
495336
755027
254506
2046
513874
970019
751811
103519
291949
851038
365462
896788
489980
562027
640257
387332
845300
945092
140215
976554
379463
102362
992162
976909
131295
525798
653669
918999
151334
36686
489018
794261
953218
231472
340667
120906
185694
563213
604092
595824
258340
355797
856981
285388
818503
586443
310397
133165
943036
645204
493265
515073
298248
805346
718197
716179
177908
418168
371921
320357
336030
841369
444861
780645
941674
632529
892151
194128
335893
521311
486865
215840
320297
868605
432232
910451
413389
957006
579022
727162
937460
778787
545609
421210
524598
881898
396597
634210
255291
824564
874372
884841
201299
251233
745254
7620
93412
25899
543620
879010
179707
408395
384357
262084
17475
280011
688243
492827
757971
78762
511320
921407
362657
260581
190851
450890
86868
62376
656455
181775
596664
145809
662114
565114
774923
573469
184538
455622
836788
740913
525635
322965
528339
556743
495710
535343
877939
184499
308572
143577
31900
923217
588160
366609
252742
627405
872994
591141
343271
795343
671439
482861
317485
126337
24206
130091
150216
588798
165630
755261
125150
697176
990299
336828
52578
637638
865375
968501
151615
411753
895300
775298
528814
735737
300904
300292
377255
961808
417482
704702
22195
604883
822705
563601
3488
105273
138412
234320
127054
424889
574324
563263
744551
747668
430317
335213
920812
531516
128459
599147
721066
396832
453842
555880
792651
186837
453238
951274
409480
413666
695776
41515
475132
36392
347666
278542
85332
682988
120801
15164
500963
228227