832457
376752
581656
366580
993421
290030
206940
231991
919744
77852
673766
448183
194366
112927
796536
897552
351337
478927
896167
916831
411790
537203
116239
342150
851878
169502
23590
286045
329400
868709
336814
682230
292059
419643
436484
997898
876954
969260
700886
949316
37104
655154
784882
821418
89330
9527
308601
624804
482060
956264
533682
34987
849507
938098
907835
300175
814106
118301
246042
369508
859313
143425
873265
580426
93575
849064
493008
759896
47680
187586
908708
879781
656257
283967
901454
32178
158552
342605
416079
16951
79545
321070
683295
384329
497315
529524
950941
304164
243618
195164
281568
671899
91501
698373
752811
160601
800175
668811
268543
573331
841699
860357
149707
3340
544024
34583
435711
503940
278804
608308
625470
74174
472725
614195
209522
819821
764978
328269
589497
642490
880097
548337
490684
699508
393681
102724
611617
465813
307767
80632
942934
528557
697895
226248
419086
714478
953816
677453
866505
165331
980234
773952
762699
936877
255363
725453
787694
86923
408308
744336
272595
633541
932859
644782
85236
856229
904834
873683
157781
757811
704580
71811
318873
299740
256240
963871
867377
250430
115942
910263
692335
77075
728094
334662
658873
622391
612328
59214
893145
76503
908686
288913
977136
795256
448341
533097
33675
454241
770275
892997
501710
309159
917818
852416
111884
679379
166562
152031
52729
328369
754213
964775
404215
840184
866740
103513
44364
696977
74919
535051
245685
267205
211938
317028
78035
643592
443987
135092
216836
344156
295447
35438
951245
583332
947708
498499
599219
393222
480417
455707
413545
766075
788922
662322
514531
723446
582192
19150
745864
494126
799909
534425
131079
835466
594197
63071
604033
345384
132120
693412
667236
520907
54596
365539
78807
864735
757807
994015
49361
166313
688018
868264
128453
344271
98824
496237
671160
924993
494262
843512
59058
915331
924806
149706
857682
691353
919819
5331
941052
967438
590089
182414
444398
414496
16268
677111
867761
694923
465270
347882
92203
102128
854615
163033
294737
619746
404084
130218
115001
553166
783594
204075
940621
260804
512236
411955
541020
378278
91689
425302
535626
30955
422281
38596
789928
640145
9237
51966
418207
889565
507510
658806
837125
214736
565461
803011
846930
496488
273634
858238
418988
355919
980977
879036
408542
995493
472446
951847
376359
512997
279121
67067
464111
276662
319356
658075
206036
433296
303362
179661
797411
296201
657874
353369
931747
855803
192240
207097
891978
231252
188085
513085
21459
38714
128045
910654
663655
741273
525854
377724
468152
311498
952616
834839
871149
120801
321928
246310
977335
994963
367350
343608
678595
583682
115823
306469
786824
196519
713357
794575
719168
680795
792465
369146
975603
847298
280131
543301
66670
106324
790896
315717
500307
302345
49043
878013
117322
870881
785230
631099
67029
554637
937687
619154
764610
386877
733552
487855
388985
702471
724878
66010
292021
48945
171803
977483
107728
288027
380503
891558
738294
224332
862874
552533
446972
674967
139892
230721
436297
697705
597301
617133
423666
441650
199048
574511
228900
417646
29690
719947
246906
696143
521689
815213
833199
293577
251127
962435
744429
178490
862286
14773
465796
679923
870909
356674
804022
717287
533744
2424
497391
170927
581791
81807
694993
743287
177773
510691
908654
832969
306736
929037
794511
199796
918352
959389
989489
98840
414536
266869
463055
672145
138122
688965
847130
78526
287551
967710
566726
921005