525645
874104
987642
747191
157001
697071
600672
771466
600418
23319
334115
947931
51640
582829
279877
111578
412342
282304
220082
454497
890194
87881
685965
862621
44594
364962
500646
280790
893612
105253
439688
946332
721766
309538
35246
558672
741213
421116
220693
4300
251777
568160
169516
105136
312188
653603
798056
326922
25235
455480
554292
619297
721317
822283
113414
326494
100177
552252
875853
900056
907445
221435
56006
900922
796945
628092
307886
705491
622281
678679
230738
530810
46089
387648
734338
372380
807235
286622
914980
728292
431956
623497
508068
786245
959940
734373
494473
717287
168620
599062
763491
699371
969842
944222
435104
274973
322416
62554
790847
297333
50547
911958
512540
998794
750751
927944
418025
250196
593648
381808
417149
999260
943899
881226
758726
355842
131347
366956
297499
576235
718631
122818
217836
492997
529736
504292
503131
329848
865833
211921
883043
401386
562431
962315
843382
218031
615592
961294
894117
312460
620904
818286
626873
665766
347022
11084
66079
346060
468789
345268
823807
213022
265830
748887
232045
532440
859547
935520
636856
964735
819230
626484
968417
786726
379408
39499
218214
278941
676870
18214
255995
871991
127822
89324
660698
233463
465423
205093
110641
685270
349710
156562
158458
80820
790157
252006
194921
67417
317902
223397
546494
679206
617333
105752
374650
328604
800587
136042
93486
681416
109087
611683
648366
901578
206727
108798
888421
250881
371716
665000
361155
3286
80131
23768
789777
639969
653760
171333
714340
614907
461381
110345
164592
979681
342737
98192
650356
363521
330707
439356
170643
404965
111701
707737
430659
311993
800118
192632
170974
40250
887888
429866
229590
760445
285368
902490
475910
909977
310243
830216
941603
194483
132645
267038
184721
324452
172373
781104
615122
384073
703629
156309
297561
890918
523534
118876
803453
67191
479232
728109
135369
615765
380118
303742
418992
38338
132560
473966
583901
993809
194266
698754
66217
49717
397586
153337
89894
414500
759911
562445
728024
102823
288413
819145
262467
482305
259500
45762
868704
845817
844424
272883
941097
720454
262332
337849
395283
668567
192240
810407
257564
225084
820745
357319
860666
655988
458863
728878
961587
768147
492138
942651
261706
692432
325477
585644
738519
808489
638549
25372
447344
350579
485427
152541
952771
886978
826405
602158
19206
925040
615355
552665
639621
902030
548052
188396
526426
181669
225
369617
647675
59751
713985
765708
860333
238199
545356
922513
186263
143826
468524
674624
454577
582168
14373
840702
485979
264187
813812
674993
563850
103363
465685
243927
340893
448123
648927
702084
877390
980987
376395
84982
743684
95059
114962
830230
772292
105233
101172
283022
808648
96624
473172
193281
745128
113885
560576
772267
328565
533031
150415
971095
81637
631042
400420
175735
898344
904759
398223
557219
955353
762284
299154
555441
932944
165067
313152
340717
48532
34386
400065
265973
12974
468343
123251
695028
647000
461622
370795
619065
498644
457400
651609
624179
836762
646561
924361
422731
94633
203447
566470
765214
15615
435114
950745
307158
205476
134660
51567
718820
350240
799982
764696
768923
539852
730524
646252
363244
572742
3606
936648
802426
163582
942564
341558
306073
54381
76566
541355
775272
266534
704621
962985
589512
879236
116393
848197
288824
370371
262576
493955
320207
336619
916440
510045
910165
288423
286417
21987
853181
162612
864690
194812
631683
312053
990174
546570
149406
702563
116499
995691
991587
860385
712207
286684
562358
557293
815391
462009
232749
381491
239813
198368
995074
80252
586565
752179
206581
619267
383052
640443
35196
923496
932158
221674
581480
168830
997338
733369
25110
140031
758412
828976
398734
74527
123984
542788
746235
470717
212350
356826
91079
120182
606518
288298
37907
62548
535208
730431
422160
288164
742592
945498
82493
301605
803373
517110
195005
231836
403213
285031
341716
214917
722231
674140
813118
232420
24996
832643
112620
778617
181370
86475
1563
376849
256503
588997
882771
680441
182710
894244
606970
177678
844129
806307
736402
316336
864948
750021
224150
699093
326825
276536
944748
360121
466886
701395
842502
275443
580287
225790
198107
851235
955976
290865
361150
805896
869308
92181
416792
914926
703715
790854
388551
855812
892067
743738
14289
726028
852806
256507
748422
321707
421604
704336
890738
8864
539501
415802
860412
855569
674453
841626
779743
851393
391772
834672
167490
628575
462585
451326
842933
929080
360354
44683
937418
383435
631163
949891
160398
558653
445657
254523
177955
875683
270193
944467
739579
72253
553505
606772
107315
678531
915931
660473
409482
362454
35306
795051
795324
211097
257570
158180
677311
860633
753512
843220
668633
948775
553819
228066
326748
239815
502878
974698
104447
445313
577732
919397
270555
737044
955734
969318
300671
930506
551619
609665
902448
870055
126501