85853
155798
800572
96943
447829
401183
793352
961192
546586
415764
726663
253247
971034
193476
865507
209032
449754
277687
144349
94665
955005
618556
203546
971416
495496
995590
708789
711554
540579
187582
408442
478988
113259
518361
743974
225511
465361
884340
470312
621619
905468
878661
665786
240303
788671
166720
715428
742864
896928
839207
336757
277715
439808
71287
483766
296310
687598
50354
12689
514739
812260
799847
322233
805202
856415
222866
791284
388490
876543
416909
728743
816754
213797
69801
722949
885272
534296
536960
732288
792571
750512
21400
993922
580193
186323
130447
844161
126553
380541
966893
841888
743728
737201
827387
165499
731725
825608
527130
114228
81650
509145
347491
686280
887376
239032
611939
629067
924735
787756
935734
60959
287913
416547
266119
749272
934626
972333
932254
395870
484853
691760
57980
829556
642289
553390
855494
833573
163344
863894
514319
446854
385457
390036
627506
969289
944621
755473
355765
574108
461456
9880
820301
384586
655816
247610
536370
107639
561842
904118
52166
833466
258520
890552
341377
408246
805240
40447
912853
866018
877495
437132
47055
766193
934787
66475
46542
924784
620961
896797
896515
950250
496609
926273
271484
199003
133850
957856
395413
250923
65704
862739
865238
771879
75435
875612
181440
678055
835670
28410
394394
846040
962748
174030
971511
222928
138666
177401
717708
82337
71183
758600
340565
345050
712008
161105
41533
337142
333701
288052
335865
93753
777826
200332
156472
333303
430029
902570
180717
524789
252172
156525
234146
49903
507277
656177
571521
322052
649984
274719
812986
865994
223360
250935
322037
784605
502328
120895
851967
743454
54653
920622
358796
589154
352310
686395
981168
984116
59264
561535
321552
988130
646063
882034
328082
346343
537342
458089
272672
353537
85230
894590
548581
556191
279830
200851
269396
226720
257338
128306
941431
498314
347060
644682
802841
284208
610464
704076
775274
621788
568600
4632
357685
879793
88615
738967
206979
345985
205762
437243
596415
72993
994217
878724
420273
501664
468175
704930
922057
304066
894121
805931
863543
92444
825825
771081
423290
125723
635534
696466
715739
911801
307981
423538
455855
651699
788281
846928
959265
800749
230394
274119
364160
632339
79804
945663
688770
581366
42193
731832
96983
317351
639304
710081
534752
951323
233877
797439
721197
515892
117428
862883
330867
874559
497807
777026
87401
514133
997920
669884
403868
253273
582607
262237
151379
760460
667630
512075
115057
916381
532879
974827
705288
478478
61285
214579
532183
209599
255646
323185
522479
617961
947443
105163
360665
722302
604911
768500
169861
803909
172026
24957
513074
936322
425760
348197
991710
193877
425834
764038
945751
831836
249399
954338
18839
403714
352459
644543
641492
735508
580539
214601
807020
911888
62994
223953
867196
946024
968535
73537
458578
602535
373951
341210
85374
922204
303680
421720
331055
357405
334785
978335
148449
68819
30066
370480
186853
856851
861444
660179
654719
405283
216420
19855
787767
14
542336
364993
594928
652382
676308
817424
188299
604377
933134
168440
668317
522184
579134
855681
231684
294824
906807
93739
897081
246286
243319
705598
2507
742369
875306
890569
418135
627572
53082
634042
239837
662722
949294
715410
581093
150615
690223
302700
964778
234824
352328
935961
731361
935895
122313
296157
826337
849535
655907
532303
307263
572984
38698
76807
919531
348604
651792
817459
130098
117851
675728
214227
79618
164100
927989