336555
929872
681123
841544
834030
494615
680814
825850
173329
444065
692117
890164
358580
432781
611959
668293
163954
749598
819896
267755
177982
255480
804405
530845
211560
43191
106643
990453
426495
249388
454257
271991
164497
297589
219004
473602
616334
297912
720928
926225
625739
318332
443547
717934
461986
693220
697966
96373
367926
132360
709678
452225
977108
662641
122871
682869
638133
788017
165311
126761
566880
855261
712392
497326
390252
498025
368111
466240
831971
521054
36322
512071
951362
878522
81903
690634
105438
717156
456567
924145
210976
206858
579713
418933
533169
98201
986859
247078
791601
236632
212027
879704
329184
218401
871891
475883
194207
693758
324611
148982
62673
256988
380665
112080
502940
830830
358099
320762
810124
152481
91349
498156
440662
18679
505014
566330
870905
720195
237333
835555
757504
964672
690633
602935
968101
686093
174933
982242
166799
281609
849338
784408
746364
953351
59687
103071
618042
157422
952652
577716
594256
479792
519756
478491
652473
517029
151761
489926
249808
230723
915129
846369
939271
822972
256238
891960
594385
76852
363603
674886
97056
757918
287450
505755
241416
41714
961330
572968
308547
960269
470814
409898
301646
116964
272225
931057
830768
659814
693269
569549
318554
160238
945179
295060
819370
44450
400749
520977
102218
463275
287312
889356
348533
887889
143205
665714
441306
86898
100573
330785
849048
41054
846540
469778
883434
57554
112535
515236
707740
210063
831880
322369
559931
961047
846592
16879
163276
23364
103436
969909
757106
523141
233168
495783
473267
593781
239135
920017
99732
583705
708205
994748
260768
573430
380764
522079
374792
595533
546354
639525
936996
56693
661676
230807
382551
299027
250027
432551
186065
574199
725069
570904
964143
684246
655703
980876
478525
147168
430350
9644
575323
855486
350629
194734
949117
609450
221200
956806
308428
649258
371127
777963
405290
292010
153478
368900
182931
219957
539041
717487
841694
444688
927093
81518
311267
321139
407530
143343
717111
596389
583092
859575
548435
83763
208073
820138
596499
776460
476461
730681
372122
524604
212264
623720
653202
395331
964313
987195
956241
801489
651557
567228
362327
177633
481544
975468
243828
843695
656779
562820
561287
47127
846806
441574
608480
472396
834781
414757
947143
128305
189942
217197
470358
859095
67979
566993
754113
42516
738347
928816
812022
810556
234235
235522
567519
808639
909769
709124
948741
641375
789121
35070
85774
112780
804920
789998
551719
477405
463142
231571
298108
186989
111537
968727
546340
972496
807716
846553
720346
603377
26622
422295
685734
428169
146279
783093
874395
978046
110013
672876
761
533782
192781
362450
50738
668886
566302
428801
942026
687675
953319
238311
176663
334868
649248
518058
226344
980154
293685
607349
14786
748653
854871
836388
824454
816141
94125
82696
12270
166194
813801
471063
152950
658664
831925
176051
475607
6282
441099
435221
571438
320378
705060
815638
945852
266490
716744
993882
871623
149290
743428
729881
138717
744862
688122
164491
82872
816603
33810
969456
503677
539118
96590
115705
823839
219050
284796
47702
512864
961276
335236
300189
830840
269164
698657
85972
694542
209202
277165
873819
903587
181555
460756
787641
161614
826007
879851
52801
928034
526152
24345
761952
431595
884872
521011
901638
794199
700527
602918
568239
265522
673472
82125
523533
496778
930599
628899
287764
637426
334226
684754
936929
856673
705833
709610
619720
810810
834923
583341
623481