249388
37405
912261
858924
937658
9675
214032
316901
126402
729329
830357
430567
652904
695685
637638
63228
659964
370525
251132
701448
615937
898830
629201
279543
583177
306277
815370
395334
68091
30593
393329
714154
88311
454412
499906
674528
528336
31572
220731
904466
55224
808906
59670
674403
821305
38997
600915
605655
569567
438932
114158
521378
282804
43887
544304
70028
426403
984536
465698
315773
619198
792996
222748
604843
208731
85504
217403
741597
942617
62609
26673
234970
383361
51116
454646
891763
23175
55599
176732
967786
23215
537082
739520
97662
26508
248141
489500
321364
133603
158848
539322
537795
451055
470809
637763
918780
137150
503885
988278
882068
296953
501910
285108
344816
589376
911213
699959
913740
355060
815525
73507
66920
191502
237348
196597
808527
265260
217918
797592
871365
382252
488239
286358
193932
776689
591925
595883
668883
581059
306760
910070
654012
755155
795959
169545
970888
951195
570656
517407
4386
990244
469644
244077
251077
32993
580325
852049
904074
97209
406868
560359
873810
974370
29499
494139
638796
759145
474316
38616
792803
814478
428548
519807
139207
586699
534600
923699
938967
383989
863770
924721
952040
51068
715768
638
666933
178701
711761
923608
705571
904598
625445
802894
946670
525353
354168
415595
847990
856506
523186
946638
725600
758467
246102
235093
698730
654087
849373
291896
576079