864035
459127
668770
563920
216034
821916
295077
893683
28519
468884
744687
613856
622331
801869
38097
898466
455533
712459
22175
646554
644819
854220
956868
678439
293806
752189
214831
268977
308651
998866
593643
864146
500742
74630
952077
331618
806153
140207
346246
459806
519858
568508
407321
134900
767987
508879
384678
394478
46931
484337
986660
906104
65842
113846
969453
812112
276585
622126
197875
781001
279120
170437
458000
747003
93017
267192
2172
876298
45785
437236
32920
87826
290023
498445
283943
195180
941277
233495
257308
143648
518780
87205
696269
774247
485420
415644
331335
696091
726496
796978
599228
564925
992024
708169
409624
433570
199872
981346
484721
940796
323510
223103
514973
97473
181097
104666
344157
55738
647580
756731
195894
35626
988554
495098
395104
382745
469348
587281
593048
337916
387766
644957
706768
502018
376999
216497
219975
578941
809759
611607
238515
985771
708355
107300
753625
757281
244828
505271
735807
214611
967381
761166
602682
603330
261539
423492
636385
758978
567423
176811
294882
182567
391823
379842
600562
110988
647843
628179
636832
192447
38362
792428
121475
199948
646949
100791
261138
557861
98467
341561
375634
212203
658668
514339
710122
897947
464745
556568
723154
779736
215648
963580
98282
906320
377998
256245
72295
192782
634925
87042
918888
798300
781269
207348
775847
862163
186111
447628
16650
703617
762148
290995
116569
161973
122116
644496
470475
661545
957570
115530
69881
798669
878188
255130
536052
267244
326425
93899
188466
391741
433067
794001
228387
313800
219957
126467
760034
640435
724342
15351
420807
564713
275586
165625
44185
780966
650753
103335
566816
604513
679249
124268
89049
663445
33159
581079
992387
237806
99667
62103
10263
323725
721153
460053
16084
452344
380764
28526
370680
340961
994413
149516
867466
118545
345377
657952
251668
498481
738632
999102
992943
529653
125882
597844
514998
504677
398164
820168
850781
546954
827360
80622
22618
38833
815443
853347
231553
164126
645295
114825
642093
463313
640265
119711
837850
835118
189861
57787
162192
260811
961405
453159
460346
528411
862368
911958
899925
718321
65079
691585
518916
118772
64996
127907
268992
665566
9091
469581
9452
765168
52178
227878
486854
369078
541357
964291
742586
297202
512690
780063
558737
897768
497667
712439
603014
343877
212969
644293
801849
367021
645654
195798
941565
338848
83139
616714
613580
807816
96312
714728
213850
424161
844586
178267
784838
609541
764030
90125
188077
421011
92204
863647
416025
505403
254910
128770
976599
583913
355960
498741
824614
807628
718802
419675
572235
766274
94305
677048
774658
541538
600980
211080
360399
435749
161945
90684
842354
834097
711263
525778
892664
189636
15863
699343
119790
103098
603540
99740
273649
421178
727729
734203
866209
574147
928977
676644
800116
222415
577570
55552
936294
909537
353403
681025
43726
949744
362948
60060
283340
602992
866741
642276
256031
405241
628599
696196
939091
176022
715494
392793
365911
175981
700152
258026
55597
584966
33399
174661
868474
194489
57194
791415
163901
754296
157074
921447
128220
741495
787088
859599
114458
35508
868132
494616
963941
306854
479056
340498
271500
8326
445530
78029
660814
484148
698225
125910
545038
121864
633063
986513
797410
681334
946269
155888
914506
728797
319932
355853
509437
667116
885855
926186
516575
911537
494798
434626
115408
984896
496102
29579
821214
516156
496980
327883
637850
635141
525568
706452
474568
166014
754502
384414
601840
903033
778975
335615
736401
63618
759262
677129
606197
29061
857879
914048
581216
674012
213658
671606
130466
465081
359453
847365
419212
158829
999351
661993
248191
240466
581129
350264
177504
891291
278839
222206
775463
903670
187732
765113
227031
962971
552860
551662
906952
659253
300890
107558
773408
917417
861482
809992
565920
40007
806233
729172
841754
62412
788648
673401
75969
425169
865520
174676
237976
30932
959967
518343
873741
952546
621792
882929
147551
404189
965721
930447
795897
527023
138702
271471
601123
679052
81571
949260
580878
982685
844222
339339
787277
123342
263051
298065
748323
865973
878553
705855
593271
565021
35297
635531
460964
2031
778023
373436
115757
500732
504762
421569
884302
802986
695829
425711
684077
634616
413224
891670
55535
376943
868336
501630
237159
226343
941314
304067
139818
868851
790056
414474
684414
536042
843874
144799
607281
845779
969358
930413
684613
621484
383650
335065
686985
160279
112533
57595
643587
874530
521117
650617
745289
748017
585684
891522
105710
220362
465716
618468
374682
809597
371073
428939
488051
414190
488006
286231
233463
751808
41911
538968
384684
335200
499317
625641
738606
80811
194929
742246
38951
388349
561128
197643
473630
6231
458316
634090
208614
198124
824067
193992
623414
97480
943624
76757
145625
427230
567664
728583
685500
443116
229767
83026
184869
915021
498457
154950
55107
653595
769036
749508
895968
613566
816874
640862
72946
543702
340093
163787
520593
180865
147091
131587
566404
18249
443681
348733
604660
472813
925700
147587
346242
487754
107490
732782
917044
249894
577711
269956
584010
541594
535308
477290
478191
757913
440009
896775
233291
709537
762059
669688
849653
237500
692169
153513
364486
518451
986352
478742
112073
158864
949479
397471
189454
69135
513005
494209
537246
799713
537374
766263
967176
957020
198164
936812
519514
702402
846761
473371
582700
921707
379227
122757
87958
649234
722569
70670
551233
483578
93338
479029
399451
615739
916029
403054
887268
67693
535498
538526
514277
408303
117831
167538
325121
288789
259527
482525
150436
612460
349038
681196
806296
575658
902351
953991
559158
901047
252918
633158
177465
990226
389889
372845
753070
698082
409961
30598
245576
137242
859230
759129
924048
323655
975057
775435
288377
673017
120075
273809
579985
195211
860026
373967
317076
302161
936397
830929
426011
6046
722868
924132
746673
306799
545802
800850
546950
893048
235855
842745
258237
576328
917646
141191
671328
330715
4253
682773
632179
732028
648259
236060
595238
148501
899764
313368
96292
792981
173175
19639
129032
107644
373480
653246
788207
580806
555098
939321
889576
552817
952468
250461
972872
579821
174460
195196
999003
804000
204434
426403
60084
805459
253267
949779
45414
641596
577086
416219
118219
557544
457970
459534
401793
643525
133558
26086
64757
856457
874195
628597
733655
415235
286940
4
942765
965372
345870
850314
575684
258313
21970
217802
172672
349872
425759
489994
594517
249269
518716
174891
231950
861888
275747
358250
349963
525804
274113
833330
508808
517230
382426
878747
321559
834272
883402
736771
137520
632937
200678
444423
870815
819275
751425
780639
617883
797769
102667
30164
458551
655923
676627
894686
405554
402383
111341
401246
590633
79206
958318
795764
120427
156840
37524
683582
453549
978493
735363
675246
210900
564585
268842
912327
140848
806426
735492
217012
779273
68753
114235
207109
894929
845803
500774
686214
198328
259851
294643
644990
455391
413670
108640
129025
914148
71403
164131
597426
895452
543117
534250
992985
358239
557358
258749
430365
121148
72617
720319
480670
776717
605500
36883
21489
160102
292177
702682
758393
693543
653863
941787
475806
737329
489570
202172
684333
310837
369323
652940
92776
593605
669028
847064
596435
463726
670338
579357
361670
586798
624405
493361
972332
963775
997495
499309
768442
920024
220883
466441
273730
846616
708359
186899
952740
297228
834085
54220
774883
382237
896468
8991
638741
824729
207380
951039
470004
230492
378591
865820
431891
224026
299370
220993
239786
25356
367179
19789
219346
518645
809908
144140
594828
428752
56861
202801
375675
49176
725632
541682
183794
242739
742526
37696
434280
434812
11615
970594
343240
314476
667575
859629
507877
733476
736995
941986
320587
732313
569971
306148
992880
640348
380194
592980
50058
271109
172672
856587
776506
552123
532976
708787
24870
83299
462797
43394
183716
578979
188968
414292
471249
27474
365677
337125
926722
528126
333540
606248
427410
411480
650195
599110
431899
785536
379776
617206
530752
211241
41427
912629
96870
173417
518810
337763
807938
532768
386279
969850
517005
659586
905556
695851
238869
323394
947751
295382
221229
619740
51280
641062
319941
685695
438415
9672
637972
139286
508658
503174
546097
151154
658556
445892
377665
307350
573858
775317
403275
801374
105839
190331
29416
457292
920263
436793
211158
220336
673032
70039
540203
342836
186380
11122
758566
844417
25099
570941
508513
627026
474974
995544
574435
177235
916574
695691
459922
148533
231979
336607
915717
96017
144456
834969
366007
517558
933220
809812
737304
926481
173620
873338
516286
707576
419515
274526
430586
513683
381931
436537
853125
874535
985701
930368
969688
673152
42781
210590
651290
285243
708121
190547
131124
74989
868952
717352
256257
214260
235983
57102
980577
568216
660494
853971
552109
90716
570946
696704
672516
105575
258131
745361
232900
166922
328238
266897
935829
520366
780125
287890
420127
148891
256913
559494
982683
83943
386114
765694
593479
395769
659949
729276
985331
40313
96444
158902
103033
39126
154692
523818
697610
534323
93608
214680
329890
213807
768282
161825
154589
128079
53058
965882
767780
414282
906935
982029
426048
594801
457386
987820
13455
897466
342818
386674
555603
974696
306657
935224
796455
444056
88102
314097
619470
973545
854284
366883
523172
913481
956816
638466
932150
681625
540080
179883
530349
576124
999278
119034
628645
811457
108531
71560
936092
800234
178833
733828
301573
380313
736097
883053
96764
246230
684171
748777
562645
618495
433316
484549
413325
955981
637042
683914
966370
187582
18698
987384
358654
25381
716250
230434
822542
929354
774211
453541
557234
522687
250590
569158
464909
401600
111840
264807
323195
577094
831960
795302
922146
554856
843669
650131
266082
425134
393124
359371
796518
253684
747894
891573
144028
850936
185441
522265
987841
659968
457661
990680
532437
110314
879215
200524
395630
617234
235842
400125
147945
398169
459761
572156
742651
730648
427521
579360
273573
723170
731595
116442
95558
632750
590295
815735
89610
141097
900964
517235
912192
925527
556101
649140
414666
5538
557989
192362
291502
170049
133611
166208
996233
125638
219064
180415
410146
387524
85965
22912
636636
945242
139146
348620
390214
501409
171858
241426
325581
977710
425738
779267
335569
720516
701247
795982
751252
753049
700583
95027
105295
273731
849663
467462
926623
203967
353172
851395
783388
693278
845662
929096
209994
707341
989446
214131
590889
19199
297609
350360
71783
381049
25396
243295
536566
208825
232847
24633
647351
513092
592854
956669
747285
648779
664290
259619
347887
632057
819303
766683
637805
350108
413078
756555
739572
325997
8099
308452
302196
622462
306785
362783
344286
78143
165001
349978
651123
954988
654617
419529
276088
732055
741017
882714
906566
237133
473464
961385
379646
569256
726165
4957
163673
338673
294619
449885
728093
353263
972164
26419
525099
598608
429310
944955
725685
607411
322922
302023
236558
907408
755905
616211
404250
751813
939729
312479
167588
878782
910182
420591
369678
795775
894212
30363
227683
121553
609999
114323
56329
306887
967821
224947
754130
878827
754628
813119
293809
279434
151166
576379
600713
581081
330219
169770
28193
576387
703845
343393
294580
914192
857870
915014
87718
671219
182293
242282
656080
596976
700440
320641
971004
330600
13412
608058
269996
143874
914455
792127
934293
990392
50982
139787
572649
312443
265147
169698
796370
28292
871031
903154
327546
970745
25365
478788
174023
627383
35118
681119
281188
864770
299289
174521
442811
311239
658858
59675
925375
631945
894235
717712
844261
924336
62217
371145
293170
942635
556181
195792
640175
611261
731563
740583
166266
903915
528415
459709
231735
642817
346163
664652
591267
389756
79221
16146
21897
925975
852357
953449
256909
743285
427701
211653
583397
977319
102537
170890
995944
376667
44765
585864
740478
729954
100070
460628
711159
889756
500048
336708
75897
539074
443271
292998
45649
879248
212818
237085
834538
466509
463321
573881
214299
830520
101895
751539
152602
201169
651210
358946
455630
701825
498487
979100
604355
132391
627019
829005
877687
508607
125709
670125
175313
454961
840655
171553
542257
8948
277011
374576
208098
305949
490825
449056
673452
367496
12598
776941
103687
518177
619249
128869
812137
116560
62664
203939
91968
709375
954047
22885
618556
209033
903480
508364
381891
142464
760750
67953
66760
542811
301723
355807
404470
528186
862906
827376
239686
205720
679271
926663
323824
193804
762210
888679
545533
451324
955954
925230
422843
483934
494566
798386
884875
115820
100151
247479
205652
858916
873417
336073
879642
654137
515216
405116
47209
199961
52175
582270
933099
791068
928636
894166
687513
841926
344768
674235
343438
434489
635482
570515
230391
990458
868899
22343
627815
185502
595884
12543
344519
597200
706883
274047
81131
706050
299029
552157
75391
289070
667821
646430
294816
951752
684955
381357
546823
155394
151727
367543
151776
131963
107876
211814
595833
392901
637659
88183
124758
902161
826620
41018
857889
944890
406849
151206
583230
651434
323278
515542
842109
839725
445688
586596
597417
32080
49062
186912
507389
489269
463381
36654
150710
680950
709813
981241
515908
894580
369521
761496
444058
124539
696844
522491
660388
281427
69222
718097
910552
474022
506015
572986
935910
663241
182034
962596
737865
310057
800450
909316
395519
849235
730131
47795
783125
935775
616239
605667
480796
887034
458185
458748
750648
538831
524670
505815
946838
989778
519127
32598
571773
732585
891307
192478
917950
383990
999970
506802
587462
48197
933396
268077
289042
699983
760527
364507
871809
218537
785400
442485
969477
4940
790088
792184
652147
779137
990008
131809
617275
235049
81784
474759
645425
695334
129368
813460
461961
902570
174026
989729
606050
442650
805438
6958
641145
113374
157613
69947
109310
400072
598834