600926
534537
884660
313495
350438
817227
649081
227989
158451
957985
565157
591264
741685
700972
77290
603911
527863
473635
416359
906725
840298
553379
905299
953583
984334
458926
933853
176966
69851
742336
27972
773316
197466
895113
82170
28200
452139
973867
209104
767166
365114
747121
407360
463709
267169
66912
901142
651402
779610
238502
775869
743035
319007
611887
98
851125
669409
522967
974471
50454
360865
379193
778854
68783
792301
340838
833151
728969
902522
491122
343680
233545
126619
941480
546705
40686
696220
987421
875897
954998
135741
670242
315696
634721
591374
248275
146305
436045
161572
887564
872731
453120
569461
171324
940342
592196
359637
217745
422109
403309
573390
541139
153435
784630
129173
618637
920582
321290
504367
124197
937123
97310
754784
598541
739700
809915
330763
43538
620901
813209
958443
167122
150735
927655
290092
528587
324710
991336
807463
257998
845958
239287
119737
302161
646165
417323
155839
544612
849876
371093
475375
312508
179848
948710
356438
168491
613695
755246
85162
248369
115009
351935
201291
594988
187413
537520
317275
396522
761004
886909
565110
358303
85038
902092
989136
865458
57376
250634
946922
443634
357295
28788
137777
851238
605468
714738
659635
982209
133955
261213
913278
29940
560649
240290
859095
451998
332961
345086
50260
272095
812667
223017
771031
311178
753227
75343
910375
769144
357681
750201
4652
46329
379402
454283
176135
343526
997651
530790
606604
85714
58229
345837
517469
662815
979697
298917
363812
588012
748584
530550
342892
592108
309128
443406
579612
228178
938063
333349
233490
569064
718717
566875
981592
134527
476762
639421
576646
813697
221473
524582
315252
616802
508360
478274
857
980661
744045
345262
961925
941787
713374
729915
318455
243030
785989
39122
485468
331515
979630
216945
281253
835718
228471
312979
525443
906248
914835
426926
674050
365563
145466
833494
567103
692214
92017
909631
408711
706683
54193
268256
746126
251950
270967
203058
178761
607009
451752
274775
668648
725066
890398
189336
937587
573782
277715
501703
191232
435414
922856
491971
481934
182424
699475
56986
88962
726865
510500
336457
606587
593910
698226
718814
108948
151849
147110
966142
461877
631184
612195
900675
488150
279042
648401
344573
796498
682139
417861
227930
195428
902703
192654
831968
408000
421275
359199
598486
500944
25079
583764
442499
877321
993255
931107
412686
974634
520913
654176
688708
195985
884137
908716
141689
865530
977703
262203
446981
547924
803802
988033
208431
819202
470166
71801
702632
318123
30473
413714
671278
894718
901996
663414
936657
789381
100629
863287
114515
100133
670825
735769
973352
599984
602926
661494
926684
947623
570046
29330
657812
407759
281751
828028
14444
686318
796176
996701
578624
756450
494310
12512
899526
143519
527925
946558
469209
398531
762626
838820
234257
507160
853621
580036
79949
680229
988900
961205
107282
77617
141386
828104
756365
850197
406550
629672
565492
657469
775904
201773
495051
841339
468342
577277
779523
809671
786517
210335
429756
73687
895859
224670
6699
467031
571897
987542
319895
308614
748815
512734
335422
45229
177231
857681
433876
737084
704475
857723
430059
468418
85642
54109
609774
604744
210813
58589
736071
816587
823184
512718
336033
335957
432172
418455
963207
649271
629178
13506
509355
811237
335666
31203
381187
677934
31697
993251
598222
880406
262697
923624
354805
246225
625618
664227
368588
974750
682814
393845
875575
816382
672747
699518
875497
674705
41009
136580
888456
404747
694971
626237
608877
358551
696466
422714
723911
162248
698901
138480
202335
67192
898757
896099
567926
573055
962877
769456
603786
397778
699262
424568
79543
27637
610024
943077
86843
409502
83334
404442
520338
630824
864704
58171
872960
62320
7155
164566
485421
320528
80094
611372
697898
772278
432499
301088
860114
460768
738062
246267
686539
940406
846721
47642
533164
95811
965197
538101
390521
627217
669742
859724
251209
254689
381518
107695
251400
259588
947161
823018
701977
454297
848112
174540
12755
980644
220535
269203
890605
454855
359689
927926
514548
63583
968395
211471
757816
292989
178462
343650
497543
517823
237550
208718
186769
331403
869287
715343
686123
954407
575560
352301
905647
757560
193103
353604
924672
312085
923988
994545
336235
452936
858546
83798
167976
392801
383264
211467
144065
642166
966621
351457
781770
850746
748426
126548
108174
243768
563985
523468
241546
642797
583363
916688
528018
296640
165568
112584
285842
59231
22415
122797
167472
495991
480526
203983
367948
709711
639683
346818
210601
544386
565456
933094
79525
398999
52165
212306
275428
615039
768848
30429
130443
615594
310927
690056
97000
978246
482438
817419
447535
76949
397484
581498
349216
430761
308768
896532
119684
874303
101241
327529
174357
232310
633083
762533
887293
954794
191141
355388
683063
643569
144359
440820
56978
160882
977968
531338
903124
149469
766950
811202
986427
683210
859055
77966
184927
642994
271404
90010
609139
419460
518022
75442
599402
275685
778144
901201
986742
743879
969004
189447
608043
281125
836505
528454
4290
826072
776810
572041
746362
186009
931426
604576
343642
796884
675612
301021
954705
341733
727671
479445
800637
174193
299310
275539
258890
815139
650885
525727
467827
562178
911007
539302
224420
316780
341741
613638
692096
579570
694593
424952
315966
712335
346688
997979
601966
636037
432630
241305
425626
169174
210692
630456
738951
108316
33332
804863
821083
527749
273517
301826
760984
663983
70338
857357
863046
755420
759268
167657
158704
901266
649656
559629
585412
744658
801539
753637
143070
685874
640578
437431
845342
492377
395799
294072
297653
9559
28573
911722
68543
673759
868060
15344
387531
437858
644312
652976
403446
134536
361796
982499
431284
387085
389588
913532
742256
47606
634416
911986
573708
612719
925572
733164
585921
987843
356340
92296
788522
545655
618477
305224
425052
391427
890775
202266
431725
899502
469286
976771
827094
168325
841040
487
222451
347767
154393
218999
394727
897360
106058
977975
15580
578448
584128
796907
721896
940648
750688
701789
148043
609808
4072
995086
662869
138440
145825
166711
600228
423273
292720
348794
902859
748326
518860
160106
460367
725477
617675
402356
600651
25780
140565
300840
566067