975193
254765
278784
571948
581272
652756
264050
34756
31798
205432
637215
812326
363657
667186
284880
745441
216633
677778
307522
367381
120193
472058
500720
378718
518099
203034
90891
693787
907608
242243
114375
272410
300117
594218
32591
663585
303593
527740
712793
100955
93107
829144
1171
573662
291408
64814
774845
924373
497410
637106
19408
175055
802860
201724
570460
982115
989369
954047
623343
67709
755933
763364
972145
554122
799923
383746
136525
409084
180102
35900
983882
675834
100651
101048
660792
187047
44683
182519
369477
576718
104127
367510
511535
282919
670932
288288
191828
320008
383022
831437
107045
788011
812488
591068
974393
237784
247001
639944
224957
515887
851410
78122
967178
292180
888708
284715
606159
334967
33695
141027
535341
590142
674710
760019
40354
804498
931870
78395
684188
78339
396628
790425
555695
782745
176702
1024
899170
979448
438185
9809
470628
149999
10738
618008
601692
95325
186977
280389
131742
471360
4592
530437
28025
311003
334953
4284
416813
153603
321965
57378
848954
54023
280081
479607
365587
228666
732578
273828
205361
509407
887433
752688
904773
325295
420170
41499
504517
929033
618022
993626
422248
348151
78433
105968
354989
185048
915102
499238
348884
126768
660710
425447
473328
765705
512711
143290
592532
183107
103577
245020
39019
340799
583516
822329
28196
340004
791421
192327
268490
811916
195191
14015
668657
995151
828502
755065
793548
678506
782231
349220
76764
420107
42476
573471
112067
685691
688284
737526
244343
442024
131206
317500
182097
694926
718085
470721
546309
551234
854703
14448
843372
585819
291768
182280
743678
600829
595636
797813
575003
384899
284986
605642
323080
355144
87204
102045
216119
834898
258482
387200
3646
202524
233614
710871
940138
934143
544170
239451
297005
262076
677638
92330
102130
118248
12493
729096
119953
715637
521759
976950
525790
26713
461290
348845
470364
620828
828401
158391
506575
384515
713199
89515
966255
566036
98580
336707
521400
793222
8814
440155
916959
979463
106851
27144
621535
513257
519963
269587
282288
585130
625210
264849
489241
28318
227595
228064
766109
708155
274616
480064
564689
620673
357685
823947
457037
715140
92989
394387
838593
52887
745077
284118
119007
235543
688556
710816
935286
523537
861508
140606
382623
93073
659690
909146
622608
532808
798400
808888
9806
811929
379292
592972
314367
948544
657322
810485
279581
480095
555757
396634
285703
44519
191010
853792
675249
779807
515589
756101
746748
323796
685549
822620
905377
416094
80402
844389
540102
55498
234479
797064
463795
6889
913026
199854
171678
226740
244657
788796
396194
677146
807239
660909
133646
47976
584347
527243
625690
851092
586129
504394
934325
67110
491130
155329
59193
353732
244759
211526
265792
385112
90555
135204
82576
341920
129742
402939
86834
690193
879597
314869
754272
673001
460335
165089
90332
69648
665923
87917
676253
853034
637941
156868
32804
384316
668815
605186
244462
755576
138524
825168
483458
317863
806152
943137
64042
692273
269859
18952
253182
137932
39172
693043
510299
270143
127946
705480
610355
95378
611646
123802
142462
43988
494292
868872
121807
470152
238288
326642
600065
172845
500038
781401
308880
122857
32378
331154
235524
562577
635365
113831
192327
742040
623961
860107
269400
916433
268604
131703
532632
11042
385776
530149
344130
663111
852691
582120
608440
759616
279202
242598
273080
123417
920824
398900
679213
225940
381749
638668
245410
680564
109434
309677
538961
154216
679632
421135
336986
170131
977512
753090
238735
612468
610173
497826
382188
103607
68949
787449
351652
191063
993319
16689
218646
97646
180759
882356
264799
141210
466781
414946
491464
927118
476867
729646
169120
168114
686093
637398
953253
940152
432114
952765
655516
381117
952969
859942
817472
907671
416767
58063
811607
928705
656132
12072
690079
628576
755846
900974
579816
751793
976086
890665
952827
638802
803558
198718
60856
228329
541619
82353
56126
498101
250368
777020
491010
218287
582264
669380
993283
972124
375349
447934
991700
835378
487198
43934
259160
553892
495146
143991
33612
256524
39236
707892
824126
828469
322439
664177
465628
978818