446908
61468
656705
673918
435045
195732
130911
851531
428673
202984
599646
899833
685355
515985
230451
819390
411278
527471
371
417714
162476
541953
454336
69847
974465
939559
522034
389828
33061
596368
890157
936154
887639
895736
380953
754939
177794
986414
23415
776455
595383
295787
20004
823863
336110
690352
609677
267363
608309
90596
907079
162676
861334
793726
158119
49652
271887
235228
493752
454991
683886
429047
186619
542468
635939
866189
619335
284704
330205
222861
658542
992464
397420
831781
895443
30614
95067
504106
261398
74263
139173
954440
856264
314336
714927
777675
437497
608661
337284
653990
909658
692895
139965
217071
326790
214969
859723
810693
374264
537421
252479
180083
32023
963912
928908
997013
137754
289344
629281
1373
866388
347473
770847
457007
721404
535500
695759
565886
493797
132111
423534
462234
786128
593548
869259
416994
121969
911732
427230
923102
365137
549114
539438
403266
158451
426851
369302
384548
358380
936059
983252
117786
989763
966321
506275
784967
73920
501277
562230
633922
793795
418055
935742
607289
851397
745443
799692
291436
545631
785145
40804
301116
52748
181097
185566
536874
626948
233766
179678
104819
955326
499483
806464
72100
699147
989306
843154
646510
332584
87556
148670
814921
750375
647089
752528
952778
757470
586535
671692
425682
476589
714128
620692
744127
913703
433449
48
403749
406827
448295
549021
145980
450076
577043
830924
7782
432833
311329
282725
194195
162939
809478
905378
503705
653194
602075
797313
763973
542038
405214
640731
494285
692156
86365
938828
801075
964836
8496
271810
334216
903257
689956
90514
984255
74504
960839
598703
884620
117947
570915
88564
197805
126712
509919
688666
110875
849350
137870
859614
443140
340390
591284
129861
277666
111315
830531
502625
68298
537619
124283
684557
745178
262927
728879
787826
444290
607794
13624
439471
620321
538616
307442
295367
467195
581224
297964
800893
766916
174039
901055
666327
514894
347328
136941
932258
928720
287877
698513
688760
737380
302578
578051
481812
969225
929711
330524
191405
809509
463346
294778
698040
482115
954129
368365
967740
525143
828809
737380
280505
276296
631227
299655
203020
861553
29082
387746
563754
489411
153648
797642
126968
393008
543709
59717
881954
333732
450329
350415
864762
182459
25696
436289
211901
728354
967100
566446
708993
530208
516228
285100
442075
321572
324307
722872
285222
208483
585223
43605
865384
657379
11593
372917
333827
60822
682887
715345
743262
489961
530014
78863
80764
95166
237429
268724
38765
500114
641635
586978
419921
449572
284079
979693
666344
917485
636768
10809
379708
859457
660577
409742
855919
802539
779000
839233
596549
505265
54287
960627
478946
992160
338177
835694
767919
369486
436091
197210
434100
962800
871495
145015
307599
481902
666212
379841
440256
115069
662856
174195
675794
682000
307138
897680
834408
233683
480642
63605
106770
777435
928793
544360
222194
126669
64066
814974
706670
227453
441105
827408
78670
697742
998258
392592
144171
730191
239148
752822
646999
955745
888241
364116
406622
342747
195987
776213
732716
715082
991945
897398
344335
12937
788412
861918
241207
991021
722436
179736
975680
651637
890684
841491
556075
343801
679487
575957
775634
124618
21486
512979
106046
675430
120676
91735
420448
792788
79199
172386
718063
233087
32149
958551
711094
479736
850690
518732
604236
823039
209209
406709
648125
995489
828746
124118
80291
488969
6889
942798
880632
595396
123324
910199
363190
158631
670668
698025
1938
3025
501763
322468
45565
12731
407472
663805
414684
876004
843129
143766
94627
579943
607139
881041
737978
843698
541828
138416
473207
811971
874486
899467
979245
495623
645666
968393
730586
642555
782136
73492
943447
949519
763491
72935
160769
784329
504275
510929
602321
877979
27591
452994
375855
767447
741479
741026
396302
122538
645998
551949
392165
473864
596771
418204
691774
274135
829842
673967
576791
671201
313080
627902
866316
848846
130936
631438
52198
300084
32229
610945
744590
937808
474726
562877
406565
518866
985639
972836
357537
460223
423772
112703
807500
759643
776879
694372
247535
398356
456919
414303
866798
299472
666240
510010
792159
643446
299306
567786
853882
100683
17473
470359
269233
331406
588372
553835
105611
924211
316856
755237
635792
797255
411026
775054
730078
969839
424746
53675
243642
527153
497116
666232
952080
547266
969763
77281
964150
736973
104374
64921
697906
531901
45781
23381
444938
456303
879981
283731
267096
609296
621856
54328
471130
246781
233912
75751
188834
562123
325276
109388
653804
933683
9218
934515
610630
103586
507870
615623
918313
979652
484398
419893
816943
11203
755728
914159
515128
379497
993026
451340
725408
564838
252515
468257
525859
204940
695770
759891
458313
542905
656506
169585
87107
178246
289988
940314
336993
280637
401511
309109
804814
903624
692030
794837
896795
544346
581851
28999
81752
635304
977415
909833
770264
225556
831529
321953
330822
711214
114042
656893
536209
108937
857765
894363
296808
31141
273586
59675
882313
217930
539041
459708
959245
208302
756231
217952
678931
491979
747816
278596
739070
273215
813910
230248
811742
799276
308074
11854
981685
58784
907190
806477
870902
538916
747845
203070
939119
645510
180978
11998
44367
336380
756873
957004
723918
495722
194189
834475
813029
586245
509579
630257
957446
155739
188536
514967
295328
846030
263469
600627
85227
654877
431603
834641
339000
335083
893157
431532
582001
980195
419352
798517
707607
42413
270150
997931
519149
255891
973227
407657
959510
197385
648551
390133
217134
506263
516998
461197
866949
107161
466844
661902
955625
131122
68518
579636
472876
614825
225904
739278
963951
472587
731534
890778
133196
682063
353404
56496
164553
102144
722723
69742
142082
850333
214764
735438
392071
706897
219095
674441
788016
584421
680801
374994
60751
703897
560930
967943
938208
752279
912237
766766
502792
961481
595397
669113
499051
745074
271223
103504
450327
256493
196018
322942
350278
991327
520033
496682
383662
346329
243132
231977
600460
869072
717081
869629
718452
784684
600509
140249
261515
269931
470426
542613
54458
859922
873282
111117
689878
319005
458916
76285
958543
284977
982336
290416
391993
4502
381120
189894
4570
517678
840334
496337
41773
720993
742223
820675
42847
840417
664510
827426
807703
980217
139018
640819
921789
578061
711405
730124
337215
793328
953171
598425
134437
83015
468695
217241
996023
478496
612900
298852
112507
366341
589265
178778
210047
897775
833234
292866
140610
503839
102690
976504
7596
377127
495005
587993
113316
196007
689277
763687
109467
813529
72727
949486
607696
110759
51819
221395
164608
723052
771522
807304
994021
887847
670235
652766
979011
233827
783249
835525
557264
933849
474222
626650
835481
277806
321986
520582
852053
386673
219113
612049
251948
485216
349032
284737
763748
878443
600058
294730
775967
535617
147577
981200
998288
975709
389719
517443
663074
969477
157197
827298
973465
425854
134609
35145
536645
714155
728333
92095
334282
588634
195251
526625
376919
828211
706912
104879
565052
681737
165296
553947
436837
217945
9259
400916
420897
719276
954769
411113
932359
330070
597463
70873
151296
272122
72596
53358
604913
74430
515353
630330
738346
428975
893563
548475
503629
480658
895229
975773
622385
587095
944869
741578
585017
842697
95529
243481
637640
951584
497431
74712
977748
355075
379557
637714
130552
872134
997087
752725
10188
494850
795453
544605
483437
396144
120867
696782
348349
653126
167552
498164
516134
667110
493476
976957
841900
770048
359281
814804
488304
47204
349152
665290
925914
977183
217769
962780
675032
92934
674057
300725
675991
501192
860305
982976
738383
762802
614348
407328
864416
332703
212814
527410
367582
485866
185096
757201
615017
414279
960505
331898
910458
970101
565203
319480
504367
351407
320844
189258
968826
879481
513466
86854
206998
900397
299009
739471
180440
758678
690963
220972
32272
737105
335983
643205
660198
834286
924902
208182
950576
260389
509452
955112
823242
571478
699087
966984
956489
434190
697638
763285
562606
115001
406176
98606
866581
922167
366255
411313
4079
993415
146865
722122
899499
18775
888722
869313
310929
715486
111170
585509
635999
130688
559795
70351
261155
137633
826954
394041
206574
812499
712785
278677
569914
731338
810860
547446
804347
610573
600493
806150
179776
129426
406807
727220
870862
218981
950051
643284
991483
580127
847201
25499
552459
701404
351798
821308
757848
187808
822018
556908
274867
782932
892360
571656
113449
69306
90922
744790
533674
465651
692090
599276
962801
804746
923565
723210
248345
471925
257017
36190
699626
811764
403229
546157
277427
269282
805475
891688
979906
522041
878968
145338
942602
680818
979547
65573
21361
489041
101406
227977
659255
335006
601499
240861
652006
805878
827345
556019
21194
458837
385354
222347
580462
462201
928336
298152
937201
768187
763758
537434
610647
519017
288382
396052
667044
459316
240295
365639
773535
230352
25913
136249
854632
555412
927421
113179
598618
490652
825202
369032
905953
112083
180148
199042
997730
236838
412370
65794
309454
35705
485658
868955
483901
683921
461144
156219
746526
518520
18992
103650
697885
523072
463513
836727
89741
344415
524970
937831
465021
461072
350450
791571
636502
569262
436500
756259
855088
730030
897854
18008
175766
329743
389432
383352
967806
446288
202855
196931
735488
784561
544121
32712
416637
947409
765661
800386
108444
441936
373836
432975
733551
486166
962082
377368
504100
377308
830191
696408
167406
910429
941903
709314
924169
95133
45746
746646
598593
207855
238248
776680
109515
38704
983929
371968
542623
44301
623110
728033
156073
1869
696451
220549
465284
674845
994176
293044
147421
946594
98350
304051
882050
856344
328136
330801
401680
980233
420836
826000
964379
640416
985604
454835
180380
496453
752086
401329
625569
175764
902825
926284
956969
733685
326148
983501
308823
898745
455315
256586
592594
255032
470108
65623
950176
741087
28593
211105
16845
103527
369677
971951
838951
233666
581162
155118
261079
636654
63355
306191
348383
635245
734900
933541
942017
294032
325333
873013
759088
465085
178001
725819
543243
802175
347273
639169
648018
68327
415646
567385
92277
570228
379144
550635
565560
93059
153537
479081
80872
280593
739254
272174
973444
7974
849464
395963
726191
928339
853643
165730
666107
39518
218066
336891
920523
813318
234988
74060
148173
157442
723917
506300
467193
238880
561178
726011
690707
987658
348132
269582
450321
921099
263717
829836
38892
781314
163607
193452
836088
362414
286112
170983
993801
818979
504086
592740
653164
693600
922396
280728
340896
878869
762187
274985
349956
737958
895947
492090
847932
647986
101552
424262
176331
301645
88762
449410
304918
205113
618281
815621
687469
944050
581335
388019
828779
954541
736799
801577
717504
732106
913305
750385
905384
639456
875312
762028
420610
732470
725013
955161
891606
313877
666020
959021
227186
245454
190151
385524
950051
402058
265227
987776
812799
34621
899631
913226
639119
224263
538516
265363
427534
55966
106850
524757
631069
617816
156141
248445
183424
440560
494496
866018
280718
532328
883789
321496
147592
734591
873061
771930
17445
728023
603878
546890
338783
650691
471211
97361
783166
956043
852536
718279
974934
834462
728161
415805
988906
249672
907423
408660
569427
400108
748234
402187
712661
205353
711555
954535
723712
239075
827740
966230
111176
382423
168279
567579
713911
355606
714335
452774
268313
200471
592557
15209
219110
733122
509022
475454
952658
963218
353728
561478
788951
485332
370954
200149
7028
887829
994877
109678
898207
295975
435176
144604
342522
268564
364001
738082
685989
401106
603483
810636
759797
153678
542098
70216
727239
617830
118541
715319
70193
164462
603355
171063
434164
173390
81431
637571
239395
335353
492582
910626
935276
338511
322759
146534
526258
103997
555053
986235
529685
118918
287516
728165
839482
830189
503903
45014
64302
508920
843808
76431
784765
472583
860251
597916
831616
60979
175650
365530
125113
302092
151188
666727
835695
775157
169947
569533
626942
780866
400796
355445
524064
562361
957839
145855
514652
985773
699363
787449
333126
785283
520563
648966
6309
205279
885923
99850
644774
630943
519979
90742
653097
588632
629310
436445
1853
318746
763928
113870
455206
976261
442861
130674
680130
397950
966569
294699
976801
290299
417925
519974
964425
638464
713858
141968
932725
114122
711349
82964
726562
268866
794323
607786
969613
339834
72082
840841
152794
565563
305284
177296
614044
12573
942056
214406
718361
46993
194693
853418
610415
750581
916509
778125
756832
776769
148723
603079
121173
369907
598900
602625
221898
529680
985294
81330
512070
592681
135564
127046
489255
824457
963659
699774
695101
967840
965286
752633
296252
77195
670238
355687
251771
383235
568922
598999
166948
379360
390829
388262
809356
798004
254244
114442
920239
654265
129374
578361
392807
74133
261162
481741
108707
195933
683417
258201
724962
36102
722468
10825
485854
844260
436432
847360
697719
137528
265270
959731
849373
300365
777151
381530
486813
363711
288270
475241
858113
336047
306077
850409
32881
248977
200037
594631
670390
901260
239311
411137
861443
137751
153437
499909
501308
383490
669868
793698
464473
68230
61373
465965
446748
522969
596635
464674
716209
907602
928993
194044
171662
737607
881118
365774
45862
617680
787521
471925
310355
861571
542143
293534
339876
779884
764868
352245
676392
551390
48669
236598
796399
758466
78180
290341
629795
863524
520858
236985
204617
130884
983475
933043
199181
757275
999569
591753
371613
264237
967534
499807
806505
526962
194433
461457
669403
166653
717189
947602
692053
417268
370653
201814
924809
992566
651183
360959
387354
925650
284695
984985
124817
830745
49737
258580
833655
545734
329032
526866
660086
654026
66992
757917
993628
955598
296079
986813
79261
559620
161491
789138
53949
904835
421493
356188