544409
532174
626685
171342
457697
338027
154799
11062
334643
277009
564357
980616
292797
317553
393862
514222
556109
228511
128460
133724
603068
290570
542131
138779
508327
730710
571756
335217
231449
73048
991153
652783
367813
802093
811091
902295
69614
538039
157679
346407
221353
954870
987839
254342
73658
496446
361740
979018
803228
171482
324033
297636
958109
271422
469020
224361
195429
347233
110013
324925
63703
587647
856609
906974
410383
29033
153384
680970
685772
803655
782994
583694
797927
614316
799240
388525
117505
332308
491607
107945
609340
443069
899255
136369
962400
695134
58249
356646
7261
325384
32800
575947
164464
5848
582839
384330
284830
535318
30272
852253
366237
727342
937180
791327
554706
460297
959398
434160
738357
886598
408489
47742
282577
97498
281778
871159
192616
840641
668993
580232
751348
155871
535385
393616
762311
704120
36983
781862
877332
5704
793759
658947
962694
728833
499281
211150
372814
523231
51547
949763
866938
947305
750536
710590
864129
332678
118902
240746
458075
974136
161669
627649
983117
129786
18219
836094
222786
34674
880421
975591
827925
693011
200264
456368
312364
65811
534006
909390
361150
21763
623532
853402
124660
278736
61303
605725
788717
717908
674438
144446
512540
280730
254747
997509
793229
779373
196380
21579
730629
486747
822534
756992
35462
361547
308801
320921
805041
896504
907598
910228
62214
804105
245212
780585
418759
322511
389498
592591
734908
383130
23399
393511
879247
267960
671622
353481
991255
301003
925934
812266
4338
882566
550941
231079
641546
95684
276812
859888
450619
168709
172253
521108
114507
217349
990193
886052
826199
582139
338006
101127
563663
787627
524701
854746
210840
866664
459658
149441
525648
309738
940005
427599
399342
964295
334766
389006
940934
427986
592365
964267
385132
77069
918759
369601
767409
539019
730861
798592
835209
204071
336718
397497
832269
770394
26284
989834
246171
389245
99308
91809
751003
477980
7431
401582
756061
695539
788030
473129
287262
365192
589546
311869
328234
732324
44849
599312
467099
934703
275989
954352
137215
948007
684774
545883
912855
245373
511768
434090
302012
152588
916207
279004
447965
603831
33814
887611
22115
208541
338768
614701
637813
53883
112774
748058
995543
45983
713790
195572
66029
461573
288940
436007
129246
131664
45539
481119
784404
727398
217892
389169
943391
670952
603479
890663
657721
47181
297751
954539
521316
629466
923688
2382
766576
605632
268100
867702
978777
728850
908562
953826
397772
16225
244664
935707
901322
219509
96519
548474
880294
339499
906069
120592
607080
382694
145129
259637
301844
628211
916878
615792
709380
549373
290442
519616
312562
914665
872489
23813
482642
21327
676274
675918
279196
361110
905659
93056
614183
33131
115672
768735
511217
814430
604719
203836
371003
332505
849639
657275
616721
828221
965439
398784
994664
791514
558139
396470
980063
536907
22776
668219
209384
86637
353697
492716
361664
709754
250
407816
198490
670981
271706
184899
507162
944852
309494
940650
323964
583701
301015
43245
824277
452863
952494
131022
365746
824326
450878
297637
57821
823162
460727
406349
936574
4989
646563
832879
24029
710687
936185
658472
477061
239064
785359
287002
336644
478689
866861
491212
434128
520623
289213
783359
748100
630413
402590
266510
411079
536149
109655
326784
573773
884746
279784
900398
824311
110549
10109
67019
114646
604634
618428
248341
288461
199799
441853
936791
379604
463129
201113
176536
501465
332026
370587
77220
953281
337851
117204
945204
916556
721049
773515
663292
736022
395023
238608
715538
899321
863944
563249
863414
571664
264064
302278
188354
771991
237494
810791
664879
906478
615568
822846
947649
321532
417291
727863
706705
511536
131164
316628
560053
822435
697448
490012
533581
623833
772445
220083
818285
719399
936747
656837
571938
88558
856931
648796
7395
719429
356458
333586
722454
982005
496025
33696
90427
220637
973621
725524
43321
257334
952518
331809
606147
954417
801366
145873
167655
550397
68679
297109
952499
312868
478673
8253
966724
76181
490904
299202
652140
251708
495718
732801
54527
624269
902730
994307
678970
835041
55116
830135
343697
120247
207051
627585
4756
532315
561526
526955
868221
741028
401763
656441
896472
232982
145807
620891
467983
88296
867315
520764
412561
464225
761919
223608
93151
535644
872949
37610
584755
843306
198373
62562
885709
464662
302081
957622
193115
322051
650972
149360
803396
101362
479876
802277
434129
403680
598968
73765
75384
223500
948296
535182
902343
717206
440456
981755
374058
860035
521456
263578
267032
909981
101715
495003
327328
956664
554042
785349
205452
696079
938781
381475
591855
464524
670141
846811
723664
563942
475680
694110
623987
827109
731754
787643
966848
189057
363157
60815
587731
191912
549645
444695
217119
517023
452715
665446
873407
118144
557835
934705
552475