791127
506249
595103
353136
117549
616120
175110
164657
450307
381638
837968
443520
599350
572841
488395
500737
392052
600104
323145
385106
729570
697939
745356
603799
617312
358819
33757
722083
624804
656750
429564
453759
4675
839046
239537
129627
654030
606192
888321
99151
809113
635580
10748
204236
287127
342982
585267
474019
862945
626631
85576
315185
957525
333912
370397
787303
784475
141381
236142
892978
135747
865738
647099
579595
346122
182253
768861
671517
558972
919607
918458
207437
217395
627664
282324
905259
668605
203958
8123
421813
809628
493018
815459
612418
146598
555927
660048
105106
619661
134095
674862
844719
991289
486116
114493
843903
555217
706960
130409
942633
44825
88098
884407
981410
936310
747606
516380
867731
851660
474895
368360
138729
454280
82739
419039
787000
642105
858083
119656
998029
129881
535318
910047
654735
154986
166865
620421
760592
400764
913925
244631
294646
959819
485508
647100
39552
31493
461857
325143
369719
720424
439012
455677
920820
169482
703079
456960
633096
904435
217745
836970
474699
124004
626540
859590
339652
223803
322852
961368
47602
630830
967582
487084
122869
622965
992690
906763
872284
571460
176519
643467
664076
182198
972234
693566
797961
835717
701131
501066
958564
376566
712372
162905
700609
98130
489574
851302
842948
765198
320369
854968
860504
787468
124144
290092
43419
545082
907071
559274
550121
798936
887963
825338
243972
30168
462932
76783
913245
548766
848561
801921
968577
755687
931808
466361
911459
4422
153432
650181
853762
559176
955533
206251
847799
78713
250319
344282
46109
202816
518592
193692
306909
154661
683120
873833
843220
483891
640727
201813
882404
673529
269678
237800
430484
410730
313386
777230
549221
252772
625302
457317
133298
421710
712651
17652
704322
180506
403407
534268
397614
633258
315848
538214
634921
888590
863963
258907
298737
763820
761830
328371
816593
215033
752726
959941
459856
883875
76261
150621
206138
465105
383923
785803
606984
449474
700992
906648
226222
95890
567428
539604
422274
630619
924011
759883
91524
360056
470704
319574
500622
441701
638037
115661
37785
150338
120828
417370
506025
439862
693030
723049
889558
626032
109893
20859
349753
427721
822463
463386
347695
846022
352514
490023
33165
247161
705662
196367
846624
990726
527300
221212
720735
857731
571321
226151
163184
979513
469814
110699
89619
699272
444224
71606
480239
986151
9183
660729
16951
110408
297565
183230
581177
349273
883036
835000
206211
314407
544340
843382
712754
906525
71209
628082
192408
150059
615717
636806
562121
786562
982039
561982
125122
868667
928327
265096
158647
681815
373588
758152
102968
81697
742381
43080
537407
132144
263464
398413
524696
981193
258306
372293
981357
265057
389108
767452
388781
449151
777518
465005
181977
519424
992626
307861
577195
472948
785488
283556
828515
787430
668986
173421
612783
104186
185603
946941
365302
64750
4024
98472
863041
75779
746075
354302
937926
173877
684024
339741
68627
749925
444647
920160
615763
714520
762525
265397
702016
331736
827694
998925
155558
600568
344163
929900
44880
48501
152947
102688
108177
58936
253026
623822
108272
968440
827571
465768
372657
908733
784907
722170
635260
883327
787044
606500
734957
538477
20330
801058
975223
390793
800886
589511
185205
614320
298276
930185
368847
727864
109843
849845
176005
823666
858168
134659
922651
421646
202591
63620
482529
173598
385728
83832
197534
132979
549754
213180
851417
241699
112814
303200
350147
797485
135291
97367
281156
533171
454417
676615
765280
830373
102324
483969
152262
1279
718159
691082
125749
391656
72178
94744
703499
595259
810666
794264
878508
434915
104444
392044
640779
831008
407870
647027
973720
478438
393105
223232
839174
845284
926398
934188
876728
305314
141740
819462
135047
877379
610491
222825
535922
686890
73537
859111
417763
423225
727071
161697
407962
869557
893631
120824
431416
833989
469676
842910
912554
314073
540877
427910
452528
758440
36927
430522
755529
330833
271310
461578
609021
471587
629648
357026
594759
708536
197983
237685
140188
300668
31665
595606
995292
605964
362262
639525
836628
667961
290061
642598
722222
364395
984642
820269
558326
535778
700072
949174
937161
251992
507311
718737
655388
783683
232290
107514
287398
15222
571489
675974
998059
757031
586422
484474
904487
621963
569429
937654
850515
551582
906548
714319
26710
240703
527877
90042
666315
515319
171469
910947
628715
34778
913058
805789
790807
740742
311109
552949
362181
2632
250969
632351
304452
935199
644032
530578
793133
7384
287441
396399
992744
635544
109303
259420
490136
463160
477737
972528
199396
398474
875393
446663
506531
723194
416700
73140
595299
430480
908365
311062
944278
792722
334110
396483
843162
876807
606692
349026
851620
395990
460893
269077
727688
159564
887593
812371
314983
931580
190466
692691
204021
967616
821594
892516
727077
445022
925328
526810
99892
133703
474446
550818
932303
852345
183041
176311
763618
9411
507190
523821
157311
529576
440526
545451
317990
279389
95966
867830
616247
996525
314149
392104
254065
458173
229802
293247
965222
904297
633842
570577
799741
414028
249755
833373
625379
821471
281688
685949
605584
871673
306954
248313
247154
81588
707895
974453
919800
854704
827241
272842
223996
610929
372517
633393
322701
843428
325767
360603
182104
906111
564727
261087
910643
555781
191626
778379
329415
489065
403191
551195
646423
942282
465459
200648
134193
867613
374828
666999
563375
135977
521567
864338
9002
467563
209623
691316
167869
806553
214147
374206
387697
851780
949746
13959
996298
771734
508205
304368
677485
43963
280177
52437
247340
641501
712135
323743
731824
511623
559234
628278
22530
183275
200533
486228
55030
315135
644750
699317
300212
592641
922931
86762
747428
331739
679031
659341
28277
530083
737369
661775
765899
924345
101466
848685
940419
501843
187737
872961
467236
466390
699212
968245
504035
733082
470045
153682
837842
325648
955487
870134
530023
97024
622827
571684
552677
107050
657499
562934
45673
200334
47074
392877
167891
491272
126087
940905
580047
576787
271868
917364
237183
358830
579999
172408
709511
411547
779084
564305
865332
25924
734557
604605
384074
317241
952767
9648
84392
254036
777714
63749
698394
367486
335453
182478
697595
300810
476555
583756
365957
887807
714566
461498
422135
336691
430030
370948
168225
264914
283702
985429
193551
764030
411292
772622
264976
459536
4035
64722
373282
213885
734671
428286
193915
981461
297628
668214
51638
683876
82170
567450
283481
207547
133897
798744
504383
740169
213486
668124
524134
734498
966895
677602
920215
354338
277681
267819
513134
572523
24971
552269
853125
358217
457030
670501
971073
109431
677811
76201
717368
826555
866985
898968
866366
364972
555994
190866
999243
193108
344785
633540
642890
367088
559947
825019
135872
675732
531887
865242
564055
737259
588074
180071
296199
139484
962027
888191
482976
457993
488120
299946
275062
354353
55084
722569
56681