540506
994713
125243
161963
981761
266398
380158
7028
580807
911442
103318
562334
812312
165526
112451
650128
567832
796517
519858
221935
341389
272334
522598
216433
518233
872589
420693
846272
611492
381125
333775
339206
898712
629021
179673
936219
362374
966324
712152
269961
724646
642306
443113
943288
493435
913676
661261
182971
164309
606851
385922
523765
59312
17018
264365
748905
467450
459395
457842
306782
340402
972837
481574
909035
347116
764859
330908
989540
232881
768236
168284
68833
269699
914434
715826
935463
48829
179177
359906
969782
181657
249159
236473
731247
192012
831538
398270
688351
774412
282578
660616
587628
653425
932693
783785
689114
526969
905672
302152
801403
219686
344025
222029
716081
905986
220646
442485
591969
568835
23041
794501
105334
422601
611971
33434
344847
231619
711305
730847
593415
129970
351568
514265
501342
546182
347945
709725
161864
835940
52760
18593
569938
144265
206415
642415
976365
698504
777346
224181
961497
707695
484007
233850
906159
365128
575692
988459
351819
881595
666324
893075
712660
326417
203663
362282
495593
260179
176053
744836
319273
320145
151423
361898
862175
762558
914979
942534
688009
606968
426410
710007
252931
894246
995247
763205
949333
802619
881846
787758
451221
169431
798246
271711
114106
805004
866724
964286
451967
211901
464462
806756
974832
14179
175057
817192
238293
170089
848680
647383
28856
561975
385010
376575
282067
996621
773806
901738
416603
573957
321877
63976
771043
448827
76499
565446
264687
794312
351396
899931
408854
763177
119688
336128
382546
496766
948770
205279
624424
156783
646515
737316
102958
970217
559405
828241
491326
502918
440951
667566
34742
641803
758396
20445
688424
804234
391792
936652
514021
683176
669409
364419
957153
378425
294581
254941
675907
25223
709062
438163
339340
325618
502103
812724
884257
488689
543153
556081
538998
770358
288222
930260
903001
358960
433281
106257
723737
926634
79760
918773
479057
468113
766960
679227
945620
204947
4779
279485
712054
238370
239504
359816
451445
95575
708136
663240
415683
97140
662928
701218
75953
724994
839800
890785
916793
984793
206327
941831
988712
522494
918216
206725
300326
500710
696741
292551
826340
523737
167102
970022
768608
503666
487766
479425
691544
886659
120187
394662
718089
439509
904992
662441
222690
597196
158680
848919
431306
906089
564401
393413
224779
63146
914667
850113
897177
309516
541524
978602
22403
74288
932545
102364
547573
414556
13354
404355
565095
418136
706851
411345
601766
12664
143987
355338
4925
205818
383763
516348
750272
107973
946693
734541
362740
34642
730957
813100
545566
656486
641808
526634
641383
315325
506632
423329
31912
219459
563874
681938
249176
894523
731829
636173
671439
526019
415902
283017
620342
147310
494396
682644
723854
381969
454917
87268
189017
175194
800067
904395
487528
151577
91375
628809
374530
461411
715304
80955
681902
695307
965648
177458
107166
566417
342468
938847
684792
788311
878901
127529
114817
180686
822184
394209
557224
784112
363270
819533
631341
565926
563680
524833
765100
167305
406084
741452
807178
619013
541812
20333
131323
142042
44745
573542
922733
48252
339300
899849
653524
601755
949132
832752
922515
419325
372009
937065
22596
764806
980636
836749
922084
774617
81785
399538
184030
860505
656802
145142
234994
18569
892801
603260
445442
50577
993185
274931
333305
978210
417450
684626
330648
183344
58999
658912
364511
234974
694102
463407
685716
581432
377947
313193
126322
401817
436001
127682
469233
395949
226526
10893
538606
444113
368098
997291
9656
826327
700140
434653
884727
49509
39977
286139
211384
789757
975946
565054
331416
452247
245184
323895
986765
415402
787927
219490
965772
549130
348332
4245
582746
244459
835405
599763
15027
791619
292395
984830
561680
88078
528318
40
965273
285739
234038
459402
763687
607779
5337
824781
637108
837066
300670
11014
433826
804671
647972
937087
811237
820686
848367
953712
684365
813684
451585
115725
234739
243138
750641
25273
272640
735002
55339
200280
197333
236630
633444
958978
492506
979145
8567
839123
974694
810205
192417
938975
716168
133531
87043
847024
730442
803070
55894
254781
87982
339151
495743
888292
569649
238152
90016
939002
327392
809351
700976
159390
417868
345927
403047
619205
956305
887034
84562
896419
389363
744703
703878
282931
568676
666816
347697
593187
995490
429611
700044
894111
51901
475531
918508
174905
115126
510658
364984
739762
915395
355173
167541
310952
638640
99508
538557
307291
512735
946740
938063
206493
487152
3051
278527
874326
536187
509240
748302
214193
398714
605388
880148
766567
704516
687753
930266
180582
876596
950965
758724
718941
730536
21851
946539
567911
89573
729918
132937
470609
796760
663355
571854
632586
921272
161274
622095
132710
63047
703248
722590
701775
53814
873653
85812
269576
824680
609117
962251
667423
298127
135541
696265
702511
63603
333563
155862
531791
351121
914426
717838
480667
876384
327905
143442
910236
166126
232319
675385
35351
306729
679646
638308
295151
76154
984697
399728
185527
294412
838362
210500
597720
62699
950421
267593
391580
750599
212762
540025
532949
613271
279419
443089
521836
43994
92923
186208
793097
431096
950031
516226
439772
302152
676724
799270
840839
303147
328876
27210
286888
722261
919254
907273
422086
179756
325289
80138
602583
845064
853965
989018
229547
848411
238038
848084
525561
742890
448285
197117
410692
931193
512829
89772
999850
896709
813415
210790
291721
289643
839779
195848
809486
141158
588068
791325
520603
619701
196741
47632
36564
702235
271654
985787
504135
679168
201566
710685
458102
373813
483035
974058
2946
935317
362077
680701
129077
615239
805579
333993
760171
32735
691121
487213
797406
424484
259735
551557
22477
47852
377151
497437
646409
347684
584250
815393
981404
683052
520871
329903
350806
337759
256777
666670
518581
686768
416836
705592
399984
451440
609396
767027
95968
357100
627306
891517
446860
842034
363652
51269
876815
399668
267176
854519
663976
421318
70301
859407
327198
424770
801606
820687
232974
24203
826235
962316
204754
388782
376005
403810
958032
687332
289654
784327
632732
931636
571363
908797
838027
785141
852736
460385
556629
777457
990230
519969
159782
627878
313571
946315
136001
958054
433102
940608
160081
290334
832325
181767
347982
644083
927797
44797
306248
253640
945957
253738
393748
724636
703024
373040
986000
697105
529437
70173
177492
802823
305180
679007
778934
926311
636703
336215
566970
924348
72787
379590
759061
114619
905914
797476
686172
24867
542951
1167
235150
372927
151253
58849
433594
763209
944995
806490
475918
689129
159472
179452
249406
388699
941007
205430
976909
291054
787303
434488
699259
284520
213482
516133
836235
708679
503280
541415
939248
547746
593519
338204
58004
488942
611801
801069
220932
76509
952082
980544
319099
681697
337101
630595
261577
221839
807810
208105
947935
950558
650958
401394
988730
32974
804326
800098
953258
156325