8922
141598
652334
577493
295473
511119
308687
883585
490768
609179
8257
798220
142319
286124
783700
980616
464623
738303
415307
138214
316027
654052
392592
396673
174282
864146
899144
421571
48384
904996
994816
113464
807156
789044
718918
846125
386509
45139
90965
500676
725061
840674
460840
159000
335631
862800
505199
113991
119637
64752
832159
295584
72346
320565
359332
111402
230591
807117
283250
284367
980001
158488
136377
811236
837983
320452
549751
948246
769209
372423
456487
818418
583508
100279
483031
770064
280922
866569
445719
93853
790078
960420
941261
306628
563613
643233
340390
304313
474304
761378
713063
228834
390654
478732
209185
699810
32958
99298
688835
566594
828187
939135
760266
976702
585696
444400
807251
959850
383410
610027
494224
743039
153293
994928
674073
833350
568870
734907
923162
309792
344112
880675
313259
8112
375483
311250
545341
814693
247222
437921
959983
791079
503445
964624
811200
34333
76046
87135
50527
304537
307453
485643
888991
975073
84775
789736
962822
685339
401563
947544
802309
283796
477236
271589
335169
406829
870460
524225
432848
437730
384043
152727
21695
250168
571021
381069
896144
551619
559105
175001
874817
166673
700509
785213
707911
330678
860399
524000
869850
213557
762271
46923
488873
785928
81968
644028
691055
552461
358949
486250
443293
947213
12096
132566
604535
558825
601381
584075
609531
447331
381278
104946
101755
760326
350456
245908
919948
416883
205962
579244
819415
793482
401749
134632
81421
925041
11207
153916
281015
682628
693210
3235
126187
957849
897177
498612
754586
399662
566339
605213
1479
708338
278792
774654
367058
994029
524976
6244
419442
408780
33947
457120
320962
459533
943651
862916
324658
6403
573149
623929
795870
18950
674559
241792
687867
41467
379483
195651
792110
986044
58314
95511
916983
373603
853860
859793
958282
356600
907819
739586
458046
35636
191111
188816
82270
628850
33900
298674
213726
62513
108376
570887
443495
227656
813880
446356
422611
155815
796138
658520
694517
707461
674461
279950
398863
83436
688149
892735
381543
326045
455499
164865
223027
793184
729777
501199
614065
74477
845971
145734
467731
434544
205977
94842
503960
339581
301737
773619
513846
621392
200233
459015
776307
542399
13154
108437
150995
190526
97024
982683
791468
494287
530742
832949
329557
927684
706302
121779
871677
308018
585790
550869
32600
237428
333254
91174
906227
969497
675190
404338
398249
486251
59709
544292
727918
784285
318972
894145
934472
952592
70152
402683
182814
829442
956367
741171
779497
678867
601362
644174
224647
375221
130512
333490
805998
940976
489987
808030
19197
798608
243267
190692
238318
824364
899913
423043
467880
436819
838159
344549
220273
483028
558546
138161
249089
882858
731449
256206
30386
425474
685648
630518
561491
28331
19757
799090
136859
318297
759923
210424
78778
454486
45621
581021
441483
840198
795186
394104
902950
373333
593662
818197
774867
488831
209602
851411
780825
257595
798746
767003
949172
926149
40092
823421
689700
696903
613432
878248
899810
314019
403195
206022
312942
137823
733358
694578
967555
488622
869531
853655
952492
329047
164975
72294
822449
28164
932219
3827
501929
217898
376277
711469
359795
77391
456091
45816
321856
482557
667415
463849
795143
123201
9470
161245
186460
548512
434003
91894
650011
31832
129961
514035
997182
141006
142277
366827
787278
957081
262753
583398
994743
207273
372877
398616
442804
283221
637425
144955
4137
919489
428653
557512
354511
928424
963105
377169
245513
303820
87688
146110
593046
366327
759871
250210
42912
75628
232548
797881
678065
232367
659162
669825
193989
147822
884264
139057
859642
662027
667713
173338
467427
144455
344350
516121
106749
912972
969031
659510
729145
910615
153010
240733
876792
450432
326850
406902
890773
181927
490928
732771
274459
263293
563271
735702
289559
393452
773065
105548
630857
544996
230511
228265
18932
963331
61646
754737
933077
481248
217685
11936
780592
295093
784115
953896
174789
436454
999573
635269
473186
666930
654989
827198
733586
792437
5710
392890
779955
497047
329364
116347
222629
844437
709409
364796
323679
810794
270305
451491
615131
206233
669167
907107
229233
468314
57328
134450
614210
870687
933853
804705
745163
682305
218719
209629
449625
923532
299091
267392
967259
17059
433453
566869
936275
1106
40760
167335
193831
573870
188731
643460
572372
984171
754424
131987
266754
200186
21838
415503
228210
343324
896702
797023
676307
231304
478602
764052
137205
841909
822905
155902
119125
588997
446264
382251
506070
481294
864666
590845
866001
726853
442048
37095
792323
465353
130260
178180
399589
247498
799919
652500
69273
781076
92251
22931
281600
486908
999282
449144
429480
387621
27493
245447
908771
748911
987545
20115
483699
303870
944939
199060
155553
9954
550804
78816
884780
659432
818664
788297
8159
721212