845226
43427
271740
30497
338060
843678
180505
679042
273825
575413
437285
799876
83786
26817
199606
703491
514454
803722
665256
294179
328572
339234
665266
918330
334213
70877
147861
446619
208518
517872
723373
538560
7947
720613
161450
892947
560080
15928
618904
538905
780136
757778
795418
14204
252353
557535
210805
94707
129151
827022
6856
499280
855876
244324
90074
859557
788753
859645
25228
410772
743110
464993
839789
600498
707333
329471
441772
766423
972533
210633
625576
615877
3682
106667
741156
827379
431298
876265
554134
437685
679635
127636
691870
143753
731487
356712
308052
309632
178337
425093
678202
809862
848898
942088
162832
264593
302140
870854
809415
195106
552160
14372
897357
339899
266290
907926
656647
230558
822194
652466
938269
220477
278326
903408
13422
753411
676658
674433
145829
596093
535322
341256
537187
408807
154718
298041
212124
610383
176724
779149
88638
501352
64628
332703
188939
711086
159612
849766
356040
252336
822004
909776
665677
387519
595660
275575
241405
733105
604577
454914
594448
912722
150686
579483
120716
926633
315903
76104
267667
705314
613873
878824
419797
21149
747606
260941
491365
766610
52324
17456
480361
920926
156589
982485
200108
401775
144953
156796
688846
696329
598863
285121
70939
686514
34579
666769
558584
603136
919113
742025
819897
979197
829048
373932
704400
999476
118249
80001
877537
763419
357710
359879
166129
612572
312448
741654
483708
363522
632289
801044
840293
38204
403745
49552
766856
367889
877339
539710
645164
55393
458207
487312
476756
199188
620427
586605
950388
952801
934354
988304
625729
949437
107231
755328
16929
142494
622994
316327
483970
378538
727720
162706
382150
395585
357050
701444
178460
294756
350940
32119
230122
264064
966374
78384
684070
859419
114959
663101
775812
305946
632756
958734
173642
214124
997049
110
668863
209367
398342
51676
843137
884829
450547
904842
680566
539850
253118
415473
691163
306845
558073
123663
910392
136977
464577
682751
321204
818310
777384
996147
910853
881617
568564
946127
317759
680349
577025
527205
822478
33276
546113
544009
953663
294158
943204
183953
612216
287628
844755
478251
509128
655922
174485
789467
255769
398727
902741
290127
11906
474442
417147
229280
825529
795130
666230
670759
694182
306434
847259
498682
286802
863552
268455
461762
38014
141169
859232
698362
555216
458682
660634
658438
959273
215317
771670
545326
721298
959446
851845
561525
22996
549849
876522
846682
806694
685451
838749
203306
570177
331409
226027
144512
457168
196440
348187
828891
105475
900154
237964
996762
954947
590090
396346
249238
820288
116156
930911
175644
93285
125940
917686
724230
198381
313769
10970
475828
775183
704246
367757
642156
786389
214077
245397
958796
935947
895352
864001
577896
462354
407518
927882
403204
246228
377453
268052
557807
895250
35738
923220
156986
687512
841043
225675
90964
62674
250285
474608
193859
937785
37487
535403
723009
271398
95162
716350
626033
456263
406483
109246
212412
197295
49999
365887
882125
317703
486874
874383
230565
125602
10723
762392
231643
466607
118184
594601
945076
411079
879001
543182
997722
212070
505196
249819
357309
412599
7997
490760
837507
497672
524191
874358
157677
991069
296963
166864
905351
234464
217859
439181
796491
14134
288012
758545
225876
589484
667686
977651
566266
68880
921506
193113
343438
551453
373599
889664
70259
646606
710392
823704
255959
786579
702669
965580
155149
130401
227373
840223
840905
666404
896733
726002
177143
491216
347591
961122
371000
232789
652866
945230
171385
784369
653562
152630
979954
494047
114620
560511
596601
455021
395873
299923
82944
259691
270228
54629
410417
231807
851777
447570
245668
345878
22875
202659
480059
737205
930378
167791
65371
328045
186928
402333
995783
29741
54039
856135
590490
513649
894137
733819
212449
448921
862570
876955
29203
173844
935142
830052
334318
169467
814515
870987
745262
976378
981938
910211
595372
768233
525448
208348
73810
668921
345187
478533
322423
680713
106859
174450
342939
274392
72967
232345
643136
440469
561481
394326
920419
64403
514231
930478
939222
262168
603511
375280
850491
105109
224470
98359
690271
592623
189301
376269
37104
483259
434448
70762
553436
440585
95916
662746
862216
622103
854877
49084
903338
603239
200497
781158
934916
268267
51133
630502
377598
566172
845954
558819
295582
733993
946107
565283
441254
647053
693701
651622
615178
146297
457579
525999
262156
757489
856781
584354
948150
381235
496365
29001
131443
103313
162391
762544
247819
975328
91882
922929
168442
107017
405894
402122
796651
188924
200468
796586
746006
221573
292972
6219
325875
522167
188071
140280
836633
871620
537731
968624
813432
19311
696172
900643
323503
720984
994925
198937
790795
164662
382899
804594
467869
504676
469625
672328
913719
112978
480917
226928
107651
680732
695967
16480
566463
61047
858041
535978
587289
904711
448384
379238
936290
51535
481166
752303
61426
237568
780328
956996
98137
232690
209931
860430
674749
217520
269454
556224
816597
619757
800436
817114
465921
771669
428560
558537
781699
713919
619733
84329
929694
759358
737786
716586
178505
345623
206534
694544
689808
936716
897021
831700
170312
375255
192103
698280
367917
499763
507833
67416
23514
217875
756707
819276
347875
597494
819061
392810
781906
348242
587758
140824
547837
119085
807267
312351
256512
585035
797641
581739
454301
99778
307871
163439
874796
661673
233274
198309
323712
206639
354478
263795
272537
830152
578966
857513
752959
710337
701185
700007
920193
948533
105785
744092
50762
748824
552753
509097
575964
795952
360906
887267
604972
648356
338818
859191
978842
58925
248634
867881
701580
600489
660194
624693
653158
100302
61955
549462
37479
484155
863848
55652
158051
670698
561258
225752
224153
118146
211031
15723
99248
836425
101758
154077
977555
68343
173338
657746
39654
369829
342937
338071
826339
553637
612871
271042
968790
212587
128796
672246
500721
927336
480158
937797
55501
910199
522676
734705
291646
292208
584521
264267
700369
80091
193369
533501
441572
677375
66204
864419
671778
284888
84107
220371
236634
464742
806419
476029
908476
646114
182869
673134
839663
422220
668760
58799
296785
544095
908556
737802
91212
439782
517180
26220
847121
62056
854351
997542
957173
141055
822138
715342
541092
864455
130374
686786
650182
663153
104697
338892
835052
860343
604964
273633
501559
806314
518024
746628
493446
252327
897190
304136
457497
700200
36322
579250
770631
737590
442643
639420
466136
234492
281194
211254
605184
520120
247100
24584
424121
402826
500141
781906
931579
882543
137531
581812
225243
929479
922468
248361
555645
463826
900789
980174
937463
961721
876401
584385
733252
735689
725658
484068
777122
950714
265246
744385
792905
557230
448225
652808
252296
213429
251043
808627
480573
891853
217998
36426
611120
69159
71327
468738
889932
479972
862190
964865
195644
449759
635995
29949
12767
290851
166615
66754
932263
305341
884044
64018
930323
569453
494698
375078
455750
226550
948112
52627
534212
123541
879059
957384
847178
788878
10989
663604
34439
157473
550533
744772
752698
128412
251350
885962
403177
620682
354431
488953
51643
520841
367783
2445
425971
590713
746443
930631
379337
22608
474150
554774
135591
933387
48956
58834
881917
138431
245122
633825
800385
284942
630445
610940
962630
9973
782997
374348
399937
580614
144238
528306
390689
390052
88662
235196
902935
658744
396111
577764
387465
794907
765600
963639
18740
320637
470475
367772
297344
474067
292335
269262
486190
279259
733901
839669
212333
322701
302439
962143
327564
428895
19524
799263
474059
622965
471505
361794
150218
730276
787489
976939
138787
708450
390677
12746
250643
284427
623383
986045
690835
339218
215296
198211
300869
159490
924186
476633
473418
246192
626751
872819
692080
995520
182688
81496
601225
978896
697826
246298
755990
62852
480034
308401
214946
360303
461081
761460
924268
198746
225819
542323
320125
175861
180858
993651
471703
808536
49095
476487
380814
266100
694520
762503
128048
220378
714725
422320
562335
633447
767405
920472
483072
405516
573685
649868
480844
266166
665104
375879
424196
806110
750715
25169
277825
32622
110271
831475
147433
383630
167673
909970
542078
569035
453878
763632
174672
365156
475448
878266
205011
604208
10198
564814
813067
777647
265791
558990
796259
649451
970462
271322
758942
905418
784218
304493
797797
503155
963893
123478
423166
503899
321940
286416
84701
432747
472605
160128
738069
471504
699260
557388
166247
659806
854785
668755
985019
27362
300067
476748
186669
639234
442344
774078
190206
651283
434972
858585
137259
406200
137662
934128
861851
186033
948219
566996
416881
411079
474578
303182
839297
482578
6230
626552
980448
752038
870098
757368
467861
648792
37382
109594
891051
881136
450064
272265
600552
93293
735270
140842
509720
728815
232704
743574
255042
73285
461075
125746
965116
384531
168439
559980
4443
57184
275945
829331
468930
876410
632941
171731
444955
338438
890188
146636
414052
41320
938747
303247
504865
376907
455772
524212
72176
934349
358109
840859
299385
241738
653567
367485
107203
825796
979505
364270
783844
301996
224090
903473
407441
390351
966902
350391
248787
359456
25944
439222
102299
690718
736781
195555
767532
766050
526561
336268
355574
566279
806843
350803
257667
652726
41187
711754
16650
800076
655652
947048
782561
745451
103437
508966
827984
178074
425297
197177
905857
259481
917838
999212
528851
16966
346539
581977
479757
745573
773658
373891
4271
184080
232125
505555
790309
862394
538469
233646
964117
827553
907253
103663
689175
811472
493093
22982
376644
920270
727266
48236
468199
749223
582739
492354
532625
432916
672759
81606
640713
76233
327274
188464
442400
627675
811398
549807
320481
246605
242790
736059
654183
768054
143110
190103
946634
51216
146758
943525
658545
661407
823438
143653
684043
483643
248203
1292
98649
209084
495830
820349
802594
315074
763766
268902
45450
64863
263612
341626
216829
581089
420045
897094
797126
345855
887613
57586
3196
711134
60053
94551
606107
416449
561911
83831
742512
36620
674009
767325
246126
191987
686509
989586
101279
739268
566497
478841
526196
400013
821378
619656
829949
71531
81147
332515
166964
435056
941052
798102
41907
706224
15094
439791
448902
140584
402050
986678
906523
294540
451809
398027
404502
226284
67422
923162
865345
931586
222288
391676
407585
916698
834428
965933
993635
706206
891223
929574
730997
115901
443176
944599
806514
445944
344140
698051
575989
771081
146836
145911
899599
945264
312136
275624
150163
728219
859407
663464
28942
605808
538662
396101
324436
379707
549966
886014
700021
705711
538819
350627
43599
40731
327078
449416
487677
385450
719548
567205
97965
501334
370191
579469
370192
967787
638450
45705
627370
217588
931234
464081
475849
577412
341960
764902
183186
305570
622428
748239
402998
648082
437795
389870
933508
891004
225368
568317
705625
658428
613737
266027
752434
225157
830168
955149
855202
184562
825026
921154
166302
295339
830397
297896
932662
654064
200026
814389
313951
208837
800137
95027
495531
240058
52764
81626
651609
856534
603172
555467
4041
788064
785464
201063
25544
311369
995348
210122
755593
363577
260125
837480
101685
867124
551874
948930
695065
24233
74815
739652
964286
467799
792315
427774
284438
247388
328274
563645
763154
525916
539629
362117
407697
512330
501516
885934
649650
286998
106149
547672
745802
317683
480038
685005
370289
845188
538903
429745
837815
16546
32283
925992
719860
715020
927445
978244
720829
653036
388712
790057
886003
929986
89046
15424
73077
203759
235658
534740
251637
47008
931121
676876
260648
520981
105026
647173
276311
776077
134303
531660
806867
488080
300435
870773
881286
880025
959291
822747
628004
876317
891010
352180
820479
447420
290565
517327
453690
370819
521237
973293
926421
456284
410970
945850
932392
435027
593300
295590
486571
619653
420413
314980
560626
616103
64523
261311
571638
207728
500753
433748
201357
703588
419141
247088
492540
797950
953692
5318
623779
819194
928210
511885
895702
896380
546630
685236
72588
57760
325953
660355
226289
748255
803927
568528
995222
606170
414182
48730
29064
412679
768892
705093
5758
443381
276693
303090
255852
28541
798017
335162
985908
829255
193828
848456
190012
368054
756823
830800
38682
345777
895469
155248
221036
515407
858512
274593
886213
450846
544073
645145
982914
292688
23198
349249
114106
596867
223125
454862
7187
5420
48663
23615
718706
509791
314224
933297
866954
760573
414259
50594
259862
924730
274234
478208
839265
430217
461387
559533
375938
186535
786327
665874
214950
641793
118812
284509
423238
334531
509994
191832
144375
317311
934978
514983
706591
684277
404121
667934
252741
389381
818621
373245
114946
509550
252047
719497
981012
999426
154990
198855
101202
521064
183924
860376
851257
910029
851098
426924
111012
37225
57079
405284
402970
946154
448741
389448
497090
953407
550148
245409
170865
282306
380888
418933
953188
678210
171854
674077
585417
240556
220828
477124
95543
541142
543046
6462
126655
744297
931516
308674
558170
94376
830369
859654
502785
603745
718182
829814
903644
224750
334165
742992
775826
439784
793514
164191
934399
388010
418139
198161
15236
731901
723705
151415
880888
306917
960942
444185
526971
374151
238502
362804
607595
733877
810891
611602
640432
286808
477992
579076
119667
582201
931951
905341
857644
72556
830166
243982
528343
394457
785307
769977
994760
333608
522857
416757
588502
493704
349139
671102
371123
649757
150589
354517
771996
658180
165402
20571
373483
374083
736911
640070
281866
426322
881910
663741
718722
780672
196735
369366
447921
216452
16946
192810
875674
641825
835216
197137
563670
469876
850391
93567
221993
702749
801699
929786
197232
195720
655089
125367
703478
516695
541311
949584
937253
536238
331024
780389
37849
95514
462859
700684
561744
683935
323203
436854
587134
819612
798290
700127
803453
872861
930846
708593
318882
63037
222461
55798
123115
774902
148021
324792
197716
750407
419996
827256
566984
500544
532574
392263
273845
159341
77405
852675
305912
31837
970931
139697
782968
906190
68818
649908
878159
588598
718797
105256
322402
914864
501808
317086
99857
913410
271497
744436
793546
499271
925002
333519
210104
873533
853830
967480
638105
55277
915417
404176
173294
962035
335589
212913
189451
888489
388342
300259
333070
359924
534983
749496
466476
423274
416350
750661
669287
464671
331666
940221
543324
121291
788205
49515
144120
347609
970092
742987
57739
889294
490787
556102
571189
800660
222141
172681
281020
734691
217250
707713
926720
151243
767601
653877
669957
69024
883820
20479
383472
477762
274931
320808
139981
443591
337449
20767
51021
651016
19635
254614
642189
38981
667679
614138
305553
623413
386081
543821
542095
804527
368440
170209
382120
207534
775343
428850
506290
184708
531455
97
673648
249054
982033
906761
317859
806896
397666
900800
952697
363645
624896
86828
238564
121604
455921
881343
433606
574346
970610
406096
507784
574401
95005
958615
72650
418706
815012
973701
100084
335820
121145
923582
154667
503656
87568
775860
550496
132216
967868
578657
337474
490860
194678
296608
555860
645313
952317
211945
775705
538183
660311
177447
939755
353741
791989
860920
90091
796523
833652
777921
430802
33835
926016
330154
230694
284948
517715
877885
689097
980501
899483
973655
834027
86219
641658
122440
83552
248815
718759
942349
730189
424351
136497
925031
977211
701703
635812
274007
796365
773228
899716
796857
465230
777877
610934
446266
587364
457558
749631
535544
799842
118138
834211
59316
429241
919628
962671
851062
422477
402178
953427
614142
329254
33479
928935
945890
63293
998627
288718
206217
790135
645450
466040
388738
344238
879358
999041
590338
148714
402081
141879
282168
523630
559067
724985
243855
717103
325220
619834
387584
246560
467182
451621
8912
466984
404786
823963
359085
75509
103382
508183
991009
291690
839800
304563
342321
849268
647898
342211
400468
757050
872298
502879
901907
536562
210860
1983
659706
822353
94662
849855
48760
127770
186088
941441
491416
982872
680534
414257
156
296999
100051
952164
649779
40812
774699
109338
31320
341348
843869
510242
19399
350298
978724
861212
323035
630963
899297
354458
325961
191651
517479
806880
157747
90050
307938
241803
599146
466553
98532
74190
228931
264790
843086
856599
129300
514816
27543
483856
561356
463492
492220
618561
782316
444045
883716
277714
197414
413490
964207
223022
638096
673962
466811
986372
600389
510107
832594
697191
489305
238159
403603
11413
235894
400391
879227
261589
639255
692266
294320
531257
592737
60886
511978
221827
698393
529304
171966
990244
849414
427574
397320
809632
214244
919401
115829
646029
862850
747176
72171
16506
213945
180703
936149
972971
98377
641279
749646
240643
864401
620526
392937
763451
737515
86495
125275
717134
984226
291325
252678
83895
394640
187265
420578
896146
650521
100004
765002
507743
645246
21550
264801
388646
205342
715372
590623
831412
335311
50943
766971
227651
760469
143441
157111
678519
952509
789859
631107
542021
456409
260482
633359
461166
162712
922841
24688
115177
698305
465311
234606
227679
662284
669233
554856
904080
622237
145210
164
792723
277214
946190
492663
183418
839160
236630
472077
558932
121069
571174
507670
418572
845205
800555
127181
788526
486066
205120
726118
513162
56242
56351
368084
474417
216130
63604
976436
318556
553482
141709
9369
713197
451080
290414
754677
507085
324300
633730
37344
134260
147150
340587
199560
941383
98151
463674
931958
939163
596594
59514
55417
114775
878528
483367
682417
29944
21682
945916
737913
253615
369975
501674
536754
292837
715107
414820
463593
205342
993320
576599
402084
301179
689075
222648
978830
309721
539365
231733
740796
699544
888300
664461
263963
295926
381566
312891
31224
596825
509746
357390
771372
510315
64827
694164
561826
541215
924673
743988
387271
355603
824477
274715
662156
707982
954673
282319
811035
756392
986083
673503
528148
488521
516724
604987
409218
92681
905280
322336
447583
628215
676948
594603
772416
852469
741799
677711
18206
54465
413559
12898
691267
277902
198594
553938
462478
429072
70685
981684
360546
153495
368051
373757
531057
52819
586398
841481
494880
867830
883483
109209
32280
314999
380845
119322
119337
132018
542929
278688
974874
15660
842905
873842
437777
757
684520
116350
79259
602086
448137
174573
33561
380298
75244
343505
454856
913433
773181
135483
669419
913375
105378
920682
472727
693884
436498
138782
380763
654980
175373
650634
461834
620807
610683
60199
948454
17514
150181
120293
971114
540532
532682
479036
513203
384357
4639
702241
612429
951936
698151
157973
799638
796202
886122
903191
672721
814507
452565
591354
604554
438609
524590
98513
329185
162803
916337
940102
609396
271251
39116
371466
213805
259997
223860
24230
44901
873932
237218
341297
516851
649580
925678
152794
135318
352250
77574
605093
398394
27495
338059
155507
162474
741819
317704
983929
136147
541015
934991
143315
892849
397459
907186
121649
51033
127045
195675
607855
83041
285411
446729
375555
473007
48064
458343
668112
545117
325746
955403
735831
649478
880597
966856
474829
441520
454120
742384
642439
524438
879764
744937
996241
951888
744333
739242
223775
328865
856274
147731
744347
204253
382030
487719
478173
295541
363105
823335
941113
65568
493432
528139
858033
14056
684824
192735
112011
156431
855931
763065
734654
719708
735953
299283
62854
431813
716263
976905
861911
849978
564645
245104
705390
349260
193009
35472
134466
836472
705202
41216
318041
217556
728175
559069
270712
748629
106901
956774
300659
828986
557527
359991
609442
517337
735728
85472
108212
215044
777250
925021
389528
272100
972421
353067
462178
936816
634137
746103
508333
100375
735239
811126
537772
351355
657234
309039
808960
333615
98096
73223
986599
972898
400191
748088
781827
865685
378022
4384
605186
51464
564361
733621
467310
943091
823848
932631
294867
382960
665941
589054
616968
487286
221136
690834
328604
424639
983168
351578
89887
524107
936848
23244
109450
455870
562084
573379
45003
709477
277239
91662
138929
970966
680979
730340
265201
908981
276459
239670
674131
197907
728600
138205
271612
177840
606638
247731
884632
944993
670907
727741
197667
154189
109596
927365
649749
291281
277563
856007
101480
855300
210344
612993
240903
2516
12883
72429
431701
413135
664932
230539
548438
664126
515575
827479
457470
65260
453239
556955
126868
397316
701206
849053
464003
99544
398950
648824
897661
93694
694999
616712
121164
732437
734925
989247
440951
552357
98909
737237
351885
471460
306917
39900
301265
481365
457349
627569
300034
491851
898622
928654
328069
210316
974693
273341
780017
323536
560899
802599
337591
413993
790540
429515
889836
69628
870202
585930
63285
820973
697350
464222
467982
822937
78787
859755
393015
359293
578135
993774
975547
380596
857686
844690
827550
602717
65149
927329
351778
558619
113671
636631
981942
302581
500335
351507
468668
266142
697923
33319
398197
350480
419746
177230
483596
391825
176658
225597
400379
208728
368320
213202
329566
248457
200597
97641
706258
816347
943793
778510
308489
304922
26182
903628
64430
564104
321172
253732
465455
580895
458364
390873
57772
993330
788356
890472
618554
643633
876838
229462
802515
189643
68565
605729
527198
359598
976717
932440
614871
739562
965461
698118
68699
658931
433428
203658
743571
968773
546509
229570
339258
38050
432313
414118
839180
527799
262912
931249
296461
452765
965203
689145
99251
259643
453288
157024
58609
465992
713683
324899
300512
368494
793086
740688
206348
41098
284165
382740
198425
638864
101744
404210
185937
85260
383566
116752
386443
80323
338218
260843
817464
962040
649645
80811
257869
611914
796880
874514
743496
367802
566139
877325
64482
305803
714879
647405
460368
269890
401069
16687
767221
940877
753233
337975
138855
779072
205646
984284
294364
325434
643735
46748
980081
470246
206856
42224
426518
646365
149983
771643
443674
963049
186777
687516
336847
933733
219949
282403
342234
953024
120351
820127
863769
69216
596419
863445
283185
944995
161743
482894
527283
976192
852379
849416
237290
697100
948663
606668
590659
830233
700393
378847
3545
600697
28801
482002
469469
141024
482971
645684
338015
839591
245745
238888
518523
972013
434074
451025
21858
381080
296163
736169
312708
372345
336585
93041
318039
108942
151632
556547
881671
59168
247810
980931
767866
602893
658119
206324
5630
920352
368926
982503
224722
874908
32886
353102
697422
681048
237419
590062
667695
265092
988064
398963
833411
136969
600885
52765
670445
236303
208101
409560
410262
391448
24831
962922
262001
829001
529663
748742
906472
774345
954441
534781
915752
314370
200641
29076
212678
852997
209929
83952
807308
310858
709400
280878
296292
218261
814579
322127
181088
372339
576971
622673
137572
831716
50036
235161
162033
88659
518717
768139
835790
24832
347184
578300
35093
409214
743911
930943
476759
263832
417673
942556
472941
808079
245280
748639
479580
548863
349848
51660
36132
459359
250263
846896
852837
520551
212851
283218
231151
531212
171092
139017
885284
643239
440104
396263
987916
314804
838780
715667
233845
547253
309758
770356
667845
927670
347468
132809
558686
221164
740088
347606
858540
127287
306843
465273
803214
810055
537682
395163
62238
400538
159258
402562
874527
271651
931012
473218
112770
505415
647252
604179
716245
239104
517884
523006
52425
263396
268528
658674
828638
116608
610982
860019
536173
632798
14636
698034
168529
908774
630757
964599
950259
831649
751649
416571
156785
765016
342424
978194
591787
313435
116227
103173
778281
196638
95064
406782
500268
286205
114656
316060
385040
534624
260726
80039
776922
884985
183518
860125
868068
445354
306239
905643
890978
849156
742655
429687
319696
603883
241337
213466
213562
589525
643357
684779
455143
905521
222757
728182
364003
936740
209968
122508
570792
955438
500413
244788
485544
208171
739653
833087
212282
856246
846004
790841
258526
505640
879430
34364
71663
664766
41019
123614
508516
487192
384310
2442
950146
449118
200568
755628
741858
163261
763123
488902
897690
188047
208974
49568
638603
1945
910260
107548
788423
953774
504089
421159
223773
287280
978315
380620
957698
377398
322864
351971
736925
884682
779746
679142
112366
914569
708132
982243
676060
179501
512703
913038
799195
70312
697341
451310
144631
876710
433601
621816
321919
703797
128449
733369
655312
593985
309154
752172
711933
788664
518255
455467
151320
251404
789109
599106
277280
657367
865917
531552
966407
20760
191270
808359
792670
234075
689055
664866
751455
784567
313983
491222
608151
700081
994689
688561
859374
388670
800031
17824
54036
78822
430601
52412
242378
347908
827778
190116
114122
290154
699032
480614
144596
918049
968190
529814
956439
807950
691847
414081
807928
142064
798209
762492
550785
299205
338860
818197
900457
600908
895446
863467
958780
239142
568340
95962
742823
854038
960095
340110
934370
46375
720072
195257
122234
421421
162073
731103
463482
185123
952970
793934
556469
431924
315293
477100
303219
66645
487766
431144
597366
117967
849370
481106
533031
528858
965283
694983
451298
732517
213982
173573
392475
515315
496738
131805
359339
374047
546444
337286
201019
794240
354555
322061
410827
731239
539493
79786
320352
236229
786452
896495
681736
464810
671745
424026
333195
380968
713803
60617
494128
553430
667796
76685
582312
104816
403897
716310
641115
151836
794219
234318
577550
869895
278255
732163
699246
849454
514734
914044
676988
611577
57785
554668
599252
718657
862686
984388
642907
505586
534431
353059
956100
135884
305941
33193
271168
457156
262305
624873
179008
688391
97162
737469
997544
226206
24376
440435
360145
327404
451404
480996
296571
448213
375578
318757
22414
981689
996356
286039
871051
801886
25588
752154
138452
52460
352373
143646
333204
527185
612719
174169
581644
379973
956861
743957
360059
128103
134893
590369
168617
398982
970067
105383
930193
163197
435210
224286
973289
571958
929032
317974
844623
75151
982429
9968
996561
483545
634504
618864
804121
162685
170998
564011
437492
546873
19864
115418
774077
2184
303648
483153
850026
173600
17559
561161
915122
738005
656030
898137
625114
968667
471295
650308
221915
242280
879471
129067
172146
934456
875938
276899
782468
346986
493451
262817
963627
101832
666095
679186
912225
892452
706789
939272
273480
905181
393516
104206
847123
236353
848552
296028
295637
279436
619003
221734
735140
407823
873276
908303
8937
302444
921495
128699
854023
976510
601153
826881
586342
996885
157782
688320
352283
206559
854992
176521
16054
161826
753062
333817
999591
178789
227903
875498
53901
461935
281105
260416
200541
297639
67035
359582
293675
322842
407419
918203
330136
137051
847212
182671
136921
491717
607072
155175
818719
174236
414966
972056
490536
147410
285336
559440
591074
901413
508404
684616
518775
780069
17173
661909
227129
79444
197085
410398
496940
365094
494689
300200
139946
627559
514081
441037
110071
265852
242531
774540
732130
596225
520042
406265
476628
211282
966296
996181
897720
869477
599133
657272
336327
203860
853531
180395
209262
57337
679448
346514
804703
26163
916703
907206
373041
884549
366387
788929
374005
123420
272305
203954
658710
854449
148161
956081
666604
189765
356536
883789
599645
426057
191310
20416
234480
305504
560055
462468
148656
916732
529248
154878
420793
237349
122759
86809
606818
604952
802999
684078
8582
385164
529823
351839
263857
761744
825422
39299
679844
452112
6094
532539
521286
11958
783130
391523
370983
484652
972860
861541
531313
581632
574728
90343
823597
521313
768623
44388
884271
416774
62720
774360
13344
62318
389121
251733
387814
960258
527846
555507
575474
582038
404268
227173
703781
853390
563733
824486
258655
173533
843072
774673
746470
655017
642276
691664
326384
246155
721129
623597
763918
19250
996515
152836
372533
299495
436907
100953
821673
388330
359644
747206
252104
959932
634535
606797
675120
990070
381780
643852
820430
920343
215126
563790
462340
733211
519689
406845
493750
258630
24330
8566
379890
599744
246195
173941
761081
279322
119921
630639
107310
681582
913348
122943
960154
431589
960019
902840
215834
967315
925994
841945
734246
452476
265745
64734
27518
41722
341386
282227
410738
736438
830630
96579
763471
138388
316676
736175
123937
683499
599975
156571
619434
675185
471859
667938
603165
263158
597700
522153
773399
221383
23019
617169
744219
68979
737862
229766
894600
494122
784571
130101
808090
34112
228049
694362
272921
440401
727659
642295
59873
615615
296865
797856
638863
873047
343292
698483
798853
862482
972238
168038
339483
645175
794412
475193
908834
45534
933322
776138
971350
654159
236401
923591
7455
264328
97887
482942
931908
56157
189691
327888
915117
760250
573555
958148
642515
338308
488692
422071
500230
655838
256645
790065
8602
912584
669313
53076
200943
917729
38895
582574
157596
539149
641279
55597
239096
905521
450275
838834
581892
543387
957768
765566
263224
873023
462064
7433
617321
845084
897006
75889
572691
796478
196349
391951
483273
950492
936124
440870
528438
646049
207306
993717
129807
392008
449978
308652
328599
595872
110259
227579
688398
519023
13095
123077
62071
474227
178798
259059
205317
771652
671166
999973
414817
28565
318217
831748
809626
685785
698931
775219
721194
306306
971567
839780
376801
229156
699829
819655
174321
855480
430818
649820
928533
504125
102252
178794
164382
487865
745983
434760
774555
673118
345081
92504
855268
768455
521087
29140
445059
809185
693050
846784
356928
14631
832562
978623
581256
906117
164037
624706
691961
191134
3587
143387
817932
754665
924649
40176
152544
502518
591865
653834
190367
791759
42546
650701
838671
504889
338673
419778
687159
75738
87076
816144
586027
574132
212646
36682
88823
958991
148413
715169
902692
514805
265708
207098
151658
623767
373620
488795
363442
461261
165806
426686
774085
665083
219902
855496
224087
867471
747509
562003
401962
393190
725829
688808
762593
192590
98849
541512
821154
930918
422641
739241
586534
461090
71663
862334
98976
138731
794977
726447
270279
620579
270515
943592
831298
606150
766960
896525
921519
948652
614557
957899
531728
479723
745330
218826
590803
340057
568438
416703
309245
474415
766262
731101
693746
502025
292065
734443
981283
978697
331907
198769
152532
742108
343772
498636
302153
379732
757084
355361
657357
810357
624446
314158
451102
473099
628670
120572
77496
520888
905976
802993
7164
938700
551071
805698
576189
477197
697558
542981
802024
183446
287342
336292
959373
102427
817021
823341
628366
718026
104599
680007
45154
825869
460844
278912
168199
847532
313790
323585
32770
342288
217213
143651
405972
863714
36352
626394
591163
953938
614946
324367
361633
393652
23607
889356
141093
382852
998314
842897
95109
483146
707828
950339
768997
173657
852987
3908
275966
543601
931461
757598
344102
628100
601751
308632
428023
213846
216878
158379
106975
453757
639513
997967
157188
560648
559409
696814
26834
213756
261047
505594
4066
218233
81224
734810
137608
519292
392703
666303
362937
791422
889511
958613
765783
410873
240795
303126
941595
681866
834685
260344
782878
57906
701327
533767
481540
383862
991537
917773
268421
180647
338807
453101
772313
894396
22182
172687
783744
627291
347404
848501
978027
16054
423737
623404
514570
256594
723549
563935
170355
248931
976319
627334
250732
748372
220440
692411
78229
734114
130250
893357
314165
903016
631680
731245
378719
915445
734243
827430
570816
932121
596405
361258
734600
181439
527758
403303
929715
180276
576113
422008
772211
716678
284811
408344
587388
356935
99719
236017
224811
739185
155600
824338
301588
640355
396644
988800
670759
932938
952274
503971
677501
71835
46864
957537
968581
569404
931323
228168
390150
345154
676203
956581
780304
593493
240754
789554
705155
86128
355634
129579
273851
273477
807576
627841
274455
69053
884025
69608
633317
369949
974983
651
667563
511684
852911
907871
405012
480849
712275
836949
230646
738273
837663
244393
631612
822070
737994
317720
565685
572851
357739
958446
40567
240771
597173
708029
557105
324826
227217
125418
903437
755156
411991
890465
861566
999545
434536
564584
509483
470114
865770
354769
562295
727797
731745
418762
123117
991947
499495
476622
730181
752819
33160
558398
844373
777424
714812
127882
2135
928605
860225
187465
861523
282001
609301
557097
373673
660382
332365
303872
233533
952467
598357
560257
961151
113057
527237
992906
4629
909690
336859
232601
765736
104149
999899
574367
651784
601486
730752
505645
75261
10667
335645
193355
903083
661818
371093
842024
483041
889813
993011
260523
993982
312072
775527
232103
642944
474569
383710
673006
917418
974181
962621
218684
20689
691772
599737
133652
618500
380387
123669
665193
68246
672935
408825
956338
672458
267441
425324
979104
572185
952133
226798
153068
660706
899428
192245
153161
473263
114898
598210
853753
969503
556722
319134
822396
674358
623693
88886
382371
85693
277233
215696
43778
247127
394806
685993
688003
255074
890908
22125
140247
498054
344720
628754
901576
582109
78349
218962
677419
431103
717728
637763
636337
722153
251652
172820
592028
286601
857131
950246
848974
459112
450270
157636
788284
226612
446331
54913
397954
619113
20574
988589
203153
915612
317851
770099
623299
684452
96999
466834
503567
5989
630486
890742
496216
296698
353790
741363
866720
556350
834747
75997
991129
189559
763660
484166
125212
632608
926683
999637
265139
48402
601498
785535
646480
132238
742665
771237
133537
772393
41172
893834
495099
917653
381528
140527
924275
794439
533446
873677
372172
449162
19808
39087
536970
407264
869665
333673
582693
539984
777273
443064
566041
792017
315254
471608
765210
914641
69118
645244
758949
92706
160697
701133
190642
383746
755467
470594
364934
516741
574719
40825
425700
246305
777791
71535
656867
919254
632960
427394
257307
780216
289338
826432
960057
384986
892053
832875
882611
728473
664799
539212
623381
360834
147258
350256
360825
644705
717523
695683
513172
301991
245964
716168
139629
930167
509756
360563
445930
180749
926348
40227
580099
377099
847810
232959
299031
505826
909594
256236
915101
28569
727376
746088
213427
17917
883451
337798
771730
69349
248851
322502
908515
826273
364371
566480
815786
778623
393786
920717
491744
113209
56043
50979
512928
950462
6132
715723
375735
505179
140587
350096
515486
465542
159668
647078
129091
238087
659616
960100
994883
1284
710768
101919
920629
439143
992695
64997
207520
73710
665629
267475
498124
59918
336320
918867
374838
764293
215604
767798
229213
85755
837931
890602
438265
44884
854832
359128
336203
944213
280141
613469
391119
669680
440077
914466
580943
897709
699292
915418
38225
855735
56458
732247
445041
973761
130222
968394