146566
317241
635849
644058
11950
727408
35263
841006
813458
985766
231675
429647
28352
276081
581486
162493
514995
867905
544730
276902
926558
83637
973729
789649
695816
282137
158969
202285
215952
248896
661244
334967
951890
46202
283164
396162
185826
560051
214900
706342
898229
422824
411513
499015
701280
984774
297615
445697
311160
204705
579896
474093
713944
927758
808679
825363
995776
771293
828339
360876
309466
697782
428967
742994
520345
888143
70390
689862
431610
63239
802700
441758
29677
996322
730431
352009
887436
730338
917092
712704
79433
733566
866878
23819
57639
267201
219794
457069
736735
134402
772246
987374
454627
812092
41095
411651
117758
111689
466010
969883
82778
845120
331978
335752
24924
994791
332880
745160
357290
820951
53105
393904
635532
830251
128817
757044
279856
162724
943141
474261
502407
790877
82470
947303
578766
600293
583714
56318
41959
836414
261900
566453
592805
332913
132723
84634
600487
759308
622769
505785
352923
166138
981114
584324
809252
980861
807188
795164
667094
652682
783589
820030
35806
843328
808232
945485
654847
952967
440698
517175
547255
358913
394641
823751
449344
524848
833483
534919
475890
427236
479588
672016
941445
592030
38338
953584
929013
294791
294507
531638
147902
77830
184278
214620
84487
325762
317791
186194
327067
456052
364051
60643
775442
62631
508715
210118
854798
417935
401174
45188
494113
51460
841199
595648
119308
748121
545678
165160
307747
570461
616314
727927
411724
76782
623164
530980
231654
273012
701391
324906
412997
117441
101107
511989
264732
202307
774496
831718
398772
977316
329816
889091
598808
771518
722133
272894
925715
412734
379426
899616
988305
975764
271558
105810
701219
804628
192923
337096
873182
138156
95100
289931
580067
461314
477020
862817
399800
402986
670132
575130
274901
650625
14356
728762
311996
131305
984091
415934
888703
455393
163522
190925
522917
379391
587666
152124
790951
887629
106038
26814
278613
449406
595051
330215
578454
601227
386963
127963
407052
353775
247145
555287
38614
38395
855183
129371
682991
193942
607364
39795
29364
263317
980785
497569
979458
362291
168610
936233
959677
52013
252434
895417
249006
265917
92575
285874
288580
484720
890780
193623
356411
248870
810885
159633
614938
44070
769741
725852
639702
803228
779860
855442
67924
661296
188341
570386
530828
102019
824955
590861
567241
488840
362163
91117
695245
699740
281121
684753
443717
635579
947593
191977
554148
502923
979387
625222
278166
729170
299952
843862
896972
290831
210895
835142
877444
882832
506131
205735
747908
695008
387419
886702
892978
573468
27662
558486
257875
30374
156264
31648
138462
799027
949798
252858
906556
847360
787978
316734
327583
87586
672971
948625
195836
938426
805853
820140
616806
404422
146840
738935
505608
266197
278471
828497
754495
89555
352720
36588
592850
685954
93179
768022
839951
458698
737760
855570
273667
780839
922930
360229
828117
321920
861666
294700
878655
209240
888945
309098
435562
941533
632213
164640
696102
136606
329031
468885
840515
436954
632103
570933
345486
917107
176077
884886
851179
580226
770477
235797
958604
515652
296678
315807
434827
760625
631591
205068
116906
840877
875646
438373
419300
756119
297791
411270
622191
644032
902413
568543
864081
100022
753288
335444
912540
751614
113043
925509
358088
235295
72640
362407
668907
370203
581915
737809
46551
592121
248208
940243
112016
303677
383417
93185
129192
927930
758856
155725
827706
751550
218574
699218
892543
338795
979366
289773
452688
585445
343808
414470
811768
503847
870093
202029
979829
177840
222084
242335
895564
894812
723536
997415
991814
132749
589398
753441
237770
301064
856486
646298
745944
284252
830525
105811
459295
866620
271348
865508
671228
273006
341002
424894
511441
704220
991049
150217
443325
852360
165463
82988
505853
12253
195163
906602
660767
564704
652489
832297
596126
433157
174860
981327
610015
971550
342415
947589
865991
325614
679145
700189
560311
262172
297634
672848
751397
111299
323942
847776
26072
146342
195461
558428
934783
851777
219045
468802
574767
671867
876229
281982
892600
132407
551534
127569
883234
807945
143800
921997
220809
392966
582646
873532
287442
679476
40767
619105
750473
231520
393882
65558
644121
696975
664389
157076
399719
11916
939938
942098
986059
801184
936063
790468
742891
226144
577216
877956
886006
637600
189355
202190
634490
364933
485136
871334
6819
394681
716947
98068
80081
435063
642904
654287
124692
650245
307081
402808
671687
513154
397638
120701
47302
347093
429162
761758
920717
655621
637558
810700
491822
704551
572765
757165
250542
404402
591404
502525
917054
715375
769235
633934
358417
79499
312467
333936
748254
441806
327174
986859
854004
128550
390726
107241
385780
25309
357819
337969
470832
965866
460805
958862
921631
361315
982530
116430
786041
37200
519932
962150
143605
897434
849522
604147
959581
735906
866242
744347
86922
385134
792176
18962
509698
448510
927061
69176
53098
833405
517158
655968
478954
638099
560288
513964
705436
743127
370189
739284
972015
57250
283446
847493
834910
220094
179045
122790
86985
63038
211350
270005
684781
416359
72250
662800
526725
578124
133671
499152
526780
61367
849119
276624
724045
719107
928058
305483
193209
51527
729395
573923
569828
549677
370829
999998
763085
720288
654880
320331
698152
45604
394500
60643
707482
384767
685912
407050
495504
921493
465968
492180
472893
87057
86297
848612
536558
842239
394441
314384
749387
836280
891176
704800
705388
355444
64693
620470
40213
582787
273815
277895
859216
396951
998465
440455
695398
728889
254848
8163
177081
762140
729188
232424
593281
541775
976521
199553
924577
996299
369537
348061
78437
17452
560863
509935
295707
653949
507490
693711
142986
418540
720445
939646
48915
64221
693311
447751
253347
665562
218468
395776
65363
315943
817399
209392
750172
907891
764578
472394
553082
300523
217940
363800
488732
193257
240397
102707
793284
536202
356105
366318
412673
715166
501575
163347
212423
159544
906228
730501
131304
731876
821113
504580
39985
96504
493662
225487
175395
355779
705625
9252
827597
945699
466359
502691
65475
753459
6758
669137
571901
565153
668636
470392
667213
979421
499560
650923
862782
928301
547987
637734
503302
356445
211826
617876
80553
367508
724235
904043
440618
692674
835746
862259
478125
141366
291615
575844
618414
893004
143069
605996
15768
392003
92241
516751
674179
313453
235477
115305
579341
528959
956112
666831
506516
718152
398532
252052
587853
227647
602996
119527
544900
354613
388656
986458
698416
196457
128959
908221
604018
300410
593127
652521
897258
490487
537883
448536
513846
519506
2178
810929
194056
948084
443744
73955
11235
699626
765731
356519
282802
880636
797196
379175
730565
157470
887800
59709
654697
220480
240651
151124
822434
811776
817656
659435
876231
750912
221550
249848
639611
605713
674466
784169
152771
275982
999797
291333
69257
709958
577411
734449
712364
86865
99783
257615
900034
25667
786478
115457
844075
343679
274039
354187
507155
223203
375875
966039
222531
806625
323198
347473
246756
951149
389162
520114
80722
568466
529413
122139
273049
889568
363607
680855
718735
702016
601178
103043
793678
930920
979589
89930
44427
106793
427063
555080
352984
3429
588669
898256
823602
122143
848640
351305
18440
806571
398
243891
875849
905732
376515
193159
629800
315132
841235
906877
228079
430030
255031
829095
801341
4879
314354
378427
179358
918851
472447
145070
191429
812044
279897
842043
251752
944510
207270
169602
598264
938062
823041
651022
489980
331688
321251
152367
862601
717471
333037
99654
355360
146687
743316
625439
502180
51134
260073
658872
872758
4689
872964
752288
898735
787100
50252
470459
247353
467265
476390
332130
407370
122714
569592
841383
950398
859585
826841
640630
840977
388812
73623
801111
312374
51990
251748
623247
223702
492728
838493
822566
885736
682135
467960
351812
238761
220055
825482
513397
196281
726830
766899
302604
286226
303571
287783
133155
873061
710932
859417
8320
791379
315591
660805
955027
213636
262360
831963
963035
558056
686338
680515
688553
661384
965401
472977
958845
905800
418371
355399
713676
474235
456775
471809
966307
317411
531197
328129
531301
732547
849637
859159
871472
284195
500628
197805
289374
685472
166217
386605
882792
733997
508446
179983
145316
784618
916378
697794
483311
312927
504483
340086
776741
916117
478289
550724
8909
669329
178973
279483
690514
754478
651320
251720
314732
869910
961784
260609
785182
823900
481005
208462
241176
978809
471698
420980
305020
582562
551071
77567
167549
704194
951484
186764
637540
21465
630287
500912
699373
973745
912310
163465
983630
401144
384209
823519
966551
40831
919990
7157
980660
890318
361032
528050
413840
768609
531489
104103
986964
221763
363116
906045
348941
659526
440720
361148
8428
899421
686663
240442
786086
756950
735373
335262
482748
126774
759795
441104
237525
874674
82002
46271
9031
552200
690397
197006
271988
486841
971792
893404
631825
233379
369733
930926
544002
537918
586917
304059
407777
335283
362235
285461
476958
986516
635108
225071
660288
595196
844131
118031
430986
3716
341457
997457
275385
698079
106609
412629
17705
101971
981218
631494
224982
666005
323821
987784
53632
666175
821694
40637
985960
662000
338544
101172
49080
57216
73857
916719
486399
265246
620645
72976
533082
651337
862070
843167
514414
830247
45768
61882
519761
155269
242907
393562
454408
764588
932138
626942
791723
498652
857184
707638
152165
269608
247530
714253
378840
474285
530215
919764
664541
889520
750077
553607
777001
157652
611845
971935
421771
580788
100198
8435
506193
800483
214655
703883
557515
499005
821374
344323
183975
38890
79118
420505
194811
919599
805869
819091
781474
910448
117403
778768
877885
380870
629102
586281
501147
474425
893891
850435
117235
739930
332239
580916
388174
120896
70035
845967
788098
396701
895854
707150
290072
264955
199884
509467
571983
599129
841788
890747
156602
509340
86368
457815
592132
624948
31613
171368
814164
698124
197426
615359
861387
473133
998598
36911
358890
47344
198938
851544
572241
610526
959485
469136
414306
751270
775646
29999
326276
794617
988892
177271
475908
595398
373690
78558
803733
144141
146798
208186
357688
474146
627160
712456
375159
468737
100048
195481
992907
520904
271000
681306
349725
290645
762033
842174
135785
326844
918025
740426
522495
272485
272465
84285
125859
982977
197741
720921
89813