907488
376191
780966
776814
52686
587801
138920
882223
448968
634909
965994
310578
296989
613155
863759
219806
645744
101015
483707
73048
997212
555566
376966
607173
637234
177860
274253
401022
797469
796756
621986
969808
736871
22675
574499
14060
746580
832105
18152
845553
61804
930381
786198
851284
317590
156411
273936
3306
640096
787477
790542
540242
964251
718228
213829
965122
274467
427625
289094
156204
66365
869044
280931
458060
695833
100575
329355
100369
323766
541529
572087
862437
927013
445163
194365
335323
789733
393912
777666
189173
684461
8149
795277
209742
810825
710787
516214
604202
174940
207109
68605
671704
798660
40226
196023
945218
805402
506041
416866
141265
4952
434236
380954
762815
525590
994187
713701
671162
591725
176173
824424
806706
473276
459181
18493
562112
370057
469007
111068
958450
315775
745389
943733
617399
86037
49075
595808
700388
577488
86387
41772
276320
872351
114150
813972
343730
515172
431040
430032
642405
955666
468655
151175
876950
343857
547375
711137
856730
540158
974604
609275
219726
782384
271094
20212
207420
473494
391994
540644
972838
768220
432163
413741
937587
313325
581164
546793
6451
440690
678048
677123
171985
424568
920336
89185
23956
953391
398833
64383
627665
407758
201040
646871
916657
296916
896754
505468
695771
810410
612044
465351
55422
577573
730587
300200
563964
193447
436961
27358
134390
261349
642174
695361
579312
647299
468711
65404
389665
469338
636357
730201
55450
709916
887468
43701
850576
81103
30966
650898
474184
522933
815420
296779
391710
4365
742320
48226
552945
722801
240858
631989
535406
821280
268013
38352
441400
433046
173957
549660
953969
942744
732864
41652
283624
638284
621046
6872
672415
566404
543830
960122
808375
984091
451550
345974
57338
484024
774198
791519
602885
986288
561258
998837
559504
267336
476611
371122
701660
388887
926016
614659
158391
645898
362486
543892
356463
531010
67521
284356
882001
209624
878438
594360
725596
272512
320647
389707
481287
99979
357057
453475
227244
297990
693478
822623
411728
861504
757714
499884
127951
267817
93420
556279
902249
789142
66043
872061
323491
226914
771810
396094
984667
450158
595514
11087
507884
545224
393930
814031
697977
823081
854117
190065
855578
23320
589537
506617
205857
675053
164207
956930
952904
899888
463260
28539
391480
940384
495971
743666
997880
954575
525100
749832
102960
60138
733285
348869
369305
929879
697788
627076
68228
644791
388918
694223
361219
388747
356207
661445
402616
873523
959982
169912
281720
768400
573860
820627
810907
470923
622786
461368
561506
400047
171124
834472
163910
87154
665917
365596
91737
867537
625072
501168
563739
738393
507592
423679
404636
759297
612197
10186
799368
138164
637283
702609
264020
750958
985753
566852
881860
318460
775723
464851
660374
145957
626125
912610
90446
967847
777172
868184
622623
974874
408442
69719
356915
579378
324206
788422
523608
256480
380886
173001
355271
292695
620194
694546
582225
956524
200078
713105
726888
31126
292084
778631
412103
903701
788939
176120
117439
423408
567232
597567
885983
520470
791919
933307
39616
610214
916798
130791
137194
491146
162326
727240
822630
131902
304895
175871
56802
760047
260567
834494
168890
710462
33455
835991
354729
698787
181123
917296
464715
238511
607443
56083
104462
740649
577058
822434
245365
282522
559306
214248
812872
571365
769722
376010
573468
324750
851470
228252
117114
900379
388489
627728
239215
915287
412530
773705
340272