319535
878627
843636
256343
584072
926232
116280
58774
595867
927351
221218
586397
660953
916719
393448
529614
397196
319850
180621
404464
908416
105347
457612
831987
308542
760613
798062
307553
624179
522817
398779
113572
48048
35371
162061
590638
943947
936082
415040
876937
525922
225754
150853
406523
395135
377816
684118
430357
221847
858217
646276
179736
677613
473391
657964
79109
892692
501225
690760
973376
556049
107310
448737
732128
676063
920710
442594
897430
606155
282405
416264
571319
626752
815237
758390
400295
990109
825759
770789
207460
343938
91717
837561
185132
998954
2207
919022
418700
761714
257024
646321
291463
714360
978660
431883
279775
370335
208776
564216
914050
115118
356006
964374
920276
353240
248204
621753
964117
273174
792856
891547
529391
461680
254674
895665
847583
667484
336486
806872
48061
508989
400444
640814
270825
439308
5174
222718
54420
688660
505861
382355
406568
493975
675433
386925
558357
423822
15683
905618
500538
468750
907992
246267
930860
744262
125860
747311
286693
274597
872024
961326
874508
250776
246003
82947
706396
659825
221880
293629
459764
988579
194897
265975
773435
3242
604928
64786
377326
51400
492990
208324
926984
975657
732338
832074
145805
828584
201423
17529
947570
787498
635594
792626
133612
626728
511159
705332
514707
483915
465855
90828
680307
833136
81408
527143
950192
754507
867841
854344
571603
116199
27664
351188
466613
885835
757115
344267
811142
807865
572903
509585
214352
27408
31914
490066
809489
110493
40133
575427
695678
208031
150447
172868
194014
778982
648424
997305
633566
884736
652627
488183
480274
198927
106758
397684
280664
279430
459394
897548
699229
382976
902716
38642
606393
95676
230106
977457
846966
606777
515257
565854
737326
323306
663915
984989
939154
798103
206526
825548
562247
874256
298103
768143
309354
186702
934878
85049
883188
858407
85683
314771
903161
306413
115134
55053
629387
510245
561476
937022
79099
675231
651285
432090
918015
220662
652675
569711
281263
727334
77421
669915
520618
844101
614393
841678
438230
828512
657696
970168
808068
682099
995618
211279
592881
92420
655899
656190
472040
780892
26606
729901
723781
479395
199069
624233
722133
878871
206651
132913
543514
314089
632056
250140
522347
181236
855068
551210
227127
785946
593423
424997
249194
514685
393172
644659
710056
361111
420054
136507
774710
109303
58139
62834
151736
223705
672405
99073
213589
627744
233943
804053
788022
572338
304741
65282
285038
393840
225956
291540
625140
882641
243504
466292
232331
972698
543052
717428
243266
781500
858164
302007
476823
838537
878735
21952
879607
617684
141505
86805
219425
416741
823324
110543
761512
273558
381046
473025
821015
256270
292181
696323
561135
551831
242311
817434
887179
61405
138383
312517
727269
438213
7353
478887
135537
797799
458063
170956
121191
836970
872484
108889
478622
894523
699725
824597
801876
431913
740144
935758
821194
589409
44468
808873
25356
520833
572824
510538
169998
843994
763104
614300
25010
292295
962153
854205
228519
81188
58462
906441
605931
173933
358467
276290
21168
877749
63599
179097
931101
270784
71382
855131
312235
91197
752068
381051
223792
990627
946726
90808
687417
534438
707267
745643
683279
118166
821320
530671
764444
107285
896000
492076
570024
988915
131298
740738
708540
114472
752196
906895
523559
85421
241518
285982
237598
155383
605769
591084
96190
150481
385079
557400
3502
43284
778940
354022
800032
214534
878233
462511
590198
956109
102777
604649
818561
383758
30277
557199
357284
83943
752018
165485
127959
652356
521722
689674
344584
936674
500360
471217
70363
122270
94221
324766
368146
143353
469007
117442
269128
9707
352673
752627
358616
176224
928526
722484
542043
241363
120687
666652
540365
378438
869660
736037
799249
985883
63359
435987
282699
593426
123524
623486
310955
788896
444140
338750
641290
990248
112577
781171
118508
826393
496996
118254
225637
483683
505090
607488
818393
340374
134757
773725
971612
768666
917351
173227
649592
673989
684481
24301
171532
587420
380417
292487
910161
52394
340186
893037
540344
164662
985045
663340
291183
286179
47462
946837
789763
898409
882905
335234
705824
581164
144171
762886
600627
400246
540533
229429
425648
110422
356035
471564
929007
30356
863043
628159
252786
394383
533721
502238
567105
847477
813008
109603
323446
193631
631722
291482
564693
386887
15896
229357
53907
90726
689605
140299
807160
477550
462028
647925
272222
626337
580555
837797
487385
956621
335183
272859
388657
997028
973295
926277
290570
189628
219828
867593
694821
609119
135925
71091
472255
778768
436610
729526
487255
857115
76407
14241
724173
209431
433648
812255
940454
230652
954203
565546
638828
453467
614952
301966
350450
35518
643805
833174
825589
10972
102407
155733
944415
852217
282699
275474
606885
287896
108699
516561
591055
118878
676356
937658
725784
791365
669795
280937
894955
668217
39544
440529
546701
939474
636435
841613
740506
629167
151850
613125
85672
210283
524364
906553
942664
824639
881328
760685
151211
790900
289767
349105
622048
375235
460977
1868
76603
551371
857707
531140
669266
504941
552485
719053
722913
431240
843538
556300
615885
898636
191513
249222
329734
373437
860552
704362
60293
198342
772456
82039
112245
677495
120619
444875
617582
314781
508226
112522
98780
99645
198731
300327
152958
694252
278184
7442
89226
892942
115755
846334
60654
263529
494701
404878
482994
707173
588798
610011
812793
759650
699702
917348
12455
7414
290282
122515
448348
495746
126267
163880
180317
289135
640712
522372
257876
490634
784771
308244
217198
606842
836833
464216
768994
231642
112875
600591
104658
556599
914738
129
500234
363815
751903
560553
663077
722692
812968
602492
236494
683140
146847
780890
202980
49014
912484
763536
803447
8027
931451
269384
37615
175711
168312
742734
701069
494003
26711
58367
325960
928136
265896
260752
453401
45609
503335
456504
696083
650229
11626
323323
266473
617336
672243
475924
778772
578150
912997
449151
10060
510835
625364
83744
663155
513490
211253
791059
200657
93319
211061
53713
336890
916331
847781
724347
948236
962364
691858
420615
662037
559710
933555
194820
679505
955891
508155
504139
4112
444178
484303
975684
15286
382502
405522
173458
778653
369766
209307
786204
767317
185644
642312
615161
777867
717877
585580
199607
20935
721972
176803
670728
631887
560851
619783
203146
824297
483271
213691
453618
989886
977166
244836
162580
128986
375752
210104
975569
144592
456943
738094
716125
290299
71669
924565
116907
843615
33144
997057
359096
336877
92389
532896
256433
586661
908838
388266
920194
776918
657353
124727
632252
360129
117935
68202
40418
562204
958636
617995
446993
602802
143938
452275
381705
355239
788533
694688
702620
677529
603979
451048
334129
960227
383522
211339
235189
892859
410733
160161
77344
451515
358413
125170
123999
559293
462856
73188
429796
829535
40360
561103
801670
260773
589042
139053
39701
627070
324097
613485
184126
445535
524544
4326
422231
210060
857793
467753
245897
212917
494780
577903
781911
11005
425830
842545
772687
611797
959533
677527
569099
821511
629390
674440
385252
661839
119188
591008
49845
723940
587950
233855
705863
347604
302891
460542
165342
835405
845780
824573
280223
272440
978790
650008
379740
835903
77162
624184
220734
239215
151795
679237
336782
805177
551220
567929
847392
552211
917563
621840
679260
134652
939470
971420
916906
145244
179232
622005
507897
923977
210672
849357
916781
193318
501439
958753
124003
760422
853292
872331
875425
913390
559213
16180
489823
258201
582060
768680
771692
764693
55740
868738
649407
306986
341814
370374
392411
208411
96820
214477
907421
449957
197673
402139
720357
749028
619932
656204
326623
834005
93119
225261
446445
718134
187696
389672
692915
598474
962315
486871
348542
150200
736041
901177
134673
34259
752826
537218
529934
660149
93051
972108
296062
718980
115859
682348
620349
989590
185040
925023
283205
997297
516089
580964
992725
663211
592847
664419
949373
198192
5861
633866
407497
44194
460185
985529
405384
659931
141870
738899
276920
360782
114247
977141
739919
354059
725122
842883
970600
952225
218991
678558
262344
87325
687084
999538
442445
355953
688862
681579
306418
842480
56398
212999
329025
395382
375454
607046
791638
613157
63718
914111
816715
538890
545007
94349
851205
178717
684490
338342
6682
192615
136142
242059
333854
371582
589165
833691
589641
576108
44786
168259
929478
472494
441498
766352
159194
945688
30796
360229
455087
180630
440117
636424
503997
909005
415940
692950
832788
739167
607423
324055
115400
852814
15552
371308
130553
960376
209488
836069
211133
241024
828191
256367
581677
856717
937245
455851
760329
876268
343159
433049
514248
576657
61937
506931
307777
305275
391388
946902
890031
76533
629429
789275
338212
196920
150938
154245
965325
100910
651305
560082
45598
790417
916087
450740
890586
997682
99754
4122
877184
701014
457396
910503
232469
831291
102764
678596
20171
769144
500939
939025
209611
719874
648063
806582
366756
970826
201583
250008
496207
996804
193740
25000
409310
797955
587856
337429
503809
114048
590935
335073
206389
142458
332758
835537
788362
493047
385788
32126
5455
800168
134563
278089
338331
511018
75251
999084
608763
360553
587924
560043
66867
345823
492109
354409
706739
264058
287294
126806
64536
194588
18294
106950
185179
575292
673906
507549
592538
600618
662131
745191
616769
864623
716155
134212
547157
453970
229283
58432
393245
290999
37148
687553
307693
115619
693312
646233
28752
521051
64788
2236
43217
676585
670877
814283
692198
99456
137563
472846
572346
920119
773286
382337
734869
230769
124324
754501
275115
43294
788197
480631
147966
290586
726299
894430
248752
357811
208121
267070
711081
656008
121318
238153
454624
761548
187486
527605
75146
82730
400038
916201
551965
387
177834
378257
425472
29203
955124
298897
845841
649777
784715
967125
167122
696309
771622
781127
660657
776436
751371
927130
914994
807590
967177
221827
881979
306281
317262
456776
672252
463710
402278
580849
116856
591921
845905
41754
234997
607159
884863
705322
362108
672496
277034
945566
31181
326571
733648
496703
685283
14601
751628
146802
200927
882457
166160
244526
837396
351267
932673
733832
922222
942528
586607
154986
155327
236710
648752
502114
670312
558850
358488
489494
422048
493438
12118
755862
969764
723362
403118
155466
851003
950230
446990
471114
157029
563910
210832
483788
527520
191710
716619
633912
124630
350197
761942
703064
655526
738054
50650
143467
186061
115160
992531
959577
947953
67712
732131
21312
876682
149629
217107
816492
508589
324481
284967
690278
438902
805519
532316
49443
471826
151295
683712
303133
952295
69215
313518
79936
408480
932084
263205
981562
937752
823838
721861
300085
836770
865369
55141
619617
398835
705055
374227
604330
298797
477355
590249
259081
929672
649689
641160
540854
362591
865898
146740
120763
163157
51043
851788
808036
901154
659412
669284
44883
558781
327414
726401
750512
755880
383406
384496
806269
546451
327854
612739
490695
295342
703419
471145
75192
278542
531209
271913
733322
391995
753666
746235
921174
449684
335781
427843
519179
984735
169291
421930
149114
670513
562437
487195
555085
695158
42082
6935
101336
828126
235085
138678
602887
375780
878226
92027
168887
592380
291265
822290
259362
919001
60459
310760
464562
36824
783178
253415
793974
478220
174845
534925
257714
899943
703600
171496
458192
762433
233178
186672
165109
136136
347104
831361
774959
169669
155799
569971
686282
989447
323623
730648
837378
407150
993546
780305
218386
417493
207732
634573
631275
318301
340813
279135
654080
146771
300249
343419
552702
218877
138105
866445
986201
993030
117835
533495
658306
685571
904108
302821
751285
757089
816797
115341
691438
251181
496067
574856
354875
902016
790536
697416
831597
742661
971424
201334
248872
423465
190502
643881
673946
626973
730660
946308
607560
483082
865521
487852
911492
678867
326069
954148
555643
502400
710153
901448
322219
521740
109753
797155
91953
141580
346155
458285
781632
601337
483609
121764
182574
813917
803961
25029
564840
401943
549631
718439
66822
741258
25656
120181
662073
18536
605975
255174
974881
226966
745997
660315
599867
951741
445713
109556
766584
80109
833535
202319
577897
472557
309277
48510
79573
586851
464056
470307
168429
861276
237805
748875
423639
447161
904387
288805
851430
990967
454006
45342
346923
525401
588431
34586
109925
808116
776174
379664
735187
978263
918186
592066
642666
135572
903055
488856
564771
944176
307910
170904
207916
775843
203666
464324
583102
974603
255990
364113
982414
406516
143477
646207
227549
224316
299825
712537
370218
685094
201589
901963
522824
636926
33102
182555
358922
298915
179092
128390
464410
891382
624070
736888
279657
386398
147603
284007
140736
29813
491637
421900
266357
675794
233592
473983
439354
497908
622425
667758
333520
535687
4105
969977
217689
274582
40017
84653
262986
71182
216847
390748
269439
226539
226014
799317
299048
307201
710804
325765
376417
461609
130468
135786
9376
368582
79268
370928
868615
587507
781098
850026
179418
108363
478287
57134
245194
284052
552917
198413
92656
785352
199717
979565
701333
167682
374321
777862
557486
58562
406904
140853
498789
494813
980071
332544
561554
546244
895645
822567
817288
415982
542151
76131
522764
752741
529962
315454
805601
381483
247424
914830
523839
16582
237113
719311
187618
680559
120162
973980
968702
453779
323491
702858
38607
168324
944803
697441
989071
158527
995206
311992
939393
322458
276950
84460
231467
532362
654207
617532
142176
281870
283380
871236
180923
567996
968432
829269
890792
764902
360983
698797
958876
516905
975547
778136
230949
261842
14458
273314
694747
181164
841220
76343
281590
626474
347002
527898
758969
706477
361330
498110
185484
766835
746007
920388
401064
2781
821549
627218
516140
539164
637619
988172
193292
803959
928737
34034
807977
812795
658769
946134
375995
850559
12154
516728
940842
959634
846679
810368
667837
584324
818470
122583
733865
148110
749324
924258
239499
660638
314837
51803
254705
414595
643610
639886
266899
836722
672763
594030
649759
220019
624268
822418
865778
122923
80525
977615
179106
328582
347280
378034
504504
199360
939199
155098
657211
319505
107190
728816
196071
351347
399244
229061
668669
871569
221231
387078
747764
841870
715501
847006
976461
872238
653327
593128
409092
746853
566240
277775
384034
912762
416971
206981
479600
774232
303202
137244
800454
139185
503099
708804
731841
401871
360245
177762
999314
292537
291736
975561
897011
151742
861786
670743
235061
396001
801790
240367
142582
527649
26392
381774
323182
142563
109355
261900
983080
201918
458547
249970
99661
236899
260286
813618
23259
929639
661748
755143
417397
175215
337720
762922
963669
361399
843815
360493
527453
944767
64318
763256
173194
237778
317656
117343
727881
61300
744276
863836
290468
703143
537685
618798
495957
864090
806819
666829
408315
920303
513390
610632
859626
624423
499571
352317
737757
663661
554424
553525
994695
525691
16561
730266
859974
686381
642309
804373
883193
902176
206314
832712
332840
467270
256044
518629
774626
587210
995725
232233
233764
662490
347079
961721
160373
322261
446061
584535
841807
522195
533872
342401
866551
982027
830460
367078
498670
467621
119682
544261
736832
367325
51857
989861
945337
502160
773406
121835
456759
991207
767266
17179
714459
888925
820706
828782
351257
875054
87946
179211
600751
908126
804787
318821
761523
947811
437188
470898
987460
384432
108532
937220
210403
867102
486701
147909
728474
983865
905164
531475
681498
807973
600837
907830
291875
692780
541796
59322
190556
409701
934894
250670
166594
423745
797094
904311
554045
941813
834283
893009
666574
969343
636606
329124
611365
232536
766690
780799
2448
298933
680028
488627
140813
505913
825370
443598
521088
281210
122096
425651
925888
775726
811773
407507
319563
22450
104748
546058
877722
950134
187607
716952
818896
229769
130181
100794
952972
420733
534292
279268
759773
684663
796658
881182
102997
722709
752069
658104
875190
20476
403051
381163
254025
382268
316379
210446
393230
517666
881514
650546
908302
213467
593834
135770
148236
39424
636333
486810
636570
791555
414695
337419
194567
816691
361329
279591
325174
322735
567530
71880
208970
285541
208440
988152
513981
640774
538412
246644
523280
302472
68548
94914
651869
404887
957898
57580
565768
205145
377881
404056
9172
893596
162303
892037
295569
739807
73598
921252
636275
683194
245421
186192
460159
437738
104380
987884
593566
140733
3541
660376
405780
341846
777373
698128
480074
528670
243545
213985
503175
630792
317422
293447
603517
108862
550401
323816
564864
197037
209341
656423
990802
670314
473266
932391
689817
352191
268250
976796
3825
718550
427768
169359
379102
244801
988314
917038
301402
340452
806141
193037
821389
771008
570383
487741
482331
519324
713103
596871
153175
589394
920976
310086
545877
295219
244957
851294
745820
491544
815927
208604
765050
488390
213242
988396
662514
739965
306206
51313
365009
226781
935064
942341
409567
534902
827168
592525
617904
148522
426702
627447
702618
726337
80350
136147
241793
994441
501074
162699
749133
914984
237943
247809
911613
217088
238015
434883
205845
263741
776845
58797
733299
867646
641872
65884
379648
159453
75270
942346
924929
163421
679778
238091
155085
847151
209865
491363
503961
368097
787766
499521
399407
513444
908413
922076
357438
981176
903596
761769
310282
304758
982733
945142
936132
776633
592648
721830
853044
402026
363173
971914
812306
261991
699056
275608
169973
47504
988981
216074
382947
150253
610603
146517
809030
565631
506669
256836
700416
880546
345635
319537
892949
991707
846719
182112
679303
493252
318819
314040
924671
218961
864224
244191
937255
341182
845786
150961
572949
107735
45191
365468
234145
898595
192534
845530
352727
520238
158828
323212
616392
1522
98633
298480
6267
372065
264009
896383
414529
849106
23111
686438
735462
795973
498652
844510
412995
416021
869765
804586
414065
562809
58723
869677
31768
432630
541275
105317
12901
131685
492062
355592
159386
822108
309315
865401
353919
901500
762191
858087
251126
788119
729367
660163
140460
515579
822844
980635
735083
270048
131990
511896
475149
690346
249836
642512
993548
278618
822686
659657
707828
854743
310694
495115
938809
964757
953075
978721
257829
238624
218549
337964
376362
678855
445751
171683
1749
407143
960421
883434
710371
905939
635887
499726
517358
354781
827014
847963
552320
608324
76292
880986
697353
559994
185000
122923
464555
358608
17342
918138
105393
668672
376477
313313
301152
893462
253578
590170
658726
337725
898683
11615
6511
178402
961781
952033
879895
155143
588822
288289
958457
988262
302191
342317
291558
893695
374409
433786
721906
716544
818825
107163
567848
348881
66350
444444
549021
231545
376822
733949
957794
849072
696033
909902
834899
325377
657101
924644
335244
428955
584768
564341
327292
204534
693892
818325
316817
703773
918125
534094
397971
519835
156854
101141
978765
601030
192778
465327
235813
545251
595486
549856
910349
120948
185595
469387
156050
550693
915353
132907
328274
206927
962535
455596
899147
28966
20520
918375
368462
946694
543799
845625
534161
768533
149675
417215
934628
254612
459029
893807
27260
889160
352230
458966
41003
162367
942638
972138
534769
54081
194495
484875
955500
343893
874224
39707
515434
766508
442365
289526
140959
78702
70668
976
535858
657696
488586
529770
539186
808239
792436
476145
118118
289628
941234
881587
265985
645507
879005
661886
1396
694409
771234
618199
844574
600545
470846
868244
438175
940155
57577
804311
322698
156875
238287
946663
804344
117489
760569
642412
837177
158026
925195
114631
392934
457171
102886
10380
978130
320373
68653
7773
144607
969457
554853
698916
675820
646696
53942
45484
44
338888
365838
834844
855698
293711
742309
250450
242280
795453
672411
141784
957247
824090
937789
496838
771905
216417
569894
148276
694754
752008
69378
297945
177589
243373
967790
191237
734811
237342
315451
396087
401622
490565
463186
577116
276283
239790
179505
485541
250630
255479
474131
893315
444232
547795
794286
691586
156603
428154
51926
810879
846710
23985
286335
795399
137659
192561
503968
921934
106990
859319
636594
888649
404577
563240
702871
945256
67850
999838
650776
720883
697238
847891
218503
669760
718870
517928
258499
930190
109848
981779
753434
459074
679377
313508
955657
99771
157366
531954
386590
468564
772521
230630
605822
213557
270160
822243
440195
999638
931074
27793
822461
768210
278747
83653
638106
872612
825007
418574
416480
838080
102747
828895
199190
414352
360247
916436
366083
711625
869031
25123
936398
5802
957649
106848
14020
165777
913769
868524
472313
912250
680679
259067
31173
51540
50394
294145
538351
66178
206102
40505
612584
982507
463177
701778
625710
502462
67628
627574
315153
417157
397141
225719
6675
991973
804521
423833
36072
665584
435630
498166
365788
14951
445182
532498
75860
520847
152919
795068
62764
542894
932752
812381
893760
674402
989542
258528
811206
298015
285941
119934
58137
489859
353346
953700
96017
182872
911989
329284
536845
937061
867556
310453
511826
901361
107658
136904
791757
835349
223702
688744
735860
381181
214240
411821
449163
700795
684214
364029
824259
581063
729301
646559
589628
516375
550131
535582
44203
551191
129465
99670
400023
69830
746767
937118
683710
546221
533135
263697
507796
590972
135835
981243
731115
567234
73674
198173
459886
344072
668605
928413
694663
525451
922640
741326
999649
719189
233452
877591
987591
500535
607290
233410
563115
607717
389426
569187
223811
511086
906193
747619
155086
817430
839657
10856
367477
929489
241746
725155
525772
233694
217918
881333
617463
935614
247595
209598
64297
321745
935921
622980
766792
83147
361787
207421
558957
455255
89362
72314
249159
716552
567765
451888
356959
35832
983173
805859
994486
267839
148669
722352
51402
33810
526590
23864
46455
829621
293096
183269
943611
377694
848966
789402
241042
446824
318848
180987
763392
425584
336627
916054
453869
170000
765918
203116
621034
389686
700339
400800
458770
328224
265550
25787
980235
28726
495297
728794
771820
5251
736141
465653
630329
675281
429998
941388
891337
187425
584782
461103
182152
73476
190169
626218
962841
423385
487600
690764
963795
147108
243639
369491
573613
324807
347721
944630
814964
897119
830411
904079
952632
501373
880094
326306
440455
622207
463150
810190
428369
610443
97575
431503
878507
137063
23176
600237
396783
888440
302479
949060
768000
596565
104660
865585
522731
954696
289138
707798
757096
514913
165024
804683
486337
42358
272221
265569
320138
205626
256906
514132
205582
832760
472721
694092
5514
330093
906179
510992
275922
816512
607872
868872
974482
281119
77071
527021
463344
411191
649806
281295
583692
365135
943363
722050
78377
246978
495120
98214
227045
932631
491525
128210
604324
662655
327568
255837
348235
644778
493647
491912
249512
364742
434822
292043
539503
273365
905708
724538
867232
275113
376032
716372
937668
492799
326777
809385
485269
49270
553723
6821
746301
296810
72549
985020
675063
548913
185767
248180
248530
103282
352112
845130
664020
97949
269734
553922
612027
76298
747247
674062
708255
182642
742764
450202
544563
681220
412166
980786
359722
753061
887136
979665
748214
774343
117740
226823
816107
628325
507417
437190
745474
470744
20714
210761
473466
93209
855394
124704
754522
375572
700636
991261
322449
11493
423351
621013
973693
493489
471982
880787
596234
233059
8773
669279
927731
313474
531871
605286
773796
940396
168493
102726
680128
416946
833409
128440
390334
709071
942144
248027
622062
90629
730870
142681
49178
170646
330436
270328
907527
84444
924916
345983
951707
867717
287661
733634
254872
451631
198594
81421
326
675036
615012
191977
663088
155858
571704
59981
509444
663122
116547
194725
684958
891698
629826
175543
773790
212185
969815
625080
275573
975895
942621
100586
780991
135007
259932
401776
921355
762402
662040
607792
947510
136520
433796
456483
810164
501133
297300
902396
139696
454070
63856
964786
671308
695535
435844
860460
440641
63043
728948
750472
994602
536951
689005
329608
112860
390915
245015
201946
67373
511918
72678
710915
201814
191365
663376
830823
955315
497591
80665
380279
461607
92176
424330
506359
791452
881744
243200
341739
696552
676968
678432
831773
606091
911248
195560
2318
840917
827208
393889
881463
4580
259561
557488
386746
137099
14246
488780
180330
82639
756069
974923
863156
105291
977972
952533
677288
715059
553257
535737
455336
955573
240987
530142
696043
487291
165622
549137
556974
542349
513791
976638
358265
931796
406437
305338
83786
696057
736064
192829
421280
817388
142249
689453
225701
456129
416373
917653
913016
977268
99150
73908
168855
496077
802096
919026
60902
926815
820285
454126
852190
705962
332926
232882
950688
949815
109384
130085
401925
906406
909542
559164
488879
5335
155972
100224
364525
501095
355855
767837
555716
252563
44341
623788
560917
415740
841569
539585
322906
763961
721537
577681
908175
834521
428802
715646
541485
538164
722781
829633
433489
407212
732171
354163
317820
146245
761620
492152
99699
732574
818373
195208
745799
901900
344576
332507
588015
263570
90861
340337
664465
968766
714255
284475
947360
532322
895281
365033
985822
764846
991551
290065
864963
599079
590640
584569
855414
652678
23585
16705
707576
587951
135166
668720
919392
946188
261145
559257
247808
842054
691741
173033
265575
942880
104731
390864
926144
572144
370755
154058
184216
246074
898864
50569
518205
49578
450906
551873
219841
728430
316271
851407
129054
628334
288763
9415
549107
452777
701059
208729
676525
538605
267122
431902
201025
211890
654251
905925
742997
390036
259773
635221
387966
519276
484596
924766
496164
781642
898188
922176
297090
356880
621761
375191
755082
237998
74754
53762
887078
793781
685827
996750
581720
213146
691826
585476
446274
439818
755585
63372
178946
840612
228962
716925
907445
627608
447377
192834
328669
332890
362251
423722
222813
122242
332828
556043
94945
868163
454230
609748
236314
535813
627805
579502
27303
879778
906528
195471
849231
29754
480866
672987
197355
570036
751414
516662
604001
8529
818121
426859
766730
753262
857369
397106
763125
832278
562884
894433
528517
814593
241915
704562
131317
890222
705557
997549
58108
714008
470144
371826
741068
945944
490962
415077
969652
55382
406717
49654
489061
199341
734305
600011
221905
282779
298940
783373
41839
684321
992125
213388
204443
81533
2614
87696
209371
949314
54255
78397
454909
160081
723286
209505
248028
466422
933716
754398
48705
372321
129404
338159
106853
748671
769373
90584
756053
680180
949239
284910
133934
265463
187914
553408
858760
844875
152521
509281
56495
901334
185902
121171
943436
527391
690151
177810
20259
222505
556526
960634
849910
531046
376566
970709
860806
493978
944641
191877
945081
68174
276303
996939
489111
775916
141232
299569
328494
321790
399675
384666
64214
31422
962967
88868
952079
7129
107830
975095
981766
521669
454946
650221
698167
155003
498607
565662
803436
397843
681872
647750
31459
44028
40070
473429
188877
890324
15731
446164
149235
821354
840205
587055
908147
250381
514414
17315
856297
727057
775815
917765
366569
637150
551989
852972
698920
597044
225388
684668
820858
11903
536464
694032
597877
725010
275298
322115
197237
809539
792727
675291
618746
848804
328325
691795
4715
893081
705142
480772
771709
357339
836703
794671
652079
799176
549931
279913
207789
45540
806448
486947
182676
270640
838595
92885
496981
91877
501735
77319
281395
630221
612448
409468
75366
161855
214694
414139
106018
528309
900661
823291
801201
525579
573313
26858
967997
87510
776327
17818
575210
969823
586751
578761
650016
527291
82285
156683
785894
783560
863767
52822
958761
323142
913105
874410
158813
495119
64180
302427
742011
587316
383277
315900
412456
462774
104305
136106
435126
156446
986190
908594
555075
555578
628957
989216
334463
403252
738772
346597
14924
124496
333816
341732
630334
480257
397039
521369
122241
752937
938227
337318
29786
905708
612579
595900
622342
909423
432692
355298
110526
246643
443908
355365
955676
577672
346063
275868
147863
814191
399546
827991
808490
701264
655885
829092
289428
703188
631166
361533
904696
288544
172968
721041
650276
665775
6619
228205
958894
670795
105420
416775
280827
127528
59437
395175
889241
66717
925848
887475
970316
907776
729253
469717
29158
106460
58522
449611
318671
825873
187074
470666
960485
233417
74774
441872
224764
801234
632792
352581
713798
595869
62335
711437
394574
228434
287885
165677
910943
191054
798396
42071
474433
661754
231894
512787
103075
264585
773348
941772
927764
164174
735550
78773
561515
912951
209666
741206
924231
606186
968480
420215
808945
74618
259729
495015
728286
765702
567015
474921
109328
187182
633792
993020
151451
779187
990420
35782
444869
794346
519214
716252
195847
148701
746168
928112
274800
730558
126510
708696
896745
519049
538677
245111
182419
475317
319748
14154
887756
574870
518144
59473
118929
571026
193574
646872
411838
374845
605154
155040
593008
214612
46652
835183
689227
566355
174002
379761
331159
170803
608672
845386
509445
45316
41628
883193
174096
132898
536158
679658
395903
873431
684956
716696
698758
495757
32500
699996
18572
958766
7491
21591
928264
506906
680659
138425
200069
54276
653297
75947
881668
401770
457563
205855
310464
757167
965912
473393
397964
310038
422306
61434
632217
728669
101119
190770
167572
259636
603118
577983
496812
80152
185020
454750
520881
456145
603638
833517
158552
718852
809080
416338
949083
734837
641124
24716
936253
530013
630127
971860
646763
94820
517333
577775
473214
70524
297709
481939
725149
607578
694294
828403
392576
431952
200145
535977
142607
27787
38569
330751
35176
170663
977613
204571
332416
912618
621374
503876
608033
372260
263075
619221
348753
885601
414458
457277
55571
246024
623081
844079
891975
502867
239858
545261
24172
935915
505669
224941
472838
425119
492464
672741
416539
971905
626546
363448
722839
221597
563245
436988
89999
459287
441145
497191
958690
296096
334933
329687
534587
765908
617016
754555
834932
274356
108358
436129
115349
891
684702
419484
757050
215646
194384
882065
202066
48805
20396
82015
289092
785761
526261
92776
400172
211593
115253
269184
449986
516853
120298
122098
703707
978358
180958
957929
517066
815568
34004
51778
888479
630805
487518
168619
888271
523167
946572
648696
859764
680041
814654
416834
859755
815754
799131
451900
754075
609872
544026
526612
741077
842229
574078
133121
772887
320
704414
743599
994987
577531
757666
854725
457709
673165
710986
682255
359081
517875
104744
451853
384674
770271
215342
227031
771248
555373
471906
571883
359169
619646
587630
188373
190271
908467
901651
928761
426258
575944
20158
970240
56701
613514
694579
123229
845667
466294
407654
592059
989484
775920
167720
858117
701891
666973
648958
308817
665527
85469
863630
534506
572929
820136
234867
702264
573861
228100
950511
285454
38641
127200
897344
36752
327202
352081
164939
825023
718374
176166
35509
427299
786941
937001
267281
384788
837689
491317
514227
569444
920804
890607
573091
259628
617344
11874
327406
685106
616361
402747
385174
536564
818519
895133
781673
50964
328960
585570
60015
490015
678298
15600
257533
407227
418750
911283
979942
506797
633320
848828
829777
145925
711835
283126
319654
97703
435041
741120
935522
848438
971312
697644
924107
482398
815528
978964
73469
944830
977465
121491
129634
307441
373730
54951
780032
481144
332948
737185
842732
679813
998005
955974
159836
948710
474304
524550
570714
706956
3721
639510
996373
461048
786910
647404
380498
736385
181450
276503
718207
754692
97075
518520
934120
803752
649955
464225
906178
554188
975203
439432
321701
539600
933507
924519
174231
117437
711351
451572
893827
160210
694108
294968
734601
449900
205848
121614
699631
536656
66782
224315
302261
848024
306513
197988
966661
294009
967680
993840
964809
58925
235984
668795
517143
699329
999799
716531
780744
516093
622436
119507
513702
499883
249725
872442
181955
266822
482688
3431
381862
510145
287179
726611
362977
446064
826550
476459
694846
397655
895966
625193
134296
261710
993725
858446
125317
108685
486901
871614
662833
525786
492588
15736
208326
842764
712080
200496
511943
99258
519099
648138
316
483845
854386
243637
367496
347647
918984
522850
99670
360503
388768
623392
43570
234979
692047
965782
882164
978216
674976
355740
938774
491400
969393
905078
311847
63784
484026
287597
22553
43005
918510
569164
842548
183187
466362
356212
356845
726906
51562
818396
806673
277581
652331
825193
186460
244192
274603
959782
67302
945349
120732
764064
840637
335035
133080
597985
671054
866036
854879
140743
352252
168066
687547
322304
359507
526621
25413
424355
677014
870547
177856
377646
492532
802060
665378
132888
342105
767993
55859
246675
588129
158489
777359
547232
416552
856040
970693
834318
126845
175076
147362
628240
991221
801212
227976
264570
771163
676504
631863
885592
924357
152511
873902
635819
720258
722345
420970
341505
30703
253154
335053
422896
673257
635480
362778
591662
703772
394049
577949
286160
916602
239595
842664
514013
313288
479649
40823
413135
734162
398775
89397
614629
527039
980915
975320
999079
17151
443480
886567
270072
236960
313424
109595
351889
949824
23797
208611
954144
23133
851580
699778
996348
699657
56382
810964
183235
99321
957861
851822
597138
362364
499055
755106
340960
508104
335202
652961
544823
126639
402125
940476
29968
38065
401526
466243
731723
359084
733221
971918
303240
260655
275852
162074
870629
470956
567057
971018
957716
548619
852858
252815
356759
858459
83892
581091
160539
786467
824640
956335
548398
143127
385851
255437
728159
401254
55880
555367
921137
841392
790363
533310
580411
688789
349221
576711
416223
548777
146391
251440
37221
618244
22485
862592
586099
334965
94650
984412
719851
372118
435137
697445
414561
631418
786006
60479
372919
598467
71418
275693
92888
310417
229197
19480
335245
258453
242619
388719
723327
450627
927814
203047
710410
981158
418603
36388
374265
246285
404916
745072
265124
386659
215641
514983
49827
498332
205844
849910
952814
176140
696064
509432
972563
527570
719789
913983
894866
496113
606530
262132
340184
457662
355087
76438
577238
410421
706031
29406
655678
206375
255958
412227
76506
592527
587453
664473
803081
783490
34919
3285
496150
542084
947534
67883
610358
167543
987759
227032
11230
937070
761455
226236
325695
452831
473065
616031
491935
102327
389077
258068
25877
770312
419222
640314
636577
231197
723935
374303
552741
849455
927811
319808
689220
74800
243225
252844
320086
365828
766280
884359
473413
483919
25909
291305
744647
963881
189894
574054
99192
909230
769233
949865
882899
52403
115110
549753
314637
853715
4085
91230
493006
392935
667358
980060
442316
980692
699476
30366
847366
293821
407980
626030
714138
464729
858376
661217
405892
996448
82074
235344
607284
772960
730583
923648
185099
889964
913530
50275
621809
976563
52850
775416
230165
404398
448554
938509
563586
510195
292978
402085
345307
379431
480335
575284
315891
485585
38684
95431
330571
621065
720026
465856
572649
773583
454492
823935
632657
909047
783176
188829
47331
697154
240842
19538
734608
399689
612379
710646
897018
19923
724265
872548
873704
587973
119076
284603
60323
80953
245093
187966
692207
735783
85562
321051
986793
960511
92818
936585
367418
521369
959042
845642
629173
716420
417970
250128
413587
600059
734887
558204
953800
393718
561581
16001
123969
668700
816032
164391
779133
642069
572695
442924
839685
680830
928110
661637
374665
995190
625135
360386
96409
790485
762460
683791
262461
641149
590108
203926
425201
449608
198912
232514
204032
277025
86832
335391
569467
43374
448630
676317
879062
626795
996583
685236
373856
28882
827305
394593
646302
249078
288934
890830
348162
909040
599116
185295
520205
922352
698877
133641
982334
564789
539290
403373
730997
186519
454631
508258
5097
242241
292891
425601
635651
498429
325383
718905
241621
645608
481760
688851
443578
942148
291947
776145
570954
898092
131588
104239
728186
524322
475274
608843
643087
923204
434218
744160
414973
400350
102471
55662
348768
883929
761731
116086
62998
11408
968749
65761
981751
507587
514887
718144
403762
220324
450290
603758
814789
401167
277048
555474
290520
968087
912758
78977
976695
647995
855652
251520
355690
789048
343171
397991
995635
235448
610402
404257
199460
291368
358732
108303
857370
725095
277969
123788
721946
658970
625071
477259
804358
831196
797726
258717
14651
981651
199733
744080
634186
384350
284092
155889
980946
845290
371983
268401
754359
767076
801835
485221
354881
549513
603352
992935
689235
871321
621235
193946
146629
287081
215639
585419
210209
481368
200168
261620
137975
295705
787835
827866
343581
271599
827685
550230
491975
236088
808799
545840
532351
901792
35347
159398
290112
271222
695941
551757
739189
65499
440161
926351
470409
70231
771421
832786
81962
86981
939850
556602
223072
78831
50429
485572
989700
736372
176788
642323
576734
553830
720423
478408
439519
210544
222669
278346
423479
38964
669256
755813
967380
682611
960846
971022
257593
848806
242164
895045
126902
285801
58489
274771
467145
132631
429741
917939
840529
586993
528253
790669
329131
458935
243355
228189
673708
671257
725454
827890
936825
731335
658195
285011
601285
496869
767919
63996
99624
185946
961234
983110
216025
13064
970089
289956
651144
464726
272321
669001
472666
510696
443283
484071
566978
119472
490416
420883
471801
537182
605514
168389
359449
938163
874588
662203
45788
902707
767735
635388
656492
834297
554731
835770
990182
409444
581582
367121
182960
465071
87724
228140
425075
35615
544203
817414
290487
140501
803161
500558
97242
818051
956660
944996
633389
620923
654102
20289
457899
536867
312347
973875
676887
981637
681777
35525
955313
532867
333275
753597
263956
231208
979169
619710
937455
248409
726552
813006
506782
143210
640970
442034
605796
108941
380097
344374
74823
218149
251701
786313
826056
461624
127951
689412
935166
115331
282393
36619
546958
648680
515397
732940
469705
13187
628247
493157
482338
911258
595631
590946
260362
768370
815927
13668
549610
777214
574117
832093
882237
799923
807341
678455
681351
330871
600327
575764
950837
280119
42072
32624
200210
356376
595648
268771
650276
389189
320767
520835
832737
981671
98244
228455
996881
74867
880724
201542
394113
431772
1939
687421
540705
216426
60210
521903
698875
51939
250294
771271
690256
307557
880289
438105
905297
647509
502719
964070
761079
462706
559374
8894
439871
564355
280779
173888
67462
231727
927765
249469
553084
168619
575744
789883
642120
360973
69689
377621
29112
462976
82513
25087
181667
20560
172072
340648
186846
480037
986231
143160
817047
921229
200953
652345
928209
4274
693431
382418
278908
990763
475887
376749
38448
196845
615072
948474
346822
812642
430133
588109
101203
957010
157003
523299
432578
442302
26209
50626
248653
251148
252763
314558
875480
567452
762547
986839
769770
189752
469820
169920
322824
99882
768276
529979
662832
208232
272358
515359
64943
207851
943321
907132
927327
121566
484953
304149
391297
333041
812864
490507
411315
139340
841824
272859
240334
64801
670320
82750
592094
931354
118160
206767
897790
13362
641658
525193
405904
127264
585671
731534
295511
442477
39451
357124
107889
521190
696303
585977
79988
960238
584313
296360
649955
475819
163450
450676
146124
319008
677028
935953
312642
903643
373349
615362
226803
510085
388436
446076
398885
55703
613047
651306
267025
86572
917423
425290
690652
168497
515264
815093
935406
516728
941313
275259
555633
534188
857500
975020
16104
590367
804291
584564
743337
342591
793328
822046
136953
445224
124694
79673
589186
728403
775785
282392
703091
596907
950023
118194
763380
301632
7618
593642
706693
739477
276235
476778
462258
669587
265532
39144
330869
176609
355265
791563
537896
175051
30820
61798
697893
671519
118452
157218
277948
516503
119826
43195
324112
422000
546776
740577
547598
981081
54182
778366
44491
372615
265610
751191
251897
39653
757067
364364
652998
277417
517523
616889
772818
34690
653110
22847
291722
446829
754595
501661
115686
974567
367846
279095
121211
610621
26967
147129
415165
796671
275939
41109
745237
732947
935668
790952
456411
609509
586688
624506
65905
978620
454571
71780
158587
128232
284378
209484
339774
11288
296533
111116
421780
65928
405784
383345
719049
574423
433975
234847
700310
393910
538155
502098
588663
505276
428221
691583
651947
705879
769037
796825
415880
32478
85695
531759
949944
922753
230659
379378
395412
265186
382656
469141
347611
252092
494685
976973
543567
288641
163564
712120
303660
757699
422514
955802
961286
287368
855895
126658
986238
469696
321127
57291
386592
528722
903490
715518
100828
330450
976422
797205
893727
420240
835863
536218
912590
809418
982377
791406
660383
483393
729706
853670
575379
249960
860014
555088
876884
364729
275959
845971
998759
210659
104321
635060
925837
525214
218088
167733
987580
616350
614711
530072
299957
398757
142478
804545
400194
206067
675055
577401
320014
534681
795301
885071
572064
306540
150097
55257
946485
104212
818898
853208
704506
725700
912
113209
21091
118404
700710
529784
376811
836201
116202
977503
431144
689831
760601
452269
175946
346493
355876
200337
755504
633422
275025
385813
527334
18832
624208
745304
228991
224605
419227
553972
905228
584807
206728
852158
245558
211785
837550
445227
608701
448248
211698
24975
627469
437080
646893
339009
250938
137835
250875
696411
72409
268644
350243
289246
212538
858330
826398
644722
384133
136984
733766
838026
698864
798993
374684
146790
685722
469424
454070
736818
828743
69646
884611
948364
64121
918013
31036
871907
430823
374785
707305
678715
38364
955998
359821
548236
994799
704141
723888
583754
935003
580296
662151
295424
249146
422917
874369
120726
221155
191
894896
185585
16668
341359
58643
360185
43646
902106
474044
745654
465060
946372
48226
57044
383247
215042
701125
201477
301530
46125
369274
516485
185748
941170
374930
883193
335167
186823
320811
936049
571364
998136
725074
195916
678289
806879
993555
521211
847089
269682
206944
585758
10566
812150
279770
140298
449861
988050
188670
170924
331341
105470
305263
70215
183430
352602
787292
78745
644755
899611
833741
125723
276659
178976
439760
382824
654649
644707
778042
530357
532902
509515
106140
531198
562912
783966
138180
601666
969681
595027
259436
525284
622367
451013
773892
105651
563971
346052
278743
131011
684296
946630
16988
659706
896994
918011
407836
692391
143145
251134
14330
559820
294640
608039
629028
622204
5702
724285
120341
277343
123721
162953
250308
958291
768865
82053
668268
284461
213344
478644
858425
732893
79540
656715
119308
362671
595783
857101
627755
862638
901364
709492
116232
870371
380901
686475
739116
127419
905485
353881
690560
926150
695743
689335
554872
151260
707818
654083
805149
680346
910961
415661
707189
275082
558251
51374
46160
450977
137908
827545
880818
450273
146542
658762
929752
322847
508632
545914
373161
741599
228616
639605
405434
626459
59656
96354
172478
383139
506635
7489
972745
979230
402763
922740
648959
553902
160320
143092
356701
806770
76478
438244
598563
714213
88684
950530
254557
833315
224220
542074
897805
206348
901772
693397
927543
264833
841016
272142
300169
155659
237210
839173
815716
206620
162176
960525
868043
576877
711495
66720
856999
83910
386489
620018
578548
581340
159297
319778
269772
644564
405127
786253
559182
735974
245356
735037
859115
727389
183779
135359
800525
320698
867434
258899
880931
462328
842404
41852
170189
273259
8213
210934
433185
871170
319929
64135
643160
305515
939201
745902
958745
123029
741995
675960
987423
931793
668797
762354
366409
568402
436445
399481
614270
935315
271760
521261
598522
247768
867533
273156
522298
367692
233341
280890
644352
334409
289554
682406
885187
921399
265601
860264
856375
921099
197789
366207
112372
50609
16722
441783
271238
381636
279930
516991
212304
553594
226527
511577
940061
349661
100494
240170
972357
544372
246548
197425
6328
817920
326936
732565
438186
875170
907412
142102
213659
632154
996465
406950
715969
598122
399039
517073
900501
230681
340238
617623
796279
180755
458924
923738
495679
669165
297019
832562
44257
872455
843949
156382
2492
408395
118239
128726
448063
737489
132431
964732
648312
680165
235836
870256
363131
407328
188249
307522
821099
200242
791917
979330
669416
729474
327882
355508
581141
287276
505639
658144
349316
103721
88604
328261
367233
556173
679674
384430
922296
805929
260997
77276
147204
898256
382800
290786
420244
74551
245939
724368
849212
39158
282794
9671
872214
171179
460493
932268
509139
279421
835431
297912
287138
486206
93942
234347
547386
561002
545279
257120
362120
756940
947979
936700
907696
760064
360065
867072
517570
200595
538529
893054
657531
957062
529371
308969
857589
607794
20362
913605
243372
413509
686160
601597
381421
580906
714510
443027
854557
729543
78016
959794
756003
56480
712884
860895
341491
783705
646053
123278
615608
702104
596664
260945
813469
996425
135378
145771
78073
587515
415124
762947
700501
178920
280756
471220
286874
725266
918585
262721
409884
233864
874963
41382
257981
616392
67476
679241
139391
588542
933583
831759
966314
313579
912907
409036
95190
460129
662756
661266
30678
791978
283071
749098
16641
339208
660200
456225
365662
819864
453642
755001
328747
772496
230410
95937
456202
562279
826112
73407
80329
157268
703634
265289
645580
577838
84975
701939
369433
594290
278629
838818
181120
65571
206368
141631
429029
724556
497088
65544
451308
310945
611925
875136
18047
932484
176698
329863
646463
247139
177099
997380
999428
718078
939652
906302
78675
256070
995383
289034
452827
679457
752810
333279
992876
201674
768779
160197
122229
351702
18768
309484
182136
979793
485103
318361
844236
772231
615671
507003
630542
507294
289610
820444
369510
348512
789623
289587
555185
62807
122168
845782
763920
409745
96709
418252
672076
136452
19858
713920
624100
201866
487532
376786
38518
444301
122796
526280
881222
654398
125973
497058
264813
484222
747024
869515
107040
232096
786945
498219
253276
304134
984133
666202
409643
294823
454666
407598
82646
964979
54732
345653
780776
587789
855784
672318
466010
114551
311006
948050
996320
783244
148392
423872
853775
401254
64881
890646
958825
538527
568116
113068
835207
389877
717170
593626
415329
120903
571279
678537
409981
168700
330
999015
732338
400771
723543
859124
571480
49908
221723
847226
597839
508374
977860
31513
293864
193594
420802
909888
629491
603844
632869
364600
388646
830793
137940
171802
650790
147156
256423
168993
896757
828739
346146
957594
434809
626703
176591
391928
134053
499049
617015
494212
171654
365631
198908
650225
127596
674973
534422
817101
555123
537905
84776
385428
135469
462567
167550
699679
220077
295731
615590
411130
490803
534189
485224
25171
699183
127637
541410
989581
25524
825144
571461
838964
414010
818988
731558
380171
347983
172085
759298
479938
803228
844426
479697
436228
290128
187505
611781
88300
998251
11783
23199
588183
917929
694492
116014
41620
842185
306811
537126
533560
429240
15879
552857
52943
767775
739584
532
875053
564230
499429
324825
678882
651555
370228
556596
879563
299971
590221
235900
908805
828052
182516
279464
643837
666829
677621
919883
58083
239610
973794
278829
552573
533863
709432
184776
551320
5864
618464
649500
761753
917700
532753
790127
376241
358652
619858
690661
610735
816891
358429
843191
471471
249115
242592
444819
931248
529745
221533
34064
331460
73143
60400
292364
67808
90997
641777
334693
949843
185419
32815
378640
856084
973628
573853
131609
937011
515162
242825
614327
138418
272939
159495
549963
932333
305333
305836
439669
365556
473451
187766
898387
945465
496116
118473
249687
926180
833236
740756
269508
436549
198201
878610
810885
818337
199588
313965
75178
134637
201330
108221
409664
834905
514311
452909
613323
45315
48278
901566
288994
534284
590
719142
766632
898184
378276
86672
846498
559631
207033
641479
783802
143536
208105
660525
997839
604933
968752
686629
964023
75938
659832
551953
317714
90855
843075
78645
455436
360181
569713
933434
714030
540157
423087
59727
689762
685364
600316
904554
753281
428643
162201
266732
330074
319130
586765
326243
438018
72453
248018
639273
1875
41750
676703
374889
237443
705058
600915
781442
658785
65992
115707
79364
172589
638283
142272
426071
196501
284801
894704
330234
806728
564773
641767
312361
121721
565511
834393
929112
800178
697891
712831
376029
548178
83214
190172
464554
623397
923980
840491
158135
256030
378495
827943
963070
409971
605754
324726
475296
216853
865396
105459
219813
790923
444568
63063
477537
787050
7545
966019
933298
60851
934947
30508
584677
76169
148237
960419
36920
974861
807530
826240
475514
507224
958558
664747
283023
491220
421966
519430
242704
30007
282832
255866
395919
877150
27906
113629
920119
348866
232758
882941
478098
412377
784651
184716
618469
895435
898199
983591
665270
272783
506240
720900
362158
324450
423594
753080
647577
213156
714058
219683
356105
226255
136409
773497
978011
267924
29605
956589
456913
918612
456833
209596
441374
617847
936605
354003
47617
504685
87536
32157
831049
557247
930065
650541
854454
830993
922726
985669
14720
997750
94835
431745
654257
209648
390484
104931
367213
819779
969926
848956
636178
232436
296735
82931
789178
973027
673630
347829
747421
545474
149917
292345
294484
870961
550627
373550
898360
18872
706838
663556
674473
812448
487821
573780
918507
943598
360836
167661
725610
33789
745769
136700
940574
672887
769363
472599
626377
944111
830674
178406
905117
131422
765537
356846
52604
925049
791288
877179
787095
540907
860478
187562
417655
473716
122780
381521
237466
812062
880109
930059
946549
541207
176977
466531
313305
910512
963233
388252
886320
248945
968060
91930
497958
680278
765824
118385
888100
549099
616085
996297
276599
568447
544995
991402
698255
944840
485668
307754
419492
632467
762771
861232
282931
793317
556995
185124
527271
834868
419341
232117
499474
614075
180770
801030
140954
925246
437503
600310
316273
863514
993918
606858
316796
849031
207304
876538
596629
16942
193768
765013
423724
137057
416443
254225
950152
344507
80516
856947
132139
203542
217756
842455
488532
138786
56646
111197
536670
272552
582304
171696
992006
366940
176054
710772
558730
797016
110577
170443
161836
147771
701357
345732
969750
991517
883560
190178
739863
888621
857237
773316
826187
613290
126225
845814
993433
106042
270637
846547
229271
593002
655913
150420
867656
66115
914306
611834
281285
718725
85283
737556
522105
520195
87159
565485
133125
412827
414942
859478
255557
306767
704509
292619
85930
960261
101680
667461
484486
596631
909723
620508
862503
941528
629854
921558
974490
651620
878054
113872
708241
201379
634848
362695
537951
676698
352201
871107
603167
357101
990050
654690
708021
468405
689599
171773
893484
549370
853757
334265
741887
935757
335763
291372
970867
259781
187330
378345
504097
166996
495590
64682
163154
538437
392495
954457
92611
635220
381225
819067
377543
659497
401846
104121
587340
142003
320030
598029
950645
12893
146749
870341
408871
942832
811738
8055
529440
294149
1752
296706
866177
691045
190534
183804
163628
900479
318225
604733
957832
933829
603801
35079
733601
391267
288352
28113
640045
44508
483551
342830
990697
878211
294387
99615
56546
595476
214965
711794
716752
889261
603943
581396
595357
611628
846345
588922
484227
411686
246988
533608
780626
91328
646046
115037
571089
70766
179748
437851
624701
390
101574
485206
995181
395712
811299
41145
142485
947660
964645
809807
305513
71760
913776
543828
299801
814525
116852
573401
348091
553613
275106
308622
678087
611163
34876
601519
31611
607966
41220
434894
856287
370307
499542
322617
442979
663015
257298
31495
546404
396654
454641
435716
397197
738499
425913
469750
877082
463788
259211
245964
848824
56328
334362
982114
953161
852200
892854
254451
940419
684680
315014
42524
78072
974889
39829
465801
144240
9356
271043
701502
548658
367628
413147
587588
170018
684057
831045
636846
771844
311629
2194
774343
984734
986028
251509
84697
418492
475517
169233
364636
655757
737471
523629
750394
56875
771786
857093
924859
557560
931012
829242
483858
738659
699900
604073
147075
3466
36454
69208
753007
115194
985331
616781
974718
727121
836364
995449
889639
775813
692652
443346
975903
609725
990744
175998
958299
87581
642299
405227
444740
44831
548514
597115
491447
45981
418128
422621
129013
681643
679359
204151
877230
258720
287348
440319
152293
413494
365309
762665
566079
668807
155274
198778
986606
322103
510758
947388
937013
122929
800464
237578
930071
740169
33146
53451
573664
21505
950429
545147
295759
875047
49783
664357
532254
222940
152290
635693
673200
76719
952082
413833
799382
307879
613611
186256
905022
138400
375229
613227
47993
459724
409821
886184
955880
389211
6177
255981
612674
921141
953463
695241
100099
282916
471330
886886
561460
671183
355475
436763
820244
131809
117856
134238
973280
186633
216291
740951
706116
826394
798450
158543
153118
370450
273590
105095
14827
704375
5482
315941
448592
425117
198898
660297
378439
439557
699413
295166
46692
150752
74585
530701
896323
965937
631930
994411
80784
533776
128006
221202
22067
995018
437400
223085
414102
905766
216175
729068
333972
239554
761386
29304
757183
643484
164962
907968
503374
861102
132836
712306
421282
826800
170185
508358
513587
369729
298036
283636
615131
111456
206824
368966
917823
339028
104323
754759
830998
126060
152539
249179
748183
264417
219764
733544
843907
888023
944091
322290
155724
209090
786402
559301
291169
163366
737591
967883
293783
453558
711651
678269
607733
879838
32029
791670
902300
255068
209352
867940
72273
503881
169040
200023
372009
674486
858012
321084
939536
534129
84592
735907
588661
827175
799075
5115
353110
548067
926647
104608
139875
856053
311898
601163
809681
171630
991608
496616
139070
185415
511483
557253
593020
690017
906592
133030
230077
384487
35703
412853
59289
328975
748407
353046
642110
811008
284923
483417
53684
151374
98269
503241
467915
437600
437166
128481
307684
438515
818383
736094
827290
365815
214063
583536
561099
97623
988001
466762
169606
790166
383384
303001
101907
207893
541250
164817
569369
967601
686911
997666
763632
474825
150781
449033
428420
684317
511794
956804
545186
89297
505908
264798
847522
882769
884984
51752
555057
202832
616805
308872
764154
164329
127956
965611
773873
40678
436839
706198
130364
242462
473475
956378
823806
68408
666667
343142
702464
793230
334586
852214
581694
612526
254781
679017
897932
585850
492459
390001
488227
663407
867457
802212
499469
604994
456190
414319
139112
984230
340792
223593
693338
650667
370650
116869
524689
904192
876283
735074
254581
304409
112859
806845
724589
45547
864124
684486
673355
727700
559835
987792
951765
317400
48905
442593
401521
597639
847531
542185
346668
85242
36042
216784
890599
93947
387928
804456
506590
919108
827520
942978
562262
447008
853032
62940
111715
760751
571718
125880
338515
8133
305180
522823
267515
352689
726801
240836
495707
867930
346926
347166
310896
685445
513201
5901
315415
583604
928721
76614
995289
730345
307024
709257
449431
581321
143926
975192
19283
245403
372015
199682
11416
993071
350851
626909
763592
872859
531693
987281
740928
430305
454107
154193
308009
462445
551618
58341
387422
611065
694554
31779
589173
68947
130877
25789
331116
805687
845656
60723
87858
35158
717387
43177
769807
225016
966883
854867
988720
633981
815153
458700
729427
123263
305735
739207
74187
273107
750798
758940
677425
695343
575751
906500
816423
738853
637788
576224
996682
659405
73122
501811
371763
222913
860782
604913
922538
290114
917073
665519
567529
759481
320817
15097
312456
78871
88453
417090
885449
697949
747116
685366
884354
143544
433963
604652
661923
941316
937281
537207
418723
55921
568745
868956
757516
670403
385388
178717
934815
93107
322528
450932
412837
593203
637953
237019
122515
809807
261161
449800
622745
322671
880879
614199
755271
53689
936602
916895
93148
124755
974849
872774
35117
213894
951552
198576
172975
147966
990168
899059
552929
88877
578852
577766
807832
367056
669940
534520
21416
230602
811976
98268
302444
269740
179499
97634
788339
465174
603241
917473
810503
552823
868462
307793
540379
367599
871868
356469
296336
242454
462408
801845
648292
721878
290802
313353
34552
268467
368928
633106
797756
165611
36982
445443
526649
950777
594803
319932
748026
202483
485675
887735
545688
561427
480284
180123
248289
507922
878832
690478
375972
840496
324367
395624
260956
240401
391389
927394
584823
707969
452695
162157
855617
52824
837317
183231
529714
3577
203613
975433
479632
964660
674420
416996
813442
468555
776097
233449
349363
869970
389744
616095
197279
634608
281408
830927
231613
882242
631290
63924
884809
339422
518510
571279
734445
421812
341836
366807
79179
548049
113403
393612
150506
140733
693593
709996
884282
107653
968976
608959
739589
967635
306833
295053
545909
851833
311536
383792
745660
304396
736348
387012
569315
574701
524729
665466
587443
534819
760668
100108
907514
659492
814882
751115
45306
223731
434797
261012
374132
628258
417981
810401
874828
211257
121383
344955
916121
488879
909236
831757
753163
351445
647960
464020
269689
105746
636684
402803
393031
514569
48011
672355
96368
480919
723302
498120
82294
499704
463045
479838
636707
371145
827451
351634
98362
948328
828804
740013
199167
737079
683294
431467
980768
747840
169921
308138
984191
986482
538427
376382
190237
955338
632300
560353
508004
167181
297500
937096
236497
949809
730868
684433
576572
494364
652256
475671
412357
243908
265662
997544
969629
495605
559875
886862
205038
998065
828971
387402
929256
369265
657818
140511
596201
602506
570068
914506
38408
17195
151446
368719
69439
296579
246223
849198
912114
190143
385406
941749
951392
116785
224937
817199
529765
878284
208759
820858
601385
145292
174507
547702
424169
55922
628541
992217
314912
933613
832598
41440
564753
405268
874344
4640
460084
295952
599529
883451
793787
652695
437162
400237
187327
744275
542296
358790
806540
553953
172941
852082
485253
385076
226580
82164
420150
317786
861688
309617
895349
938711
401799
690473
100083
802413
359592
963776
115300
755261
640726
730938
421321
604167
60024
966406
934358
926542
927903
423793
588421
982295
770459
142395
514423
504847
363066
198151
448386
628428
386974
247467
931803
704108
498874
885736
675041
694874
162409
420979
59524
600751
204779
254258
950800
702324
185340
636738
52698
3206
834643
471669
163909
868755
601460
967705
832625
629376
355122
918067
598018
534573
574597
473227
709832
162704
687619
111201
41296
76286
660671
35453
707718
899976
699771
71140
433413
277442
952970
133031
436093
160287
424711
343637
234432
678456
376555
890384
608873
275691
907215
704829
174697
472416
322943
391125
614511
843943
110519
525017
389428
353405
982781
786274
499296
351982
743450
371862
625820
630804
54454
72694
828789
673085
252495
468437
745321
303787
866774
856868
583506
263028
829094
808552
741932
205770
192354
726860
467973
979669
17705
526738
535680
309116
320505
218469
664389
601539
466141
296075
635977
662415
801940
788854
246453
859524
431360
612025
23862
790991
76679
413208
75360
448575
548810
854264
744895
725966
710400
214773
825468
871230
75886
288467
123177
380895
590597
645260
420265
250093
640088
552391
636799
445846
559672
869098
291953
165656
366
272774
770008
220425
186260
362161
315783
285552
486608
248945
713238
355345
819438
96596
488138
579783
257561
736989
742946
225481
866934
695449
914561
461839
795293
662799
800819
230413
770421
115093
140509
961630
454763
555199
452294
613116
617871
636339
341884
723436
220811
698776
980964
665335
593792
271725
72418
197970
706431
467126
585760
370079
743200
816976
49599
462732
194499
639142
851736
292377
573409
704508
805230
789944
182093
140137
941938
121805
904653
383969
347441
348757
867407
94768
436254
728930
452042
710019
312504
157380
117682
524321
948375
731524
433367
576567
569881
20170
311003
611472
353315
860638
722830
420963
719190
4043
840040
347910
584848
52064
134946
885185
782364
966160
833393
639421
722935
540601
24480
548828
870400
470209
29065
765602
917755
320093
220975
530000
30657
815596
100219
208593
712
309695
777745
922766
950731
277436
960015
134428
675350
749656
779938
360789
687792
518145
947332
178244
217188
417758
810006
936186
428078
621166
208597
508029
844287
131405
842428
339424
964269
928597
421239
890478
845370
328993
657983
210496
768000
535853
74262
860142
557110
481497
580961
317218
714337
601676
702045
223240
743321
53301
324671
41889
672758
779117
920364
206455
862168
870137
571922
944939
58384
435947
670369
647338
326127
6695
824234
35262
967528
759939
585042
377473
387428
437576
721906
398444
761507
166870
456271
926541
548426
902563
941553
847447
276877
724388
836002
531
395001
796420
207685
434165
950238
932817
982928
36105
815640
438902
824167
87564
872186
80163
510166
923799
430614
791881
675755
904886
431082
747137
911982
517080
212330
417548
934846
620254
574949
710261
726154
774678
159511
371347
407016
64193
967372
70827
228757
616272
38444
475314
560842
577774
191271
520239
264951
332919
498365
982399
303519
590342
552618
642482
870799
752811
136557
452051
117180
584892
784180
680390
346680
603650
990950
123273
275473
497876
196940
305692
157766
272194
389853
251965
410791
113576
932
771149
477128
986658
951952
952014
594593
773086
522904
895886
233349
966796
517641
128541
99389
376755
471021
845561
170241
612957
395546
796875
952018
512627
690836
505098
659319
385699
224608
860414
966289
452669
168486
228127
518045
281181
367745
706588
208582
724995
684839
190135
924901
383551
932144
875917
274326
111047
561477
420148
214520
322987
891942
43133
252096
152479
777367
53592
753402
862455
464616
542359
274462
519730
831648
58251
197643
571821
182789
703114
593123
309432
585675
374226
63938
192774
889687
765512
874075
266814
564654
103449
199473
407982
301694
620994
986544
189151
443337
752298
342822
557699
176426
831404
86113
945803
321670
981939
815973
312469
618192
136831
1290
962563
241976
8324
409840
475111
481329
246897
202144
768090
725597
982350
997441
873324
221208
139966
854772
575413
659166
26340
886476
621130
598618
122146
85037
224780
657740
150461
705536
157146
484437
58396
503248
308966
283938
152751
635268
107301
479603
502061
553529
167520
202055
949941
634299
745768
730150
536406
268513
272870
519690
83690
578946
594000
942699
473821
257879
359608
936230
32047
641663
297225
840968
381129
284198
73725
462969
394001
748293
148369
846559
146234
772372
876191
127220
296052
534822
215901
417774
462411
941238
615426
512544
967516
523482
323794
684672
146356
321812
422024
396931
20614
958280
373344
575460
99913
826247
801278
626692
246188
804745
791742
618220
936887
742202
739289
898862
271999
886955
179760
460713
116933
132841
801272
960938
330221
829227
850371
371952
756374
837220
436583
959944
989402
277753
491789
717591
145187
426765
456024
237814
280936
830327
209071
145527
800643
96213
558569
304902
936049
331066
381204
226155
941093
283202
359202
58668
236617
605447
392817
355344
349522
435948
366325
505790
775998
582614
312901
695811
371501
29179
743358
718130
145369
35218
372632
334373
78836
306730
535235
111906
246365
347607
160125
28250
94526
141447
198643
937803
287813
289650
962001
693188
342396
90224
663976
155528
102087
113252
199227
254668
733946
557654
556902
421147
287380
647647
364204
556506
138076
187901
113820
174629
635991
496262
515358
703959
922211
676666
261535
708073
490164
668785
348439
760498
251816
338483
872115
731980
134600
423334
827108
791767
595741
374690
748356
750999
604845
901985
148832
516089
198993
952274
528038
124339
487220
318220
844844
952840
463146
776928
416026
269227
873642
350151
789686
175995
68010
611770
508874
101037
115989
851809
683636
946504
902700
434979
420426
881673
759478
976988
91111
90918
660069
529900
334423
733168
996935
911468
56539
512081
467877
907900
325913
209077
743868
471608
931043
803654
739093
595465
753826
256143
190979
669655
936095
633346
868281
688028
164525
974996
478917
429780
825015
798918
207469
88017
649762
605119
240165
84459
210142
130645
993769
178580
135758
38507
629757
909257
912594
407028
116223
662500
283437
371414
171622
806734
121368
843241
41881
373267
174370
97054
908974
129038
833538
337405
485373
198787
539835
575814
395681
895371
13226
535289
607243
817578
968239
446770
348482
757116
971574
508908
428283
472718
455777
663334
662352
991754
626068
824162
953120
14858
918812
117002
52228
651213
381884
35054
454185
371143
497494
438888
267919
187986
495347
359201
163741
23811
139055
24556
380510
755224
14468
969167
348060
94669
161137
704739
90647
119501
182854
226001
106658
178181
657871
755260
805851
757717
676827
991101
341957
165280
555687
864777
650820
898691
954796
775088
194676
227746
380290
360190
812902
571486
508207
604420
973495
777187
54609
96433
999567
129309
510307
944729
520307
56842
936239
614104
373192
851499
863248
643600
865445
24084
522531
162509
210003
72675
534282
182090
290340
825165
650524
152653
461868
933844
308397
107629
433121
727060
872821
591092
794955
332797
485343
414559
646375
821339
534448
357634
954462
769297
763218
508552
429917
14245
433085
233880
304977
487732
651009
858772
220608
674310
18801
214075
727111
648892
453807
525870
341164
85542
198033
443984
819935
998129
8237
730182
803602
732862
299399
4958
327537
396685
484947
315403
565888
957272
508712
821582
427793
19964
473924
702641
469854
614610
651702
554478
76360
987165
250732
38060
589421
878235
306393
895849
851360
801790
367490
667955
541384
84149
563366
111120
544342
906211
192520
829757
573540
601009
816794
564179
967271
231551
869832
255878
476945
879605
743454
192456
294406
471224
454422
774475
759864
229241
365442
300835
825441
504167
813650
20809
30940
323716
311555
806524
680865
818325
294565
105153
691483
795507
987078
697868
171432
20543
847616
915703
387564
884275
130908
695279
264210
481363
158626
387182
455777
934210
944703
288482
599798
525360
116625
250349
741604
72561
970833
175046
637348
332585
760989
389372
440507
480484
791905
663195
304679
74498
307809
430951
511621
873871
498726
928581
28866
296817
298563
211321
286331
846714
548483
283338
428340
261150
299250
616194
340274
840574
12420
294418
475766
285410
956773
943442
753302
873350
456029
842213
166713
967883
68255
132347
613102
561614
40496
371952
549161
470934
312943
242705
187932
205287
272453
960511
472559
815539
968809
73453
777883
570032
561296
393284
323816
574341
989360
547877
952129
821662
26544
716942
740785
932511
580654
318166
617596
176948
742764
389394
545756
92807
550231
608154
46167
642955
286198
895334
443897
342646
210348
32977
533619
878795
466729
507008
816208
12629
638515
437980
774096
970607
21453
576506
72867
304448
792385
537116
86851
273733
772175
934865
102382
382855
252210
852151
458303
202859
472267
894241
864296
419624
110637
504211
209679
261395
248708
766506
618818
297494
734370
344601
629911
578559
458472
743694
58148
742068
379085
797682
45591
628869
903758
630928
935412
756634
700018
748941
959914
585419
538361
3413
974160
127054
843936
617175
636609
309963
21844
767590
973776
408716
666993
62080
844842
500496
391413
833836
713159
957055
573445
452668
640780
966263
470556
511410
744577
673540
584652
479999
842986
303471
540722
420646
193092
898733
421115
363520
910941
925752
909644
442520
811088
990076
925907
638006
329373
81127
565160
885945
969697
347363
299359
363037
153142
960544
968876
424605
426281
822922
507251
722482
856404
552602
44204
928377
809816
791497
560
978354
943417
746718
305442
593829
913878
291944
58556
861215
35843
19656
774453
820506
888965
659494
967692
606138
324777
458564
184884
649524
753601
389423
122076
201161
596028
669329
209882
582768
61345
491748
731635
795858
841384
336769
689097
930351
650165
31319
371298
665950
393842
627895
857617
991537
946567
356491
610115
790263
489977
202663
329640
754458
918876
394103
958331
667689
809846
657304
421232
793137
121202
62148
388858
392836
383550
623781
290358
281883
209217
329354
918519
768855
146044
190839
165166
679779
803132
727830
60086
135606
120249
837132
408058
635893
124751
180199
401028
179829
261910
268659
386914
951774
993248
235692
342391
657003
943374
713741
693531
799693
953487
82695
816048
476848
64695
687885
408642
680149
465912
188684
20954
743326
623487
547256
465504
250664
423341
105474
834346
487890
576752
218790
749413
708829
85630
253728
868318
45100
243182
888254
34094
688490
791474
895953
777280
571210
970421
551101
886208
863017
615885
157552
246626
114641
524637
752623
551948
463063
185610
633932
9441
139364
191640
505332
268395
379344
886560
153253
409700
576426
720432
429116
907682
702228
568063
898924
973596
649995
344267
267787
88477
731653
678673
737734
60291
988851
449576
112885
145524
846822
335227
379401
894879
239822
740257
311522
928170
479005
320219
343422
46589
623753
273769
208011
936426
40561
573897
288477
215608
579351
693005
667258
197451
18892
708120
42579
953009
300585
6837
38734
228235
889465
598163
417662
947734
350260
478817
948340
38101
457446
590018
49583
884125
635887
457709
103278
662141
845603
137637
42598
844231
468561
795087
921104
351231
861729
882869
677402
69408
357847
858070
482621