187299
432763
976515
689135
542518
294861
168214
189744
772689
990744
497590
251505
830976
911316
243697
37968
611568
942435
172546
908893
339855
667923
132036
605998
912079
890481
878721
201279
586890
973636
549161
491267
372992
720237
907806
464587
864059
275865
656044
765522
663571
260512
866070
235363
979854
951805
497611
353063
284959
310378
285880
274959
133839
339416
885623
938266
271097
515272
866597
925379
376751
344521
693713
261899
905787
383694
376143
642462
563008
888683
976621
836580
869438
585772
838333
133607
790004
609490
823313
523868
285791
88043
504133
713296
797153
148621
293238
122416
590141
264558
54289
163253
197503
108131
493446
169962
39865
626164
335706
786139
49127
833176
34844
306844
248564
124434
173295
591027
920341
725671
606918
726883
892756
165818
740847
872598
589159
574278
200966
896742
423614
580472
588170
852872
600540
432359
34444
693845
722077
796337
522819
306550
308758
33715
263293
56556
161753
157156
310704
484986
362327
870862
552111
268655
955360
188907
700728
96275
984967
18712
548586
374894
276897
428600
491219
512688
375596
631464
967208
580672
767883
318426
532750
74724
578927
505552
123028
752585
932178
533623
155780
147440
950685
257054
913103
806965
32234
64337
677221
669181
133347
699286
472806
547580
569865
57219
967922
346529
870225
871930
788700
818270
691817
535363
708094
316439
926424
546756
539046
735142
264387
307551
758062
464585
247243
767272
966890
152745
865556
899394
483514
988423
992417
834453
895934
993221
110363
234413
245353
998927
906161
703026
489327
927972
32408
501504
31512
465413
22707
481187
783286
729656
658639
433072
881011
628665
637829
360642
532036
910910
442883
695056
840570
825254
597476
251752
302199
153853
237690
999242
437565
578798
845038
350115
764514
548998
717183
106917
477216
298593
307430
439615
743241
798579
268058
486334
433111
447285
573359
882176
112289
22057
682522
274640
578474
511052
588367
355811
385044
721880
443339
727278
495218
333555
87470
381730
205691
245559
987520
151173
948569
62687
667924
77422
285281
954826
267465
579293
436894
755823
925869
280757
250246
692126
967933
451094
680334
665327
574664
903835
980185
526665
857970
324653
47692
526160
205139
590338
23165
187308
428991
748726
961865
333747
703521
232324
323716
982450
730432
815073
728651
805597
815780
329973
891382
353744
109457
109366
590442
978625
538354
173795
287883
695493
535761
318235
912206
544379
767875
828632
715692
601561
848993
167435
465266
966097
956784
231252
533621
82463
887202
706589
228772
304178
325174
175381
409078
917428
704122
847556
77570
890296
525297
136336
479085
798015
55951
296331
560829
114855
542112
863286
239244
418993
521481
129495
567449
192557
115111
6450
351161
209540
570708
431079
975467
496866
649608
966376
836232
439998