48524
530578
556323
210951
78538
581904
749959
158060
970635
939547
129894
150686
501499
43049
617106
28026
194486
794953
997422
422542
482959
428924
392571
997123
134126
715310
472526
85224
199377
309392
172066
858583
486963
72211
491466
218246
684489
252994
898367
744684
215209
922876
327127
326669
657286
549325
971031
962212
286998
81897
462495
612013
326996
197060
603331
565388
214689
827345
704059
755165
205318
542932
590576
49561
557972
420006
558582
981473
280877
701893
123033
626154
870555
806229
278992
765894
459869
19511
165263
333003
534979
941445
414392
98466
912111
122215
12273
585902
782587
556821
579792
942870
993465
229225
484531
48497
917845
398303
520685
299213