797987
419897
607988
549586
661052
869890
581014
53329
259930
958256
692189
839896
807954
6937
472213
73989
250465
536361
420924
135445
338957
48600
836409
427373
63083
793611
336556
865863
938041
510537
50656
640887
66411
97688
178397
476249
723843
267956
44827
97882
208217
815211
563857
853919
675194
363224
955819
686933
237165
174137
29913
707158
365073
466287
680708
948149
358626
436371
440155
308326
905882
694511
623884
960013
610420
235104
737295
588705
334411
255302
780636
801853
699105
565285
959933
242627
832317
156123
861885
112045
57132
271102
634752
100145
175527
693265
524268
520592
713685
309475
811909
299196
860711
810053
379287
21284
485921
603878
101388
416605
386361
585037
948189
58990
887448
669937
246181
623224
533181
840312
542674
374400
697281
687435
559540
616283
346613
307922
96120
588661
636327
730833
629230
302077
981828
839454
59717
567985
581079
837822
988249
426049
258415
451484
805603
829859
723935
852325
555599
502834
614175
495043
97195
794627
424208
387251
739771
315527
205213
208325
496553
567830
204221
310448
713817
729950
479252
241295
895515
827623
926521
556668
808506
636994
958867
29447
132529
888590
832348
568020
280701
594022
856520
854222
355278
431402
401022
833227
925463
379369
192517
837502
43717
911464
979130
329619
750732
902609
134845
787883
425948
300731
792620
241460
911602
910034
144007
242659
164555
713187
347699
469969
618356
493319
847322
226608
37246
263017
987951
167208
182989
47285
390863
188690
894799
485982
720515
50704
176201
623564
696738
294534
301772
159649
857811
864954
99271
677095
523441
986884
525942
293911
391687
838449
588856
882824
88122
113338
118463
627827
344646
402268
626721
835295
373793
488980
791179
153261
156411
862777
730708
249026
744999
786293
261679
809804
98579
306273
559867
308787
172083
647613
967925
281438
705277
37961
205645
578463
987725
264642
983958
567292
945192
884412
704086
582235
768285
211992
963709
563721
265991
259747
197171
827303
90480
589196
318794
289905
364944
102335
554067
696748
229043
39714
811020
536748
853176
710187
537527
101311
553461
401180
820613
362490
263992
733020
455729
523422
623849
154483
841834
222053
455883
7202
706280
377455
997729
891677
441184
23940
514093
303654
586834
217925
470483
707079
807360
439028
3677
706476
888825
644636
130264
341850
250387
842399
276251
681744
263670
126618
559207
521849
824725
665527
829930
985098
743288
172942
457438
165118
893365
477496
942094
830444
650878
364787
785721
546113
288787
660715
378511
821792
486488
564011
674648
345299
233793
16479
776500
283692
476457
759173
585021
979452
307202
529392
352713
408495
401831
582777
381067
570883
784398
911170
477529
384035
218009
659368
10952
305572
538763
151493
310771
490203
670680
132318
207323
857880
665365
577136