525498
274743
345280
59914
699955
978951
741286
604920
748815
821798
865187
913725
599241
124868
743811
945995
907766
799383
358899
900963
783010
207699
65593
528220
956505
558216
702276
167571
261249
582551
295325
497776
627301
43410
36797
275792
784140
201456
121593
177684
700168
572073
824473
568262
981387
361908
638214
943715
762738
557659
466273
554761
840550
351863
933104
458302
945496
543822
219955
859802
221161
348101
38741
790995
657900
556099
540798
561955
271875
321957
271365
669464
683429
745751
140099
935479
102146
146837
477635
409742
804733
256319
988693
113557
739032
286418
135873
195200
781870
305033
162329
588068
967385
690959
804840
90627
246644
443743
328070
937782
329978
442554
510029
292598
949005
506692
453158
134406
346067
929212
35517
468417
386043
428118
895699
24828
62941
434679
887793
373655
748928
187980
873018
343205
541813
122824
326490
433077
579168
497080
772123
202301
600662
336324
127766
570018
513826
767876
56774
50151
426402
414972
533816
527855
568975
228086
492510
471664
153306
156539
323651
430262
835249
868525
180378
696401
303008
816708
18031
148701
521237
21731
369023
28524
876476
452758
858531
306770
318665
585258
962342
432716
260692
623785
790520
188173
38237
639409
278012
793191
581937
823728
237244
350739
960230
300031
32188
636317
76992
829655
121964
343534
238774
104884
512374
18039
358350
148933
155192
61368
604517
869452
956364
35242
315851
807256
219202
924943
86091
174429
457711
736148
596040
580397
492510
591711
518530
980693
311973
185723
132088
181142
29523
510813
114408
895167
434438
261459
238578
797028
917401
407880
864346
804220
258874
566198
746348
126428
971481
707944
124666
296204
911996
148651
693249
491203
725615
180497
527402
53317
291353
415585
301420
954133
713195
203422
160206
474007
636977
859122
703370
313799
858058
83383
399438
968336
41653
262755
740252
608394
964225
682573
271056
47763
394215
472416
585282
113096
138291
734683
641985
724641
231324
205954
798656
284519
267701
516005
857741
674770
37308
594826
260348
50051
806160
377081
902050
647898
162496
180005
887293
476661
49663
335602
975921
205702
576499
193511
259309
781648
364
463474
322540
66174
103218
273490
697752
693344
530231
111653
330825
75139
571371
922638
1962
971243
328110
601026
387965
852015
373729
650416
238453
760625
488470
272651
208512
608761
227301
156981
977000
575790
374368
539785
706127
585520
138462
756485
720408
52692
38068
960146
109093
191997
995650
590386
742906
779860
507433
57221
893696
68003
936090
8184
158630
631635
631178
996363
70754
272384
556801
709180
887637
62518
451218
715733
859149
760971
269093
288527
622116
730841
222064
751586
544389
627541
244228
739754
93455
361617
690116
282551
105362
752650
484848
869361
197878
148975
386207
714534
680314
416623
890251
802098
513498
883517
173382
47242
21771
634019
429771
178725
885920
403776
166447
890759
14222
319776
370231
512235
825036
140726
2819
241036
366676
883128
203175
324048
75847
765143
896218
730706
868269
861786
476487
441738
947418
311062
952769
411099
364012
594060
365012
695033
949360
78687
120822
330421
614500
162480
558749
98983
720791
242648
124138
114039
906029
956545
665986
553543
103039
626593
1086
766593
113055
402836
591672
451320
340857
391126
577990
811005
733716
737370
330627
839681
804536
202057
349576
821794
155690
860378
789562
910996
234707
533194
959549
881197
638911
951033
252679
843212
427840
182817
425551
965095
289011
420723
229155
225712
136858
23056
928921
730788
752680
156640
555102
744048
713116
594195
544170
553024
360837
55666
538644
160485
635748
144993
53057
721313
91310
702771
805176
732882
524144
41834
237137
308794
782029
119625
633612
349735
11747
462936
684415
956483
198988
517364
275047
686458
163648
952016
860254
302979
523608
238796
645805
497166
895149
585968
771705
753032
414815
826309
763674
334030
635570
297552
512393
169963
321682
968428
3063
978767
241591
25155
870010
347471
926819
564776
145058
16851
943817
47444
66730
819489
629832
414268
606667
121155
673172
80459
4778
758998
522678
18113
900529
817202
976617
940008
789754
308785
565989
604590
420712
763102
646586
978724
45968
592828
268690
335890
927317
835184
553113
108532
803282
876428
873656
67029
194287
950776
918204
943303
857878
988159
801238
321660
851968
229747
210555
770181
247081
454014
664300
138468
438306
567303
411152
739919
139077
465789
975164
851140
235458
93059
665045
928899
15256
424440
571789
334829
472416
685218
179785
55735
992515
621430
491363
390219
91340
320262
331403
914043
633112
462663
376584
854626
503786
20734
645469
226969
12891
30727
957126
445715
107247
383682
413409
29078
13378
936858
21418
546583
491233
569267
984927
537776
476917
831856
128898
743872
954905
660638
855357
357535
472653
414976
203551
829948
975044
608375
659204
125526
714456
831886
278100
194963
500702
155040
826210
193344
30931
980070
305268
483046
54581
405729
862946
457029
184238
410016
557015
828016
592811
487407
834549
80772
960268
837468
622229
399686
945268
912935
140203
636312
361343
1925
367368
848664
200787
644113
436474
443990
85647
848272
425870
872687
169697
818975
564406
668555
316468
500283
193797
745967
685190
677165
180246
664127
676759
443024
332365
507604
203453
44416
398197
715318
286933
515745
450441
957494
584148
816073
171534
907435
306363
906315
1437
224327
306793
864289
863167
338324
926666
935029
675505
760337
370861
408588
292038
75299
994164
384592
993836
583930
6500
573816
29830
410625
309660
167894
200313
508353
859811
795580
353795
215891
498970
95052