146958
898659
749585
674156
263740
540774
363170
952315
698468
449888
652149
779213
572880
686125
802566
217046
129162
408246
371870
439390
148224
17197
138821
123661
133313
3302
678357
813016
238564
360593
780842
955976
635655
15696
726582
762852
80181
507385
715185
473659
492065
796585
399021
597712
814159
145411
221127
13282
263314
31940
942138
343318
46384
859588
849357
568963
874465
814348
812589
25050
186678
29518
161621
887152
159063
332933
890857
701034
384357
207722
981475
576068
143934
242064
8292
636094
119838
622877
591532
399843
338211
311717
925029
609655
257385
524068
306393
389884
328403
938840
785285
342689
369707
100921
524485
896520
224801
690262
158702
57394
588528
227597
475450
545994
207902
727271
974366
541002
240034
98702
549496
898318
208351
66987
59044
74995
469199
106784
648238
960747
547643
684383
694305
465953
701222
598437
563966
947395
496714
273815
164425
580529
954554
654007
550653
897920
44646
331971
540639
525163
133245
764714
165935
965270
30189
742252
663803
229248
781062
485197
222991
947910
704828
423221
451847
490510
212363
643687
406597
146198
798581
628764
527229
513177
176679
330811
986989
643675
107578
867640
836010
550994
900372
905990
30934
579505
133551
287930
336814
291409
262834
307966
769984
724862
754939
625454
666681
487068
536446
258834
289564
207861
739655
487352
27791
286688
385627
243758
115408
965198
933180
560985
421957
261044
353484
416117
224176
632081
418505
760042
365441
85531
290231
763079
537605
865482
542043
148125
611645
123648
153955
157371
62153
274771
867363
448321
174723
174009
799482
685475
520937
803663
865043
896956
148594
724102
437895
8076
586625
286058
52192
223952
661303
131664
881401
153469
588771
202524
190529
96856
665365
647404
525278
715892
441104
314725
343726
249545
844253
93976
665064
196974
196732
48272
933281
552372
3062
509882
27371
542430
493134
269809
723800
540480
762709
53350
325724
479795
428317
127785
908176
492402
871941
843926
81939
221524
474291
552286
730699
146790
826145
86705
493257
223716
498510
92357
147530
227412
397716
612102
416026
632896
377241
9242
199508
645390
555743
167375
330308
248957
79671
293988
655469
673278
844051
970545
491110
561965
307384
479155
233823
983786
828370
5688
486721
966424
680801
407395
814516
378418
705362
151069
405370
303813
724201
275353
402872
423822
932569
324673
844245
740720
770870
74690
63227
274385
463873
19953
196859
609427
93411
316184
505741
401130
2485
586658
843316
560927
266300
615134
720128
168672
397810
859251
735213
990401
365247
88929
311529
627155
135687
162415
15027
81823
586204
40375
863647
588864
862036
605002
947254
367322
787062
119809
136954
187451
345998
413025
219207
969100
898912
963178
15956
353203
398777
509884
109721
492809
625632
238695
346635
672243
170220
378317
371779
712799
341679
61750
602364
22301
96272
559344
500091
588823
565559
791073
895753
253039
239905
839851
34972
969907
160723
847738
323156
512383
491051
997741
436513
371056
519185
507550
644033
646592
287693
416144
428071
727683
327987
527348
634999
250301
206201
290072
700014
27358
617897
794477
400671
327515
216049
683571
425048
704937
225496
772547
573475
408856
68811
944696
373480
777419
51350
512251
785456
646864
152302
402346
707780
573728
309994
639269
150004
148276
33234
682677
897779
93569
44304
230360
444000
665490
408707
419309
128287
611458
57843
805880
583974
20306
747998
375699
408788
147949
150513
251186
411451
388725
398802
264977
157822
591305
361050
757820
861526
940950
253088
823418
191855
242327
640433
617111
166063
541674
785051
562189
505494
328208
932584
990095
336192
113793
969001
919537
281288
945898
256872
716535
745287
470148
552767
136440
369466
913810
51910
504174
277633
895159
755175
404829
463108
217137
308111
994206
109488
852086
576189
687048
334559
283049
81532
216569
119830
299705
457389
727174
483175
166167
925118
861693
96695
69585
277047
585683
350042
854928
376371
748399
540442
43050
300011
752401
297239
606373
801774
898593
862600
759433
388973
83088
445152
442657
13298
118573
151947
339854
546161
751366
619415
440711
280887
502264
243888
330288
431551
970710
456068
426966
998820
420914
423365
219653
359984
599819
667596
609735
199570
432979
262683
673529
67438
497883
32891
456651
993231
913181
224196
418835
35896
292902
300347
421327
294808
539614
664597
532341
590043
685941
491226
477369
402013
176620
449317
130843
918009
67133
22088
247337
612032
854632
122956
177752
267717
581724
780373
382011
327189
679358
341924
571422
785605
457176
374711
247042
975715
281505
423371
983540
657678
529893
416706
989004
709602
947857
67935
997311
835083
805725
548717
229986
66363
223382
519424
257852
684470
388615
239443
252870
641930
715907
744144
589569
841501
262930
728559
707124
414175
438134
97206
763393
141790
967704
644638
384163
892535
768276
953750
352838
208426
248094