671405
598229
826853
226622
804373
561648
675498
437015
902555
925171
685392
482894
723779
696126
616628
524706
727136
500881
950736
684728
458615
865604
917742
188711
217411
785181
587447
349600
407506
277137
321066
642552
282893
316250
600936
680468
723668
256177
287979
207536
659016
836457
146391
286220
60066
70184
549673
842291
894016
921026
791692
770153
24384
487411
958602
387120
439621
714681
215519
335095
350807
773004
103722
835552
456231
790203
678269
444652
846447
730148
644499
278022
548600
880912
441569
886185
83957
298345
701061
280494
432781
795032
913371
433270
233590
130815
583407
820080
41469
228368
900556
245767
889890
846536
957811
651819
246879
712396
842855
508091