523707
780003
325337
687011
567696
213542
100818
4119
113118
449890
170630
52077
604571
82388
911394
883526
796536
878290
598077
399108
931077
960521
210442
7833
372980
163151
518312
49578
206901
974372
202900
853023
57665
685066
264766
273418
795891
825470
125753
140977
810256
57682
292427
72570
103527
623464
581924
231922
106068
254029
936236
109177
399902
923503
329333
445262
461888
531964
105296
559859
441669
889305
698939
826941
746124
957948
96248
882938
174315
48743
426041
433918
246960
983362
237174
870348
834947
162387
472289
210206
352935
243228
448625
398738
951007
843217
851611
977201
368045
131060
514464
371868
88501
577167
523775
797269
412417
253133
128074
677543