262473
340170
986056
93354
751171
762153
78410
31086
259822
246559
190153
749192
715324
181588
256499
605735
950443
903543
886529
170357
482636
662291
51977
664773
776734
786251
303536
569240
770713
108210
789693
308108
885894
941129
16200
782370
705675
71638
920273
506730
548677
189469
498861
761677
866190
684990
938842
592247
377438
539242
79668
518751
566925
19011
85953
283252
511478
623504
650150
893669
371512
89370
557501
676621
266966
188261
232894
535418
261310
269774
519706
643161
842663
758014
613414
248959
266131
604360
426612
834454
248948
24357
595390
128162
602219
529353
728380
29423
837739
56737
249749
361497
153148
68716
26801
336312
615260
38387
542957
19046
262591
590118
870056
568877
100599
447637
53242
616850
492400
680455
714309
576632
355026
526331
617955
317427
968393
39353
816063
328042
158241
830035
976256
969000
573386
563197
176287
575487
769595
148550
45529
347801
567923
762226
588096
852636
284699
185334
555821
553337
234120
22864
552336
891986
470172
6528
271080
949702
320396
410022
195917
466138
229628
877241
191915
116101
170182
842273
676297
634648
241817
551859
190727
987464
912446
743943
372647
215769
698358
395190
390465
299241
549184
54069
599706
372759
186935
510665
806736
874766
91607
570342
748
421425
216928
90728
243546
311973
516755
379437
207220
441269
988249
223437
15802
299238
101827
534007
278238
686681
290860
713065
54268
515094
534715
547595
180071
766842
995269
769321
873183
628480
846223
907019
610974
520165
331121
675635
506193
413179
493845
7091
23204
482124
617951
474536
298742
120809
376935
701782
55084
553806
997857
59554
451745
67827
636574
273126
121275
230386
571499
850356
924185
680271
157079
954859
37224
378857
693523
635183
3413
554428
71921
327304
666525
456848
197839
589593
207616
890242
756621
448250
787731
277101
597817
362101
554741
282869
208908
121242
812698
108656
149518
637759
707459
905073
299796
809432
119694
511857
685162
357806
542249
997404
632587
727807
672546
618102
239885
709683
514522
192296
2330
31286
279897
197995
506136
569974
866171
116048
810858
933243
509639
914665
330512
846046
959712
250455
439658
291303
115668
288241
653786
851719
522962
835726
94278
202926
876280
696752
605308
736906
272587
560141
528113
9630
574464
789627
765090
867450
494839
503479
753308
875996
44807
607122
811414
828387
631860
497400
183868
996076
5693
619998
7751
499531
583570
552583
929991
910568
127779
677172
623554
772595
959444
568678
448823
981957
252365
992977
291579
179861
452333
402335
801029
358355
434014
778717
68229
952996
804483
150854
626542
448827
867790
319594
216597
623825
148079
820027
923889
305216
158183
157556
742722
60098
181883
732327
122767
210048
932035
838561
935175
328794
110049
525947
288393
74355
19791
594688
572543
805941
166162
685558
210021
693416
225035
385099
165800
892906
129644
896222
499817
72396
821896
945894
165856
108553
781570
79939
734430
540836
482343
539551
695851
94621
911000
449665
677901
653391
829344
59950
733994
864105
698404
692732
595269
535239
239160
340212
418212
86572
86478
35427
174226
286302
103881
306365
731264
674078
83696
730415
437063
376067
436094
256000
366473
797362
143637
731170
695797
273660
954067
618267
637545
59988
890749
931083
446705
604395
197657
534553
895085
381930
114456
561342
548305
721740
921327
990446
713287
52757
30342
14622
600751
424498
666057
624822
302278
301230
35869
466965
845092
562447
306925
112699
375903
365707
162466
795032
29901
235818
879601
498862
914727
704889
28942
600357
522634
905576
559614
853035
318039
165633
293258
81669
424121
338181
712527
182903
967942
668325
911091
412364
12031
877914
786930
914563
144050
654369
847126
687254
403583
973590
214981
227752
618039
765228
446836
732874
18336
904263
131577
704233
648661
406454
16639
665944
331402
425616
889747
621366
873262
588842
213467
439548
449961
812338
337829
577189
510660
678763
802013
906554
391784
23045
822745
99129
202623
706392
608783
951713
822647
171005
122022
458717
881893
830473
441193
691339
733126
954663
76568
580135
57504
42193
882649
75480
307591
691307
930252
625495
902587
262012
194876
211128
503151
359753
940464
623063
838116
824400
519842
22240
620852
423326
308359
710074
332395
687757
994701
650705
925008
179486
736931
110142
93185
669231
375729
992342
632764
712601
889001
321292
233530
121896
366453
577027
826613
655479
552848
409077
997643
966888
379377
182265
538171
802302
864609
864372
310155
617687
590894
822494
415884
506312
140920
159472
89462
891735
424168
930663
338861
662799
241921
80760
876581
488900
321294
632016
292449
475492
9979
897478
183062
968565
911168
178272
318959
643952
423288
600575
832938
351482
649552
164520
40991
736059
815642
439727
731297
422877
274433
156738
195773
175459
315799
351311
166495
678051
359755
186515
909716
227426
909814
825473
648107
250442
917332
576011
146676
114058
673487
308431
164522
10506
324919
626657
791725
27530
680335
87409
285543
165206
23361
869081
685393
148776
935601
238726
213134
650714
272878
538048
270965
348805
372293
39063
704620
553596
183408
636332
552111
389726
465900
82137
626224
879900
586152
107966
496153
2888
25753
738217
675501
277589
110186
557409
77900
672113
288977
979215
408149
399356
325629
258314
745894
376931
28651
392573
386430
254942
123608
236471
380612
220738
552145
397135
332321
359747
957030
865458
346824
926538
948861
108939
38741
629679
485058
376077
143635
530259
394108
710816
46616
354973
123131
851877
811467
708367
49518
124776
983750
752132
391697
971041
462038
4936
183875
538919
133343
260756
74997
501874
534045
157092
344383
181579
804357
745463
581388
920978
249290
412771
396342
540652
772731
166546
781613
897479
5577
109981
888208
224523
935207
593987
101214
265758
274314
243398
895238
231316
999632
473698
393114
52274
439036
90986
318946
91293
286175
297858
284813
151716
573332
570227
271938
493287
624098
470446
629525
544610
180676
534048
833878
371098
721220
98286
527683
187234
891459
91406
177821
885962
612758
754433
766744
420709
383499
862833
482219
649270
279049
477922
804104
4663
58581
110168
360614
271301
383729
966470
147961
878251
282847
750318
508803
798665
500547
649690
550980
749152
728998
223797
404365
116669
946263
111622
666803
79232