290443
658980
478722
904644
113937
764185
895058
984151
803798
140289
588274
976467
754608
834942
741628
850669
890173
145859
384045
787204
367336
556139
406526
172424
617546
597557
501649
365765
785260
162592
360327
665232
961515
98591
306606
503052
966068
99385
873752
459289
40815
1985
799687
790939
827385
315628
106116
723298
904841
348820
696526
206011
633076
983624
952368
970706
651723
726669
490731
987202
637602
420086
73939
570299
431916
208219
203638
598927
222594
816121
498230
366105
157826
540262
941496
962058
412884
992943
924981
331538
247048
565904
590638
433191
276635
678735
375228
709108
311641
1269
714629
645153
686556
846890
567691
140603
8946
902508
595870
169793