217140
517931
503055
84664
81423
458514
103547
251589
241914
401477
854636
152258
650377
144252
122698
94684
811860
650557
359945
903258
509075
531735
115934
318303
951265
787960
358351
578971
351267
935596
258019
969940
70466
36338
429945
683213
903252
462205
547829
192848
15000
487620
308437
283293
994272
458054
730721
89391
65737
362654
841409
666023
236454
831038
14121
655576
794363
178315
870959
738222
155301
548693
62268
543995
424663
187505
917665
441823
466495
793269
711105
440340
974279
858192
244460
193492
106615
481475
441741
390247
477367
408960
137337
30092
374258
819933
543207
16899
910743
809781
634815
522357
89337
596572
82123
173889
569110
545724
194186
798949
674165
515985
789859
757252
877096
241341
904695
64153
512305
572552
349775
573497
937281
228024
109620
273214
340572
838345
574622
562774
315096
822154
482500
304550
782979
104660
273426
385372
603556
194663
123833
268688
781850
482
152544
998038
191522
68575
790264
655394
92340
772969
328173
556568
228748
963035
256760
857200
194374
325846
183185
292163
595490
448158
320962
917876
52264
343825
522519
549437
540581
733062
973938
701461
757395
882174
354683
936891
869974
736969
235764
498146
732771
716985
778602
453625
448891
237435
459463
868374
971797
31639
849861
853246
997914
493956
66045
537427
386634
980392
506269
583323
62588
677420
287416
375849
447426
601465
670392
885226
532971
387153
263342
29198
568802
559564
521226
684816
86067
525485
219430
741860
700142
806560
77628
177597
922660
748498
982393
729208
647246
959661
564201
972328
191502
781487
694289
918142
972429
370598
104155
807253
648195
317514
523756
960152
605460
116470
215058
153361
750040
16197
60825
815310
994995
595013
201916
934322
25315
841499
464889
767381
234777
210675
651581
468761
194750
785441
600191
700234
928662
204441
173737
518897
766850
816071
419056
7670
900703
121676
83013
258095
107468
490454
424931
486601
433226
525275
228617
389393
56636
644722
68866
601952
984909
117198
722847
791585
305840
402007
493703
483456
785923
796647
885925
254001
75469
890206
861311
373978
510630
860258
552679
293982
437494
658806
374666
364487
345557
68918
186789
150351
176210
23788
400088
414923
984271
908051
65171
839669
746634
477542
548909
573460
157558
623267
319891
764810
168519
185121
212957
621370
127949
173323
201788
302548
392632
159608
981584
343358
450426
331304
90710
538208
972298
133278
89983
604876
15940
101077
774939
3849
531501
775584
363124
802811
684565
728225
985144
338800
38357
930981
346829
846025
933496
452891
652105
375683
928822
468783
333434
801761
5531
992968
998367
655416
471815
611418
245114
712854
121614
611752
602621
410832
24127
837274
22561
893799
824642
867062
852502
349782
802331
431614
404181
664059
624651
41510
251665
278559
375381
306417
126091
725028
186206
382055
483077
499274
405550
252661
629070
743966
211603
235553
875132
298623
407012
78696
205048
198030
837091
234421
479795
274418
679932
294464
123319
464196
107754
105474
319896
9566
288569
249296
294281
886267
14182
1435
848715
91531
12578
194307
475199
561110
242421
925779
819293
421898
354560
546845
257853
267171
25499
582515
974099
628533
158044
522239
480696
603481
47289
298304
919459
875570
699781
95010
808438
467803
964118
448504
307124
365999
805576
966552
326097
27252
958554
830675
544546
941732
938997
716303
698100
996698
758029
923331
466936
950614
955296
411215
771804
255149
882844
28662
903540
824336
441694
13753
994007
224630
734996
142481
637511
72361
816835
23880
954888
736170
718180
675060
328657
377986
550570
9937
237344
855527
261855
687226
942376
221447
141804
376644
37222
297651
768247
551223
6226
808619
221863
451690
984176
219138
117507
960762
651397
209070
961784
336102
666087
171630
497529
450314
46318
111448
337985
491126
196039
303102
162484
367147
127142
781884
607075
904945
59291
725025
76590
498456
12094
472824
225220
371081
244101
450674
542663
231815
943348
217713
497674
813576
325427
258803
233916
318058
64251
432281
663134
600148
442154
776019
829936
135594
119159
621355
36138
661932
991359
163818
147558
882540
714174
322282
594843
209258
228569
23674
693699
22669
381847
124711
181534
759360
187504
409517
27280
18407
83006
556474
272294
160189
785104
894811
404406
463564
725278
360710
430052
531591
172118
42179
215105
891015
271253
796855
794445
527201
78449
374158
864605
462816
565811
895428
327064
220964
1442
927057
680411
779350
543354
770351
670909
911174
344764
723913
661484
777636
406623
475009
134646
941720
121572
603870
93796
381502
353543
179985
561729
704001
934225
969378
865592
715539
439498
317372
757019
369030
947084
519249
483200
377866
463027
92139
476486
313220
375793
186385
105909
53639
482174
628882
602947
538353
140332
770673
496435
490276
883928
510188
481816
477536
321021
935019
126136
502010
807650
448642
556427
841019
751092
523939
466403
153112
354414
381731
942373
877897
518004
113575
872181
383048
5376
964395
25584
179751
606899
366062
626707
841806
305933
426110
315065
243600
183416
384475
377665
338218
623487
373451
786702
431959
600860
824506
801319
654995
539886
614667
747071
736426
116489
416831
788304
57723
251816
305280
596768
828238
845565
474699
854054
231887
94441
236024
944965
652199
893639
28520
50167
808310
144227
228554
353413
397358
499977
477769
701682
793871
580791
120662
699704
768379
902388
443213
860842
241845
43450
411783
517432
663482
790414
843067
245329
68348
374897
182545
531363
380535
556718
454341
732094
1714
728660
634868
482134
103188
94462
482887
504167
43873
620430
822841
161971
15
710712
355142
824999
384201
618490
700913
764764
642687
187242
514034
178681
867112
556327
833659
767413
915733
641841
299430
827834
503027
763861
530813
864293
640861
620417
360741
702058
761820
677174
670439
288149
497724
107866
210396
181419
897548
723373
853813
566191
765873
460756
659173
199744
185703
687313
636267
374559
670870
427028
29439
827535
611084
37738
214616
247573
501853
871508
227160
673887
945300
145907
392341
981569
47445
539870
196869
781658
709137
413910
502981
607061
402532
315921
972038
58187
383182
956594
694165
315718
986828
933530
127237
192737
979986
142616
919162
827147
602856
575292
323797
881578
655390
20681
476791
316316
878253
422984
985908
834968
653164
594873
355670
8179
94443
906469
128395
568319
915632
720399
545004
952142
689484
928264
434986
436116
652824
168034
530391
597802
788817
985596
428367
279919
943949
874749
53697
93641
106522
205980
593245
594569
708594
39835
299036
4333
132444
155795
774695
388414
425377
190763
874277
180122
663529
644898
743908
817036
419251
162956
903651
925143
333678
334682
337017
97426
314742
78161
421350
732781
224238
891165
71093
367121
849974
411071
908746
261862
511241
357601
681614
853038
980214
846794
64755
962318
497977
958508
184230
616749
16694
887195
709137
626741
435345
952408
578889
959351
270892
289100
508443
525419
922366
10704
740526
201685
645517
145257
586517
224258
658184
732689
262324
207729
459203
761648
650251
257167
984783
664426
928228
643867
269877
463057
489749
690601
479439
794235
849971
800322
912516
731823
947795
126440
311198
610745
444350
450935
213450
790173
970288
769766
56427
879976
517453
282221
637530
750562
866465
375617
950783
472287
980882
868539
8581
218100
764389
667095
526205
119879
613737
602775
522577
552128
150788
342919
24802
174492
634584
462812
245761
305312
71441
478774
158407
569194
83149
631429
450642
81762
328169
317703
713820
973456
381732
90671
440057
944456
663795
567393
598893
548096
839329
539482
882791
672002
993503
159405
755166
487676
480431
726184
455623
748085
70185
409429
193712
558618
320297
114972
441084
714103
352534
438342
453947
741889
592463
351324
816037
414671
808051
919022
900980
327529
586381
294703
832475
172729
372763
257662
670438
541087
549242
48832
543151
440288
936111
188712
685498
205438
539540
977176
319214
293794
55965
543905
725169
473782
197574
508967
521694
216015
618523
491424
129190
467336
112931
403899
270016
530026
471978
60125
713806
826439
769578
156742
715662
69222
190549
807954
992121
68440
202050
267484
870140
194217
482609
514237
431312
842418
725372
297266
942840
873995
936861
949723
584534
985759
313622
190304
331883
122904
962305
333230
819178
120248
869172
554655
79095
687305
912336
184760
426497
336045
739751
859468
294648
216719
473671
191933
295277
326394
429223
227618
304134
876104
13037
342020
411866
182002
197338
785475
432495
398343
331859
798102
523853
308216
578637
62640
551230
646352
532563
913021
596901
697600
514807
293899
445433
399896
150163
346118
890524
687634
91003
424156
318236
370313
735041
998527
670149
444295
276899
746697
612448
375099
633877
882873
432589
17737
891815
195675
424056
77500
225556
812038
514811
654487
169638
638655
660816
424457
169160
387131
198641
971838
366570
270786
675150
280146
972875
715183
884074
499488
900070
111188
616787
803321
846587
900602
144060
872689
412024
768326
604536
109587
186948
565623
185813
627316
181609
787147
650387
675621
913627
188417
147392
773186
22633
121530
473329
192615
418943
316409
106271
878722
8981
792457
445147
696004
266488
852478
545071
170801
951155
211603
668051
698584
958938
840178
265
633756
553522
708179
854230
450160
135616
659324
223901
308897
330093
593958
909209
48269
91795
84096
395446
144753
389926
282637
435725
999904
931585
754728
18106
921680
181964
376552
721052
326287
642632
845598
763625
664339
283639
134331
657835
755566
16683
843343
68315
437920
832425
638508
457560
636806
983416
631145
772420
949809
769804
82498
468284
991122
78026
492701
467570
569041
896056
206631
749352
630204
739331
375133
402634
694300
265835
234471
15209
639396
1807
381726
593552
875011
205136
609134
310277
992921
690021
895959
108445
338757
501051
666381
151932
588125
626695
264064
841129
426423
511273
642102
520906
935396
748094
869843
696704
844349
1986
175739
91169
888725
828512
953486
634574
414350
621081
560786
724209
917831
251788
777711
7766
333747
93223
527635
131938
258629
703211
118
502452
280775
21269
360503
523286
299274
908590
445669
521631
726520
450161
702363
246441
579909
649620
48067
156459
832196
977909
613627
274610
15510
525154
925268
589761
313213
653189
824375
897665
164046
253290
408930
66342
389381
776239
585616
226721
942002
380103
912375
863803
389906
12074
153003
492885
933049
285789
779808
893881
766378
925721
609484
337756
370953
182299
454315
912498
156007
851847
40348
676846
224829
560698
963881
438101
899381
254891
994148
479934
673505
369596
689708
150504
484174
525539
880463
389624
696627
767919
2377
614797
856580
527930
122475
159042
194084
308586
79767
968831
696247
832163
246120
314620
678101
24077
579438
511508
791450
536765
494678
395073
575258
212290
395305
481530
539314
265359
142635
311206
189690
911232
883235
782843
730646
787722
958075
52152
622060
110852
980157
683643
877871
996556
538877
820672
137946
189207
199638
38326
278777
863897
104332
103807
907617
15757
715345
144197
881408
210849
559331
189364
455951
695554
974290
909335
415204
389503
6367
634642
938147
707292
626368
287417
285333
251958
820929
384780
213393
589198
975684
91025
664790
870131
344873
616972
173819
674768
365193
415196
762749
60176
295067
692213
140856
579177
579065
787637
428785
142412
838461
809061
563472
479143
440453
658255
857643
265045
985751
962359
14588
905508
487069
213367
721589
899776
605713
653498
795050
449664
496308
391125
95277
740237
389495
713533
702584
233387
67005
769961
397378
318693
49528
747781
367220
118425
222576
301839
560309
626077
311906
393810
249378
322445
100869
164221
363609
26611
542696
925728
654772
915473
160439
844226
365652
16205
460956
77473
673043
792314
262273
90055
868827
79679
501620
557957
266069
688422
120612
874703
11705
343043
748168
159283
757124
333310
661983
865591
554568
96832
574610
943055
90589
507254
572917
688568
670005
596613
845100
226292
121997
778186
485354
777378
584256
796620
927573
15609
658422
347521
269766
737889
296249
538745
86380
569134
116584
609195
452367
492922
411524
21403
153842
271965
304423
985252
596755
184011
446677
468903
204748
352459
556715
156368
767259
420944
981044
557250
81855
979830
180571
85791
909433
857690
182970
765621
763890
557078
625617
352136
62971
187864
509522
125048
880046
347101
769304
300047
542196
390863
328632
534313
672929
448377
253680
262016
781945
171811
636477
403668
474518
327055
232264
673971
784545
285838
883712
556202
299005
621631
969411
358088
338436
364261
448757
130187
322537
189668
956339
573738
507197
623960
726562
702142
205517
735059
829601
496782
402280
497137
426589
403125
881022
114520
340546
625202
991459
954065
478351
722124
676147
108606
646082
368032
881680
832823
40563
779273
587591
225925
123709
481130
647825
59322
368150
54427
245045
139243
342592
126061
425163
754636
723800
933788
853403
714726
325708
787408
559267
48119
585322
725264
945783
289062
113491
128900
631235
355489
886734
608420
725292
463957
942201
34371
54997
823881
280602
84466
979646
535000
599955
911698
985606
67657
727988
737978
458257
760844
272811
562880
508356
859668
444438
346472
806765
261963
275193
971559
416704
502135
963211
359442
815868
286887
666411
29224
979373
852249
663920
103864
782346
99180
512477
583601
172670
340796
287283
157700
630532
997727
887073
144056
160747
374267
630551
491850
788985
103234
622200
869694
554284
584140
80750
445062
346523
120719
593431
247630
597180
579389
109341
10850
23487
882299
655331
826685
719895
157881
434075
268463
623320
427506
974964
925545
960379
180610
630449
747560
32895
937631
99413
48444
616618
275829
513466
666996
431278
234978
99906
805544
771366
949387
322980
357923
834559
42329
842792
172139
962996
434964
443438
646317
687921
877146
472679
30474
414361
468667
730471
490424
87587
126196
889491
688406
562847
312775
275445
921809
125079
836211
999278
904236
255568
325525
129227
297135
826928
744859
974960
207790