145445
49238
408752
177520
556159
113647
933926
570352
169314
487979
530024
483527
432201
761387
942836
789581
560741
656158
341623
32740
514401
320920
15464
964440
991809
479371
818033
39730
63331
765476
160647
320154
547368
329156
966491
541926
932076
335577
857960
534531
681584
116249
803117
562494
379801
627035
287221
407600
354577
989714
57105
872644
538636
419814
156584
168038
837413
202928
44325
620170
197478
319570
161422
430358
327463
286385
731957
687406
869197
423121
741767
892698
266676
350027
531073
878805
732775
851309
765635
68788
254156
194798
635709
203568
762205
417036
62918
606867
448849
946116
427275
135291
938585
704494
755172
298830
924102
449330
60674
791675
696519
897643
488901
103400
341328
651158
397290
457086
437847
178422
9505
273613
541176
468104
192957
435228
120313
443806
507525
180817
450215
989019
336935
765241
962719
949322
788428
482229
767977
558555
898567
42690
664254
700154
482855
342883
43882
945101
640811
126957
209036
998347
267285
609391
1979
937844
139479
545723
806147
732848
121450
302037
722829
920904
956542
189048
141404
191547
808908
808767
408627
129918
333383
843319
46485
597908
244400
274878
612644
595269
175113
283607
178411
535742
69985
104590
602935
597060
234190
358850
674976
199382
881977
85460
873765
367711
891859
19371
904309
194453
910502
147233
723210
164273
872518
371277
412976
215179
611366
133485
831012
577297
705222
533744
249559
3876
174730
73502
184402
548751
842343
982181
917235
164388
706806
952257
994901
626869
166123
353286
986254
118636
276255
439181
302162
425416
796617
588985
524532
495476
953739
959077
633997
268037
454184
1452
379253
720080
208020
807572
202478
141094
950948
180439
611617
183982
503525
191824
199552
434909
629832
690367
809802
805844
357370
743033
178733
675285
108754
674095
11973
238883
525668
663640
363266
787318
855155
781054
241705
604440
750531
789794
71089
701919
421771
393293
383629
86471
96073
322229
416905
478892
403312
352328
735822
637088
266557
926872
604608
248495
206568
769122
31494
168941
467253
798204
150889
536183
885545
853659
722901
770831
539866
337534
551870
875854
968992
655739
656732
599173
770023
860132
865942
655092
152358
433494
818813
1190
192938
791389
653039
100455
470092
766215
318108
9252
263361
666052
951589
706141
464912
797878
215776
886729
533086
703003
777080
978950
439845
195604
329074
666554
113091
954578
983370
136908
265839
89308
561019
403001
711174
906943
384414
776595
285124
443730
731818
507868
917646
39908
187354
664763
880427
931525
941676
756185
283411
987694
803973
341531
852640
449997
75506
390844
958113
462961
416585
59206
677070
453775
204014
985836
432277
848047
872049
789767
367827
990774
71061
118571
648990
355728
40556
148774
210687
116665
876445
89812
947773
776105
220424
799330
90580
177114
271424
114909
203013
309111
888887
77302
358215
444003
822839
340756
64987
789154
823116
533206
910397
14376
26048
629924
754102
863292
941182
784432
6030
224585
317272
883471
804767
387201
445540
205550
902021
601454
247553
676658
667826
799895
293239
993328
458462
62859
637501
246406
15067
687181
896276
372756
322310
352860
784912
771355
861722
384221
604470
160688
287326
35175
54145
278300
788991
812459
401663
509459
687352
654398
813721
289359
894125
805701
592879
871689
213336
137788
94305
564884
649882
185058
777963
503574
563699
469957
296104
963235
163661
510437
778999
517047
801267
959752
567611
767824
52127
500570
495804
306854
461488
51966