931186
198207
718319
554571
881058
499947
230046
617821
991138
622277
135094
801422
41297
244325
553295
369543
619528
548444
906795
206650
449786
591466
495650
452151
922432
624016
673741
7815
544842
654813
878221
707533
546345
300002
297934
322798
669507
232018
279687
992313
258860
348121
666047
110421
118568
115672
134235
186600
252066
419361
262982
697046
519623
635052
492647
489411
453823
585514
363645
873052
958351
495297
419190
129685
382062
55092
940613
813116
508136
230412
246963
871796
327277
505020
635336
324178
74207
836506
164366
944460
898353
719525
390523
175021
712449
401678
855333
271954
216894
477618
591395
511353
833041
798949
165999
136548
295212
880578
813427
610313
949074
758654
20448
651050
383115
560848
524270
478294
880312
886684
58204
670389
318678
463741
337473
45997
572246
445017
716121
21120
168120
143372
665696
964622
940600
960897
727319
177770
689976
764214
871047
257095
401445
981121
259837
764931
408697
249690
260209
328253
997080
537787
167646
514004
332843
269204
522004
87868
277824
141957
76689
553493
603026
5017
455071
190449
349901
371603
278598
161772
604757
890379
83285
645693
749539
370270
654739
361219
331357
760314
506599
303524
53474
822841
103259
982620
32078
106475
84953
967599
385991
224830
191771
78760
430607
377470
802901
141208
232665
511591
8346
816104
49090
516061
912632
659458
220970
363862
433461
223471
422853
174651
203015
711663
777890
756047
305572
426605
240954
300460
492351
7830
824710
563634
202946
247560
697740
31795
192462
93161
919126
296170
814429
297790
590560
96827
41797
64468
504844
272191
121801
943871
948785
156270
355196
192413
178816
802508
866362
774732
229296
781383
387971
203476
136270
198263
22425
449337
363598
8685
661966
225558
203693
670168
250358
53687
191713
662804
351250
651126
119921
435309
551832
346083
68004
888857
75086
421806
975498
597953
599942
519527
674100
585767
695861
488328
970444
620734
466844
360188
324066
681935
969601
449738
900615
452649
721574
930829
296971
444653
146754
625762
32781
630253
120697
158102
982028
264685
870874
66263
278604
918468
364455
952622
871446
607407
972886
251658
827658
307412
641050
740719
686151
71921
8566
488232
649647
431649
931741
536785
169549
749547
636909
252239
525985
728270
299396
935107
334460
323100
187032
986702
520891
900216
633159
650109
198408
598346
11267
104817
52152
501234
571890
483894
292400
409072
472114
203866
971711
708893
579033
850007
478363
87147
660692
743547
316242
602049
391571
232311
860395
938988
194353
692631
637863
509171
315716
207889
824976
419855
691119
897837
75144
243943
92002
912887
495312
947355
768591
178857
574561
294532
302425
80184
134951
545576
664992
403411
922572
282939
542303
27811
285838
761260
829993
46253
498441
260838
829485
227025
675962
543409
82990
986035
907995
658307
973603
328934
181753
27742
186471
543923
908449
951860
877980
778589
380381
417402
932150
17890
284469
368184
996891
395443
477119
401322
87508
216572
585623
189983
420806
549091
642919
801659
800401
746611
885375
480348
312277
809183
47369
391692
309399
57375
971787
292047
665137
198436
122169
75607
57501
496977
630068
678144
609653
427633
840305
871556
556891
883487
927150
70360
736292
741527
46055
389415
602385
345254
658424
841572
160767
254548
121001
744629
681230
434226
366811
118861
303006
905229
521191
99570
676912
766203
594305
163524
602703
408246
970615
273794
214617
691899
276170
884437
644116
832989
346144
114617
246025
752738