861453
130424
695860
945907
641108
439390
431740
24781
949790
276930
372826
450836
621558
775760
657624
535233
62515
983329
574267
364641
715226
61361
115440
128091
735200
113849
882725
564386
457036
815209
316085
175731
139003
841284
909691
726795
508797
655767
459208
167913
721949
980439
140591
123131
103166
732182
926269
223912
882529
81250
812742
553273
480643
632762
191002
832229
789603
715502
713431
185399
952610
618962
722008
748766
855362
734046
472907
820497
270481
752421
226081
794908
900703
270640
429214
201740
229866
815095
114256
364531
404699
190715
413788
630553
660329
821635
482419
547839
296860
117169
650532
89361
166636
867583
387788
147815
265864
732059
509288
987320
561074
979293
673547
553500
192583
379297
348203
388155
54748
10438
588565
684247
109893
968962
340417
358708
855535
138463
654144
195872
888557
507541
277329
94114
999440
811461
736468
318083
785134
250128
513686
321331
356293
723922
52107
525658
169338
628158
279577
839933
903162
596247
343248
876104
873409
899401
321080
29694
582265
146402
504260
633978
871034
287920
435874
727712
335728
6391
406580
262822
45275
564751
267928
580728
33967
475480
232867
875981
971035
726556
377261
741764
759015
11007
660358
456506
772982
733861
204935
404779
766123
749024
564099
553089
376232
883284
30619
271870
601970
372266
968176
44867
725616
505645
38196
332155
581266
97156
776218
435367
791055
560652
365164
965894
232454
501970
218426
88096
597766
898090
404080
757231
130089
239086
424257
958187
779803
464983
92863
151217
677944
26545
571789
706255
888980
687102
148524
519982
787796
377642
819825
478172
48313
321189
565079
400181
916157
517282
201009
338798
610838
987884
33784
308990
112023
464608
685442
902762
513846
817419
723924
508267
682280
412320
206734
494909
409640
93334
639556
594823
617303
21788
76846
369250
21246
606522
27061
881863
486511
230918
271021
488026
45385
424703
590626
450317
675097
723273
890443
709362
957597
214469
913564
26081
144869
462796
474103
460354
620371
850825
434242
1592
565249
142384
686164
920811
136321
733343
53128
831664
997183
942223
512436
219990
788995
620150
943092
418831
615251
323197
826207
189113
559222
145561
622684
616520
85971
413192
583565
938258
953079
609386
556072
63287
678645
420026
787303
102827
620199
800679
758038
330082
564755
640979
852233
364182
932457
234535
311024
565304
212521
290257
741635
569329
2850
378523
355735
225363
514901
263529
635923
789537
700408
757391
370620
969591
796813
849259
495960
420884
150888
990689
606610
664974
865317
769841
555664
343135
107813
622939
595196
91968
774488
255609
518222
286599
708575
801170
953974
220945
758018
227597
44642
967163
762058
363264
546732
527690
60157
174949
32612
8875
747444
907053
873013
337428
659738
617647
975222
135560
88387
215033
658575
68730
152102
344263
492166
133257
978681
674194
461349
81962
48040
922623
465930
677284
278513
391160
550411
801332
803807
806744
62275
283792
531488
707520
53182
66248
538565
294407
362172
330121
181462
6158
88742
562428
310224
149297
500171
410059
949565
594841
584596
83460
518893
497518
318988
90774
900246
53162
354438
319031
566406
509513
188650
975464
498944
221980
889760
405712
385979
817149
721496
278149
562547
112605
120051
381226
496425
571193
805393
430194
375678
455787
239800
469827
71208
439197
578397
186869
678350
50328
711507
514233
830918
122042
816589
248599
338152
110278
398289
478095
845135
925846
885372
144289
845100
709931
417964
846313
30854
781605
592909
747042
865426
152526
508612
540619
729642
346576
473265
295526
314862
984519
229797
830749
365108
84081
150688
89344
853484
263234
763525
85609
225621
553877
572828
900545
795094
981756
228548
613083
66810
749560
829235
633917
529099
508932
168747
513600
673545
617932
950844
209613
124872
409211
536176
672839
743011
782705
838294
993543
400416
564308
583278
276354
900002
200446
885550
344903
750661
348308
150895
767333
566746
327094
349751
383594
862015
728722
697635
163654
980441
394771
250993
610829
574640
638520
671592
50267
370984
557951
416996
534993
557528
688319
5378
458942
735049
365013
883556
886362
521357
167478
979937
905580
457529
577636
105164
97099
415360
75004
785375
397633
20397
889579
693061
263755
686588
808449
656705
660157
80278
560478
119102
39170
359016
195401
695795
938433
364895
301919
531634
681564
992514
297384
492302
621202
903019
631109
956007
226884
349411
879494
968020
735893
850649
937368
442795
268906
52991
827163
191599
180176
707842
235794
447895
816829
796835
890932
314359
131759
80631
222559
143885
792561
111095
98732
15147
654588
403077
749085
306044
805498
480124
8755
541236
664358
810162
29212
458968
436751
102093
446666
172903
63930
407167
660511
947364
921319
817951
349892
141761
688108
758053
530329
878889
310654
740162
265991
290858
638415
944474
400305
185598
781457
437023
12936
790517
860568
245259
857021
969088
204381
5625
772562
312284
933214
718433
86922
841816
916707
623918
125439
894021
59868
107518
339602
85818
534055
829429
712828
222849
703149
331070
578947
271906
106028
314464
280585
370953
290255
755320
536511
124822
803961
936857
378870
957889
54240
532221
757846
516136
267734
981926
736359
139191
756516
994645
92877
668467
431759
323622
704593
368163
95932
245766
165977
228571
443567
787027
392314
3558
276015
184014
825060
702863
359366
871935
991740
631628
345317
779814
348039
153352
191524
772761
338753
770700
983654
893823
945614
561865
455578
99495
979656
311172
208735
459014
951479
596510
501951
365451
382430
451967
338396
548833
821554
371039
234601
709056
451174
253041
17551
17072
937505
696492
163823
131996
660241
762807
834183
536463
216537
416112
827694
26189
732262
300440
136249
736400
249119
422239
666432
502238
879291
233928
558139
330627
955436
712441
924869
545393
150457
562658
296067
669488
317033
229383
788894
279043
520283
884587
511787
822873
285491
523611
339884
570605
584239
733972
512240
441851
138903
954002
122773
419550
539155
515062
710830
603339
745174
618578
68607
722788
459256
715605
94373
203514
505506
387406
938387
488482
809250
212382
524791
59698
262431
502591
693690
977049
803750
973034
555494
192728
432866
722410
381923
786785
744299
900923
308250
7370
845941
473246
34875
998510
722537
107388
998169
122592
599440
383412
770226
618445
341036
600771
912333
264749
751137
125903
156028
573670
643728
488016
779777
406781
40133
427292
195853
989625
372614
378637
157411
177622
546572
803536
148060
484771
308558
304525
555139
529721
670776
449134
336608
912088
327931
468367
539026
928223
514878
487872
468309
685863
312882
685689
946084
286526
702083
339867
423992
477691
118890
509663
597358
982466
875871
721565
586054
262358
69164
370875
390535
907158
709469
440816
784577
454230
696340
58484
291115
292251
40568
832774
358442
996594
164493
297433
646195
244525
192288
576540
872583
540155
920281
968357
802717
537507
707250
120761
752222
279389
529031
586234
661450
201037
32579
893038
531256
57693
344890
949223
922874
86838
70294
41493
469855
677210
517800
383460
193937
700705
206688
338963
306655
610893
31576
717203
863126
259212
21770
440855
804488
826059
840034
626046
336878
704882
123695
138651
515305
615487
603122
38429
255460
300482
64025
459680
860694
448818
533638
185423
82340
385963
816647
993011
860067
165125
41131
109597
831291
176978
620458
540268
370791
327219
111747
296892
300120
797079
102371
491371
521145
784594
789185
876169
25998
341782
498887
416795
854646
316048
435242
954764
813903
534177
161306
48625
258424
112887
700117
982135
612338
121544
995031
71788
774495
325419
310828
20518
244269
346451
558501
429076
997644
619240
582569
923039
768986
399235
361251
923132
560033
845830
717913
851473
747702
933335
88348
174785
54530
104119
110683
321622
240029
786306
647891
227274
413462
618245
765474
455410
971791
200695
500345
807048
465925
52118
626670
123283
955502
963103
279153
639477
577019
85866
56663
883985
286909
577631
132178
500887
291172
75865
727426
405229
576034
148629
152292
142267
198125
200598
558888
899603
970852
15897
249249
653692
388937
292400
717462
371034
589868
708990
749429
24763
118377
446350
948007
17600
697608
564240
891455
338790
463874
580272
234123
384560
363363
796756
47309
898547
208651
295859
44164
732925
781262
979597
251811
996195
760955
653450
450915
905830
286138
608883
783156
789057
605775
803143
369871
193234
653563
525627
194983
420194
74497
805650
684733
22739
670150
518612
989331
219301
312977
708334
477112
804004
284339
195046
67650
105138
511680
166520
260314
568557
416507
142290
514993
975484
745040
596905
241041
580091
961338
470070
314126
456577
968453
90897
166811
777290
302061
410664
836472
16966
487590
297308
861705
693181
200629
24440
692866
30685
146619
271310
494079
855841
739538
382000
100016
347488
593296
571912
382386
287728
11369
26901
865464
83637
648305
289602
49320
519689
408830
215972
858690
346249
229996
223313
789563
985594
511546
93335
993704
394199
816529
227104
497942
547448
2213
827104
254326
437728
137780
510840
793973
181219
925740
583595
727274
357234
534505
19961
818281
600709
255644
84189
946229
758884
92167
414112
812177
452881
186980
188633
541303
406037
41382
19010
476002
968614
701655
881719
83142
353265
833824
707341
466656
253834
399207
23820
646247
470318
588050
470027
45858
683249
606891
691559
525523
285576
756636
573983
290833
695989
156953
432207
7603
302283
281628
148295
617768
341725
624460
662728
905508
791431
72759
303770
313333
619160
720574
644748
988852
570395
331216
186890
398230
241088
176654
750164
309922
564972
266254
707041
942781
212954
785467
217295
576801
458604
876570
754309
840556
387410
643815
485927
980949
877397
256158
497525
510777
962625
585429
191681
633875
347053
942790
486602
809611
890536
953195
295418
790565
83458
378370
53049
87130
927796
908528
34988
270788
406701
601090
267662
314226
916858
843278
99433
232731
950800
669176
514416
85040
677881
409360
235452
780682
621914
71513
717217
629635
969757
328549
977261
241952
882111
556316
890108
881324
660727
505179
30779
388256
397058
236664
329591
281150
640839
349284
759009
807676
468396
91050
417953
70942
495285
145108
503635
258397
774035
691308
240674
518659
336529
134816
96896
271448
603414
889087
11455
93814
994072
932704
902159
308729
642270
760737
595412
880531
68079
359501
821731
697980
306716
590231
365530
529606
246183
502083
103577
70926
135055
387300
235105
251022
479097
714496
549127
367120
357949
877263
905620
834621
210314
631330
526268
893908
910454
903201
131193
366070
653029
592493
345092
617821
951829
573028
53360
329389
86597
539010
280995
828451
834240
454692
281393
298922
780042
86825
641046
185740
930853
114417
159760
985605
495040
138375
59415
417460
250173
517467
465594
40555
771358
416872
753496
105509
350731
114996
575607
628247
438466
953270
423236
643679
384347
10193
122984
840601
674999
860735
299971
191953
906373
703945
49991
941458
212016
859314
86772
314141
810729
187828
169515
773109
755532
689186
281265
200535
35377
931372
86723
406920
841234
449025
179857
300102
913620
563471
275352
516448
964404
243813
543263
521250
550415
218554
838541
50408
90317
279111
858405
137235
532331
749519
319840
847834
176357
434815
646566
346168
908348
630255
361640
219907
4649
965576
376924
885021
138590
823169
906838
642115
405621
85314
468224
259523
643896
297065
872374
12810
352780
865066
542784
368027
546106
848848
843821
42268
988379
303011
534536
63179
850208
735650
28346
95374
320955
17200
950524
178215
786798
675531
503734
587782
105262
727735
438457
462776
41395
300217
159702
332286
272863
926271
82969
851832
993032
677661
231205
291968
182884
217778
729581
201940
406736
411497
410892
71083
578301
696987
706690
538088
956535
299474
224972
712556
577427
408809
823007
44358
213301
218255
9600
208389
705532
197290
521219
569711
3658
100695
708766
232074
206643
835600
56873
416599
879617
792039
364916
911966
68130
21103
133253
92517
442863
36025
622828
432314
667545
275836
350213
853296
513266
892238
953290
645350
981141
796687
991698
553090
482292
440933
233514
324989
339196
231713
5710
832088
947943
340224
272645
947373
926493
289870
5398
263648
320776
812454
53226
842676
625779
597588
661504
783674
429149
265115
826630
420580
387808
556946
148891
199479
280889
755944
530079
348703
319539
974985
162099
384156
209525
616217
612178
122651
934756
371038
43147
826335
592758
804410
968410
475422
13333
104917
381794
878888
10219
299353
650634
138434
435024
533015
231409
182033
530254
608711
234191
856754
545805
686060
774121
868582
769376
524886
522736
588651
972458
385409
944311
587942
642542
299931
833808
60987
340083
430819
808066
146815
375952
309869
26024
790917
222105
496706
626921
243861
811878
558372
825615
711419
524348
762094
740998
696123
715291
587866
173108
570978
380516
478173
789487
216247
204196
637933
959967
6161
436993
228258
827122
239042
270271
290554
554741
952689
587888
707831
523414
102534
166966
949219
85427
974078
728310
970292
571422
160414
607899
178250
380784
326211
689156
378132
469702
721432
653772
413971
507741
812450
141619
387447
288006
841014
828205
878117
546565
319498
332551
442266
643340
722984
782578
1385
211919
221630
320046
44512
929092
705939
21332
747145
165113
796116
27264
526284
486097
922636
718169
727794
794076
275059
136638
963588
152658
606109
322574
309522
916204
495379
802452
927567
416928
282367
96718
716121
173431
96192
315736
477719
500364
578142
385786
496508
616547
865175
961866
123112
190499
281176
153727
312621
869169
106183
650516
171374
584875
539005
574037
762020
332798
574225
448970
584570
303781
856144
31485
501016
72639
404744
548456
88574
579915
859139
495168
109254
536386
799761
666200
581708
979792
554815
358388
608105
426929
208100
860267
24538
333861
570137
988343
392447
461775
486472
881181
578432
684464
410589
710579
707914
296826
99226
622483
849271
913108
532743
832987
860236