374774
869320
584137
15455
249513
748792
935890
289337
100975
312889
829973
7136
548624
250247
5842
873999
929124
974429
124641
864247
264225
719359
283811
343473
838156
987649
6459
433814
830129
841611
960169
315782
885989
66749
864001
90713
732840
808852
527833
289802
941373
888330
734736
108850
722922
629213
724981
972283
211699
705306
369351
85633
27410
202235
729773
222621
39428
821711
596921
111131
160917
913083
767252
431760
689788
807314
276073
623333
183088
749792
538563
401648
102398
580949
367301
140903
500058
197408
132663
41655
829480
741465
911607
314849
557582
412966
330663
448339
633309
775198
950589
990505
23471
435192
462970
184993
465565
18880
673170
221235
307017
432839
229379
827362
801227
506884
324097
425261
513034
245570
142272
91936
549693
81712
659376
127030
178201
721281
503084
113235
15750
396638
983808
974519
387342
603783
72189
686488
633073
689405
55763
973883
117300
974747
842355
542107
442906
455887
394363
132861
906085
503804
575945
968369
540569
402618
774229
954336
194913
10734
16000
348709
962463
307100
942943
471461
940832
93621
931361
430033
736215
664791
846378
765757
347562
826896
406009
388452
66637
251684
897068
159593
812219
783180
32744
8848
880130
981378
70758
524436
435580
882811
921397
544681
200215
685550
866295
396310
693540
824984
681695
74431
76835
696735
414022
839832
117415
104402
790964
421096
42075
362320
267824
252267
80756
867340
6812
951141
314984
868658
665986
548979
40327
111028
734951
819314
228119
4203
296014
421707
828895
980273
512312
475724
598499
740584
848591
611051
847504
165210
15614
501599
15609
760515
895798
384599
254870
654092
255542
90119
269109
311445
878782
662074
501576
345034
866690
738742
388914
13869
240013
478934
806697
270609
653416
969417
20295
503181
985283
729806
424539
439198
801785
143102
106655
34010
210626
383181
799123
547019
417739
684980
102645
425905
379281
608764
954087
64715
301656
286798
190264
979311
383880
508891
715656
452434
119454
902710
220613
240724
679017
395412
616341
507282
380403
605060
353945
745926
19330
803463
577007
97075
881784
616481
620682
120226
588287
683505
714997
784291
530572
84739
876042
164594
552799
463068
875932
94116
702284
416720
870939
806609
328842
919584
736873
430511
547156
237965
411814
45109
93230
55724
578484
894190
903800
294156
832049
267477
326698
418639
73860
506418
730507
860973
247618
568436
423454
554528
691671
592547
214334
478710
319642
949288
652354
539913
561286
329178
968156
78073
496492
526487
4857
781052
897521
708870
975814
813552
958102
128457
714913
522876
332683
426295
195535
170786
735152
909559
485952
758880
753550
439747
981770
164313
725765
860119
710111
483345
490956
211911
735607
692130
582390
341416
214869
477320
959636
883799
443921
363449
691518
24544
322249
69766
95969
885759
17405
366067
718881
862042
255732
565255
191308
739464
587659
189763
442812
971215
180042
279652
968522
54781
173469
272102
848393
558036
408965
375163
999428
975439
376449
883087
705076
260551
566355
936176
810752
577391
16200
815038
100408
540674
735481
977285
276292
973776
865131
694116
652538
3299
881868
324917
142925
130403
893116
979896
374144
771621
84798
563954
788125
645636
682125
969398
410453
297574
362625
490769
556641
998614
921006
371976
123990
236301
127047
764077
273993
19695
140548
271482
248737
263555
551510
695002
784447
587037
99007
542091
86337
964928
388890
367779
611116
803216
478235
34225
967009
175844
23612
532480