883537
603363
473304
489742
856128
208848
627341
802195
522885
209453
906864
929212
148254
854226
309846
311480
537179
168210
574157
651440
618133
420017
448896
714692
377439
774045
31149
463394
557753
432047
241668
444050
300181
561941
295236
985871
957352
836163
584925
430922
633890
457505
744186
313581
621037
137334
776722
134342
783835
609215
51259
131824
132079
910394
646872
246837
260382
844263
4192
293695
78038
748831
88848
206470
265965
939399
305679
111688
195866
968041
215766
893997
625859
148182
703023
867634
347147
629432
613108
144052
97937
676053
44595
294862
483643
701805
410849
949269
346529
44617
110784
36501
13276
426406
147625
486233
115581
536568
317062
333819
226736
202058
649622
342185
386237
162634
636849
448510
694834
556781
396825
571372
554017
841967
341815
572833
796795
22306
99287
459953
910745
737383
407283
231523
789609
977883
456086
128376
966382
936849
680391
429351
78629
779804
319602
350118
395915
922631
158667
48269
599550
743027
737798
215701
646472
519506
976666
248031
471940
791330
597139
520893
489802
263446
948342
874197
334465
842373
838820
7999
55288
382182
762791
127431
21976
244112
470950
839137
128649
829043
181042
997997
494614
828928
849353
930429
751480
61497
831535
219357
179077
401916
949639
25986
406792
505780
451949
744780
132221
729713
603209
640618
325708
899026
675041
867
687137
346286
919838
250152
700470
950316
706143
421902
491878
742080
369500
358286
838907
12028
489981
18928
100967
752939
246093
318867
545540
702922
214465
987458
529868
215190
485716
42516
264451
674340
249117
607733
432564
203324
62152
966489
769100
960949
865782
941421
812388
416644
432225
916694
434231
607419
339278
78674
426292
531328
753666
740764
375019
512451
275661
939445
292676
584272
848172
841094
988637
681550
265729
882968
962963
705147
132286
986743
683369
329968
211451
629318
467052
763074
988780
33122
830447
527200
922957
246942
92826
744304
301175
428352
223766
324462
833762
210080
409856
927329
124069
635222
582618
556535
931860
779976
197463
171828
711924
847628
882621
759407
254364
213787
187300
887841
378969
630430
549987
895090
543339
555097
780593
501594
912873
361600
804290
825044
910481
9938
150223
484364
514848
605592
684883
723597
608304
162232
387777
260810
488836
796832
546136
872780
255495
532554
605751
563161
152440
862230
56632
529970
114078
234121
155035
47668
692241
661625
987493
809757
266060
729921
367865
239738
936185
375071
324982
771442
787210
944880
486366
124144
265663
215866
492541
153562
265616
236978
686875
946721
139970
98229
717426
446862
262698
981220
360173
43961
955777
138543
827081
247108
564312
770369
57801
766897
214283
119047
10432
79151
319613
486334
764602
815705
218706
292913
329224
133660
415336
746151
407659
551407
774761
159587
14588
607906
683134
476422
761774
101099
616784
89321
833978
592026
787653
620154
161651
323098
532161
925787
63636
692165
892982
229885
680936
948427
406717
945686
851747
831896
455143
451003
688269
465029
663722
804264
7431
923333
738271
149175
940511
561127
819160
345630
500737
349342
902150
185788
623295
194135
125942
406784
208793
448253
758752
595295
999058
601524
529688
994275
693263
442478
545438
168401
572717
820047
408760
462375
44273
502446
312479
194959
935134
529735
821187
571691
75963
887263
772552
370519
694541
289067
231142
557110
408817
353494
709866
120405
156064
477719
937638
583999
223926
273479
296581
845250
659520
513300
678074
221538
724349
154593
914160
841875
735625
158486
129318
812133
588717
500849
327334
903435
490784
984944
278961
865771
952246
208251
308315
852733
880618
310468
889403
858259
700311
935317
58921
512599
782372
175731
527436
62231
109731
140148
28278
867256
26369
177039
881971
289843
122936
725488
973735
418567
796677
221532
342569
676051
790161
483149
362674
991074
61117
521193
61426
881388
664820
779222
462845
489735
940798
392112
971486
343136
187234
171480
718904
364265
179318
675380
483313
453814
341845
900378
262796
783990
121789
846043
833397
795871
123094
445051
655644
777109
863854
126500
306547
811504
595105
585724
208809
838293
480827
170775
805020
536498
580340
663939
481754
758497
497148
136046
487049
277001
262373
981997
804398
680920
6273
207859
447425
358137
237949
533033
921591
636997
101184
895412
662787
323361
803474
503121
107382
66350
525652
663333
674276
213472
511101
236824
346728
74578
706432
716350
730217
804169
279563
607583
432307
432822
576528
3258
361475
931090
594911
984363
74082
572984
849686
756591
612143
281200
586311
235960
369281
82533
656293
134412
398226
279475
12063
464366
230446
452772
700799
780613
716970
949748
440992
408610
619205
84508
350861
370143
679493
878662
164361
710479
683427
805001
318331
455571
589374
661602
623485
483512
145415
400115
842264
181374
539866
459540
388173
876700
538792
915578
534099
682383
252370
545682
971177
574267
141734
731240
295158
232767
128843
970824
13793
422959
704217
662264
966639
461975
740792
726336
627771
628250
316920
591121
622236
204044
227503
33666
928698
210846
19449
384332
663566
796670
326174
639281
46000
664927
995534
97831
128541
896459
6597
243940
144723
9505
452864
724881
872849
126751
933046
445215
244255
674321
535201
990427
534698
124436
226042
822168
869134
911679
864442
945812
442985
802165
246625
41074
817110
675633
560284
367746
879036
892353
375819
111116
579608
159914
835139
215450
352082
89393
11920
168947
199756
436029
511966
649863
798627
356485
258280
421031
603125
882914
62672
368835
865853
213471
24240
122657
686346
349569
14735
262203
689233
72110
511859
722553
698758
242060
823710
640658
824504
935170
311111
551984
702237
976308
559273
542311
244148
25764
576192
687261
144375
488076
2461
870862
558545
163329
5598
864551
830148
741538
1757
369277
871957
952651
598640
575899
827248
427863
185683
682890
933490
102350
411030
725373
90218
295199
379562
15815
493197
439219
782221
474236
838561
801478
324085
134598
23477
434842
757134
154047
973971
31437
543372
723001
215925
310878
674946
376600
71836
69274
460143
341821
913788
39429
147580
719612
732190
268326
105697
497670
390189
804891
900566
617057
325250
109199
22318
574594
132272
743705
198922
333059
416697
587737
205795
632464
541414
28403
830715
148251
407874
324246
185687
326028
209683
612357
870953
137498
176033
835374
591005
448537
682680
201644
698472
167901
749807
660061
798968
853848
868919
270431
988465
995980
305053
280956
514476
760918
505923
186275
653321
592949
16223
32711
377967
694582
343165
761765
954414
76980
548424
438564
949316
566533
952030
798894
257519
881372
225319
666603
665418
650407
322946
442574
154490
37528
158025
47137
619134
454876
659841
409703
923871
701643
870170
842560
257232
748655
32085
410189
553095
304009
204257
711130
344999
241341
794068
326328
794912
949853
544498
556059
795162
673969
932572
966959
980729
950601
641265
701326
208798
323213
752105
462790
563490
614486
572335
585616
225860
173122
558328
619301
612778
675391
626053
415799
33004
258307
249757
793640
734767
988855
141603
471336
626350
932484
977884
111910
139712
374127
591517
1045
676849
66272
285869
93250
829610
731188
441593
903612
95903
428158
385969
997130
128689
811639
573376
633260
648901
752543
485858
460252
29403
272373
304352
21987
214320
248756
323991
239471
76559
890915
291018
959774
536054
554959
324165
127143
762258
71364
849982
124167
566622
390845
29442
355294
654286
19824
482245
200648
748916
413027
725592
55040
730631
218234
635834
285192
834142
27042
414193
587639
642763
75509
991924
410421
83610
159851
545569
813596
880349
884892
809620
386764
952030
246769
171705
616223
60046
466425
114551
400017
599974
936709
429306
246065
811040
123450
766425
56730
833156
269659
513144
302584
979982
792038
690715
818804
316178
330293
549866
419532
127972
512256
809621
18723
158427
631625
32400
970387
542256
600182
457469
896816
219736
732605
725136
360294
235291
149569
315701
351958
733507
843580
200016
720882
653830
742067
152613
347124
94928
423503
413709
74397
70679
494905
903003
161184
911942
22817
986019
283523
881801
824948
872873
928368
666636
875908
89671
353331
281401
558027
104353
156790
584693
997040
111662
901737
37661
262449
185997
167443
560572
783669
496291
864884
341776
935600
43608
645076
236072
381059
430068
753859
952956
422541
496750
742345
579925
312081
278620
29144
112036
195499
616103
428668
566093
126133
935782
409210
946364
373178
166816
25163
798408
71057
495000
179664
338610
108770
673013
117099
179219
41977
903231
819344
482169
725592
888612
285244
969708
310963
507471
509784
595797
229252
709612
347542
839517
791418
654087
344443
520148
75239
813001
52498
753354
841105
751092
304106
168860
320856
557445
415699
792229
857713
453536
314872
56857
540402
930914
140866
256979
170871
882160
955123
378512
132495
580400
816847
651736
984518
35460
627889
358332
898458
208881
831951
394994
373532
805346
265011
846823
20672
874694
197043
355935
588521
256516
879511
384189
819789
978464
718790
563667
172698
79729
532572
204521
919730
972757
214479
687025
644722
379125
531537
903135
699359
79599
709797
132610
751433
203738
925333
739708
159749
551029
810998
858692
544375
483373
613726
799880
585942
257841
692851
252669
784019
278999
636809
487972
632107
641659
393769
669705
425587
507807
461136
73464
709009
315522
359550
480225
190386
553096
328908
263919
802691
848112
427107
723918
476567
419146
986609
26978
103271
516806
689614
717895
113190
341225
359508
134101
72771
64681
934463
216675
711538
10896
988426
148703
830875
746658
595447
971643
617551
826769
295179
831350
987524
199909
410562
787630
719306
830870
993104
184651
301260
923715
226855
424299
613449
240765
209066
610528
792217
403910
643699
939958
884474
737614
133362
902505
188670
167068
435921
325482
500770
920291
263926
45670
836048
299606
948188
525989
581327
585744
561234
46979
447318
216940
902035
197928
37018
745744
80325
268544
323640
717860
306978
799236
840363
540179
896342
986574
924211
609283
417080
860223
927672
457042
389988
148612
914192
436525
924411
532834
987485
519293
209326
551742
69630
104273
830777
765951
639208
348716
474304
914400
668287
423388
689148
704389
755848
266964
40430
564462
245266
868714
156181
159238
934772
843917
887992
716267
842359
83035
47242
247222
370362
553533
953240
559211
130010
912348
335340
546707
632514
447330
967921
630594
30808
7605
785375
368036
104850
5668
123587
195355
723406
278071
165106
985838
86573
576985
627081
605366
155783
731468
224247
930970
811865
65135
463596
860933
446751
486053
883100
689738
890723
774991
933722
847165
804609
989792
322122
408075
925163
576475
780897
967860
841859
731772
913842
448308
304670
797156
975637
149573
414880
981031
188530
896188
434828
503587
472995
438523
367477
337942
275025
365829
903012
81530
509609
662976
807202
133312
508126
700217
335062
275220
256789
883796
793359
960360
143956
414944
946848
95843
896011
605776
565597
874724
374704
982826
44618
259363
433253
972451
691996
47650
84149
307051
978049
63860
818562
417009
765557
907526
35372
980531
299902
866553
187269
491984
527999
54917
432071
179098
136184
570630
289245
850371
549764
486249
44872
286205
20728
782080
422623
600836
845148
911308
344051
596794
698098
546649
438371
509649
51454
199709
330072
697980
648721
827103
632145
772034
51082
241478
3342
374213
340153
130931
589806
325556
165449
756928
664600
134564
458388
948669
303022
928227
299661
840959
487334
709812
623118
912976
121357
473976
666835
276958
53641
116960
340838
838642
357252
268135
970972
905443
794934
138860
199722
53657
610305
235614
177305
582614
528894
316592
560160
681534
127261
284400
249000
513965
534094
802258
244862
785000
764104
297053
479152
998111
853674
669839
982458
531248
366678
472846
296948
865994
769498
531783
608461
788881
636228
993211
676924
150609
638181
558971
277541
816720
796265
233143
530219
772429
530405
251724
190987
954622
627181
991216
706726
275661
364921
559498
593272
476473
684996
460880
487051
900507
478649
196934
41634
15499
770659
915676
693189
526574
824280
253915
202568
222074
966305
331043
796811
272606
236791
447281
679146
564150
804871
415362
654089
787668
460264
611867
623061
430500
389482
772898
745941
518967
876437
278512
135309
946896
529013
171295
52624
491446
126381
436707
709414
165409
206225
136282
941564
384314
66702
829518
221094
536963
944899
346239
697345
939672
751694
378467
218293
827315
892351
549297
572745
988382
382833
586005
515457
886611
683754
975600
489747
628349
417021
13239
345993
932672
404664
467417
769408
340354
274993
180579
576792
258173
218154
799734
519514
76611
341290
488949
738728
521865
472975
913996
558909
607198
197196
9225
877050
33997
359129
37656
7420
659513
278061
237553
475563
696103
427284
912179
920268
635919
396400
164204
958503
505294
538420
602162
595888
944733
822191
253628
524020
783225
60115
608229
436051
229710
861757
183350
313170
539892
375890
256352
487202
33181
126663
439377
168324
632403
24002
586253
41916
678011
934016
115770
484898
628900
32099
211558
929381
403509
529574
516030
910316
537762
264145
874333
373811
40478
75089
403962
894102
812274
846023
666687
549701
760532
591267
1666
343019
290896
986208
142072
212824
684853
297766
82325
885155
983293
757941
788961
35881
387549
41633
755425
496859
862297
659282
589536
527702
578744
755589
792087
496442
71935
17472
636065
664922
502584
137563
588141
158542
211691
553999
27606
615012
835306
992886
112631
453062
607167
676769
519707
179600
118515
930554
439369
662590
727273
315807
649744
836966
12839
354954
709232
882195
158136
368869
310577
512623
907120
944475
620827
655531
793853
73398
995150
456902
668280
58401
797201
251119
154269
871204
184717
858430
567033
763490
626240
332748
989913
582295
603337
72418
664606
421652
422427
27881
584277
954259
311295
592664
195594
30132
7592
647977
413560
903590
860111
146169
732148
755597
58339
564636
74067
15394
981786
539288