183710
744449
154793
157818
409650
464501
542791
664978
629781
167156
355017
834589
57026
887022
9081
446413
783309
26712
731398
337634
912581
631400
970677
144118
543794
95084
826420
902178
323709
613448
500367
10896
192815
101450
511612
475103
550802
604779
317328
489836
63027
706597
72148
450628
896009
522347
190323
160098
79792
727754
222794
320102
252238
573850
742626
725653
992790
171104
200634
903175
512683
464516
840060
828465
125212
915049
455762
251151
222798
25070
874962
869934
62199
121857
389653
715027
987974
813339
306469
387532
193313
881372
562964
859281
149446
681091
951594
170773
61075
698569
143990
847215
299169
964571
132741
893600
724042
526259
551793
655296
130507
484946
335376
664522
568645
790044
11470
758528
655710
12943
152789
24956
278468
972321
532008
916181
190418
657718
249999
198506
705291
240827
300845
507918
679042
425570
903469
634000
253532
411130
30171
113253
2030
88553
427855
733172
359168
820361
615299
802366
268083
181021
490566
240745
438334
65647
798922
228712
121172
670471
156375
682120
413602
656714
330274
611864
54004
33964
280761
356918
202871
115859
783381
595954
458137
771978
93394
134498
332429
27998
949818
804418
826474
534297
389117
127173
151475
788824
104893
926588
418161
330571
922566
976418
174781
857289
735259
739394
995098
169806
206955
409029
420862
717970
655523
221468
948465
245254
503389
210246
981711
389357
53301
308286
857192
813781
354428
931205
33350
481970
323590
781191
992782
354453
721118
484972
489678
742682
619390
346648
646939
469641
335282
357782
137163
577928
460885
816411
745331
753076
460116
992106
524236
8441
426472
227791
254888
117065
802332
379612
428367
911337
675580
731981
422714
247525
405340
271181
394859
917476
723394
445138
877735
648790
327601
443683
266577
580042
337171
45241
661925
455195
269250
893251
397709
589642
91891
105860
58659
690344
635775
945688
932932
495914
611343
656404
913677
322527
328676
970442
443509
892989
704641
64044
540679
401303
607157
606600
306554
580907
646216
649265
457966
655575
40898
836478
310598
224492
476178
939820
400284
800347
301922
639071
735717
371596
353845
627205
704355
425614
886521
760539
629441
704680
38319
604426
525326
628558
776371
90729
853401
637680
105450
582694
175525
34476
632712
591038
44233
618787
545532
131241
585895
873640
134648
800724
920518
773077
294176
441478
911439
65080
833742
208036
606497
952619
153920
913360
510929
530433
71775
800043
870529
360284
655468
555195
974683
848092
132809
854056
744747
728434
946850
598369
164887
880466
256822
111772
576763
997127
335046
90810
634277
242784
596888
989640
966698
887432
252456
282722
757027
542323
455788
909170
316487
332149
74755
619862
905062
802989
37561
557536
961664
42078
867897
645622
157824
448222
66576
860378
120024
590567
960665
343044
703290
722762
807755
363819
961840
325060
34011
853796
11352
609577
707471
581473
589952
278845
263777
249626
193946
187042
187404
456392
426012
47083
874934
658894
723510
150542
691577
997427
620529
287864
945039
585290
914017
296443
335066
474227
319174
615779
626510
875194
178757
344934
384892
888988
246078
144697
456635
767850
152586
769791
718837
550023
146258
104348
658955
623179
621519
99368
538662
970634
470169
793024
211548
957423
684846
466166
268666
808513
762178
343912
973876
46472
42045
72430
721062
421321
13462
368237
971270
652908
828042
90120
127273
883007
433080
473783
726702
982355
401308
712624
811467
831108
508454
16769
167410
99670
396598
576255
401823
874491
494583
147224
425409
715058
874645
787013
358786
514633
951644
778204
436277
844099
76974
480642
411483
728404
503585
715902
516626
321289
935859
882984
607067
281860
970602
870592
451078
935973
926861
846043
633340
129797
840440
136183
719145
577116
941664
353456
117188
169602
654500
492172
523580
659923
966731
963056
910657
633835
432608
276790
41387
841040
845415
158742
78731
737135
410939
901633
23693
907903
964293
915852
384134
259714
847451
563721
264544
813482
990899
719090
80799
203928
365250
919359
706767
979327
532981
945623
608588
752039
101707
998242
889902
205454
487757
423869
595919
3561
415723
517127
608058
244360
615797
229528
999025
381463
209842
611218
688347
631424
599520
431247
654920
930286
686409
962298
590690
2605
897343
628090
130483
99629
658740
196808
625101
180838
67512
171937
388634
455765
905743
631447
53440
812644
630126
413571
130288
890983
474642
228757
294220
855939
27070
554060
943539
166953
299471
610112
37802
46336
905085
437660
272296
682081
327984
798826
835582
196092
246588
533959
868897
833815
32123
673781
113301
325431
528838
74575
8312
654423
632912
418647
785577
894165
956830
922668
191635
773868
214119
410519
29274
695964
312132
525252
771744
867046
312595
913549
354036
983347
808238
96306
371160
404309
341763
796389
534381
259941
706512
560578
308477
744010
510718
729820
255013
200283
612694
829491
451933
521372
27172
202625
970021
377957
688359
743731
899278
787425
14897
76725
194979
400689
404002
505254
955378
939504
405179
279979
493306
583954
183585
591647
421490
165797
512369
359016
665844
597178
444282
498853
348740
902621
227419
244803
368769
256895
902906
366319
36007
927349
316318
350502
659263
237273
321578
698088
759844
929294
393847
172362
89842
226722
648588
919787
705484
972
196093
110015
887690
196692
573085
993671
615294
893138
928417
636065
190945
584846
162258
156155
940767
188871
789614
642851
641532
618767
819228
535290
965729
676627
858315
640584
24135
324025
571238
309033
723327
120802
652917
83556
838619
111246
323219
41308
113725
104991