837940
727476
488775
769228
169741
690185
140593
913132
415428
403705
515729
492752
643670
864436
401582
810794
348247
930159
304504
595640
682515
861600
833460
10068
867477
430869
398736
185178
191813
594226
960536
383793
292268
918149
262337
439928
496404
399815
298211
493903
686411
950322
57476
926847
375238
1850
770767
643847
546337
805353
736420
426756
384324
562906
687945
433916
305186
283601
658110
353671
195547
264310
428973
156954
88065
237484
897792
407857
660280
157650
146893
858520
859703
905686
627117
78999
653227
742513
631530
510328
159738
104643
869462
334646
797668
523659
753272
4356
868294
856386
453282
47414
603257
944469
698334
476176
948631
186750
518
361770
323870
530046
289459
143740
699244
122809
948046
897164
402986
279789
783490
152433
773126
31184
988690
31299
168472
31110
361478
458081
995942
149372
991361
458846
376387
131108
286254
143560
470866
938509
608281
97175
349864
883294
267610
772463
60559
12206
191275
42962
160167
489283
806939
126757
628456
679206
678235
81437
206786
548191
879926
164614
271205
607187
807966
163760
606492
230518
288545
772022
476308
657262
23803
707052
154235
289222
229444
619748
758916
97547
236170
152285
75399
598919
241337
70537
117380
787223
520951
452026
820936
81387
480397
969960
775720
777562
80063
538465
860522
877984
73212
879758
596740
993333
202480
249181
27964
48970
366391
96912
558446
856419
725549
69922
355756
203531
844769
899729
862783
84473
93288
376589
174860
906878
842829
763835
279570
60583
505958
570918
702992
145269
344578
565443
483332
942774
822590
984735
914509
798783
155703
444583
154866
202505
402265
930835
15675
620518
800086
40497
458301
488734
62643
661706
843188
429482
822972
224882
968648
68364
886744
389425
496626
770761
574071
375177
250360
913220
877927
995364
926996
815737
503174
656412
24435
834642
272850
378982
966553
942825
838492
272412
600737
603035
128988
890085
903970
883525
472925
420291
657118
889369
734392
765428
728945
768415
331926
444357
574005
371184
953314
902899
840074
11562
899172
4886
63763
503580
436558
317672
982058
87800
506950
331408
678212
552614
902290
161852
682851
90997
485279
455911
275314
929388
631278
934330
789824
735295
189404
378638
493980
144221
786380
280208
32073
345446
563507
906110
23070
110906
641599
212046
490685
158253
726757
899309
37869
526166
756806
243492
612759
173511
91581
963735
696794
202647
973895
114920
32139
457498
201295
476920
47244
227314
914134
814862
158087
74623
523644
303760
68680
384306
901421
291821
725301
403967
311147
471581
289322
165489
550515
339776
605685
265111
675663
909411
200811
869340
857976
685986
601253
742516
213029
367847
41178
325298
928052
783184
198554
581239
315188
813551
785509
685254
320077
600491
190886
552754
555084
145667
964239
763000
70351
336627
973266
776425
325129
734959
293625
1472
825075
567308
682466
784402
268880
119422
775899
437155
842907
25596
734230
641684
38222
195648
314441
945914
585041
278186
824229
60619
574398
292420
559728
241650
919821
108960
124033
281986
875809
347294
589591
453766
758638
92042
653591
1079
57989
708002
564385
932615
308413
860853
401550
974106
342016
776230
350151
994900
680751
595664
907397
89357
437171
37379
41824
871393
378593
654189
286550
138341
863241
511637
266523
112436
821211
284928
322135
980135
810295
496374
429313
893027
392144
906974
380950
297163
4219
280902
296693
582742
95962
715967
838618
372348
550559
269221
618613
604491
351423
905213
234534
680534
37686
625783
66072
681868
494768
91922
923511
922086
31387
109918
195151
392890
740935
354461
117826
66989
526262
468931
740902
848902
939718
572765
567801
350621
437304
753678
975745
738738
952028
932020
984709
222425
217179
133416
933793
685651
80416
564708
818314
421049
301732
772800
626143
529297
895318
949973
141863
241731
35811
179330
534509
324965
67495
116621
569333
353715
702256
611105
10522
199514
692650
691957
431237
86323
318573
703822
655180
70925
497440
996635
303461
644771
816712
427773
123077
293933
498801
112170
373721
11730
976503
210471
612320
993850
83249
841458
897763
763394
839547
161154
701330
633417
955743
364838
600061
985511
595808
116042
745835
445310
796450
980825
573338
303016
474681
28604
949588
389200
78412
176256
242667
786204
751909
62485
66257
368840
802585
875186
649942
287566
327887
385814
188222
120705
777006
589546
774398
985146
154279
909443
657747
113385
168092
485123
507392
629773
222187
936222
886434
272446
785500
836090
742513
982055
156771
964144
373717
79570
689937
409008
222626
20828
919325
374017
505202
215687
623115
318181
142046
168878
639735
738714
854169
549523
84096
816509
960552
88404
45332
520202
997058
78909
224147
100542
233088
101879
148002
926045
849088
543261
175119
83344
362076
778735
928732
966374
778370
89567
546218
571707
510064
14665
170564
978934
265999
702976
933892
602348
331049
606979
87461
27490
435591
936271
658087
996463
761771
261262
533785
12864
798630
561133
525638
65270
492760
87883
520510
636202
951874
452173
104192
329488
861385
443598
542721
551417
453258
935540
277211
278228
987486
962069
845770
620870
59833
788875
400369
581510
292722
387962
445692
931227
614534
983914
49861
936168
580532
545080
381360
201734
190612
788479
353032
527868
28866
63587
515975
762526
431730
657657
13812
685055
910631
708374
812071
165460
206591
625139
904168
737958
397030
964282
734134
407091
439083
591087
18467
761570
946927
503422
74396
844770
721401
283101
12807
819742
943143
691165
302213
607710
568576
999571
27735
90749
630884
458461
850588
137987
942628
694163
554872
238623
920238
819596
474961
658690
429345
177610
855475
174042
324863
897859
536084
229737
543168
100429
729137
624322
66115
318565
321686
877600
176160
467739
778173
146083
685337
648990
41294
367912
334830
377248
850373
389251
96335
469605
115122
333276
837868
40429
271065
985379
796009
710908
903737
861937
19181
48131
801706
977468
732314
945580
153695
368631
561559
622983
640588
858948
325512
42572
599521
410647
906847
201868
354484
326696
915596
122745
577532
589396
575824
401422
98809
7825
188655
433884
304690
477324
876804
752755
853142
735137
737198
315689
111940
729974
685160
360714
892646
313525
479351
293724
351736
391588
470332
675853
986279
391970
540329
44731
654996
449600
69648
905248
382903
726905
118039
576409
889952
644432
420424
301905
661209
21445
499909
538254
384808
277235
34969
727128
303857
957705
952489
259073
56887
346978
285833
562006
281539
510468
780907
550304
881373
925362
653874
480215
742135
315310
300388
242020
493162
570511
944958
492113
703192
456698
386146
241552
556528
958720
489772
387557
192975
520724
643362
433904
576772
803431
582601
211099
622828
765218
602836
560220
170876
427135
954552
271271
687005
311429
71835
282804
845938
886430
411882
358824
23477
96534
285834
612899
316415
837490
560166
234085
891238
695275
448551
485789
219008
108998
342658
982480
180038
493649
759530
236386
836500
717691
259815
772485
115469
802449
181055
389307
222300
381073
260432
115849
198869
52909
736447
485946
287353
824093
618443
449100
222425
449825
247355
110780
700113
453842
639990
879657
434038
159140
390705
796711
991050
215995
77250
776931
761836
690342
819476
792174
835725
67324
95795
893288
274268
989713
980999
315082
787652
728853
826462
126351
905099
523658
60258
372224
699419
387745
466026
633243
927134
549872
811883
826335
294594
975185
31247
846199
922396
11481
408862
29888
567144
99443
348953
532089
861487
202137
375462
295110
679425
728366
281316
642273
422626
617531
737568
878494
327425
314629
306465
835352
531235
14087
204126
768573
986399
814866
430800
564596
937986
790077
175522
132006
380178
734602
395268
13552
463152
570646
279902
204515
921431
988028
728162
323190
233601
250696
436410
443337
472424
275
204385
906902
459177
826432
11213
461302
459525
225617
275402
58254
116802
428903
318370
482964
714479
564052
710136
76289
155972
680478
495285
975765
51815
444051
941785
960898
162635
764484
13427
519734
28851
220575
443884
443400
826453
139757
818813
820350
956377
944164
382337
488249
479552
248298
676197
134078
951842
141287
901627
886369
982736
717637
405998
505552
179096
996231
838864
656825
742
574019
238543
796249
683783
743101
818119
550242
21513
100706
810289
117384
839615
784414
403000
521193
134177
882586
890668
148951
893136
108757
296527
345859
540150
530398
282509
708423
804940
441963
128138
867407
737013
50137
924435
919717
970696
30977
485174
203673
913899
518067
253549
273993
500378
622802
542389
741138
316295
988300
3133
76947
373404
139828
854330
134427
53404
49085
322455
261295
933159
435477
756682
6969
98012
551323
942466
380431
332312
796415
990076
183007
34461
793013
113589
913781
390927
90454
200314
457193
928407
744403
194331
812904
273322
732118
765438
258525
901284
838647
851855
42299
297934
926679
795989
121002
653055
700317
56224
589067
65182
178443
711134
897706
175173
205884
212430
816191
112833
583164
570508
1505
97654
147972
310730
650312
185184
594064
279199
751869
209780
525855
715705
391328
394596
984967
287663
535189
325314
294386
674225
567053
175228
384760
86881
302060
666693
595675
351226
193756
178645
781977
521198
906606
493958
618226
599183
786152
606047
621238
699811
79727
412590
712137
828698
483154
727758
291959
914459
705648
337993
943918
452922
345032
762198
441436
332742
737435
369859
912422
143296
822016
796398
589697
688294
671236
19565
396017
809964
339323
654605
596700
644748
661800
945528
506314
464373
554948
796592
84604
81887
44911
631736
762918
786174
523824
151569
341321
742100
960234
279521
129585
292961
25566
327601
159752
882742
274711
226253
317078
344616
467894
864270
30166
52831
869978
744308
346742
155342
180971
297453
447082
21373
400068
717107
918637
694081
478075
522641
333013
607886
352142
613381
29329
3555
33131
898881
144770
292259
279771
718412
217204
419332
65357
467270
74040
324000
406331
974344
57823
881001
983419
63657
340501
591418
957604
998302
716759
467464
173339
94777
92178
761271
512313
840210
315098
863945
607002
941827
135619
866417
298437
152972
358368
625990
294067
754967
160022
692371
90558
629335
163227
317259
841383
804361
563153
165721
898500
597341
414905
875222
756676
901038
131541
632788
548193
62251
113439
929623
139617
50010
450975
208675
497288
356019
421357
155889
410269
510952
745283
443579
994967
198340
786302
890102
52324
900721
997617
350112
447319
453268
218854
61935
244332
414291
446066
479593
101112
206198
384884
216914
475442
247851
404778
422847
916695
970852
68399
355721
459007
422235
746517
587421
407162
365173
166939
923889
57062
648324
173963
590225
704273
601703
941683
942935
335749
662604
462205
618809
652276
731862
593261
842684
683649
642073
989623
48263
313129
673666
72315
913554
31692
177684
18142
603709
787420
612749
889542
44413
921057
556903
701554
738801
191398
729402
361971
871379
455491
582655
287754
925130
79880
116719
865824
257051
621507
288777
103452
47488
946223
84211
368484
958801
638841
348344
616500
28959
553775
572336
890964
709408
575432
547261
49657
481028
443338
262001
728570
319142
470556
640397
134957
105566
12968
407205
444510
892659
383148
541215
159467
751918
307166
466074
902271
177737
531002
602155
624553
534534
665577
81538
212248
477469
814287
172779
614901
621389
214129
406640
997149
280660
955714
428124
658682
434682
821961
833307
980861
70471
55408
809406
755706
892628
693738
932634
235743
457471
553090
765968
148114
139960
296381
19879
948583
888056
888236
319892
653883
424786
565072
113308
631536
108834
748713
659600
918788
332385
536733
202487
769232
740379
359042
957066
113371
621815
922888
795481
982553
512757
675846
574795
872579
41591
109087
983938
41172
628982
919632
416797
18973
171989
346586
991063
234949
786450
86214
527117
741217
107865
335962
873244
274604
60083
113366
757544
221987
619483
340907
771322
67520
492209
331769
784705
987408
838088
169475
609273
685555
798618
593906
990313
275632
318427
848578
692038
778738
949802
480525
136501
703267
775012
996722
795438
598692
259731
586274
666940
204262
674372
742215
658401
748968
83702
42641
38358
991245
822190
76446
248239
89
939240
443652
443549
106568
350952
942910
733966
432075
413230
144370
205935
99360
550343
366299
842833
273356
214016
700376
878249
871416
801078
396432
126130
498470
148233
335168
126893
799374
87535
83490
360008
572505
616036
892475
116317
613753
731583
361666
790481
250787
413152
189160
195549
949226
291590
794248
114281
828793
594365
961005
307156
981869
896820
336890
72336
61581
336621
464570
840939
509799
283533
436869
707432
521352
898067
669579
886476
358231
55590
467520
387252
401742
934790
404004
60579
470230
684197
717486
527130
950655
983311
469268
407904
723097
483459
790138
479265
506801
718310
328180
381491
210027
603533
352186
266099
533625
254072
206119
282958
814133
911007
225325
647644
82849
176612
808218
75558
141176
335783
42111
895624
248432
634360
9794
339058
929551
858343
801474
968008
422823
294904
866850
843562
540592
551859
560501
456590
966336
415639
435012
525256
109545
723566
534974
862443
174831
64764
653757
412874
746596
716625
161905
334231
63714
259454
772587
24749
458341
395812
34184
917097
973187
787432
525560
128883
331976
329666
74602
539867
695346
687925
768726
139998
697925
433881
347238
109127
555916
585108
881026
923186
463470
909991
2486
113260
85929
814756
633218
984054
751917
741182
411967
985192
746391
530361
103721
29491
867464
32384
459405
917631
387874
645973
284304
954931
669215
258147
722649
244242
501133
452655
926492
957634
961130
692141
473220
773993
844440
542959
550780
703024
754749
220792
640731
492265
496121
770159
475370
838477
931973
949615
387922
595806
293349
762235
635431
604587
89609
52175
960779
945330
973446
696721
500032
522719
27244
3942
493838
310579
524483
301346
138637
62272
820775
628183
867920
590417
447997
619662
921070
869990
355985
225684
668654
905820
425230
583211
720782
609579
595480
438818
868784
125962
286922
67135
746786
960621
174279
719448
43272
578734
659455
179073
91305
470730
40256
546463
992274
260482
241718
737115
395114
768033
731009
589939
558548
585245
810225
706474
497658
254999
819745
473311
518589
302205
759853
970620
764278
864079
837457
289733
103335
222142
826911
531024
660227
571312
171868
341140
758294
680033
857976
406297
535250
593699
365417
447695
96440
18118
775651
208699
682719
173266
105078
588364
110628
430321
838019
999308
700271
196586
520476
716402
271773
374728
926584
202772
625935
489241
183503
460217
984783
802706
82648
628748
862426
184848
830045
40941
74894
736505
624311
652066
918129
693377
696748
44459
973403
761289
978977
636595
9666
516321
114493
851298
237472
880622
625629
688464
515331
332135
274413
502867
963632
956089
570217
231545
468341
875979
515248
969681
228746
376091
347522
796388
471971
829191
607830
176257
957013
3048
170011
71478
390242
405401
452297
25883
859619
708245
451298
414408
831697
585598
826186
628070
672559
520122
509888
438115
794904
908792
170168
783039
447584
533265
307415
955012
887722
681289
414986
209618
576966
532276
658051
641176
910148
519221
199250
104927
174426
12898
887324
537344
882669
375043
253306
568310
961855
722170
662000
454606
287030
817404
191816
963707
688581
821501
473738
703622
37177
347050
824731
260258
101026
593744
895024
382237
748828
422874
528493
255411
456761
811703
215838
450173
235405
557594
429712
728519
718613
414491
644301
133758
882628
824379
863667
916744
978668
312901
113584
454830
318661
277007
653916
484788
288222
320288
531635
693578
96989
498603
518446
721499
307444
339770
363004
57090
286050
712934
433186
661148
423203
33794
719340
909048
663350
573007
868075
633417
950091
839389
98241
95170
688476
97059
380686
652652
322119
241058
173410
768124
960461
367272
700250
697344
985997
908427
17811
907363
931532
898434
273658
199583
124948
471968
35263
440639
747384
265198
898152
434448
703029
953251
22658
375908
810995
277058
205938
797698
162155
140113
19049
936365
267044
264241
903286
488079
844694
778143
564981
145218
18159
720710
863077
774204
301491
864062
615703
437140
311166
7525
656387
154357
434533
953304
974837
705054
352571
246287
194788
307731
335279
844114
116963
520483
445203
241564
22961
622103
559415
421515
872427
640436
558196
753664
301217
346989
999237
950425
608773
1513
31567
142792
825215
7468
510721
754640
562014
228516
634198
722012
180586
259283
649975
864508
662997
825043
779134
101372
15312
560459
651798
639011
94713
1389
235710
955845
759537
534441
601260
37317
46348
385905
425806
199659
363042
415402
349099
752158
492866
615084
592360
174078
145542
257014
532135
411232
989186
180529
508554
741415
771158
488031
528149
671867
695907
418272
628786
80489
388442
577633
323277
51223
2608
942369
307936
425442
333294
214817
417225
532566
364132
573800
868054
843145
693950
540080
443811
217748
469806
389681
375899
104943
54921
315527
650906
131944
260334
228162
871091
134080
52576
171402
19469
219426
192885
29101
541096
363073
126824
212679
332542
911949
349193
127629
182020
914961
386899
646006
511567
221740
117662
270918
182612
627434
897003
867191
322440
356990
363613
270791
12710
992670
635015
42073
166927
640699
68256
302920
833291
664988
655955
634639
478189
73430
301491
646862
992725
174250
967756
726714
302479
654011
128789
909860
63641
725738
123073
897956
633730
606096
958388
613346
927086
852375
299347
695424
352310
520629
860276
172519
638636
598342
39989
953645
556476
644869
890728
638816
793390
978152
96300
258546
940551
630229
313623
942529
32655
718660
16783
263617
574446
549746
16568
582344
982640
739518
902407
880501
420776
297061
703221
154302
422256
590933
778704
578965
240078
294895
474027
584695
757170
480350
359158
535249
789020
118159
927528
259215
500186
437132
570328
985858
111663
796281
391916
746284
998863
338601
266792
674603
578055
77341
124712
454400
259578
403035
835561
958140
211846
301672
647041
761670
988678
723810
756207
587659
891312
825980
707917
511106
160605
102294
188578
437595
240681
614840
135380
623619
810480
945323
604026
931286
252921
351220
162896
289762
119407
666990
725252
572052
916810
123651
595437
79426
574605
180422
594075
690132
592360
47856
23305
652047
950141
540342
726319
906816
775552
80259
514420
857857
821751
221079
961025
153323
814689
466491
401073
147992
579507
242016
60004
179411
153725
394004
315635
705695
887851
413984
692093
940833
918568
979648
228960
864810
112093
116223
913668
280741
628055
127023
386961
634330
299655
39810
653696
859484
534755
511113
563471
171797
258665
551238
551182
183276
731651
596911
446615
592
625350
771842
707931
494180
7316
279295
487319
809927
627426
938695
402021
624830
957204
894351
893806
531393
206276
201729
723837
408991
50338
859951
28463
933134
517749
250292
985991
181587
162304
454953
389214
527370
935872
781633
63095
703635
7697
842626
311344
389849
556335
398688
590613
398464
676378
13048
891215
645995
122900
141286
964922
123559
457796
193411
935636
946423
524413
329086
208528
410812
901080
31062
487435
888321
543165
478577
53526
498401
383617
209372
252529
901077
843305
815520
230233
532766
929101
216189
349113
702731
360472
600134
487548
612392
391788
598936
210306
473347
70434
159608
494192
184284
427631
254152
497250
800616
311906
437862
658172
637762
106377
151906
148318
87151
967732
128985
905653
694156
307985
244402
325934
273750
547318
777973
755654
231254
766718
275203
600125
164839
203658
264310
961130
158245
653097
381334
84711
252020
292626
352052
467244
297450
994894
959591
997817
546906
90739
52128
426029
279230
107722
820268
523572
629312
501330
350279
646046
809893
53086
188375
276298
896534
645273
194060
342337
363661
937962
14609
291423
158169
340274
150063
693995
951885
265522
905855
44104
690763
596618
786250
446853
758888
419356
204735
418959
764604
30351
62031
174918
29897
150704
331049
865132
23174
472626
192077
925626
843719
51030
86863
833101
838090
531878
759274
986045
973984
713179
345471
321295
470517
999646
712937
516224
753791
578731
437117
361281
246527
467986
221027
51459
907383
764120
580427
429736
212009
685498
771215
690713
475335
255377
336932
947253
671164
805009
441915
287526
308821
781931
59962
506320
591758
859987
681042
352675
713781
488923
124412
893008
563773
719358
152725
447513
736802
54778
512020
143680
858675
939796
109924
195937
265537
720959
753954
557596
637730
297239
676469
369962
668642
554312
233220
268177
663303
581324
237976
194482
139328
493073
332432
422080
715114
558648
71035
110667
845246
566458
394326
685882
951257
713765
590497
145751
995369
678660
92576
438533
681393
520861
678763
544780
252666
244564
577138
791061
182103
86765
423249
700657
759763
892271
222476
666963
170169
338467
74151
726110
422335
41916
557285
458265
65871
157968
861659
224192
305971
868292
226607
376244
929181
591431
435378
979154
668113
126965
767320
376736
971504
990939
604432
374372
220834
497498
109956
1935
166494
951012
360111
589206
775065
512804
7125
426530
326793
763322
657892
92765
34068
728036
188005
133613
890010
906040
925791
291582
310620
902669
348936
286199
553095
134010
744553
348750
827169
604598
333965
960759
379151
848223
567397
977783
363904
764438
480379
816408
432698
425479
273937
137973
120447
328774
527958
444469
92763
326357
307780
103636
331405
501634
18073
13405
390159
546477
326383
335348
663236
258023
97850
771407
959294
731959
564190
900549
590889
622902
31723
563839
229207
98330
83446
932299
669736
115279
716117
393423
382549
327745
775222
904154
227354
904823
471324
830998
64702
390361
675447
647578
416384
421266
440864
885660
363487
172368
617390
61571
689094
2536
773559
908059
765779
7383
327271
379426
615875
843235
639926
825023
329531
685857
444553
516754
919733
852431
951015
447974
358789
200353
358166
386819
29319
115929
958802
186913
617448
59791
559337
684535
847757
873872
84022
353073
29731
903203
880503
671039
87940
421223
396813
491338
106627
933080
913617
748993
939476
990640
456781
743122
302171
166762
109534
539957
440207
336673
910436
225570
272395
533911
465123
422243
20529
508307
384953
255683
968379
776610
419964
280678
832607
785021
251887
392370
767198
744907
751073
95787
231914
551549
718179
610397
960690
783831
286884
919474
799371
967503
203755
354659
959356
517518
713135
838475
969382
996051
519126
330968
868174
326519
472329
899994
271561
324043
986608
822206
89731
703709
239951
787988
388203
889882
735548
461835
387199
409037
787772
433215
289967
473925
284346
736425
505265
440085
523491
393333
926240
720693
599329
686193
440209
660614
280945
412065
713653
274675
765795
26223
371556
155955
51758
215359
143372
585578
49197
907809
796917
769519
75706
713056
745392
112809
191013
118327
163356
435154
494162
386467
973908
41630
522092
804884
230008
363124
749513
192637
267415
116699
526428
145803
109686
512240
174737
341874
268351
821395
642249
382242
225417
379490
120946
73240
1472
336349
840577
316497
503473
341993
65935
83674
724597
867696
371534
673796
348151
926245
557286
997491
195747
67429
786672
225045
343276
509945
223630
946351
630522
424504
186276
625042
541871
323017
998200
794925
110805
877255
767330
730236
220453
566589
403311
703262
939766
536784
69592
147461
427073
188924
416538
275847
650829
513527
493042
54033
236027
533169
519927
822714
713648
666749
658963
625845
10330
78601
850335
773089
579297
897225
608027
916795
347692
779635
851399
553075
192845
972195
400032
619164
865994
466334
919802
455420
785801
475123
385910
557763
836567
248125
619041
805593
920789
179846
984426
163344
559103
160070
25341
489657
210138
751241
557888
229906
708922
604654
743337
641757
375149
308491
213434
413131
465544
686702
660186
169879
697612
556671
755985
439856
693235
459329
542560
304590
689437
145591
78267
165670
212626
701155
128356
898040
290099
44073
153893
2246
807874
881491
685610
342559
695626
146926
136760
934105
670637
408145
876046
7004
361096
511869
333591
502747
999685
764896
941064
696606
324220
150068
751772
502843
649670
470852
116138
986724
448673
688143
414623
275289
21561
632517
841054
531390
589209
829422
333105
989063
268461
653546
819690
166543
845171
164499
987162
222664
692990
720063
27437
63309
903463
796513
635297
920404
440400
832463
470113
901439
859542
573726
340098
720273
166035
120553
173401
908222
602636
858481
282358
29851
341886
10974
199490
606068
971200
8740
136304
255804
500821
61441
924387
401119
190736
367714
960796
764852
991524
35301
313758
197326
114887
51193
349921
361266
398467
929634
75054
80162
221593
851993
710173
437144
318226
552144
829673
161934
769827
198099
908653
559034
555580
890442
200702
274456
103917
894235
330852
72287
555829
580908
608565
100629
474729
829382
917904
652862
975358
719253
570867
475056
126259
545868
923386
208962
182237
532773
967989
158242
445392
83014
494948
212870
826791
204863
436177
777979
352753
788528
863178
30617
47928
307464
810682
514840
174639
685992
824868
843643
863415
99558
323387
533098
871822
946029
908192
337693
71893
878273
599416
925492
622460
333280
862377
342629
734924
651268
942578
393037
52176
688645
805284
870375
342625
97756
122497
905562
722957
306691
509808
177900
690211
81911
828569
663573
546462
44575
253027
362734
940268
391
669384
807240
969113
445637
568017
970777
518045
76476
447859
931090
438718
580415
8262
998284
379491
338061
237598
995232
256375
60154
941128
383125
547510
650415
765795
414196
403351
456392
252440
905976
861846
817435
681271
658210
265885
868889
930543
156776
263566
587276
1834
593357
144432
514752
968835
239308
364531
418814
66213
852910
852321
745203
880577
963067
650724
392432
120107
569101
306606
946955
548242
604928
725065
719906
628954
830405
335099
612287
269336
264342
758229
154519
361449
764612
573912
636141
83375
608876
196293
600660
52137
277576
768896
110353
889262
325601
367392
897247
40518
910370
282070
717067
369893
643144
118327
707008
940805
519862
285031
340637
181727
999845
454116
692738
499397
374137
740716
322602
51935
357102
407308
275122
921088
576497
935943
894520
759076
167115
3679
468447
241608
228344
398402
415278
632294
260054
569556
337752
242380
699513
294357
534422
207768
61787
318319
553328
206802
409073
370399
571420
592358
994136
460797
205117
569596
88046
144745
607436
915126
789822
574356
800660
853765
289811
654888
266967
378089
178221
495573
16462
32451
929042
31546
587598
533144
495995
151468
558662
786532
740207
848485
78117
559128
522094
529996
127384
352627
648643
456156
314865
400184
61117
847156
937315
267665
375095
781307
153130
528320
206226
603118
92872
726782
750852
196296
519465
694066
727306
953421
482472
258831
387577
918706
12138
84874
778930
665452
367464
995383
902260
568979
777995
91775
822220
723443
578288
361984
191271
462768
871243
330433
111816
836179
100391
680656
864916
794037
75147
287611
878731
176070
620217
272039
582161
807930
485776
544848
890794
797778
751185
452893
776069
661507
466814
984927
520623
475012
864798
758054
132264
58361
960286
212736
670675
324023
70610
546447
955142
401652
538264
69574
21826
56012
93149
976576
398204
35954
752505
27708
836314
742833
495990
844729
609337
676958
444014
994986
775467
931677
285266
6807
653438
744780
962567
950672
632631
6351
338794
995470
392734
649913
252340
188583
459827
768915
503993
571309
632574
233741
614923
760101
668420
107774
45947
337503
317653
343706
704639
571382
3203
296047
254639
220902
607533
55643
60394
559685
249017
62926
360214
422048
394848
278904
17924
324083
360226
761871
162801
362244
738395
515710
431272
775900
331758
552365
821189
167907
79581
377769
869909
700631
172411
588977
232922
671849
695096
460252
404267
499892
652060
667498
180983
11866
707407
410149
649386
280701
871060
358387
148072
9943
5718
442235
978742
284535
104923
565618
845624
31769
803925