205701
823029
106389
225639
121301
182316
339645
301745
924960
843090
430179
782269
310078
478794
882961
549307
445579
218072
75564
786905
887651
422920
538764
115889
66317
633055
950954
814610
311732
730549
159159
898409
524560
174967
446729
285963
315492
172600
152112
955618
105632
13999
812903
625267
674022
400657
389030
338696
148714
754060
482133
870462
130098
666653
171995
730029
133053
738830
12563
168943
926656
510864
94624
857871
978315
653552
262871
538768
379147
182329
783771
75991
153064
618855
546311
945142
941454
488707
371971
39765
660489
958560
117113
27263
582602
962416
313954
531271
119111
55619
47610
932821
336958
62174
724626
924112
911001
595316
705732
146345
337645
701828
357440
606402
478236
521358
605573
869754
752923
697907
327020
974743
628046
553192
452574
347662
739280
715798
381286
401009
807566
489618
534689
483573
685779
140468
927250
345823
146526
840790
263058
699275
913583
328235
868324
575513
635617
861497
344039
381301
493552
513780
345893
133120
971932
693177
607304
342176
635239
733091
294571
876449
379640
614542
999438
495238
813858
826214
809700
123505
196990
803754
522503
535978
68148
543747
229195
990159
658969
592379
83120
403032
934578
762140
884017
216774
845527
127078
614201
599592
506099
730732
625525
893834
912104
289483
973637
743354
946063
604872
115404
767928
441373
964165
575014
269497
181537
329760
111673
606040
770281
421800
6884
884954
47493
72253
661205
387164
403043
102083
558647
72283
924761
584258
116872
280224
667778
264990
580872
165190
486847
717038
570061
664297
369247
395770
578356
557677
516121
678870
292722
383272
621878
776469
874248
179373
536396
193132
502997
907382
568868
305701
969925
279597
59133
764284
709159
448215
404586
486490
105053
760606
274006
454635
784556
104057
827560
201054
157171
564218
285953
746553
313593
564852
493410
105558
232095
95302
895787
610429
544372
290056
1022
971231
534567
949138
537922
544685
299991
322852
667012
255123
505607
330101
908663
308501
515053
889691
717980
111684
766953
179475
237949
96924
676691
145646
858515
559741
413293
981081
899143
369284
243320
954567
703125
568710
193570
863549
502797
881449
297628
307961
775988
118622
464586
340928
223431
611070
447252
639875
279071
800064
927258
997549
126832
588181
740420
62412
971755
852961
388471
583961
416708
165077
207715
455525
248717
594221
430713
112482
621441
449283
874298
197260
833886
168655
511275
761202
48809
932348
17701
151269
433493
552615
549640
889596
185406
639542
217360
905152
439696
139923
115263
36027
245829
287300
897466
155160
170443
42793
10160
778999
901443
446993
111989
961360
264422
68216
417069
54785
863042
3681
981283
9717
458402
6988
4025
464243
135756
883157
952186
669632
583332
305257
545099
518962
819566
216869
205377
885203
477937
463309
839756
351278
366966
658725
782544
94009
80240
871024
413140
496990
191157
460226
277395
643624
368042
767364
763440
91527
163070
615748
237511
129344
13581
202998
774623
571507
346084
625612
815163
150794
758820
500781
865359
568764
601663
604116
602000
285179
489184
669064
63908
330944
207591
529460
995129
724848
684946
730850
401650
362987
783223
569816
278651
732274
801901
725967
821949
526706
342667
545548
889133
389297
88264
380382
574527
509972
154370
944307
602873
587978
391770
130262
930594
113945
349628
22025
120793
495427
341564
128442
103745
500820
352860
517286
425242
84427
60202
21703
933099
206307
600518
325883
696539
574909
292737
551795
498528
729195
811042
205780
849871
592283
570178
151725
505041
937182
454551
366742
515254
409108
388749
793441
13283
752246
924176
258112
937319
474496
952359
276659
676780
646841
642298
439659
473481
590752
185844
438848
774644
504053
696771
498444
888021
863265
833852
952162
384565
417218
940316
947950
59157
247767
30890
726187
157788
314693
611384
375931
452840
534340
631367
424934
20293
664617
930570
430962
707131
750544
641987
349466
870337
615589
727690
165999
599632
550159
471084
443400
618963
364602
124400
807143
126074
36288
337077
820842
596334
664436
563511
378666
636831
424266
320688
196340
579321
354278
732507
260834
684212
185856
544019
843733
204171
853680
23771
463248
597444
227227
879223
910260
396654
453178
906295
810452
510953
817860
729875
953908
243615
867000
187250
155235
466577
56009
928773
703474
12364
975333
121040
826448
496506
513764
215881
72963
994004
505930
958937
616645
255541
872248
795199
936825
484746
984758
686292
729480
464486
456661
797289
169373
465138
421828
74252
235449
116673
905906
200234
368115
490946
837658
730382
362640
212495
108464
49351
668091
551010
55526
335592
362721
596583
626267
573865
190123
812012
523681
680619
624473
51956
170153
333273
676536
152683
23309
760234
464127
578229
963898
203970
321228
830816
960504
33528
951286
604151
235032
746611
409742
637432
797177
229165
967863
816797
560054
1242
999263
420246
273904
374753
689881
36248
925235
603337
657049
250767
790663
606767
896651
877935
141910
292531
724048
280680
763188
472243
978454
7160
16080
789615
898578
499098
825526
760844
725981
412572
934399
253684
242920
591246
842326
987546
16734
281558
956455
904091
622997
697953
544998
482176
625071
31284
818040
594656
497363
743009
594690
625379
215747
703572
933517
427169
811099
314509
843539
671144
839397
68712
819945
908316
483227
211352
162888
491769
686586
485042
821049
962357
231359
335525
489821
81472
407425
981192
454614
364589
37290
979404
745878
33450
333075
986960
777666
856107
417339
318676
245250
403430
810340
958981
210856
452215
989771
507830
323258
129123
814978
527280
92381
431993
165867
231008
873312
176212
129491
434286
704867
831870
757480
986415
300643
872239
453849
717296
360419
534643
585929
859891
280119
792041
830127
193846
563440
71783
9996
310254
519583
579771
959178
667027
851848
328397
409838
354581
635813
339872
37050
100844
207955
489655
650530
937677
920605
537364
788776
107384
250596
689819
920214
680302
713768
391190
31768
615104
279541
744658
864307
814531
561004
44582
442726
805728
557549
77075
586395
931976
588126
152199
480458
250628
388955
334460
708523
878250
83194
143294
664917
384555
567673
309961
28920
613066
733830
408464
772980
835815
614891
644506
738516
388281
789653
465543
44266
629019
227775
467185
722375
404989
960576
395438
749847
966715
750957
28081
911831
338122
187884
482384
247797
814735
346774
11104
993283
921546
868552
213692
364374
78063
113991
495525
78977
231701
746637
240643
668585
785287
681140
735498
595973
617529
515582
729528
971701
257365
917439
76346
880827
828722
566759
349294
626074
569062
700400
290307
772490
669554
921568
485117
213588
354140
371835
494549
874384
759642
639049
76925
283833
490282
960703
38977
409962
256447
30989
391881
612408
258325
35907
930043
743019
611429
944993
325437
491161
371124
714937
587544
387361
184583
762819
930936
61761
249329
773117
444496
572949
224716
520253
723546
840941
587014
782037
541436
728521
772627
445025
728966
141299
195072
480879