486569
674966
166854
255959
586816
214087
63780
665957
644428
781079
538506
279174
824410
41058
656998
886167
167195
635856
896675
125269
464357
282726
263487
217929
199376
57032
221434
283278
225217
423951
203114
924800
795587
740611
54571
767171
804816
855029
404148
628077
926384
518140
60166
803089
171641
971786
632253
661097
53044
13290
994761
490975
378208
269528
589942
490168
8656
454012
977126
648350
563631
389701
464353
122376
894564
808222
7619
954888
476432
595792
489172
996848
77876
945204
630581
505186
671280
118931
117941
789107
823334
443484
787075
141756
803901
655809
128062
63037
683778
935982
517353
883373
492200
550310
387450
828258
89392
112444
733329
309977
500260
983340
268806
421859
152189
250324
19995
192941
750500
708818
693520
995946
599062
168763
7062
669407
15584
141108
251035
920586
693898
856497
292164
106160
268048
261000
54265
457538
192715
980017
180697
508011
291631
960156
647439
409273
315181
301743
975804
650085
603961
430299
283156
284480
597286
736218
399429
195516
547820
19655
838161
125973
879436
553561
196413
319962
75082
119613
750497
552412
387481
306832
482784
498930
318293
712950
433010
229413
867306
172570
55453
655231
507794
764162
374211
639787
422203
52365
974100
541513
42182
502092
35107
321041
508332
795259
62742
826593
124795
406747
500472
327972
446398
491373
892265
902049
497147
226444
114933
571165
704150
299111
280385
97582
528211
227611
467297
658334
99385
823593
353159
124024
956626
711321
968599
843634
994574
279018
715734
672950
55303
311860
900608
241935
598175
435548
73336
128109
266181
316788
114522
946644
793815
818477
58540
866151
595489
177529
630516
300941
242180
778305
246947
866430
559346
930752
517103
113260
53526
181051
459838
611152
566672
72733
182718
428239
749662
420146
1233
224905
902998
304640
445990
6207
994704
572542
673187
188894
168800
175986
990910
86188
314112
405674
826923
770318
367181
461270
134064
118131
617640
112256
710228
157473
34365
97130
347061
991066
452896
47683
21881
351850
551251
265989
202781
218192
890148
356590
942185
425223
586547
267352
559044
760432
572498
861623
809444
503133
384837
312367
145373
203260
188968
418640
442971
132190
580976
866991
754155
679075
580873
707042
166323
207044
42719
340887
487170
648317
94265
736209
410882
759381
556607
948481
409034
604491
206172
5885
567120
678431
755966
501983
164796
959930
272186
208317
788119
749178
355021
275776
171874
452766
846334
909283
527171
887051
845535
652618
328730
849081
960178
625212
846259
183677
913831
501439
577236
537075
892803
442767
205813
668679
633309
125114
885519
383520
473347
206683
507533
317226
751673
977265
764959
399359
61985
243355
86062
699186
422518
350194
849834
848823
726770
13571
584830
127858
353936
888487
578021
920282
779244
856513
349078
561610
689606
612884
120475
132708
613733
436286
615616
778530
677016
389525
88870
122555
80215
235677
341495
602734
552137
581411
1779
989165
747679
907320
796265
763881
147229
787597
376578
259958
914169
768616
822840
649116
102300
662273
153380
89721
411333
692155
753972
87830
917773
357506
58747
348996
670469
698813
453090
373746
706747
785456
998908
738191
929884
353074
84408
407766
632499
412229
625967
477307
391183
73367
596573
157808
277123
938068
789485
54676
791879
776422
905197
814265
972796
503498
340961
656784
428941
696592
931507
13235
811697
334319
905096
574031
385357
288962
520365
694956
756149
118819
844848
108059
558675
93475
559307
832251
594528
994531
266108
93799
669392
626514
762480
2111
22731
105411
719773
740818
691349
285737
517743
395301
127118
428338
950938
458659
874069
833022
496654
754656
489608
314875
277705
589259
5543
799455
617542
956080
796887
773056
928275
185256
970754
620883
340224
966814
845083
859135
501043
480062
59775
423005
706201
576891
994231
471375
774391
865725
714778
626938
431646
223078
128464
540321
310205
473600
999217
549087
13520
127685
529355
515777
666039
453450
64387
778301
920353
153672
867474
907091
243879
992584
703665
328703
620661
961963
540816
634712
621027
849555
716095
421001
425890
321074
84336
496617
501649
764077
797651
121464
579887
408364
874337
157048
51499
184576
367541
814565
690584
62642
715348
463443
143804
812644
954765
270436
337799
480102
545532
318818
951393
217240
477224
681727
736028
607159
9420
601958
688905
594438
799155
172989
247398
872217
588668
679930
982773
463361
4861
282079
587560
621327
832452
189139
162104
415303
225273
384991
629012
717667
548831
483713
844471
290944
192633
669616
102482
343977
962825
559662
158377
62655
180660
955267
358202
364993
432513
885147
831447
41982
547456
795774
28181
689492
530375
483751
388445
503331
540056
534916
215199
612436
155422
262729
971751
191552
891798
343345
25544
220030
811467
34387
471220
508300
308409
553053
264877
860888
70163
674095
96982
411948
286880
309206
165923
109877
823424
272419
535216
837870
490189
523368
759981
2670
681437
863118
818358
712522
601123
799510
862528
906856
803573
178026
872943
779425
637096
769631
316805
413842
611607
326090
179062
10048
171395
895228
166167
145253
78100
997019
795956
831387
316926
990814
604800
190628
345983
978980
442087
231444
555396
473394
775232
618651
794987
426951
676382
459699
963172
663070
99590
575970
209648
544384
9722
209004
728076
191299
6516
658009
284391
298658
286447
37214
384270
88250
627998
40363
938216
294815
995840
760848
716957
555161
112907
605453
99027
501758
941637
346676
3088
148141
963698
704829
879555
725348
966952
925862
614494
669503
583550
643269
435996
224526
719075
113964
781984
864977
296714
959159
930686
534099
337027
487668
860754
454496
645541
903472
152654
743779
514920
530586
972882
700065
936975
992534
308852
512780
33602
949665
221663
316485
187962
504540
368855
158769
921493
6647
382618
883831
908169
929595
649954
245651
302261
419251
548872
62426
585491
215224
126338
268554
946122
887768
492685
771085
860960
514531
791526
346443
237773
952273
390193
974568
57194
584787
675901
473953
392328
217141
349087
616382
540126
457964
344443
873397
650778
648834
89185
676059
171992
981403
448339
194439
118128
789090
394469
694405
492842
451157
348605
426548
952973
734827
661370
60093
263765
54494
694577
644912
184834
193240
808851
581948
158029
573310
276842
276491
673142
531347
416194
491576
913208
549835
789028
949806
885662
961389
338366
300958
118639
779811
358686
835996
283525
124641
92381
557399
844604
538800
439768
697651
507461
421526
945946
652101
398618
161060
328214
49194
886924
642204
505039
956356
391160
667004
894234
8211
458584
276459
12091
56235
393653
303423
858477
816919
22330
42345
220926
357323
717029
36222
773014
120638
972502
57058
514328
680748
124682
445395
495840
94886
528481
613711
576877
74900
756891
354083
911320
702153
114849
176722
491778
8065
79680
953310
451405
754042
530352
866614
528577
871339
704914
674555
386318
660197
143417
224176
645169
365125
492768
355263
517231
97939
889
172706
386494
188347
788517
269044
564291
46566
821439
348565
185910
25523
362322
526451
755426
508567
802923
805628
504457
892110
482314
143901
22245
447484
246578
984949
846536
752485
439200
293851
773413
864197
667032
153928
948455
544270
606810
453283
337983
91836
152244
261288
6075
979606
424817
246195
40658
713603
392367
729647
338492
893189
659982
64982
574014
624023
83588
396963
198915
108511
580942
53340
383782
944848
664257
132853
698317
503584
568127
433507
445871
802912
532165
855615
539061
862205
242208
626578
955262
34577
484735
912195
600509
993383
658532
518234
938238
815178
722485
689712
70150
496840
83823
67701
194711
579848
933370
648734
510610
955973
618647
871657
937783
402534
876277
516046
543880
36156
762851
258180
793997
489303
930976
716012
548912
294853
822607
893726
649544
971368
389511
79375
248243
491379
494662
679964
632667
22849
400005
916277
897180
790674
956774
922921
911356
338658
555210
323593
450136
103464
957439
413948
469472
987752
883158
703967
6969
500341
772627
581718
849601
89927
8958
283956
175343
312308
377239
394691
294487
669327
788582
676592
866061
321050
189552
756246
510562
650600
624774
526949
985098
519060
961015
478446
542430
611351
901477
760143
835964
355082
481205
885942
488972
500921
41696
62355
115934
29472
559335
144926
271343
17157
137699
602178
993419
986545
699130
233893
478924
992076
61678
843093
31040
561108
827791
262480
340264
628346
568209
603183
394205
400537
717944
777521
896078
288340
37167
970144
458916
640394
183609
380834
144454
12152
849983
226719
737784
688300
52295
204425
467102
536610
132677
394572
643999
144957
346252
657492
199973
150563
735965
244406
756416
971061
55392
871612
95338
307946
320560
139280
372133
764743
787793
852675
296257
644285
90557
527035
934650
336735
71003
118263
993277
539838
802513
992576
975755
673506
787184
626287
864759
9896
152078
903573
271817
535091
792434
728330
427013
85776
491559
856277
107141
729770
672371
182773
893315
896166
654562
931722
402547
32796
593147
511395
27085
784179
340692
187493
651560
469592
424577
533524
906946
439707
782696
836737
398940
344678
504240
474512
497986
437210
574616
131621
787241
206791
428388
517355
119280
138440
568817
629120
958409
526586
698090
491521
291761
680407
352595
985389
83803
375602
407683
943352
337259
845137
513007
203503
526301
396834
927904
618946
819782
744668
948103
420467
584115
787699
203687
98202
661358
197559
907824
171154
897247
629770
204204
125060
673486
800636
591186
946445
496134
451461
340536
11535
240405
312926
547174
166481
357233
154172
540038
802900
424693
374122
924983
14451
672072
596162
514816
881461
381406
837767
82273
860147
332056
134306
212934
663072
963399
970103
225749
367546
530702
225380
859814
24588
564325
373654
53586
291805
895034
577351
404644
646009
587378
750232
79661
584793
374669
904262
411828
978161
273255
595340
54473
78679
677914
586837
343098
766155
543297
306717
244063
912231
49496
206499
756624
82468
582911
954445
706039
920198
24989
563992
262016
43814
975521
504889
291757
716634
88932
136661
672389
789058
153706
412570
895468
787954
349128
20344
946318
535543
371295
499264
958773
873864
584198
884887
227451
699339
799814
2326
502937
486272
631294
437762
371549
658766
971367
931555
52410
790888
114546
494659
832442
928476
959886
107652
269070
452856
633285
574174
627142
608601
656454
739061
98139
206289
882045
346259
119978
744116
107486
363463
606332
808383
343554
621913
111936
313830
487720
898536
840346
340985
449948
516835
311572
228018
525557
677024
421106
200925
811063
71324
744292
511460
637145
602832
451925
383926
67490
602988
726305
815444
1773
365746
433187
228600
785483
166770
302571
899682
791303
519006
407631
44544
205956
63369
695065
78329
316611
433601
801246
408022
936577
582213
151214
43341
81085
72677
683431
382188
63383
958069
250916
760223
404564
559149
988499
886749
969534
527072
765988
995189
435049
959831
684254
418865
953616
433162
306892
530596
580125
559226
724
968853
830791
265837
434087
983432
372758
343751
180308
585445
464450
470914
178872
790088
574713
773898
966992
132004
193728
258680
225967
837972
714097
359976
330762
118656
624162
773817
873969
507176
681510
813152
159128
26896
833581
328233
356436
764040
387911
30668
6113
298967
252037
135976
384159
257796
143360
238303
227486
781120
633459
801613
832206
426483
648963
469477
655001
323105
924960
271594
383244
255609
659011
720135
588976
389178
572631
709261
415671
48066
988148
899975
439698
606645
961158
65082
589216
351686
335628
530750
355968
350693
886461
829619
20679
619333
525125
299874
176909
823305
725804
470706
775330
689738
966296
561732
163678
884103
752617
370347
540822
207338
73666
164875
615339
414451
688808
833549
80956
195332
571458
205820
346619
750535
114624
202431
549597
366143
927064
44275
812139
649962
26604
437988
20278
163536
112264
200041
694376
887788
764999
925017
836789
672563
66773
306029
267055
421445
456462
477172
843385
701743
998085
574701
44499
885659
367906
837380
871061
288469
492259
139692
514423
983226
895427
89621
742476
779199
776375
188299
37455
858843
350805
190507
18838
831315
757328
291074
540963
14880
61022
554883
397658
316414
819898
774181
516876
170323
857925
765463
645617
490362
930696
370081
340533
504684
406164
814168
162281
193355
402954
812029
870810
8970
665783
696628
475391
666811
578967
581852
395468
805430
247227
280527
476963
129379
461829
538999
989994
663269
831887
139467
690615
333475
895147
726117
490344
31476
95621
355778
70416
277671
852773
802581
619020
916588
816785
115720
922931
395681
861711
795088
618539
119229
754056
432875
539673
327059
177288
550201
296240
337028
141474
426548
842539
663812
600625
371086
351253
141639
518329
281126
766277
892039
468203
112038
949160
374389
382279
100795
140150
75449
384540
281586
916487
966504
329771
203948
150014
431362
424234
232126
403107
648292
150436
487463
482063
748304
261885
232686
484992
146967
673620
935448
185613
512161
581185
295107
128115
179929
240573
77475
490445
498423
518817
875222
652514
548779
973767
760165
451737
42083
169421
478233
354439
726009
533368
291192
456745
597628
345524
799067
69741
926298
595833
433261
351850
486055
630986
403330
721585
29324
94744
476817
811067
22606
155331
880592
42305
726330
343296
905322
738219
203051
509845
374624
424288
697015
798721
777849
986556
384380
542010
442663
800992
106306
267726
491000
402338
563213
143019
68021
769061
968450
658106
340187
221444
983347
91365
41139
97512
89609
707130
809232
566522
886029
607911
368741
35889
472787
735717
62656
646924
894659
134066
595431
829468
233541
795126
392462
291065
118089
768391
62833
882261
12656
569096
365012
265453
747674
299500
967957
26267
409165
96792
419946
967881
549310
623655
854013
56768
313984
650887
369953
720158
75014
84992
804719
576038
228566
323029
410626
327921
97165
766275
55051
656003
644105
548454
486097
423801
865718
270907
130824
381598
205880
102848
490701
136732
265010
862584
297788
244495
470577
365003
955439
271541
481977
974281
222291
550978
733225
278351
231464
100112
209421
416194
287445
67956
543040
155001
701605
509420
642812
11447
440738
85108
732416
286997
126924
248887
600924
306111
719798
584931
279644
163157
562238
397589
892367
620465
941287
181044
387187
739656
252373
975385
905790
618409
579684
707180
811147
332771
434596
14730
448928
792132
133045
296674
558616
755579
562428
856351
325810
135583
779327
297471
77108
439816
479651
846147
397949
231131
799039
510079
481254
715300
562460
922001
889428
678940
129484
507886
298014
73097
368163
145688
677717
937924
987351
643052
51764
767126
972016
698711
516389
860924
147499
765481
730670
329738
103025
259586
530038
11244
995119
456488
343736
646663
215697
779707
578499
315390
666016
279295
485099
449808
619894
905817
926544
919966
298970
194389
977160
730250
996924
320100
520492
90044
971918
584675
921276
968446
63612
757142
966576
396743
175242
976947
430620
74517
702281
592731
616126
559987
984822
740708
374695
122202
324527
514193
146244
551540
507283
479523
444489
6651
208565
520968
223801
902848
724539
20338
562132
222216
990361
722115
687389
844561
846758
754276
887174
275762
196504
583093
751098
105440
187809
352670
550855
694797
268517
579076
822567
807594
804566
52952
621673
653518
899566
484617
689089
800623
76488
164250
933544
727500
612764
830094
810033
600749
776341
307903
846058
867074
970129
963917
314795
711529
919220
653364
310718
741067
318313
834423
316650
976933
303607
231417
147358
585509
329467
418410
164471
809066
639752
885982
86126
687278
208215
929209
808417
90432
719276
14023
393084
26089
196744
811304
519812
538161
339397
907432
673472
553146
384209
599341
368004
241737
153097
898506
794523
28965
683249
320688
882384
123992
284878
614723
796313
42258
325025
416139
346593
704109
128
293633
7857
679500
241746
129033
871162
473756
930982
809088
270401
973756
210608
669610
370983
204217
793570
315342
963540
493810
549923
229662
809344
976091
776495
366414
822941
13468
784523
693061
691557
885657
170275
514033
835579
596109
23170
200757
497280
488207
141036
334142
981749
666679
701851
546611
617544
807898
546645
679178
844605
972272
663014
48952
604666
456599
984831
470592
814255
856176
540587
604013
512288
2216
804266
541851
884688
224785
792748
487855
946444
850350
953707
809830
389265
273230
558117
680075
895258
140623
959285
622658
442314
753412
62989
985922
111731
45681
545874
738784
901505
534259
269204
305030
421319
901308
438441
173058
55651
273852
438757
847483
935695
17180
102583
100862
171783
589028
963235
786614
600659
312061
481368
911930
171504
850000
70637
17601
960095
781580
901309
750832
73801
187655
331803
146388
902541
511484
230132
83691
611944
68083
758144
263581
663296
805822
377124
398792
603917
175839
582568
411001
593380
16711
767440
699894
478754
557561
198745
387640
798257
903565
336145
99126
559674
454865
501331
152156
818023
933962
661022
657562
965843
228888
185042
545241
8273
688183
954310
840201
579542
895586
96456
530518
729156
236818
926258
331129
453395
756580
358373
712619
637278
233752
43301
652660
120712
555829
29393
897377
948233
94154
928381
916435
906393
452240
168430
341812
260791
982828
889777
499269
320150
428496
76440
820307
937381
212545
394514
283721
366073
150643
970726
603038
628826
98128
538700
942510
835559
229848
410728
851751
111270
982305
994916
294490
109484
740608
809960
674417
223269
620480
117817
856320
477185
197071
815275
994484
624700
453945
209284
244520
360328
411275
922671
926358
764760
888345
619674
919978
279627
597404
619564
382578
701043
872243
810150
966194
253634
765322
667285
947733
489488
290392
127217
608061
984652
855938
597846
808251
139516
503837
904668
125082
522674
127889
944213
970262
847629
195417
222946
450602
227881
164454
977906
93383
676
645603
575961
18464
639886
101204
948360
249250
447276
127639
145967
921090
822057
540365
442220
684846
366298
840594
356206
407269
40300
827943
731499
378786
735533
35121
276858
631795
138867
266971
12045
207337
202285
94166
314447
307048
613636
591616
805846
775966
524589
846690
870981
608849
494926
262420
118081
938064
609738
15483
733134
298699
802667
638707
73541
505023
668587
841543
2228
297289
259935
435933
842898
998940
751041
360367
898205
510030
555992
134836
440722
32204
61062
481309
451976
555630
909294
614843
798826
168678
994239
315453
816655
217873
58018
19223
240824
824112
706236
290687
207461
959664
95456
777425
695380
688741
108180
323219
415639
898262
415422
535442
953169
24049
619180
825451
373197
842015
996477
557158
958330
223730
153262
758588
556871
285371
62852
879161
312215
442681
631699
957628
901473
259820
332714
83868
457959
288199
478556
122405
998673
851971
5163
875136
871846
904784
757394
258480
7526
986534
280879
476793
835974
813370
499403
647707
446664
817677
688200
440828
796471
766686
679846
32675
129788
116160
614449
411296
714080
554758
767819
595082
18207
94298
873617
883168
463141
584237
242861
107857
297384
757960
583608
881496
695393
206914
169865
358526
68840
572362
633311
167939
192043
971364
183143
544023
448586
668145
997994
740611
438227
798950
373333
465317
611157
540191
260646
760792
365987
174668
373297
945202
362727
783689
701836
948519
167839
684556
650781
267722
558329
963192
563454
372148
325127
374862
393866
802941
170975
919555
32135
301095
614802
867116
139312
831771
771463
58453
790365
201547
228659
949618
25873
419830
399351
179693
322080
508874
872917
388446
109627
333795
655888
444825
207962
49842
658720
483168
355204
486265
800271
823289
135038
330738
554355
427099
825550
408015
609160
267394
217130
636637
416425
237410
44162
476610
504299
525624
294759
568229
58519
543867
726614
883244
709569
416497
676709
135072
896265
487775
981321
581678
137390
473
8130
531527
165322
429559
576867
675558
238830
596456
228162
839665
106714
180448
606840
758457
628057
697965
208085
197468
616247
563431
414051
565898
333088
811654
507925
629924
458199
49102
88205
297344
157007
253925
932807
59657
759594
937669
938853
691396
868811
675788
659095
691053
971482
43632
196070
131519
166419
662801
741470
861779
632395
521383
985622
450144
364801
657498
901725
732769
802141
721969
182531
768916
74184
10274
135809
79902
526183
34311
972422
291916
421685
762866
439135
752756
763451
904919
351425
689338
548335
224744
932726
831982
634535
27262
713634
803667
130744
320499
913905
98683
197743
477516
652256
83725
565291
294803
841188
371241
440598
163076
816570
984034
2686
13405
530892
166186
456852
149720
507133
716171
979775
506549
675729
387217
118942
371568
238076
563142
975577
852626
639238
843029
763426
252708
296983
298576
310222
700350
619877
660173
260554
30397
349943
330795
186811
920147
246996
680563
841078
707192
392845
612953
699929
97470
99172
583521
577412
685250
543512
456734
450423
860030
936782
579093
925066
47228
711005
62145
107139
568805
778678
743664
637271
974200
882350
860683
931840
14166
914218
553522
636151
345081
641638
331462
458831
768773
659426
846464
870318
854839
124265
717438
481192
956090
595647
682526
234681
113368
38822
427203
308511
872333
144973
503285
698642
344632
781590
20453
564769
185003
398018
712973
544746
288225
190460
803830
343798
439759
245311
744147
713519
451411
282852
710859
95678
933129
75468
40788
29317
209661
1574
718395
927798
954362
309085
774400
715278
802241
875489
233437
943218
361429
556369
111335
858724
411955
404162
298510
958114
809056
349807
904383
282587
284378
263869
408552
65743
904048
236392
709275
482626
365741
845008
491724
903900
584752
262362
910325
271136
791767
109380
935961
370119
229274
70345
373732
34936
661044
828461
353329
981223
974779
286374
661286
643463
648977
128679
259450
304493
999091
512970
888919
529347
710958
172824
615002
683429
711218
140088
332344
164187
351615
946099
170170
938100
858940
105888
253032
694715
141670
313649
569604
917657
432549
119384
460525
136902
165883
407063
652133
916909
359573
241059
326828
84380
494084
956276
989067
928037
975877
614828
774700
582740
935420
701281
736742
790668
886336
450441
280727
788864
471631
701825
16043
874635
95074
828474
346809
203821
183708
260736
546252
168995
974172
781480
103806
232866
937841
141718
357248
408751
156973
590824
417335
593566
830930
457667
936705
231333
538090
382648
290070
473755
705459
917586
526409
495699
460662
546750
791788
680783
904440
874775
825619
208483
328522
313038
779505
198504
899003
885363
141152
188889
212206
967074
844412
971085
41926
980108
775022
298577
242877
598689
520583
800097
1428
622231
443458
373955
999525
803994
571500
372865
588116
557136
722335
893377
381028
102152
55274
733826
846950
287870
560908
543029
214539
250509
374239
789302
22171
209586
204242
156069
119743
871672
660239
596453
994296
689670
34619
654065
656306
327361
533275
776534
833267
353503
995284
150033
515502
761993
598411
321413
98740
370604
134571
902937
504074
205149
567812
354796
166741
274278
26129
916022
536178
218610
599826
67324
779106
343952
674072
113839
504994
43303
830431
981794
551065
50103
245077
857318
140139
922823
965881
862469
19819
2673
76447
186711
183341
736902
723216
386115
606329
46943
251597
957654
445083
251393
379700
782201
731543
85804
598460
467282
101817
957120
111835
757050
564299
77389
434311
227606
263329
604406
271192
463764
834062
553280
943756
318404
312313
108669
614053
566928
46345
702991
987821
417178
471357
231579
495897
117553
259481
313484
657932
81838
892411
266433
146546
329585
220172
350740
995213
713844
362962
450568
918028
457224
883105
76622
247639
869236
512241
129460
50216
312871
105227
373931
430803
787350
130206
629299
947686
286006
554606
634533
91755
466136
415084
384988
919690
283356
791456
495681
691659
446163
134466
985970
429882
452469
625833
640335
894243
954683
654747
190177
329853
944859
213891
285158
352419
303006
344128
385981
964605
269407
726170
937258
586685
139234
9295
749447
228806
185102
858764
944712
166695
227272
499639
414889
26308
523886
505385
121078
426645
900333
508793
920567
480968
76096
399923
472757
692930
788997
157032
779309
154819
306365
869407
767569
137896
786720
803881
438389
555209
909531
415762
98525
499138
410215
559604
409504
778831
463367
589029
856248
194961
516446
54672
111081
714349
372842
214689
17356
615252
810465
132570
991992
751197
832742
646915
687563
61838
314664
275902
123354
632057
111064
504568
228019
641923
531141
841276
407499
349952
232981
10145
115657
359994
624930
690468
255918
960465
12526
447056
791583
181052
801861
465945
701008
729645
911214
673865
201103
229907
641357
56530
799402
738361
296536
90434
375294
385868
209972
291732
415518
24377
65067
248482
880284
243317
809484
40120
295543
970518
130080
78149
273633
521310
596420
878059
821611
639641
695528
481589
530319
650268
1378
209448
396762
624301
757040
884850
609908
590721
773385
376767
321933
643488
918878
728875
571814
27237
385458
268434
594873
919713
830802
55426
456198
112352
803571
674066
533436
274307
769384
735948
991808
172364
791229
887109
139292
227897
969907
55118
865863
457991
792855
665731
682765
28247
944385
643777
540187
382958
978406
448628
120937
738199
740507
144269
108932
480931
521383
518867
167031
470929
199875
648529
772821
441480
607152
524909
816742
506624
408885
751513
388588
136449
148788
618658
49616
592772
720872
774118
436526
801461
485886
371427
725370
846106
605836
762410
332493
596557
707634
926066
470608
816421
785676
544520
143619
590451
275473
151588
287467
576744
726347
4568
409814
820372
656883
859681
836172
28105
339176
337760
958548
16094
66188
53858
240864
67216
13627
826459
917078
692866
591593
496562
835323
966885
568855
107062
298750
246834
977010
433774
796831
385812
507208
87117
465146
696804
220583
169092
79540
823820
389524
967090
899585
997068
510309
107831
166095
110235
578684
32230
894418
227173
228064
870616
802669
937523
606841
843678
954618
81001
43880
385806
205942
791016
780417
631998
423180
418260
414950
445327
321916
565487
825729
746913
53736
70372
608157
710308
615547
646944
185186
728910
508726
301787
386475
331433
563096
392181
458949
647428
157738
865915
686855
101129
454308
137992
553097
698159
542847
842696
243778
803846
936152
364312
702274
701615
555454
255753
996104
113134
439576
859844
860033
227032
864758
674439
836958
769382
638642
485006
965776
260012
816578
947020
525923
828835
351070
761816
782132
690530
856776
880677
746384
325804
506237
382762
656939
473442
395382
918432
417018
205401
994907
684778
150765
118534
962117
328590
422413
101526
236654
701729
128685
117019
509496
707458
371536
555424
247318
439420
721239
162909
99227
511695
777637
780102
102621
459656
462545
31806
501445
901517
977991
451945
699831
588469
37308
96030
406680
51092
821899
247995
205760
638612
478385
644180
401790
639614
5281
768195
938882
764184
254533
925539
829227
554857
703059
60632
259630
92888
226119
893829
963487
488499
853250
113313
207135
393867
413695
300516
508259
53372
256622
80027
81180
460874
347375
33883
987912
150374
178540
469138
901141
53713
89235
166520
778157
510616
169071
629605
684195
710909
206242
375933
757752
101174
435713
743750
779977
738510
103628
70170
571737
698090
116168
630520
797687
200678
245947
439988
589964
168926
930692
690575
499587
81673
934868
263457
712661
91455
402765
610675
313840
916315
146997
618281
262083
507515
966422
454300
899945
548004
544118
832070
123503
687555
527343
86934
590019
218254
658410
71140
419708
906505
354236
326719
689024
989989
574301
190689
685526
987139
972352
855428
40585
632662
393620
862285
591093
830373
96279
453927
45361
109808
290386
878635
684185
873962
581621
432251
881078
469861
361103
218734
527692
902348
515945
434277
950145
763465
888576
518652
122021
704455
142558
339549
653282
59857
8404
984622
820161
902617
958358
806698
152726
776598
836019
188877
607498
15044
864943
868265
455683
135119
676991
830550
381298
770634
955744
914375
616632
630041
289940
623287
974070
223280
207034
336129
223856
630898
472073
127695
643868
939451
107112
212267
248397
106425
287085
716145
498103
733301
482609
403301
687518
822256
284749
855521
748128
684584
759859
114471
890587
23482
592298
905813
160828
563617
317607
500406
515749
195420
647045
194164
112570
687982
66274
159020
377865
795967
155285
204314
532051
838880
255695
156851
855419
198124
29837
683218
208330
143305
178999
778890
928349
693710
289881
189850
429932
848831
454075
280702
868983
270003
228062
117794
581391
312215
612822
813105
574462
436107
299391
19532
421652
306986
608797
894039
676367
777895
93844
805421
455910
344978
918912
984755
385714
190266
338738
357834
217721
279853
727304
593630
591065
547995
291176
514716
188302
206233
284121
280128
191072
576961
691389
412300
446444
782454
596591
826068
444172
557765
878389
252278
810726
973607
394210
426536
131662
428003
699275
321386
282969
409360
404643
989018
889919
927032
591734
529254
446508
608217
137470
922843
722211
647941
10789
376861
383311
157097
523608
542384
803112
356394
600133
537970
454078
559403
203633
136939
35941
978731
545143
943549
954046
6796
784992
497334
796317
697966
378972
707332
431324
691706
52955
345864
570875
703611
579979
875523
149874
92454
317294
692461
61846
933946
698455
962724
391331
638274
84928
556417
245292
477816
167755
811335
18780
223364
730772
966837
595624
415009
312431
835515
48659
810528
968579
174729
273053
508231
447874
692994
281609
197073
363460
413775
789450
401625
888831
6096
621769
681169
993061
620782
533526
18348
449050
862028
325864
766108
598609
83228
699986
894581
58498
3854
963397
319089
142345
83746
536188
864333
978142
204703
154952
181904
258541
927644
919032
827051
512530
364027
551844
626300
723443
33910
918230
816877
226105
925201
996246
822905
343275
911727
644305
829967
472425
85313
60325
95375
764867
683609
480588
861745
618420
677020
625890
88453
893438
946646
584404
195540
146467
371496
648359
344742
272957
820188
475234
997533
576827
53081
346074
192767
922232
121650
39000
567377
846009
824536
48616
508510
115267
108720
531265
436055
945175
95936
185612
76820
486860
602754
497043
534520
862215
323675
753287
94451
484376
800421
99565
262178
62900
348392
452327
519889
520587
184360
933979
948768
387910
539416
631554
703491
133023
431596
447311
716707
634844
847756
244217
704738
499305
866916
957991
459260
908689
764440
703928
456712
141145
445589
78636
966366
795705
547843
848242
216659
462199
704663
884686
446880
704226
333892
852518
716001
500393
293329
230634
684537
645206
157190
866078
799186
431146
874880
573574
234562
364117
673380
131053
326409
796498
686768
382993
761207
106653
37677
443182
555819
941202
954497
782181
301621
929955
309089
842697
551581
108086
975587
41415
815165
675865
762993
665967
884425
534051
326233
122403
839535
277096
201922
464283
155801
503896
586554
383762
575632
975092
755690
539600
967930
570478
827499
450709
817860
540573
30961
523039
480410
998810
943397
862104
737491
551546
220177
26016
71787
439208
724277
348210
162792
424093
660790
246261
579165
830847
482998
320353
615500
511571
910847
558092
958950
554337
479512
9297
344431
134627
283706
962651
296445
373929
607452
913427
590623
270028
217771
87908
636699
600780
623702
132903
553551
810761
89285
39600
512952
257691
413289
162164
768529
264078
622062
892245
233107
325309
37134
451788
865499
27273
628735
756850
922986
881783
844620
688107
363206
972900
843266
98608
443005
205221
948033
660855
470473
469567
755762
675328
767631
859775
75351
638782
542402
546936
439997
20641
952229
805143
443151
990908
756781
749412
380229
159768
786372
518167
836089
703892
865770
580949
346266
465911
636278
542982
85945
283540
649915
452179
461953
192217
684101
341889
101892
311348
277891
592677
624496
585121
167678
999107
337312
718868
154119
841415
222734
589440
666928
422943
180071
488771
750896
385075
914231
651182
668074
551746
122756
408116
241095
536410
458358
954094
569215
421492
774259
747016
91383
759273
50313
824332
35909
828949
524933
450249
388815
650567
827104
50975
801681
59873
740377
671018
100989
367251
947422
771913
105532
534638
432548
151754
977043
291432
130774
556147
933857
531499
146857
636463
961604
76697
155918
587988
461340
331873
62593
299661
264231
292279
43071
735977
980683
586931
867668
399551
129267
280776
894994
139579
157456
566303
856414
52618
410561
661327
814244
425566
333902
904571
578666
178014
513037
685321
69634
510190
653671
934651
480729
154262
784693
647723
671917
670865
280644
864551
742108
770996
382967
75047
910423
376505
149260
394087
594165
899432
571511
135845
280036
629409
46442
362489
126266
855752
590710
875276
327914
828877
726987
257270
8850
750231
562139
688760
815792
606860
922973
236114
735861
168831
674222
694083
198898
566135
616273
674267
976495
715800
205463
726910
931803
958577
447002
101495
409373
902497
400867
272374
803656
946086
533419
959016
937646
611395
387647
94001
225355
762638
801852
979081
217122
27475
865978
539696
249446
433256
378630
252431
721678
412175
982727
81389
772875
186305
574849
182730
272470
222173
992056
304860
95842
52589
538604
499619
81841
591825
513411
806635
773123
423114
391429
528350
53865
639269
934657
857475
660919
41281
685452
582679
72727
494463
772393
112198
337466
53702
13764
436870
17066
997040
302105
234961
710972
526037
62514
73661
798177
927730
387021
948793
408795
423605
584668
304870
977356
771943
18661
303759
270953
584886
438730
772743
164366
956638
370403
373214
556524
560628
928199
655615
880989
270671
29162
438569
771224
779027
529376
943688
685888
278875
194304
30511
822039
457410
845923
832821
30927
296271
514700
468137
107713
183354
388386
964146
943415
746335
292632
312264
652899
303742
931245
197385
22899
699437
650383
831481
834556
109595
468507
397529
195155
246593
985279
162402
423739
719719
713409
109214
140152
820431
839832
93284
448386
671170
923384
527598
449813
512566
538347
620760
742245
799769
493531
781752
786543
665277
552108
478356
921387
838112
622342
71620
81566
914006
928816
464805
198219
891285
680792
439
55689
589277
175919
570452
733168
971074
964849
756942
298221
730199
935042
363299
208501
725113
863796
730783
568343
302261
569317
929999
104169
446615
838085
996637
186788
928272
699446
997005
808524
589251
879628
54739
417543
521132
363444
844878
200464
562477
677232
411045
840387
721015
355520
432829
654296
173393
948637
529940
899309
720904
538462
612541
172731
586292
484798
525496
65259
55970
992885
915629
990913
412451
239042
407045
388214
58544
843146
80485
763108
819768
608538
623432
528091
600584
196233
105912
560529
927446
89465
221417
548533
48171
96060
43058
58724
472938
621394
303785
453429
182400
788177
153113
882287
682794
348126
419875
178330
574814
616215
538286
638515
609495
419667
307020
54969
474560
15297
956267
749796
102076
27565
84340
455477
443216
301345
613443
786792
797742
369960
802436
68679
496607
542317
743590
989656
683019
828291
514687
755639
45416
415806
893948
154430
208381
75518
861187
666208
240658
595275
933799
297365
833974
602844
212807
618415
183532
243058
618948
988620
378868
876449
343772
767140
473137
262319
799656
608898
525116
441045
804718
479184
889668
315363
318116
21195
898463
239679
792194
730773
992882
649293
220162
893161
440505
189739
348087
877097
374004
535699
953095
721683
459183
444004
108039
63890
6828
509754
554801
950961
194990
607609
722052
786026
44580
515561
250617
517981
46577
581819
250397
899740
96852
304746
831568
716707
527545
834109
674072
69797
111899
898025
883746
269121
163028
482579
345879
913939
958786
668274
24023
200999
64280
311123
675093
933961
659902
117110
649999
759992
762854
641494
997160
239736
351021
910214
900003
50503
598889
159991
801470
149991
856533
71958
691753
48090
50070
369554
244257
921004
306345
823483
828206
219562
94764
279878
569461
764080
574406
588525
969659
977760
494515
768179
157751
756271
786287
554565
799825
537177
131070
493692
198909
644725
771222
725631
841711
793571
508074
741126
809018
905185
155157
742265
54921
758461
124383
102199
842936
937573
413358
638002
798608
197530
329483
134071
534749
441219
198672
843851
436398
756830
84332
725041
845481
39889
622739
278601
819080
654431
46532
276434
270068
636790
969720
46224
348412
253284
747748
204105
945586
839530
434539
878377
621282
999145
137188
274053
125680
324665
575107
488508
732941
284633
526182
418682
879254
638016
914686
292950
310089
146706
43672
748955
888740
190702
51591
932
454236
679652
729200
46049
235830
309828
962738
347126
562118
740433
902832
567618
717506
821973
481212
148348
24706
101326
945825
597114
885463
179462
800397
106700
851781
470080
910681
701445
65758
336078
268727
884825
574844
469760
722935
895010
452506
622775
187254
786749
85648
859095
996963
927825
234409
314139
760431
924336
487842
131138
942801
839189
697026
1511
876915
680269
792144
681582
29436
257331
73398
62938
581562
137428
147120
976316
780396
782961
537457
777478
31530
878306
524754
993918
605810
497623
129719
925262
64336
337082
24641
452728
992041
501296
900137
26278
758500
103487
432959
879647
885428
751881
800832
242198
271174
989111
398157
513117
230148
909873
419662
553335
222276
588169
851874
797962
998801
226167
982081
951539
439572
337663
601713
186612
968670
352111
237729
672072
14868
381060
704742
983767
777975
336301
927439
160965
480526
353831
839335
459365
57587
782151
829766
843532
77880
631446
696596
87424
87668
263190
168476
683598
98797
772451
691720
637370
978147
715573
332479
691665
372599
813186
253336
237083
241974
336192
272825
34669
941447
268808
636752
907930
813740
991830
527085
270026
12664
499565
351483
715170
724622
102551
323226
233187
666513
912970
102618
46927
298989
511079
242261
384965
248577
687324
476841
722798
628712
909992
25744
649168
14691
531774
789150
860992
252836
920515
458903
76532
178681
441010
344427
67382
906580
92895
808464
236853
870515
505177
295993
20854
630832
932712
335160
705896
128359
48757
359725
54484
816447
585673
567978
528755
981143
950574
633125
35033
466255
280306
495768
753936
372400
235145
64633
30144
103993
181138
839761
178441
413895
334706
354556
245619
4128
476637
578684
325437
727516
815027
518905
276434
145456
777286
824281
364953
547992
757626
417464
664171
712544
63110
386500
623584
497168
337431
438776
997378
495730
924947
884851
490467
488897
664378
660724
813451
27888
542121
985013
523465
63316
485497
301729
676266
966510
245188
625522
258632
671449
636743
459499
978234
194764
745187
34479
891369
970445
785022
595389
250626
943027
901574
70345
823367
471318
482006
838839
190976
151893
897073
117622
618512
662211
63978
161335
422050
832046
339878
532489
870082
561742
333050
435987
32008
148359
481838
830125
823215
523291
441059
775643
60035
771375
803920
730726
60921
511480
456936
473881
475353
430466
782616
237589
62806
259421
707308
665682
758846
915236
418449
254642
866060
4651
587829
288707
856411
327300
524619
271954
424053
911918
162858
3430
960970
356891
416597
292384
601660
181853
92438
544749
777815
718956
365827
896805
271454
248790
619682
267587
735424
555396
332073
594945
791146
447076
976606
199184
444470
186296
661405
323697
41985
217723
596216
99955
948057
389803
344632
554633
190229
759608
815746
601351
280256
371783
249749
850745
18797
944867
542128
61280
235694
933185
216912
342474
556191
751982
39447
341645
412061
239255
748168
929184
221205
928564
24431
72085
681335
589587
524062
789431
210952
114877
133137
590844
33687
954950
429683
254631
987143
144310
520442
463485
925835
2959
872429
305569
96369
815483
27078
476174
238741
819476
459826
197873
865654
575823
392500
67233
191589
64518
550570
885244
433241
783008
722664
172959
397024
780255
757697
695489
562544
146693
882724
848300
22492
940452
763234
194650
129954
853313
775693
483624
987104
597860
518332
460729
36967
218111
157100
479978
114152
90168
822721
760557
735563
544405
173674
906500
635999
617475
886114
703836
201196
812995
299154
557572
525731
396658
386323
194632
276023
371
99474
642606
118597
182715
139853
833228
775726
964408
89721
527108
840133
48671
405126
756126
797604
900945
533178
604800
293209
228265
653818
355980
461118
763364
247592
865046
691302
881518
516581
452417
181683
161413
122487
462709
918661
732300
991878
99646
975245
892910
742081
843588
261503
205165
804318
845923
189222
314694
113470
496935
169233
12611
500590
904997
702571
128925
496010
414136
33065
692171
432124
188567
262940
593067
866658
194384
403878
779788
336718
333411
147849
943894
413734
259517
949979
292182
399148
826832
656534
924970
73880
492491
9483
895238
389666
665851
486455
828384
859932
962302
499310
650878
50619
658655
4148
220634
844534
247891
838443
554606
201286
126159
472614
110178
200206
499908
897051
931216
849301
843384
477751
642160
231086
448322
416588
520805
111161
765666
510630
464099
689282
180795
793723
1979
914630
869613
903808
267972
973526
132307
281688
999848
282325
134614
572071
346888
706844
65452
106053
633293
27516
858545
728719
7308
192611
309920
854039
74581
642775
148142
342331
775641
466720
375491
255763
758773
218755
531286
913540
654879
364136
492899
744946
318763
296157
719820
119442
197051
712371
937994
425245
349313
60742
426830
101856
173746
686171
418296
424432
895562
505825
573938
172155
614709
749850
452395
885690
85537
104019
377452
654211
27678
142223
799384
830395
119214
63874
420548
658473
907567
981817
695920
618469
664802
444055
27938
151151
941911
179513
593374
869788
780471
80443
744388
815082
59310
159508
614918
576181
384179
59484
656643
961731
204469
883631
616197
528314
218019
139177
519060
319217
555352
709008
774389
644131
733730
1874
604610
443392
47021
794211
415591
19421
14801
850696
453878
831180
598325
613810
175016
292359
30494
558402
894321
791750
769944