278984
399644
213277
238140
364670
376467
545209
234890
30986
973946
299697
293428
894806
88950
585406
303502
391761
459090
720828
599083
571181
509467
508853
44360
920644
746843
28761
28504
159381
686576
318090
748332
840813
151367
963540
573758
214497
931322
68602
675483
337016
593732
192363
975276
731173
372189
337428
111263
1073
526775
704463
121783
648695
312851
434744
642476
427465
931776
470112
629055
67569
873393
226203
466015
865873
207546
168245
176881
845868
834215
969089
961344
957757
3833
598033
497665
143749
557118
366145
983361
931811
46988
770862
780589
550235
770841
964357
737342
745593
776698
256757
465151
57102
732086
652038
448124
582425
795398
827331
968009
46082
751212
795923
205804
988415
154989
494310
385320
137049
898029
952779
191398
626505
286373
48542
122754
802044
674307
350877
173296
452854
528606
479132
381258
487186
41299
306959
940855
491943
371394
294149
461433
157895
668639
444852
597714
69729
633781
551151
877780
143110
568829
868084
544644
472777
858135
69089
655658
352511
502371
906119
734456
643813
552895
264983
624405
573153
369053
394233
911684
624993
356799
390716
961078
990304
306642
393704
623464
964103
640292
880174
150586
937776
235460
71809
604046
777605
129845
517566
799449
666503
763406
690950
602441
732907
941105
865196
201683
282334
464998
497418
558488
153002
944083
712366
94387
753904
819610
413938
617570
472149
534031
55977
600846
435258
994324
676405
918456
517475
958548
239414
244866
518969
199448
36253
373336
403498
688649
496990
303865
77230
889603
473092
97318
97765
839889
674270
909733
442524
427147
623895
579890
915119
657225
987748
488067
331720
967619
916822
639350
926341
782407
16783
516570
269240
439253
694737
819735
608200
406362
941042
726267
862260
334663
384108
381345
462264
464398
165584
409984
755784
266489
436251
968589
990457
210023
742753
992206
790655
362787
188326
419389
604753
974242
215820
7061
481769
260057
954086
761083
584295
471225
281514
355724
875925
533576
240965
609151
557318
218077
429129
35127
402519
110072
43394
47144
578775
952123
801894
176035
911875
58057
704874
460543
466794
296890
301489
346918
798639
101752
897311
842617
600301
5241
79884
720225
655733
281177
398165
635251
586034
655763
679500
711871
526894
984411
535375
854262
571117
407260
391030
881077
274999
684809
839974
878770
979252
489634
929027
16706
871087
738821
977282
611908
70461
515502
593564
473838
562999
723213
275038
886322
489506
760835
750493
754188
449968
6968
784711
695147
65887
959515
636821
946105
201152
366839
342813
381769
500242
374703
648196
7772
862925
753750
901969
347408
949434
558637
977372
75110
347711
140922
51685
526830
148409
94017
644481
330833
50306
673378
865646
772027
553362
387086
151176
522723
219969
694823
884053
1656
230186
709300
700538
110249
627436
521022
252113
922961
76682
451977
431698
335358
240562
70642
500078
583197
649627
9570
45690
881923
525447
911724
691208
786970
567976
836937
309394
615398
123999
586605
542288
402355
843999
8645
716841
733597
456176
221520
958661
555132
88464
9111
398913
160426
117747
304074
495932
931825
39595
746105
186382
4374
694308
940011
831897
618556
262790
171487
218551
136823
195709
833629
940307
627438
768341
663607
703828
419756
435838
204001
414515
586499
992111
452970
771885
195037
127527
838038
796564
598496
724431
264666
356801
286397
680444
603252
872292
232470
935376
821604
150652
867594
250816
467786
936481
291870
492912
963933
382015
372489
926074
376965
544157
504604
791565
640727
85339
595212
36722
704875
532219
19741
95146
248858
990037
676269
816116
317529
563758
920667
24939
11629
829540
251346
657995
814410
933248
959477
206676
481484
714670
162985
129031
562065
442184
807545
611661
629745
686606
285034
457207
654235
865266
197341
995872
852237
103248
283802
149231
75439
547771
774462
577209
425293
535411
192324
109507
947439
806130
317161
370021
777303
435109
484351
747145
714391
100536
712784
488147
555340
856522
792429
628827
846330
944640
134930
482581
254918
862837
617975
850962
640266
260879
649718
82463
825432
193901
302867
597131
314383
384444
51181
95495
17747
183337
984256
863461
235116
24753
6932
205507
751485
622292
569286
892993
265758
28135
749489
228589
902041
728009
486201
742592
121662
410286
784180
363074
565539
701015
826293
73608
181692
487138
520181
46238
979858
157373
277280
713983
183715
938934
640634
702401
732375
775214
956012
42830
695834
318189
613999
285964
518746
914511
519060
624926
354527
343643
841517
317828
55106
748980
820379
123166
798987
190184
195701
561230
769579
824870
2706
813370
386322
157708
464436
557616
449646
678495
499601
265893
995266
965524
142271
42774
774302
534859
69243
759632
724800
211483
189270
232138
84103
920648
434492
997424
900048
452881
834018
814587
223535
247526
447563
972667
123532
719863
677048
527286
345047
861672
14250
225067
837225
982497
539541
601647
369913
346177
285027
669497
151287
121970
570785
395961
748424
768471
832842
209442
988063
139234
833710
267081
245685
400387
862271
88613
165284
803451
447288
260726
711462
725263
995499
52163
718052
611735
744293
641595
644862
207221
329023
123325
30743
251811
43780
803955
70937
645670
825850
845977
212364
300127
520783
53596
925646
620288
792482
439453
352496
517020
313834
387668
398445
679190
227847
479698
108232
637179
233955
831967
639041
790188
934981
341633
986163
720564
796530
261470
223501
456568
664000
19641
356459
366924
37752
760920
173648
532834
70823
621510
591170
292445
627841
947636
244354
358724
327667
950779
644071
732178
109252
311421
190166
870889
626214
517801
931168
937447
648927
860189
91768
355345
925327
6565
188623
154925
545821
76065
555406
141228
341186
606725
778800
719299
871474
158011
369337
725146
897826
867171
592470
651869
238650
588218
421970
455473
173977
880152
970291
907777
111039
539475
859183
233142
663516
523969
956494
680133
194546
308571
127261
844578
759273
375550
274060
562578
953903
426123
776677
792990
552201
717357
938153
593443
616059
505530
914249
321991
782864
265715
197118
881094
963015
566438
352005
55466
165978
791347
891386
433049
306476
332395
987600
650760
225678
703508
266091
672909
481325
314505
167834
725651
264476
473598
482356
269863
647802
693474
616718
660143
483456
685853
197526
860793
908841
323704
501647
118769
325374
18972
111337
302253
361981
401779
443004
384163
795237
490411
588961
949306
357281
652057
196653
73917
5071
803578
309259
216876
463531
602516
26485
413293
251996
240059
999823
168032
882267
761199
600736
288144
784636
876259
246445
20420
199067
870360
661748
924470
69860
275944
533826
906971
487806
212831
904561
350177
989781
551044
714818
780791
280322
892789
43923
267717
435418
217840
311741
187261
779408
188334
578380
310793
146375
903785
946587
358244
13369
300607
621900
603845
316669
748847
622626
166837
784184
508031
562235
745538
478178
547392
921580
372236
85044
84650
124859
442236
223531
999713
138931
813205
941628
501273
585512
372258
923092
676245
366152
193615
605834
411082
63129
20692
602340
540579
248660
66508
205123
498462
175902
215332
700076
110483
223199
917038
239091
983381
692929
928853
73734
80881
108551
432299
450643
848723
181191
695711
519063
72584
890886
394122
816133
930399
536878
560872
554639
430824
507630
774691
710995
132766
465518
223883
102821
70625
627502
507683
368693
234331
717434
311765
601117
410373
854220
220037
853770
445378
214526
285890
632900
911529
96489
91161
785499
485216
656480
368196
238256
772067
633922
330816
610333
708004
540288
824956
308418
254861
282092
284589
857453
397473
100409
775742
486501
983680
909845
423717
505171
464137
438368
297873
430158
949018
465671
185599
19777
67890
961986
22380
108795
522232
274534
966117
949203
474261
882535
819706
587702
145596
751342
550673
330127
988873
745555
758294
333521
70983
828343
928400
951716
272204
204161
517775
300137
306431
49523
892226
536620
250746
723304
986405
48357
365578
884588
604631
292843
774163
610680
381129
299062
481169
919304
50323
32975
74297
403675
438368
412822
731582
292871
422730
967536
844079
888566
984641
964491
456957
527617
901284
976399
463643
136039
506610
577378
408958
862378
260122
386648
230212
181382
305070
458678
932656
482382
547062
558177
829715
781734
188961
616936
127432
256727
749846
986027
289494
532050
240617
908390
413816
539460
62442
829982
469112
906578
765847
17254
999031
453170
161969
921998
16074
239973
982444
758953
369791
649685
532927
432122
203005
846662
448028
73339
926665
304700
341818
827721
721765
594794
656909
876079
25683
283858
751255
917645
384439
582718
195032
992740
245658
196313
97121
534273
757451
811946
194247
620356
555935
433134
236530
145868
993498
843730
586005
33602
55270
43082
355512
276542
593920
375505
453425
656281
506674
291517
758065
762832
966714
371646
397498
754321
470026
271923
160878
971110
902441
838952
111427
436731
79351
79856
762835
500429
450957
673180
60816
969777
604163
482197
539157
919231
604171
194715
761495
317529
171642
727194
826682
537179
928487
285222
100928
324001
908012
972628
174684
492847
786890
23156
84837
141441
66345
290542
982566
910576
4988
850616
733010
430526
117123
643825
604117
833150
905642
208285
380293
929571
209807
570750
264567
933091
934625
609099
42222
559175
501795
813263
996399
377810
169232
885281
607344
999691
261529
351164
716846
474409
866698
858362
853918
71771
805194
677490
327355
602673
787329
370922
158078
571178
761812
523963
555628
640282
793291
313600
723337
72632
685076
478202
399466
274242
493025
745476
615080
238029
791852
116077
991600
550509
728090
113271
795704
381692
919933
70827
838988
667595
470004
95319
354566
307683
584174
247206
757084
168118
99211
272090
838420
358055
452771
922984
40786
558963
939103
917871
444498
449082
846789
2583
136240
133550
399122
776450
839972
292823
405952
434226
542412
418368
46311
94007
406114
618434
435392
707411
284493
435434
849028
322988
604627
484233
391603
666412
899371
575385
983408
729849
644912
800775
558665
287820
50226
155746
607893
179440
806375
808606
679606
895897
605055
205124
215678
982239
475797
179514
598510
84821
931777
58986
280026
302794
411402
478418
380712
786012
771001
845544
64567
336755
930505
955368
701020
769953
150394
586747
91335
157716
288836
968005
366852
71222
245225
93516
228830
834658
922659
612736
27230
660226
410237
442091
713649
824649
177214
565814
351271
169354
750015
259605
691736
459443
438750
956496