142519
32255
594271
222453
55431
145410
223484
792743
711066
73091
847976
713298
433055
376438
42659
367310
520238
491776
28215
936186
575949
487054
831556
1001
207311
317970
705145
80426
920216
669403
447775
935283
240827
936848
64911
77225
130884
208393
907460
987599
623505
749387
985291
32200
311963
378973
138583
386762
267539
909387
260593
678497
494759
353655
181900
263325
741347
674006
988662
909530
732660
975310
136299
134826
54281
786922
341764
24737
442386
350648
889613
757436
314986
201280
787571
406062
954385
817889
549980
272457
509778
962697
227345
238278
251716
933072
422230
732529
972331
507122
959195
114227
537598
714983
778699
257789
937155
66593
287233
131599
222231
273890
416602
921378
951946
366391
968549
956920
154342
469972
701047
760766
344848
258573
395420
751130
760584
260783
661992
435031
742731
843001
162539
826091
924504
613946
768962
724833
984335
850056
370250
208999
430260
930714
603760
385654
426771
537667
76068
835545
106814
74892
382444
757533
546738
190252
872853
394196
258776
383590
59332
253637
272743
474879
530922
192563
651558
986395
753046
776264
419407
396467
130852
411103
179407
228213
371539
266027
867371
934457
970228
935558
992828
284571
629247
764890
594587
509113
332928
889382
257239
680842
389678
819246
8739
502041
473052
695554
453005
136094
807625
596712
602025
974007
384914
205928
481868
856648
277895
627957
809012
418412
26202
157299
124421
463958
570547
397417
250414
643721
451297
472005
289450
730672
315756
538374
135715
178394
977990
727178
310001
217942
43168
301940
676863
654951
361816
198905
501774
305125
46927
462408
417427
168368
607321
538132
613308
986897
221454
82303
976401
599150
630589
910052
684981
848618
355584
563713
364747
812951
991019
327999
567029
596377
922206
111392
260087
307224
549562
845252
932282
67745
928048
410200
792429
16410
746485
161436
534022
834336
795794
365198
646118
799807
368791
923448
371099
589517
355695
514963
769983
13091
254287
84311
544509
795257
583689
382880
479987
687773
407421
916926
944563
167568
333166
107545
257380
644797
581490
866623
225222
105879
895812
367372
997203
28877
882420
6773
182592
954477
825853
528241
966051
397971
419447
155204
513326
977291
268067
767593
826201
85259
818724
407451
842974
223878
173581
214720
958110
189358
580437
672435
85473
931785
320679
266796
279867
147759
242646
495374
487049
44765
746286
670221
949467
654713
174118
105850
100140
367779
395633
227245
65676
744436
476595
224014
226719
935382
89361
196736
735102
376704
521057
164778
860027
880076
104833
159458
326721
141046
929731
773304
998234
486195
171014
66397
116939
711916
25888
92591
636378
724246
196535
753314
901808
192687
944431
284748
275928
524950
927485
787148
821479
813191
547546
852568
585590
18803
305940
199331
687627
679864
384062
208295
421270
718658
336392
459476
947671
59709
230953
83157
905309
364854
895928
399355
987752
348237
682011
403272
740464
665689
432598
589402
977791
742296
308357
266099
58809
186001
989989
249377
669500
239688
361036
359374
220514
56157
598457
63654
26083
834306
863942
945056
349144
726359
65274
917292
526298
661348
131899
94775
856905
335858
251936
459422
772712
888326
975269
310829
701094
882107
449656
294866
637368
638395
380656
395170
670177
226458
842781
136455
114067
500047
385210
921926
608815
382735
12415
903017
511337
390024
451347
685709
582727
122423
283679
443978
333256
833958
794366
978170
176097
755590
587088
335016
507811
579748
948270
752151
642104
34059
723127
493612
981900
197815
996489
43449
589192
76977
756044
964198
588601
523148
755432
246910
275023
100602
725014
147475
888066
516811
714516
246287
919887
325508
562674
586009
503648
747928
386378
421792
610890
568198
405325
839623
484912
919886
10359
374189
856965
409809
169764
233880
623406
707332
874877
444797
39237
965840
430923
974638
583994
678090
318828
337888
292948
264586
706338
580568
780885
260330
404873
157554
879804
566877
74529
263374
300708
122217
909961
392215
498570
378050
612429
167921
240492
984709
755926
215999
169612
807181
38080
383374
710228
881206
546185
782497
161235
919212
465892
742425
702437
802222
315053
630913
89457
776869
13112
745652
781324
712219
971586
461355
925244
537178
728073
590119
299799
436322
858552
261943
776009
263877
883130
562599
679347
744099
584943
672197
164465
324542
330492
628433
402356
988857
531133
605312
881870
469746
892886
413485
243917
153848
28455
498653
39998
660715
797533
923053
599059
87407
680357
883226
338911
676236
202428
54829
834173
447206
589410
819969
478865
136403
758445
292722
193062
23902
551994
124580
363639
19288
703358
479341
663817
235605
379130
898976
868085
893002
194253
764727
708548
849089
246115
313820
581618
37942
609804
836436
207765
36882
568487
595145
521879
345729
400253
834866
132255
618034
844906
6689
789903
536810
345269
286888
806118
504902
353473
393193
582084
13259
973533
618233
418190
140203
722998
617073
303336
269655
274028
244561
880287
135291
64385
145104
896617
975195
38574
4676
883779
974920
274896
548202
949306
600574
794751
361747
923142
914397
859712
876076
925072
62210
918800
65320
800469
996482
164960
245068
398626
967043
119585
525206
387135
282230
585269
359499
180136
205556
790724
991004
385334
782644
337968
501364
286109
624871
128992
19745
243278
102000
236217
586012
159229
694467
884843
445814
16509
539737
604839
741537
386823
535501
400111
646233
305689
781527
311621
57197
435131
771618
897285
816238
744733
690763
423631
647410
788700
741432
377244
143685
91107
464595
568050
189038
281710
344418
532658
464601
123498
738181
439119
846502
742264
60939
40409
731533
278865
695728
425719
111979
114499
918711
904051
398446
877594
694688
913968
289690
615258
771463
945910
354101
733480
218265
275502
378197
798664
568819
295849
533380
174336
75801
258522
973389
21916
142095
253028
694694
733643
149143
878350
702841
107559
79752
881044
637457
471698
718280
861079
728542
871355
840806
221812
995684
405952
284950
683761
730054
831918
366410
869459
327403
253219
643689
742350
538826
473685
302318
923412
108312
36395
557152
713231
470347
826313
112809
2153
332105
627369
391190
435656
270450
222820
503978
814936
419591
97873
329119
831872
625589
652996
928954
315894
44290
901560
427850
96750
115859
958471
232061
851373
272791
924949
65758
312317
928404
753485
291950
227257
441548
857219
606174
470280
55435
660537
27687
528422
532368
517821
940999
262814
911894
196975
114585
242324
139453
414433
247887
138494
439834
58583
29070
48563
357272
828397
204837
264220
69513
645080
825899
861319
792205
827333
885621
806554
65885
551453
183217
320868
320629
686890
486179
667343
210012
421907
189049
627890
501969
11011
695948
373635
237716
408680
498230
186601
485325
365528
627722
473648
421661
743757
162676
601494
710528
261585
233710
671554
469980
906933
165596
643028
995176
326779
199878
378135
381820
164435
838319
591571
205169
489986
275606
74496
524532
984159
220169
937685
147500
861816
286496
704637
782341
934161
272989
10283
807065
718220
157534
407173
950331
355556
603388
668731
659935
424787
398532
201339
93993
808276
449104
6077
181328
628163
704513
129529
76079
546656
261274
400441
205800
45042
726332
70472
273397
105288
785018
58442
947981
660379
428568
712421
563439
398671
113509
998301
567629
462808
903346
261950
704536
514297
726126
405234
503780
64040
639007
146226
434168
759566
717887
25
806773
628650
495409
571860
622049
487509
483486
61238
861518
620896
45809
304040
68011
821337
44779
158078
900263
888621
97507
474020
82877
230759
446494
802807
142177
55383
791431
457712
22725
813518
287435
571579
75848
720901
928595
647206
893564
967709
823647
553653
317458
340928
586428
442898
136932
484135
53921
605153
267167
251190
195372
737266
850635
716098
648948
739408
612601
623666
338570
833334
959944
238211
739153
270753
80019
540005
693879
189377
737530
575299
195087
206089
457868
35552
12813
976805
652558
106845
648285
44555
47979
610967
727072
78635
39607
956333
411140
273536
878817
539807
820926
92936
301429
224209
477159
634896
310156
987759
712560
58217
249297
397291
200451
646327
315312
371554
579704
347239
467420
563805
946545
251648
518589
32436
620627
69331
621365
947852
94497
331533
435790
794880
234998
6891
12098
196509
355935
700236
78821
12808
293139
59554
377715
147899
265744
321986
384242
481004
165011
850844
19332
687502
758963
723332
854731
900720
466778
350318
486776
554692
693473
772729
193395
330363
198151
452642
565281
865355
137230
524441
405012
799698
671667
550768
170069
650836
651080
236528
314438
359969
602607
577414
124471
420306
114549
736347
369480
869489
577544
138945
846198
84024
586967
395273
705923
835122
757444
955121
459910
979774
781128
346938
716300
845683
667684
898392
373994
8861
407488
176707
886561
335716
922466
635371
494060
154317
976972
332488
726504
985754
96690
105679
14176
387085
910486
304320
456501
220171
721986
483676
12070
525659
313122
220021
234114
765197
459195
496861
745767
235063
119692
42496
880821
180699
821695
308430
10773
870308
472780
292688
707359
609487
289451
552092
582125
939943
912243
508324
101754
676520
351828
600168
195445
822789
9005
245004
431144
47494
277003
802820
231936
375177
725760
857771
293176
451624
781275
212339
663334
366651
242953
743671
118050
444724
629447
89773
106319
220777
348227
492151
804103
410799
792399
412632
108967
419233
737536
697412
466228
443840
734441
316112
824616
869620
540975
79688
26397
638833
995465
866463
306261
901813
339479
564161
765988
816429
934043
71429
85754
67000
795800
51006
975249
578435
996293
298352
878895
270227
457390
855328
397016
438689
272680
125381
322836
726687
809519
105178
895960
638873
561374
200021
45076
926839
245257
325553
830936
156959
715130
941160
422628
459703
267911
421309
656330
731080
972365
432501
449730
492414
68107
233125
984586
834059
947101
367655
283896
386412
42130
428966
947294
841156
317677
440473
381272
100580
955381
901325
117044
607468
774585
984090
754431
706186
386084
934007
662120
461601
391352
282410
678739
722694
833578
838488
439357
287076
9114
285242
331719
624511
946990
613168
316769
635925
590666
551024
113556
74785
149038
258071
18987
508793
884331
380704
752319
566167
148355
768626
107166
243188
35164
129427
319320
19728
28705
580091
13669
509775
378102
196611
720630
885373
950357
875708
854998
569010
876874
984860
417085
980177
455495
915284
918258
843754
194725
758653
807449
259711
125176
295152
16096
335204
184461
719924
758914
49919
420226
567762
84727
101935
777986
966469
641657
851338
957597
555726
679410
819774
178304
955811
195335
35224
294357
37703
777211
117987
276602
918453
69121
967913
250262
483958
799523
301397
235422
911186
227528
619832
807203
530595
731365
333610
280276
586053
464131
342921
220312
517929
554536
973021
692480
91145
577253
150236
260845
614646
614204
708553
989758
671117
485355
149878
555763
452616
428569
791083
418339
446448
309852
42143
846614
225648
703077
527971
93504
605445
39945
455326
280347
630162
685228
917875
507935
568080
268812
6975
183457
984483
405415
200126
207110
333319
260682
352461
18722
113449
442296
834570
65521
241170
764467
11543
36720
866494
752042
204542
693721
643403
524862
91310
216122
114509
501106
687780
367089
181502
951727
486437
693958
249875
24370
607207
659621
752745
87443
450768
384566
827166
653747
303446
530075
216701
228416
601605
50949
124113
168103
946655
234099
363674
811544
664925
384073
389854
43247
460180
820105
248214
601988
317427
404336
70857
771664
583912
22447
89079
957818
217891
971076
255339
9021
630387
333877
259636
810616
353356
516969
631277
415123
741865
230179
561527
381512
201614
913371
918792
571029
268391
995195
154973
371901
491532
661491
544907
654965
68838
507385
92467
265714
939883
580193
186260
21069
399493
123028
695867
988879
517520
793456
477525
970271
46594
171388
455141
285189
641894
212102
964240
287578
716545
178139
546838
293838
768085
908899
654171
834070
401155
925462
104931
456688
392651
841247
625053
513108
457776
146827
824918
264953
839415
741102
854798
9984
676557
728339
414248
122625
574088
357533
834042
56433
46982
524606
322821
161965
141746
560595
479550
143269
355429
92315
591947
869607
118824
178387
759049
583943
217304
27887
485322
450217
981154
360502
13788
520875
683054
468154
246468
603249
621593
334323
133386
498446
472346
294264
141038
170251
334662
612953
531000
164312
196718
703707
880621
289869
426278
660369
736477
882907
543905
794131
327450
415059
100984
6046
50819
388115
760713
747336
306430
40905
710140
189534
439812
949093
794721
374300
280213
212127
636789
637959
197517
343970
588996
619243
493455
79892
941352
56301
804061
41282
418287
463564
888458
567021
971803
884920
940038
425131
255554
949135
875161
526012
538646
617328
404267
312362
675007
37310
76095
34523
417956
30643
927808
276663
523849
681630
41524
504816
851026
708346
290637
60530
954790
858221
505502
890729
675055
230234
748971
864425
900733
996579
747801
516671
511818
362366
954628
807762
869208
537650
583407
922740
922679
703407
948886
900875
684259
198856
876768
348054
994121
126734
949681
628062
3242
356426
96475
971324
579097
759254
361012
207937
309214
726360
607938
8773
294589
634652
794451
966735
951441
680525
459882
370526
769425
34512
813459
442386
730548
223550
205592
878650
281713
885372
533388
586043
814112
423288
66436
390361
180348
191297
185062
120293
390345
538371
610265
288579
246546
794014
487836
300183
134668
7523
912307
117452
667223
681707
387131
205888
635874
397139
961567
370127
646445
272471
954595
778683
999338
661258
794141
359925
712573
148847
986564
747019
556067
775288
233505
682541
158062
562392
519394
986461
480046
405831
995469
335027
934828
715410
664402
727882
780368
9436
753913
454795
902818
307189
934970
503507
458349
508116
629803
310980
880575
634676
91220
363045
269262
24969
341662
726071
219253
473054
711402
779541
785755
137677
973119
663750
106421
133402
671643
647139
258337
270188
862506
316959
423795
282344
371861
824760
17997
520427
538353
785337
584039
794084
775512
707817
381743
120205
130005
689300
356042
396676
714169
486707
315384
456970
417354
719034
470677
564246
2651
518207
362363
181591
504887
532290
375557
451141
256823
105245
848367
853475
188531
216457
282137
318547
160725
421770
265322
93973
83145
743800
831761
820702
435344
117356
140391
227921
919092
160643
696369
32092
55638
826130
247745
688178
600739
968102
801275
76448
567525
851254
167349
744910
171126
948456
126264
167189
450383
300220
994148
184887
915966
2649
117743
591103
346230
666738
485645
934646
184128
132885
678764
877503
386448
911504
871959
394960
710258
493312
583162
107725
5667
677815
48133
743939
793852
242057
922857
831549
30921
197683
960383
412615
624760
815913
611208
21885
955949
472699
107279
725454
27699
301027
250539
59795
730508
613101
81760
595654
117161
232963
933413
351328
544757
168788
868289
329747
390923
616865
897039
532641
301321
487972
221024
236183
808636
390429
73087
950634
31802
305466
91855
527980
270991
225762
466321
295275
722767
886238
360834
803751
954763
501604
730721
137645
791198
406338
378127
20756
725607
853539
64334
863187
137041
501761
892524
265918
781005
697704
11257
129115
438433
448675
753267
35493
248730
817541
333507
576988
155549
40597
404960
659079
574812
510167
222162
579720
769700
395251
508753
127834
907474
175685
592524
394857
475366
389120
982213
443789
434991
542591
587481
559909
337638
62506
565405
214988
55191
710721
920484
464955
32506
986504
743262
304507
926688
39119
864987
746948
456585
444061
570477
96439
468050
411769
386026
796085
789771
795988
561872
375514
186343
149014
665988
168090
6989
54403
545395
399030
303179
135818
140057
692506
160490
133354
186976
654486
81244
983233
723104
462967
770130
702643
517957
558146
853034
369459
725838
300428
620294
776305
698226
647417
513656
324704
320349
484367
371929
166499
607192
219510
366713
260627
393926
739342
988464
747439
422410
166445
26643
411681
232390
502259
727042
74857
278655
291212
138335
739048
968476
234562
287257
740107
274637
262332
830822
12178
449289
48792
836559
603324
627375
608800
940453
480401
179790
557163
17041
60044
784256
405907
281801
303522
938929
58126
670431
705907
827901
119467
613619
45772
980344
478571
850313
800791
118791
92986
956789
65888
367147
891336
246131
941636
736030
355401
664595
242296
272086
229317
422353
638707
303910
696220
461699
27449
57028
315034
114859
426502
876325
524019
655084
425555
49348
855067
898010
641991
374402
290884
81066
997373
470568
282101
566472
966062
385224
14404
648264
818875
832641
44656
799604
221338
389088
529309
242052
464218
581923
521260
81131
288084
624026
324086
465742
638960
499239
483302
99024
652817
407844
974320
195720
652254
527011
976626
891348
335918
806096
372453
796743
485071
964147
662016
604605
231732
745746
577385
563280
644408
156852
714968
244387
505811
774271
972555
457755
621144
362947
160224
551214
295272
311632
773778
539475
600503
875969
247186
519577
210552
916508
463745
298836
775016
840721
401480
682290
659828
414944
982037
881003
323208
560216
623538
826647
427190
548538
469699
214873
688255
144188
543004
892345
576512
812009
976573
541008
974907
252005
892843
876444
673153
944335
977004
401715
658682
248575
626270
42261
335953
699183
178868
106778
423358
398069
92430
531594
104689
993774
957044
449739
181720
703479
554736
659573
269645
133141
241477
774338
277535
134964
649935
504865
113083
854157
180792
633321
732984
605664
153300
106858
857212
556513
581274
628064
349709
449391
40128
609345
181432
741951
798578
90358
546968
879575
395374
476006
272067
938359
461631
864365
863319
656594
417811
966251
890332
358777
886971
475769
299990
38617
819776
467895
522346
916827
250716
953025
851818
634921
779100
348992
577087
643601
374800
394140
72050
940994
390315
35087
843159
358834
419454
953557
358934
550690
983116
745728
23895
544825
383433
35367
557705
389581
13044
788862
918736
498625
877070
499970
143689
802312
673525
511819
257915
788232
494946
576643
675163
387417
476924
297589
168827
132012
818774
635135
209745
626953
75660
583394
64160
854256
241461
516472
63493
633185
487301
895685
452448
966199
425346
11621
87901
938608
934113
865253
519582
366024
842173
664110
352071
293762
848819
453725
583397
696648
592604
832942
612988
804714
308392
326294
603691
712642
870355
306415
924542
419640
12743
594702
595856
750818
379918
48624
120539
329859
782386
370067
288734
530868
651380
115426
639721
226145
950693
843144
536584
593834
457315
311334
193482
219433
612468
690079
873901
513363
266808
282512
293671
544311
344270
933917
594643
565156
236870
205991
724151
664424
915582
402906
806510
490226
354587
380450
837879
700505
81830
378429
636056
628406
389632
66347
483824
274603
909251
508675
496472
346695
995191
279200
814197
830850
120750
387704
277918
581731
659261
245260
772324
468929
530327
566651
76098
178085
8007
646002
567074
23823
219338
475518
565898
950800
768262
216066
179809
897236
375531
508100
902434
470338
977061
777249
664476
71612
887611
452065
909475
369985
298759
694885
258775
69682
457618
183293
979662
671090
686667
420118
764449
801894
482788
651153
949840
382939
954698
517550
716691
189703
363903
404775
324222
73896
929813
236761
551503
963401
729864
614301
723927
562787
345593
137398
963459
337696
274819
662050
741063
991547
628028
49235
917798
58627
80202
947384
221216
631869
505951
154036
587959
736105
498130
626096
389984
268445
647259
652236
42563
453326
479403
733232
791407
118062
581350
546561
84958
57263
783678
327984
574303
431589
826797
295660
770214
505545
52047
572151
823212
296473
408217
312214
501316
854045
907322
937250
519804
370053
380300
784124
74860
112687
467319
859230
279710
309828
454435
925772
613657
980034
374167
380584
128716
584340
927795
495141
746580
710237
78342
465044
513962
696531
426125
480730
695404
951880
53321
494083
211590
957445
673979
547055
737789
535439
432255
915754
946904
576011
396738
251162
867435
19005
976354
861905
217985
961644
119073
840131
817957
774754
796356
366545
903821
43919
825742
891587
773604
962189
278676
900309
161587
125503
141117
590888
749547
84818
424728
271641
965969
801317
195674
944879
153670
644357
381746
467246
698738
286097
94155
79624
185933
651325
436126
41395
679241
985202
409393
493462
116831
266257
947823
756189
889013
127384
855845
169260
690025
795358
383831
789359
110717
522296
319997
587664
175519
419198
865245
38338
214739
885991
374278
442810
823103
451665
31974
907326
509779
773790
891529
289942
133523
596664
825198
113438
548162
114356
552903
972029
346284
623060
226254
247664
273745
214631
523007
30784
950057
769867
463990
578962
705112
313619
856357
462941
898928
106179
533617
236150
158045
624184
906538
791431
382961
208869
399397
970654
375437
813303
995896
408737
977832
236506
58642
593056
214847
888149
46708
427139
85145
798033
171280
985762
483830
419319
884476
508659
930900
787831
427859
440094
305501
499556
102889
930093
404976
801980
607784
158623
709386
334662
765772
339612
629073
286932
484023
729154
641469
182312
619697
112669
535459
458163
303744
752438
861216
845112
128864
248258
951902
849424
743520
283323
515782
16006
254745
441292
808514
290274
539851
266150
743789
303555
956629
192176
747098
153829
449809
553115
781246
481987
990602
341523
135483
678678
136410
323729
754953
294203
243109
305037
370179
976498
566956
695057
946572
9090
329102
257129
262812
807547
795746
439415
788331
219476
4329
74467
526520
620466
189875
595375
992246
337482
287953
936936
775188
815773
907251
520888
777703
899938
557789
812889
878199
206466
522570
89636
715363
537149
381085
948232
132977
529514
85184
254550
295030
688219
422428
790200
461534
221150
806323
324674
930713
970272
915613
697760
672803
247149
442461
100591
346925
174419
3295
744745
439661
457700
731216
739128
497407
95961
110426
144939
83574
859859
416123
529158
843204
718845
572801
268787
108673
740430
847204
638167
370971
697451
209215
400576
388379
69481
700269
803578
304016
671024
454588
526785
390810
728635
86417
587472
261205
270203
409624
326872
228511
819867
843941
461772
955592
507359
310892
962713
89493
96614
556633
402355
484721
729294
758989
426635
967153
33910
517238
151197
72002
841054
403274
7269
201650
741419
237408
797041
268887
112584
507883
337170
797983
736294
72019
4588
389366
252707
312818
241517
853006
795465
637224
826266
805198
49069
944539
468037
274649
167032
560526
117211
257145
760898
51613
743834
187944
935450
242834
507807
697787
476130
106727
232413
966188
263639
965657
466026
127490
524911
728038
40563
579935
735515
619491
270992
650725
633260
521532
440498
396166
433682
227912
194681
272744
380351
701127
63650
562993
389097
963964
976094
526900
525103
176801
144638
32567
770067
950092
666697
975776
567397
415772
637232
912124
747073
325343
440537
684076
172271
551172
860887
358829
732392
139319
723643
21314
92408
628575
892996
793024
411455
710320
958641
528182
133649
680941
257015
731127
796093
772798
586831
860293
635115
605097
263654
340123
704862
454896
525368
996631
196954
381575
627575
852610
481695
27057
548453
17213
144339
125686
6849
874123
160381
461315
312733
71797
659309
442078
595406
638558
105850
248004
468990
566947
914020
622432
650652
252398
152344
620202
112818
844696
287377
873818
69334
692152
342875
733896
648506
51277
17394
124386
596959
331011
94090
889353
972454
487142
538856
519176
449927
997856
713005
816433
314138
410352
861875
10006
88083
420714
303440
182177
795467
328868
40248
778001
978809
506500
697087
257041
451455
328612
615099
18487
383841
719135
703751
671510
657360
237819
546405
662592
324965
157107
564667
505499
512873
730399
163134
260766
318289
983618
686764
403625
252039
725552
634931
804927
914531
457050
742575
285473
603448
181112
452881
972743
505099
430353
694107
308349
342815
168746
651847
244761
224876
38217
618183
351893
706477
220004
523368
911565
396888
284331
585488
438166
673449
892335
805286
815096
971160
150701
215440
652362
970921
671355
623575
977449
235106
223950
412392
813076
560854
148966
410740
466535
598944
573654
59574
675570
848556
825843
241300
220086
582895
853913
603359
249723
243126
194709
730229
350481
818268
842866
894022
26145
164822
836643
182515
423086
350184
806538
790674
587694
397306
590371
503566
711807
171077
336656
111084
201672
561896
218625
522280
298157
483607
732479
189886
171694
831667
539350
911876
571037
756404
606749
661428
869498
165570
373475
988360
322412
652195
588216
471102
907870
384847
9301
741051
472116
396064
8617
751436
230057
81445
516224
503943
247047
810582
353938
579088
494785
713057
445094
521463
697520
8995
857889
384383
735080
19506
733231
349050
183415
810583
971277
928208
791034
59609
529456
218846
288731
735156
39957
574266
489258
557929
510950
670485
716439
455791
350534
752826
276298
142407
704121
667443
760927
417069
812275
703050
665665
668778
436284
58093
915234
108103
717052
872235
826004
897372
649705
552731
748359
107270
729929
173723
587104
463926
600614
397366
596210
80742
371854
883103
498203
438887
597188
65946
472701
598743
914183
800698
94552
369070
182844
399493
450369
890551
492474
518707
33025
429659
796594
681429
78093
741272
48953
86483
727517
262481
903604
368270
582826
58496
307295
348004
93833
217607
699066
796945
787103
380707
583120
633394
817664
626305
665893
477605
399849
822059
945723
753485
619925
223067
945537
200882
212223
524016
134617
711877
860470
792638
332484
606145
198678
444992
104749
514028
323368
355624
754383
364669
584344
112727
897795
394263
302415
368361
631785
901171
359277
73319
961587
98653
637860
587552
477641
815189
7348
880273
759132
402902
810686
917505
466059
507315
980360
303274
960043
706524
370764
590545
561911
327360
660349
901303
795412
117645
878935
21288
741054
472146
796897
217264
413205
122950
762114
82541
236030
417122
896637
148416
470455
437225
577867
242077
961723
907912
472724
24322
488142
560983
453001
238789
511014
263999
739169
726341
11766
583222
522797
885954
709592
679654
174298
959561
60821
71277
423427
333768
817812
56381
757809
938944
508638
191778
844592
740760
700874
538916
810126
33485
428618
431618
19955
95495
610192
310367
824728
280775
536670
647481
520102
902845
602857
35219
969259
609271
594089
520501
835451
549811
967424
799050
122145
988757
559364
779111
106689
938292
343787
644331
234251
460814
783826
148097
113758
454108
167786
64770
26167
987521
522751
973240
338516
651867
992230
442046
545705
580540
723267
221635
150718
898419
721972
278573
629923
514627
348126
723801
913169
451317
330130
569729
199135
262409
458651
894967
204317
340296
448422
997710
304273
510453
480654
866391
929740
903842
748036
307465
958503
921886
864920
935610
930975
98892
788774
203338
441354
611471
326303
198751
244981
599713
223539
834058
347357
272963
332952
21000
700678
381903
948922
714853
142458
475433
960319
150971
8993
727124
309173
140377
990906
843808
941915
586239
131572
841537
478665
588485
730411
535356
877757
366938
650498
345850
887362
171818
491673
578495
770174
291353
454891
246068
780761
822061
720583
299808
231238
413064
929449
760373
393199
989970
224949
535623
810625
210549
80079
972247
35025
395266
650521
678478
682729
603185
872650
401733
586228
771077
762152
81921
336641
200462
941730
392252
541175
127368
300748
650206
121750
799393
50039
942347
732069
304024
795436
169942
737022
840769
805445
955091
904114
476389
546665
265353
340634
17606
716450
565958
533243
285631
431709
192589
629973
695050
496317
327019
258120
797852
312155
492456
53540
988523
632798
55000
477260
112143
725940
392593
16325
249094
975850
583670
15584
249042
443118
839090
895426
211901
637086
777601
199501
559357
521612
708648
383597
408818
547729
592965
503745
82379
164299
286145
365987
363913
266292
109153
754454
210332
850272
516540
674251
944233
638035
35911
389840
386477
875708
985228
38102
886395
692306
399929
36509
673761
765258
503253
392958
921705
74034
939277
483604
760315
112045
804013
443272
359584
269515
994410
632888
121441
414084
521372
213700
161550
81682
112201
788277
622810
65128
845659
179081
745315
542418
122932
157151
805840
24874
174680
5243
916372
569652
513865
647223
868687
947159
579632
7431
425875
687289
167863
826023
475203
712885
403955
606563
104984
472572
431423
788482
92733
238533
772004
746768
638362
749170
808244
815111
696559
328129
565686
463514
359254
586987
884283
52381
508138
741724
979919
50644
749575
200720
927179
963478
360359
508295
851016
716509
666219
643492
130478
189741
268091
939368
801770
806943
582276
376965
756670
293770
995040
226850
959346
879756
193300
855787
563880
119930
927346
287185
324173
868066
528735
243621
755179
921337
932847
768140
164764
901478
330220
686624
136154
137834
494774
1828
953841
941034
436932
769057
983509
626266
409608
841057
300752
29640
989873
591239
334035
462466
300682
846921
791470
991525
550912
386828
830555
625604
996096
831963
543157
792433
590719
572867
489542
802155
544723
415437
85117
477924
108607
913497
916479
855853
956556
708755
324116
259840
563282
183573
6210
979626
686230
375513
276471
347667
358797
477529
511967
848619
451839
482117
162262
473843
617479
252512
111991
902949
317303
468728
148243
886529
309656
369600
650494
931190
662926
706571
189379
733417
544474
207207
176311
732900
742458
600596
484523
611294
523051
660960
570043
994979
657614
793120
547843
487584
433512
652045
172658
307213
523076
135864
690358
620023
230899
627563
526935
207337
367028
586846
860704
787766
80878
844115
189943
668838
10778
669519
73294
234107
313213
477237
360050
945822
622099
853888
330817
754923
696904
184988
479352
409302
582367
873186
974954
604472
999350
701550
335181
228858
940256
644063
772463
146972
299186
946859
263494
638115
87578
495068
996
21469
730536
971371
193417
441682
656176
431735
193811
191113
607048
675234
921936
161972
957165
142345
508276
597369
434178
286750
354982
340637
90296
873827
975476
730383
410633
679364
234344
779343
780381
829522
372082
31737
455248
329368
198980
262066
829131
927516
201597
950637
513615
794419
775485
277659
116048
696193
737879
288685
555326
698957
439332
293383
134686
130365
152500
282882
324503
281010
466912
133342
251593
939650
620347
539971
384664
978446
932135
721586
913287
723456
969795
136141
388286
944483
833986
211007
645038
852895
443159
239113
455755
280015
36300
676842
872120
162113
212082
117739
28033
826697
2291
720260
531905
75458
993283
127982
307748
344163
375605
413766
650119
403897
570282
268827
228156
458054
789348
697172
246185
820214
526968
495425
893648
167546
218658
667836
260585
842052
653555
262907
219819
724701
667493
749046
988585
925414
504655
551343
235929
424489
688115
591523
374001
336027
340277
255243
740139
603760
793767
136783
594663
40731
852031
690184
248238
948769
70698
867632
938516
145305
510393
621801
742328
530626
75450
806118
876006
963521
286434
183674
517531
667957
508197
24251
669992
58104
846376
984722
924335
582325
45390
53026
501834
685345
92911
720467
711948
776728
180967
192506
905631
870548
581066
53863
71692
695372
551925
307210
128474
815591
114624
172482
993997
537947
809679
360772
193039
158503
850376
4964
36525
942057
295711
813635
256952
553244
469260
329174
813452
272498
8542
984462
465005
592330
270953
985961
737421
112847
985883
666773
817066
935596
79725
655932
456084
864687
861365
452529
652044
929529
495448
828277
351496
566879
511068
974053
150932
701921
174491
945220
242450
922501
740755
240545
102818
873551
205403
943589
315740
856414
410544
24891
881466
301222
398382
338332
43731
145029
352858
797110
889922
864900
683420
381368
272805
469293
553994
950908
368065
934596
587615
844562
423619
359907
187978
415141
367713
159797
872099
645581
803807
525775
351288
11888
944046
903142
271558
479381
142127
237489
428355
327559
128533
611868
32152
856866
923240
672229
724332
702205
125221
566743
664156
471988
941315
944929
940935
438992
236880
31955
681733
953237
51194
651764
126263
70441
497066
417026
498361
274844
639691
299399
599156
387416
342313
185236
409553
486374
434548
928541
647240
770522
858851
984624
208342
279965
713461
909075
277645
311189
579858
42554
959877
415667
121296
162530
462896
880792
557651
473037
5580
232741
551436
570266
433329
51550
280418
668736
884170
584441
685165
594791
792032
365641
816094
515619
677202
113794
983485
732877
783841
293416
560011
975808
840808
153177
160966
973037
197928
343475
761291
689820
263681
293795
749525
750080
575037
50955
617571
145589
415943
415951
417080
146456
403321
359229
569788
123267
513107
48406
610496
989475
141255
324349
584671
109624
190640
885947
781824
86889
129827
632429
504887
305986
69470
143627
313931
354635
220894
657813
269778
116422
963533
563356
571769
76356
710167
155434
708640
348708
910109
385935
177506
650601
694787
36297
258354
515767
334308
784399
335329
435946
569189
289274
848444
543379
149799
523920
670161
182161
278806
141807
773330
179079
848158
437459
234195
303679
253182
604356
902254
658587
206836
104927
783430
662195
187544
279422
884648
296592
360901
334023
281293
68740
976114
420686
597116
149604
746398
964264
765324
691556
16554
55885
410439
679437
854144
837096
599659
384477
202225
307775
402954
941243
66013
888570
783953
498773
242059
993490
873061
278168
200153
767191
450153
691147
844621
936925
109212
574217
440009
931204
998560
491929
941917
838563
914517
591403
782199
685073
646820
10738
824757
836943
693528
958424
345947
669973
732518
601890
525728
70840
858061
385250
826339
829556
816920
72211
608635
442524
768193
873236
504684
299867
353328
260100
107125
82150
242209
433334
190341
231232
382627
532945
781262
506153
88124
494343
373107
723748
623018
666544
211483
821604
559556
178306
233319
146130
332415
155055
860416
488253
696973
247324
435977
857247
55136
802105
128500
535752
703053
380929
489456
595306
629899
352976
120384
443904
642586
911196
292199
307355
463424
426129
475520
175434
453678
268621
922538
471013
520898
647413
590559
671478
619878
791922
107430
160773
45589
26316
277599
3135
926974
867489
939068
547970
583041
471297
715599
703496
821718
336617
268285
750637
118413
736283
35538
969118
701359
346390
809327
889632
396612
898999
675038
65082
548654
397420
2822
781377
47283
962449
607673
844542
771160
478761
252459
795197
259240
224634
819838
802037
541396
872069
864504
774991
450228
59168
13462
323541
789100
988786
609466
198968
499562
62283
932863
363965
936267
410333
76717
999942
379613
888411
733384
340665
581119
269741
200131
82575
234149
243341
996242
684411
614776
916801
271837
129908
728538
959221
322320
204641
492935
309940
513231
945952
217495
638211
914439
39988
818271
764634
854304
986377
300024
823168
227598
758692
874775
859714
920711
926827
403867
599247
715919
632014
828070
414643
616367
393745
436642
352174
57476
139128
70949
129265
568627
258318
325231
919796
293242
534609
905616
553974
446946
170429
677927
709202
409808
666035
413445
531003
648443
625158
351535
754964
462648
145507
67586
830830
765746
320794
183153
183775
346613
434317
778986
177915
672233
882676
293848
526322
439131
107146
83265
623110
937847
258647
194062
960999
595026
527899
597739
7852
533668
662868
354693
605552
824723
706924
592688
469895
565994
640003
689899
123420
138664
167188
516795
209129
269237
367878
817203
129745
144048
204369
409301
854941
101667
57547
839827
154065
21720
585231
348462
788074
76101
267976
997248
256247
61026
64863
745557
589009
675611
981759
205427
491257
386081
808385
895482
146700
791900
684537
461158
689957
496635
322204
519858
640271
43307
230348
7447
210789
691173
402050
279731
187529
585698
723863
324100
56061
915882
915375
421331
819681
830026
256323
92845
618441
427684
288393
951756
268154
225440
309953
791765
267778
843841
617694
50875
592241
719698
859920
749313
14263
114815
307626
389788
937372
158207
501877
214838
851094
679215
524176
942351
868554
88891
160322
425022
800610
535925
411230
218070
811591
346951
167441
429924
412219
97669
365900
883924
279958
766300
206920
242611
682459
260392
377210
429582
814263
809121
315477
267386
330197
528180
777271
143725
42912
644528
618545
590602
259350
697431
841142
472250
551814
222549
874463
134069
707238
449037
265176
56033
403027
304718
496171
939473
786725
471524
954791
952558
568622
605963
896236
351667
721168
663167
270998
895698
571640
580527
386500
940084
925819
139727
109764
810334
480011
861197
1756
842031
860053
459483
423863
879109
789051
989611
963627
242560
34409
651513
648995
427742
885846
860865
305838
189574
62937
725266
183331
870048
718181
158779
71918
57185
781411
25825
908860
398884
870955
479602
255743
191860
818142
109044
842526
690662
446498
553079
29693
611427
673787
838761
805604
550404
285827
354184
937230
670358
893702
491762
282704
259644
754364
56664
735268
972148
857059
476753
919890
197682
806585
570955
286394
616296
42259
672924
643008
944935
989597
588342
184084
96223
166895
46457
584028
681410
545991
232867
920961
643271
318825
304035
169043
62155
628112
714443
72730
338
371343
598435
765626
100266
897801
68377
222146
203632
324489
619734
47761
869932
406015
445357
964325
655000
551960
559277
379585
836990
284665
841750
900539
929279
174551
387944
685023
578543
524725
469270
80067
71838
43579
450970
662121
241074
717360
730466
993802
812080
278677
756776
269509
399449
458205
620447
64036
610929
786316
494345
947846
552475
453482
713253
631215
326367
538788
808518
10473
312206
220160
962943
749908
653629
996667
87675
192721
687725
947329
236009
738311
917835
212361
494996
700240
285458
264010
937744
796484
376782
131741
655696
391136
34812
898928
973653
496850
317582
272292
833473
992419
50186
164357
303562
380737
679122
416675
438410
586216
234494
368465
435378
187757
167589
867321
197471
912423
903739
543642
773701
491706
574036
938528
398280
650881
319879
924127
71273
170327
838062
455979
996445
125570
573961
520086
370106
821181
972162
704071
229962
829601
129995
466035
729346
425647
697443
410811
843789
410492
788920
594978
360833
667130
229927
151849
621939
123743
234911
83274
241381
937331
195747
858637
470942
252091
708910
284681
34451
809661
423664
447099
299777
735920
906039
361212
768092
726530
639913
393506
196193
841733
862765
837110
847112
844343
271018
184141
807637
685484
333031
558085
776654
614618
502034
300765
176711
944513
297692
949042
977241
863797
917441
854098
495793
748617
657061
457023
244932
344666
462746
409090
183520
375669
777406
180328
303774
73958
898498
378974
732724
191454
600197
603364
263271
935424
354206
16113
778589
91592
897849
239524
904848
683416
557720
975266
453279
348129
871675
344464
879423
738858
848667
589742
983118
59200
180752
931662
488776
8507
70674
422704
130322
613736
683292
221756
877300
176536
929708
458396
803300
134596
886951
880755
294781
37915
743962
63229
826959
515114
198428
874116
560591
811751
54095
646652
91631
274842
867909
494140
205833
781545
670975
445721
158580
556798
406992
260449
777529
383319
463008
523953
746848
571946
291980
957684
156643
330738
965611
428728
80004
992154
378156
586030
810362
101637
776091
386686
806343
305528
436546
117957
771941
885733
299500
907948
199582
344405
680965
384230
493179
574768
3485
383109
169044
630636
58955
716794
288839
66448
25902
180391
662916
987620
12431
239715
243588
439671
400162
937609
146329
904396
926379
510781
596833
406178
299134
206653
17172
550431
924766
888735
440765
677336
72263
47597
876742
42496
595848
130073
518123
380458
305735
910558
102097
645308
465897
767798
380975
625010
919817
998514
20650
971148
315429
401849
354559
187350
921560
199327
244442
715410
686849
873697
501251
955139
730883
95739
675960
150744
559526
734630
434901
183924
685532
101681
805360
603414
768221
231675
974977
565354
106163
151627
967166
749739
65810
514252
914181
904307
662431
285352
230131
245344
813969
289087
530130
168933
869045
199108
500142
637738
210315
333172
627720
756833
859982
707700
482788
672103
453713
298951
753981
304594
865605
813801
752857
230749
526295
974666
731767
100205
252790
984490
181988
176127
912818
373965
189421
649713
2304
290588
270830
968553
265306
421080
511625
439910
310787
841531
833587
84065
47720
141101
97704
163039
396642
765727
864894
395222
933465
163976
419735
513657
368706
590522
250801
120226
747592
451872
483672
166492
837897
468503
585403
972106
351991
474341
426779
807414
286751
637530
495455
59898
392582
918338
549125
764741
567471
190019
830515
761291
106106
488986
71851
437771
415399
772652
329629
46270
995191
504459
748695
774105
219699
58504
588184
203519
640518
545840
978114
389703
343749
187364
645485
299301
169424
651993
551960
530231
478224
901480
591162
837678
418079
13266
405815
434455
127688
768404
793710
691845
452707
297891
344303
742621
874019
509637
799434
927678
880043
591692
194306
523851
375706
748975
830881
238038
775848
684102
697637
703530
244008
53538
156376
683765
948077
688966
374077
14992
695881
7942
504614
390957
20785
123963
185315
728412
181692
833696
996884
334969
162762
204045
895072
74166
238145
512589
549310
296129
366771
557214
328624
844561
675163
553220
762896
154514
744326
316938
690371
94123
126223
878934
755082
18344
204675
159400
107383
379657
103843
362415
55164
927270
124743
557576
230623
862525
477215
476308
26378
506266
767509
383284
749374
692322
433039
468644
829864
441275
913360
558769
981068
541211
806654
922840
412702
701292
874814
505277
5679
118105
68539
727812
1284
652472
939846
729744
76611
968596
389655
140374
193671
453590
451890
796317
597394
689679
599333
948820
902882
559076
340078
807951
662940
21270
176313
589984
618725
975340
545094
197454
873808
35136
756393
964149
348145
627492
554219
718393
182992
288943
449870
82088
412986
595687
621550
746924
18161
297164
982595
979369
426883
515327
650115
629305
896696
769549
567652
975105
38564
347740
943359
995248
935709
898673
101776
865748
160455
675228
393754
931224
884043
318849
453480
480222
368422
606531
670382
429685
836638
386638
511245
970679
56911
359617
770805
344962
103395
335863
283109
660753
249184
50097
517838
173814
939418
627233
807445
113590
529482
417301
795767
274497
889335
323839
962568
3724
770065
388061
201108
601485
630749
587465
527270
18450
699593
78431
381606
384831
203809
615302
778973
443042
776282
67933
301205
480308
347596
103748
140188
945199
649405
762500
233767
746311
955992
250268
114578
551814
127421
654761
623237
934535
317810
647153
199155
258318
92535
207436
315964
783619
355254
946799
83826
812425
39449
392150
710585
159167
722614
293005
43656
756819
884262
820188
44428
145470
92851
862093
602091
70944
948911
702235
139621
342136
479393
613689
221015
860159
696155
935867
983450
344226
25831
47141
742408
87899
594271
678223
672479
690219
139228
280625
728445
699830
371079
274833
235083
252218
325771
845638
630711
961517
363947
330536
412505
855475
911727
228566
696375
952953
607098
797667
128868
464049
918967
267549
673923
18794
347826
832956
199977
497803
595587
99300
964896
176747
679012
218199
375176
673616
380388
911610
949721
692291
850932
787970
552771
858700
365471
592443
824502
803792
202327
436469
611645
176707
235370
980043
424965
7307
391252
819665
294908
438131
66285
894809
402197
847816
906563
442658
51880
95380
926018
28638
377205
102644
740688
479
305033
456792
380214
394333
771385
960151
902904
440998
136651
856685
432453
122851
787829
118738
936521
711042
818621
257655
70112
75525
73855
53536
481958
94055
409677
231064
737002
654054
979696
716310
309441
305138
555917
234411
857398
126000
277859
31844
119391
188907
423537
590338
190347
424664
558709
523155
353943
444100
654990
731564
298080
56412
445827
264134
787154
334744
770460
694067
447903
932678
615470
390139
908876
338415
587253
565783
891493
245415
517785
534345
767889
440886
360211
726166
940800
238878
850601
365025
248448
51721
358421
969510
821551
182737
585604
395919
968651
464299
304890
599670
258853
540017
263186
876216
293301
141130
619747
897330
659718
743672
627967
855451
98514
714301
496725
640510
86312
605739
225974
358610
185673
752903
610420
237943
909715
666521
488423
154576
702741
403219
366025
442743
587585
493467
197825
784417
278207
738295
519805
483216
53662
406228
69880
217903
545445
988851
137755
584397
716744
440817
900479
229561
5878
748529
128465
884278
230927
120936
426319
310747
984051
281476
743407
352650
351478
542522
755742
458314
14191
66475
927653
642692
82032
248690
146792
863447
242256
838924
808201
876632
597923
885988
668329
235113
656843
908539
383439
71988
859624
852721
487009
486213
32043
226546
644814
656514
614536
526976
241358
186119
494154
761560
450497
52130
753664
679620
319988
683816
755029
701757
670211
79922
690429
819450
447768
243063
229067
484761
351121
355911
85344
974569
684672
774242
57279
805330
147532
590771
798971
412257
743092
939436
388433
359476
407796
944383
862482
1406
647680
491382
964409
154040
378733
457839
358619
560933
64559
758520
509948
329600
457789
617539
92733
922691
613393
935942
792819
312726
344587
550002
908884
161939
574581
283533
884299
873650
961697
859182
834475
441942
55727
932948
969215
324339
953899
192804
560768
735962
139219
574846
642144
107682
43510
905915
345539
827061
385079
561604
787277
99636
895089
934994
671382
836424
755956
462589
951482
720006
865006
300867
764046
622462
861862
396056
884269
764896
542881
525156
892976
655436
146855
306974
399036
111477
732127
573123
325236
606960
462871
579122
979343
100447
334944
439975
787909
594228
505942
623762
710180
84132
757822
45267
741311
556203
870088
976661
45317
41013
649523
882180
999727
697648
260623
65260
433555
840940
606366
380783
169878
631787
229972
792803
99391
661579
824382
553542
103014
821325
839423
667166
28875
86913
820085
772146
656194
501456
914809
700958
42764
779813
802501
477271
354562
394937
687921
142524
922090
965115
256918
868436
954988
558104
650195
481834
705374
987756
557742
433346
301564
777541
110418
234679
871795
425039
103606
732338
973340
508962
491487
128713
326022
338469
723964
88370
440108
653597
306542
645410
854726
367894
898283
176582
907387
601132
16760
185757
274739
274870
191827
478128
556107
174800
758643
422767
359842
326340
285415
2090
402064
176533
575387
210728
473143
964519
871290
182631
200113
227470
408045
622577
367721
543025
129665
615256
908229
47898
309158
778510
250753
591390
871123
887971
768087
984996
354311
536027
483034
881875
969771
608555
439011
98012
952020
527824
645538
673761
544740
540493
603414
128576
675663
980607
271383
818561
246267
269022
314512
819288
187329
729490
112139
831894
886033
274735
726501
630642
493682
499343
108192
790960
444198
660747
100183
133932
859563
882070
158924
489413
270110
578805
701917
585769
204027
504287
38422
87160
391871
249389
520736
175639
495790
489661
44310
549972
280817
842473
311352
725297
960151
539679
670840
64719
598652
580573
682290
794745
757447
204108
755705
13321
845389
500406
513100
678778
884243
762724
536744
627468
130992
565400
388087
856782
535889
260899
601190
346891
676311
650725
614548
491091
154331
395679
129638
331877
135185
626742
876983
445750
54090
747335
928173
227616
629715
946529
331111
651114
249019
832419
640978
914992
313266
641651
28251
659951
815309
243224
419583
492463
42342
316981
720061
497101
338721
666083
506925
430116
38857
649577
947115
173656
248216
728987
41259
242878
979989
926604
764272
865643
166808
611825
235608
295128
455529
290963
807567
157807
951239
879728
858724
167092
684932
416495
238008
140243
733133
365823
822610
501570
790088
105995
739536
860370
643798
676315
55161
309464
478840
865354
979181
406322
545037
632736
449661
390968
416121
79756
673111
501505
148898
964927
855898
615887
150484
353959
145160
996056
261189
137286
97817
243058
387314
756335
694508
565594
478567
186973
269529
546400
695774
410928
311458
937075
366015
463173
864775
373253
37830
533616
411704
396570
899139
299865
609125
695026
828410
801712
313970
362961
794730
505742
653766
340328
143787
686761
175299
83937
77104
41652
478224
195084
386861
294929
246609
76001
248274
992628
922104
703473
50357
121109
518261
967598
55181
276049
475913
395603
150618
158878
282616
676401
500259
469801
611229
958936
98455
464462
408855
680030
417493
18355
14817
976079
645831
51586
414720
59441
275177
890561
786261
549810
588584
339407
578834
606448
357349
940733
248137
276069
646040
642438
360736
600110
36113
972525
619809
419126
946266
683826
746670
678019
820665
222448
692306
970717
977362
658006
275378
954070
447080
463615
55266
996347
257796
800177
746644
931285
173422
958319
28523
937564
919064
366523
812653
85369
695067
289324
755095
960054
484441
547303
373195
98245
471553
667389
633573
605802
870832
680737
783723
707909
335349
169732
182242
441472
494573
613519
798205
310865
686989
85820
163121
793388
868542
504594
539812
9289
586979
361915
678339
237069
480054
902659
432563
181016
997520
560559
577823
646762
296263
245304
812144
102194
810865
465571
357595
920373
441927
223102
217043
114135
432229
642552
644576
397706
732590
439838
258952
264720
348621
401902
29417
744814
217110
863962
700968
539311
9418
232218
496004
875665
602618
512046
200260
672977
137922
343535
233743
871438
505655
924881
341146
877916
178587
264952
55035
682856
537485
96563
565021
527299
409918
603929
951500
620557
399517
758142
513840
584127
183573
540626
682199
195924
534508
40343
847979
468181
495436
849278
397763
572032
555743
33245
570708
781652
161875
400910
594312
108732
241533
194406
751463
859669
401817
932240
914418
373342
184496
237062
336783
127803
175570
920299
186717
938214
455043
77384
436841
258035
928946
576226
817402
887357
743588
599924
155975
942130
697968
507471
521
851577
381155
618122
286315
639995
891651
213031
251485
346197
604593
747843
74951
776344
722152
520889
725147
625787
236130
833429
841603
744478
148185
140592
485946
721403
546026
780333
529014
146091
593878
340878
752195
257683
830179
873716
111083
680489
907296
685745
380561
849446
152837
586955
444446
983370
25848
858384
961810
359239
485740
99857
137404
445963
886244
895036
524101
297325
228950
301722
182886
435507
39530
629857
450298
950974
610401
980279
242606
702931
370579
860164
705876
765446
756497
377970
245655
860357
327721
204100
622025
275134
730055
370064
199064
293806
38904
844826
546144
558151
766666
578767
676506
836413
715152
841243
612529
238190
331714
62631
903349
102316
508801
446898
334888
922536
364919
584011
51446
197564
697437
838824
207683
75028
161494
786790
445020
871226
816505
384414
483087
11390
82732
414624
572438
300158
313963
230735
131182
520791
618088
346969
667270
969384
51597
881105
475923
652992
409629
927530
379072
241252
625912
110162
829059
595646
596349
690408
206091
298532
774089
334620
22933
628548
681118
316706
598494
559274
993056
953299
561523
69870
679480
890016
683172
884925
693339
148531
421911
211394
525669
975588
727864
648880
802591
871380
221710
449455
194528
346474
206185
277344
723279
153064
187831
221263
246022
397929
709559
810228
10642
105849
237253
454950
451351
129425
201043
587421
308177
73965
58296
671330
399925
985292
584290
684245
80821
239812
977704
771802
323491
437759
216890
330018
202285
26965
979258
323281
984838
990792
856867
761745
971366
829590
52967
74163
781991
716735
339416
314365
110480
428371
662716
649812
109615
980150
456323
688711
275039
671348
798420
973045
667946
55675
242243
681757
213191
688249
578335
65408
554244
814227
173865
960949
610815
115710
139103
501833
252878
269694
122997
16912
855358
498425
392357
411917
38713
53879
646238
210617
146049
354489
59800
662644
516441
554291
910087
821573
419266
980198
745005
138063
147682
173406
869514
615891
286210
899653
687535
453788
981422
661859
695921
797259
115391
507443
514040
417599
604661
937827
118135
829024
87294
502247
366454
480137
711956
34554
426314
640528
838466
695474
125159
583283
165958
973950
570892
597792
6290
309695
767772
439264
89453
976833
387021
186658
662839
498709
805625
601568
341001
828556
267410
380912
31930
381842
869171
712553
877503
847716
735697
379632
382506
780143
371088
321502
180051
638279
726066
423311
520212
622336
130282
743114
703149
934381
918031
195208
248200
521139
765548
709795
561368
380936
72372
137436
773466
340366
251154
720585
822078
88710
147487
638681
794015
161906
137197
507782
313516
803660
201536
998294
239979
986460
582172
800269
553300
850362
496506
136882
33305
277344
379220
885436
510213
543147
762271
965401
663810
404718
281433
667548
90805
879795
814776
514881
625476
460687
889026
459293
466167
504161
743739
825191
411196
756199
415416
162140
107013
683004
469906
742676
67916
139442
857078
795039
62198
8136
351130
52251
953813
524680
69706
220630
277192
225920
580512
547674
936381
905178
554834
575769
539095
617946
151461
841142
764522
174324
760256
789870
848803
711112
897115
532641
740997
143611
733270
840641
359246
56051
622566
452758
27576
873903
19178
227883
61339
242112
709980
662552
195696
99047
539555
314861
853808
216717
959492
948664
480858
533529
154681
841396
544084
69681
779226
574158
373609
672529
550456
108372
61681
947713
594889
199229
115726
179574
833661
661839
814034
723655
473583
404721
771710
444042
97655
62349
219878
278603
186012
948065
441008
368104
359207
818083
652027
564620
593298
917327
270108
345478
3359
468366
537027
807173
339078
429636
33276
789874
771718
473462
90321
317226
99741
688087
110861
445463
904851
155374
131292
335914
623920
358693
501647
58103
551245
335983
367995
828524
936328
383895
329217
432815
955857
600482
113832
957204
375137
883041
331045
90232
471435
32853
656253
420349
676203
448574
700161
739937
250362
767810
29560
773757
646852
511095
441307
300376
248432
642189
488314
722854
184766
66011
793276
576224
982224
916612
273155
776577
290527
929285
569774
239130
54926
258271
856056
714514
774299
165595
6014
874750
748146
432319
375389
325145
788060
11659
383609
737376
898964
174064
231643
113869
584378
276622
393842
516973
429089
441512
454138
526624
2371
613159
844282
834477
738068
652039
512487
459327
119731
287842
778406
874880
185021
424535
172655
569809
539644
641687
570381
871075
527933
92492
300930
894965
839295
529830
635463
31850
838023
361283
764528
666886
823505
520249
77486
768709
203617
992067
265711
805848
502647
625351
847840
143357
436832
300288
751890
113145
571817
949069
899450
36533
821743
145429
673043
833715
327634
103701
639326
524267
921544
726599
887049
754502
8781
402544
499054
498102
512248
126471
347250
969072
636137
645885
254926
18503
5151
327661
653226
866982
688870
339810
943141
725994
301229
570879
21425
698010
587382
116687
477916
724932
932454
790890
694505
603765
785084
880448
893917
147988
907807
194885
276117
419611
352143
606777
389076
697203
589310
6675
121691
10476
623416
894857
247793
38038
998268
944639
55746
239614
10607
121097
36836
564040
586598
437855
740596
225638
214433
35356
584479
483122
415192
632754
604477
934510
196717
689199
459863
847765
828032
164
767369
889309
632737
719479
499523
928204
704736
936647
527273
391412
422401
759223
80219
185741
862604
276634
943119
27437
24448
627705
51865
583142
946919
504195
487372
601852
813637
66002
10171
105153
625450
701334
936024
209487
933415
338080
618174
2914
208605
913997
896522
420176
737329
485581
548964
650469
871387
342671
495708
145311
500830
107467
519791
997634
333138
134187
301992
684505
923613
194007
696611
255819
417792
147099
564717
751190
938061
785079
4935
729322
4279
263236
372297
678564
467906
253694
291492
132389
504537
466226
233600
167695
85566
733765
915844
639004
115036
69342
156403
84826
313848
301489
595379
657735
802438
84457
264234
795461
715864
290289
979777
188474
251697
330400
711114
312646
441400
268991
510974
33634
865032
730231
417247
958866
618916
35996
958908
638598
876168
370704
415123
537683
619418
485653
873488
546249
460479
480755
599092
489200
418763
464130
725393
597220
398992
563989
969778
699466
303255
837059
448855
913774
313325
79443
198877
291707
385236
998531
656700
777109
984347
718773
565099
306327
115016
554359
469086
542436
441649
990765
398127
537452
898730
175454
355547
602365
282840
373783
469283
291075
712484
663551
46482
885150
713996
567993
957854
227742
704467
357999
733224
74462
93464
334210
229342
417274
585925
896075
71744
400110
840862
514828
713599
801292
192569
994616
686145
631001
794253
708955
646466
574149
840034
733095
163156
856134
559400
209181
220871
240976
778404
754964
695267
986675
735749
194409
324754
620048
52757
159492
79131
151545
189963
230146
39817
739365
746877
296452
934506
143884
473010
737556
182387
501477
42773
705263
804993
723898
646726
980019
130810
507236
762507
481830
181650
467881
157604
65760
47466
402286
281084
477719
500818
295642
855547
582341
467695
689610
575929
314040
703096
395946
380108
376117
534810
137142
422210
922250
975612
964173
501226
977071
271516
35439
445325
150552
467864
515411
664122
995290
453321
991336
242943
436727
740362
581030
86580
397320
746006
92751
643377
466822
989583
583495
604511
789812
198363
191821
944364
286445
472233
490645
614488
145285
237458
964356
604397
276703
318874
802055
854347
840011
251413
535120
944993
653785
808166
217135
133496
338943
664099
6921
497001
672226
801492
80311
727791
808132
885147
222717
960727
429579
852653
107557
265364
190826
493886
184951
165999
979566
997307
889496
685339
386471
905329
80189
561382
551089
961675
131146
984396
68766
374008
465931
905254
800834
346219
929613
955776
441946
433020
272666
904839
620953
798572
199248
155937
66897
916486
30109
910551
500474
972640
110681
557805
638819
234881
565504
547731
772082
259996
332811
590964
653465
99451
357609
583339
729495
472823
555743
44565
505384
183395
206585
259137
450891
682505
914796
760964
676270
752332
453450
498218
320823
465645
320800
165127
17201
456360
613423
510763
727569
29502
96197
358643
805157
718798
433208
888380
988952
9309
149951
606131
600740
988597
970733
279176
965844
465641
687691
263425
630453
645878
242832
7467
680089
177476
546111
429355
724679
206924
532638
608114
915330
276565
478222
610191
787636
767639
902284
283998
493047
900736
824963
495710
659137
754132
967563
922720
284393
446447
185218
399772
192858
569894
43077
826526
595411
141452
919628
618845
122584
458448
758559
89324
271416
11268
974265
600906
90108
733560
256760
28692
411497
340933
861885
676890
778802
610534
484198
52558
344766
725760
625573
923992
245905
501314
642301
672263
830233
537447
900185
101923
274392
448216
832713
948766
262248
420143
575961
285225
963056
901335
592
313506
607906
25167
824002
266602
619118
620109
687442
942293
682310
457215
73736
719739
56591
322156
485707
733035
913569
530873
909179
314879
432635
982728
205101
785163
73798
146107
31492
987823
41732
908566
772136
623500
672277
527235
730214
345235
190374
564206
90660
408697
109558
43089
457919
276551
549638
465354
903939
102477
10205
943463
832454
235191
210677
307396
993825
191287
606982
704844
860876
826082
413548
400795
757653
934039
67831
346564
579005
626521
617551
814446
136239
312446
655170
853849
728286
814145
764652
432831
117946
820914
390594
628501
161870
232588
148475
800304
763897
252135
922971
106501
737287
651524
707676
266249
46571
196294
905020
916215
415707
794432
267102
317168
380744
718121
791005
572988
638137
509164
337204
444014
442051
593244
300739
96102
714599
359941
643071
715504
1672
285854
11065
195594
8903
30042
210313
649923
859645
690269
248087
862655
299348
732556
945861
47383
148482
389885
983484
516509
216419
213390
360146
923901
296242
310673
817301
359295
24805
923877
76855
783080
288354
78688
653654
65408
619489
970024
969446
998255
39007
85281
81533
775489
263739
485888
430266
190409
206002
430078
951315
995937
346354
78185
72634
252367
834908
601748
200812
513795
116827
691439
859606
440509
267228
813617
31972
190603
685865
9393
925287
719600
992870
433365
358177
163552
759910
951585
485936
243944
166634
253489
796565
335851
969976
154050
863969
254919
482901
670890
168699
538583
146975
696616
282768
691857
499273
623830
330839
765134
441395
665019
30208
620586
229
386493
609016
404609
478312
916595
348379
815130
687041
286297
842103
706016
529611
478173
915833
438347
88048
780694
248183
346526
812355
781012
607641
827209
792381
709074
665956
594862
385427
273736
328933
827457
355760
281309
732790
463176
168724
889658
79600
436162
491912
869882
342381
353316
420797
620733
348664
98622
850177
956316
983572
539452
628317
218038
96614
220873
549773
658601
591935
842638
249692
483165
675402
483288
391068
931322
314639
85592
36159
600313
967585
460420
256086
954712
416938
452058
263907
202855
653585
10180
448348
300928
190725
511383
103743
522196
245609
858997
879436
304288
318428
229971
719716
846718
279075
897493
819772
933783
542710
116053
807422
939446
285348
558915
85884
580856
275491
870438
121809
356960
595768
569217
42710
115015
680383
543633
39678
472688
443224
109490
239119
845753
539694
607520
391421
552046
436965
602011
540709
487800
333728
486117
635299
17779
511084
297253
86800
501405
280204
751598
601627
707817
403361
518361
311043
44980
414198
411598
20142
93199
347430
606882
973161
342138
939562
531226
548157
90162
611459
761678
732266
857954
860288
776105
575299
665909
555053
182093
530405
141579
234136
749203
804437
714249
976897
641712
490741
617355
195037
467059
313699
591285
139911
444906
286767
672103
891588
141861
238326
737870
661169
425874
790367
865495
385227
351879
900018
503231
316763
467999
878672
766150
506876
273851
224467
178691
769802
492202
808323
736912
789993
232163
483569
672165
79727
484015
177524
762370
834607
631972
977213
431814
384867
363275
753817
377885
46773
687971
469700
513815
281578
401087
87396
917139
869995
779530
594345
404826
820210
605675
528830
570376
522254
403523
539308
132260
418258
450259
706252
219089
130912
336379
461991
357726
832909
959901
409772
989432
336305
167968
5836
772927
996686
575889
381494
59829
235099
577251
967274
719315
839404
296343
974524
426742
877439
884343
149863
637814
548069
51004
323212
907608
443210
220751
263750
578457
382692
863788
501034
602154
592308
169379
355552
967932
586492
408889
498712
80817
101694
270507
359724
576178
549676
357202
418193
539550
578801
357474
45368
70687
29402
110924
984583
771545
365283
732100
81775
279100
483482
209308
31721
714105
735986
560335
659026
651602
81959
561755
568737
863561
293192
136133
729153
894458
46118
858176
592911
296709
578775
657576
833138
91939
432359
528617
807953
149338
55068
498301
40245
18187
747045
490002
125693
673321
343199
29833
638520
486020
756675
161115
624227
748675
500846
610646
799678
272880
342414
463685
658189
372270
68454
396782
35112
337989
991295
737141
583487
879134
735916
749278
416366
759498
256696
592816
728633
90172
670638
248052
12452
891863
924036
386269
420210
202530
83108
852801
320888
627097
973272
717125
619036
403869
501522
291352
186671
252811
74902
697750
275045
803049
683909
711116
992685
295485
156743
415451
633969
600888
952915
925621
358124
433551
708446
657221
114338
272491
221982
699051
305409
351094
944377
295717
299538
375894
505295
709129
927964
618103
435809
234030
893333
190592
50652
369003
357190
902247
976710
194167
287034
18400
39428
219312
354210
28016
597765
132151
222792
636001
334799
407800
536110
482958
444644
493895
220291
777246
387984
467046
287425
203149
373970
317475
809958
463334
590372
301214
827596
451533
686889
898344
207399
703544
432947
454920
570011
823934
165998
863703
822584
632520
163116
182091
986643
682212
102221
350032
546690
817656
402250
398482
88627
79955
130527
438744
57961
806047
902355
136650
676244
786995
70437
819155
509581
741829
151636
327393
216235
35388
28171
9993
225732
340260
345960
448392
256900
375035
519144
746980
522851
902248
284848
72562
156870
90763
130042
734128
877044
726255
930522
828690
175411
8412
826796
806746
427455
85834
411037
770976
729958
380592
932754
188081
154563
570362
153848
110036
274644
227416
702569
541480
780154
328179
519864
832361
557902
980858
551321
746769
55962
853083
592816
454491
943227
20174
377204
54370
165969
208843
227584
855656
968288
925980
118966
718644
617798
905868
510928
229715
397593
106303
905476
151038
327644
43291
681811
468700
472862
134692
681199
8478
192560
266278
20551
281544
881089
53131
499632
112784
691160
469388
809393
935391
268908
600772
262571
274740
706019
690849
341411
13672
559654
564915
847598
333196
384349
241319
247608
245550
39948
591757
662320
125499
365449
31828
509332
908734
124249
770840
698516
66054
200295
856210
803174
273574
537568
633262
235621
643798
989806
646074
204134
512375
588686
234298
731354
644276
213584
502744
390297
528324
414059
534968
958481
332043
403194
784106
694410
223712
67543
94457
854869
676010
210194
895072
910161
305827
235151
592156
454681
606271
451705
304029
669645
753701
666534
222678
285180
319452
544457
706804
725291
280129
309518
91499
246660
933300
303510
514603
757726
853011
789839
481201
996709
400670
776622
164922
390886
543546
326284
866003
493946
927505
504539
103181
83532
978134
960579
421068
85512
799590
380893
136318
5665
128202
179019
704232
961215
314329
348081
858139
859396
944826
200789
856070
62458
381320
750095
746981
291802
598414
709292
296727
352251
171953
92581
817934
941462
339181
266743
882080
258994
64952
365151
222842
351728
331010
457396
717555
428277
740318
883744
683774
764399
444538
906428
160634
686534
107338
293576
799524
207905
200516
640388
251244
952274
506692
166509
680549
781279
869327
569303
39573
143214
713780
77923
451948
978700
897294
441630
501074
5146
271783
348343
117785
595604
284663
960602
907922
879807
762250
305773
712763
669103
17279
57446
200022
293618
712812
470151
322388
137757
584159
481335
34224
680497
880448
860222
72345
746088
376850
104861
918471
260834
471128
413896
838639
749287
485780
818881
419793
444824
149418
720786
324015
611639
335204
348967
929944
289039
957199
668293
825378
948994
179074
954795
814517
450093
734974
669956
834308
368698
515825
226501
687127
390529
707797
759977
869444
453339
73781
14791
135805
606022
848016
615244
131202
22318
640534
186139
198711
352670
131919
204542
723600
672642
118875
100167
925416
204504
985620
329479
597361
449331
34704
841898
246406
991340
836546
611566
126045
520677
653376
751102
924696
923771
366879
289903
115706
987912
480954
152918
958135
155025
176018
983875
984292
690259
516175
275743
621517
724069
479205
840541
869157
656778
721746
589856
353176
522901
310787
521577
495293
810745
183446
598971
147239
972460
44986
609678
112603
179000
742579
537323
568027
999198
612090
334314
586145
486887
304577
24838
955303
142984
91924
122906
344419
143729
165467
732539
767761
358194
799868
41777
538152
206346
728797
112146
689006
237006
629703
670973
822951
510067
789734
371696
128041
560056
32557
440455
978891
249586
69846
576978
386107
979125
881415
885777
342383
208092
318928
236750
699828
806646
725073
932695
853794
913037
191737
98071
97329
322452
790953
603537
177252
815788
921911
85112
701987
597459
186254
245421
42086
528618
986546
582549
815117
831521
143777
759382
113486
161537
703061
978543
246598
727445
783206
810993
68528
306550
438285
705950
851699
865650
542084
339869
537173
736280
209864
535574
176462
581539
276352
504560
219511
866625
183736
313317
141089
36350
470214
141118
273474
408722
441805
943792
205451
376771
323488
41491
903957
4664
789758
851579
705657
760028
563963
584565
666686
618539
197952
556256
142765
808348
596969
438373
858433
621291
216140
292628
693051
768578
774042
399964
394193
348227
936285
133863
231686
34549
810145
844624
451733
617928
974383
295618
645767
500678
370356
463790
57828
110489
920193
397864
282310
427571
479212
242847
855305
141534
578835
744311
700062
389536
62592
631941
787199
804298
821736
434534
599613
930525
654670
34108
396725
561306
58757
509574
373025
555109
892882
145755
542218
156757
364336
201411
709915
378843
641324
362546
539025
169868
229297
987618
187023
756492
336094
806540
574862
894745
145235
157314
530802
629745
519307
904620
126647
126433
675811
5917
950410
141740
939961
174033
675444
850580
700592
818053
49521
403655
201103
686515
729823
565609
218377
232617
940242
941690
911319
111365
758084
11428
309825
93071
321898
102884
539261
945907
208353
229266
232622
96153
5575
66766
591693
902691
87079
752841
892965
757442
271564
285997
255928
376118
231926
319658
844991
739872
735531
266207
937615
491525
185956
7969
141335
238049
6888
608810
48838
994341
168823
673057
610953
243856
34268
648641
370610
62501
341926
223849
689716
450446
811824
266688
576011
164749
272923
792003
756217
896923
217821
710573
625130
518047
972979
147202
368761
999500
269874
523639
259019
825367
773627
282945
167769
9172
807949
439288
962828
847212
995829
65640
480065
993213
33696
235509
701740
289486
56785
855272
283672
240813
723181
287386
377996
418344
367284
837627
129226
106404
375946
851199
791793
183389
511987
6823
195778
810298
816734
712808
166015
745356
97304
78905
464623
918179
808417
900798
350463
894605
714524
744652
143555
201196
941663
241625
25241
337587
550059
966081
402862
934397
450677
581879
329434
187145
710115
338758
331111
472662
398290
685507
355055
408471
785620
832338
175715
381012
118583
547537
776424
616093
270400
650340
307547
534763
202423
49438
923957
958356
336924
19400
472266
666602
228663
510866
22444
754290
654925
774099
937388
496956
869358
536127
756288
650403
498220
444708
507648
309091
714214
445856
694859
507218
685634
761635
819143
316733
148729
22621