621803
332043
181038
93806
671871
955736
15842
598179
184645
968084
608707
811795
582910
671915
290504
972249
861573
267693
901383
333016
980111
420600
247877
38187
222418
929757
751543
422719
554586
910242
738124
336865
418404
157400
489116
242864
586830
652921
131674
512620
677394
493484
678183
567037
670518
875315
43397
240834
311897
151761
664914
31052
591632
396037
431844
693179
587480
347619
986896
985680
835581
98240
108695
231924
49261
382289
803999
767889
444964
876416
943590
274707
154111
484449
760955
457007
200643
186277
299487
521196
306254
663113
941782
432222
348771
576630
483702
983025
643891
75717
826236
297812
346436
832156
249797
508423
174528
665317
408420
992521
348576
605993
635462
742938
106646
70789
887726
149487
408828
671035
671554
717666
475382
63949
592266
23120
616954
168852
747450
506385
409872
17496
44930
549344
645509
485127
667860
643007
639914
157679
332244
355613
428415
630538
686268
240752
89601
605611
186189
787088
944073
255969
50154
4442
655591
461112
439112
265410
325698
680968
843152
577342
517662
433003
761910
546449
771513
564360
159294
913926
579214
769761
845640
693448
977465
95908
894510
620000
885362
494427
436689
831972
65122
837948
690532
451573
116298
197679
885696
3055
227402
595887
816352
413888
503557
892988
120349
680962
564796
946478
22406
152018
766852
687739
202234
771973
834733
302777
652629
574429
919143
274250
877886
160583
86752
644690
549534
900929
37570
494575
784191
119540
406132
294014
537486
576393
347946
483007
218314
150115
238638
362878
519312
741681
220423
140182
632286
69021
19042
754491
471413
203152
924021
942703
262423
408370
76065
845105
872525
92181
237661
342166
553730
445102
36411
226098
351302
656083
265356
257520
289437
426258
200535
135076
587854
871854
53224
414654
585841
806538
612816
454919
754417
824130
855981
537112
162587
564517
798776
409656
30300
38779
150552
641861
548566
913955
392011
336089
976266
213521
744486
943998
133578
976588
123489
160063
803509
36989
576803
124313
225905
232812
895869
456303
822377
37643
58946
963614
525974
816664
915498
220702
606001
653924
53487
597720
676244
971517
104739
733986
653984
967076
838248
897019
797485
232875
267300
145658
591309
788033
653490
724516
171600
154698
729199
657113
187619
39772
679826
76257
481154
645642
428036
432853
732025
626548
544518
358048
265758
231635
673228
618690
548608
231407
703806
302374
505463
811187
49852
95852
687750
733398
298940
279420
491332
719843
188771
849893
78477
185872
333551
6098
393333
170191
375677
83324
676948
547290
270039
907000
185717
383815
221723
450856
396258
605935
392616
631165
840037
981619
868402
46168
852710
789942
534671
478579
945957
448917
449309
19119
213708
804049
18110
740310
170019
741692
781471
952284
682428
284472
902326
206184
212512
350445
508876
375740
404430
913321
890461
343909
172614
388020
170871
49008
831361
683946
490603
903552
481940
517833
918086
889046
826903
258638
279592
951280
816683
788891
848531
673205
50127
610077
367079
586259
648476
694023
186527
896058
401414
387944
407496
844638
344147
17716
777132
409006
566083
702088
757598
544502
974523
289981
618711
721560
940902
263679
627226
75711
242429
912628
406313
93218
478623
75723
320957
388540
190050
274383
308500
794832
235705
114373
918284
685004
595804
421240
450298
168378
658378
692421
989999
566795
220889
98448
824919
364033
892210
446392
198418
643726
315652
230559
606911
883466
650322
138641
879118
856598
45947
155926