582519
656430
314538
348809
503835
795446
217081
212160
31855
390783
338828
286310
188727
787761
991107
541979
99484
207768
15313
84427
853900
229084
375146
301368
111039
377817
457942
502111
671061
223322
675496
274698
347291
800055
847303
170162
394349
186632
191659
341006
98101
45061
107364
910268
60049
660028
65940
549451
644947
592813
944957
661347
240546
13445
722357
576913
731901
918518
52982
680627
932704
322991
455250
879356
895039
959869
138883
586853
272431
215038
60385
527537
533092
492477
696876
906074
594325
477103
617161
677597
607676
622281
259082
837919
844665
705212
982566
169211
712406
947214
80648
753001
962853
195734
409282
174604
829766
89748
117538
205528
844357
521067
115421
874269
912032
322683
946152
875317
711782
771807
55654
657926
725818
921536
787708
884981
129143
964308
580096
356136
765486
313271
30543
78517
485770
195364
314237
622828
139925
534800
244200
651069
275091
18083
207909
295496
786380
726483
3164
738368
528103
691423
343920
717690
306802
427622
42134
509592
507135
700961
609287
865548
215208
806787
897616
767947
766514
967724
603719
592081
358223
515396
750104
541514
934269
505082
544061
801188
76365
686041
639308
797679
45886
104196
536810
757037
926984
797262
100189
69116
605940
543928
323392
488285
561640
459528
910799
202016
394305
148546
368610
692782
40345
250886
186871
602226
515304
233158
563944
230821
341766
531105
697083
150326
334542
484065
644184
669714
961374
488974
223893
82901
644092
715181
995309
208205
540179
82776
782352
319078
483739
546939
837652
259704
911958
144680
998153
334122
302134
749336
539753
342465
999836
701183
609262
766473
933563
701002
844734
130910
430555
679352
336898
332439
408762
667346
950484
394896
868108
914761
317847
439635
493539
301610
890784
622947
785579
641728
854673
173988
580172
923142
642311
835434
3250
873735
84201
433436
260585
654996
407265
626756
259425
206305
652583
259127
280977
545853
455289
415323
289400
374189
95911
696538
528575
588132
856522
655010
145723
918432
978133
823318
325710
185123
825155
309972
818029
749260
699120
365667
439036
782931
93956
500025
820437
379166
710986
434151
795751
897474
130398
504354
986619
603225
541317
747311
95890
782588
825751
426986
602027
22941
875671
69234
621280
268228
78755
127797
541360
235108
855750
65875
319896
409113
140267
623025
503130
430209
599085
391389
897183
785332
932233
956121
192952
469409
67829
412294
958464
45446
380362
624494
912542
749771
481436
257582
55143
873724
149482
176958
123168
253473
545841
48287
668320
66812
847643
152096
888276
153183
514517
401612
663069
19495
561278
959795
171348
840665
483578
627604
959341
525335
289255
785316
358649
833982
545192
741757
239173
356320
981532
988518
858400
464473
929971
165883
995322
950864
138391
392953