805324
932835
994404
225770
178315
211417
8460
995467
134402
111770
506957
1163
157491
111693
493071
473182
469373
836397
991635
635077
794529
730593
27657
547381
962209
356986
82878
651557
324932
636104
224306
167737
194807
388249
249543
950790
642126
153359
258966
54785
104
73821
808476
666057
875567
688542
657426
267278
809598
338322
948122
137692
489438
386677
37141
590344
287401
535422
706257
283765
469456
491377
431456
943876
233528
597985
416708
17302
18174
338374
128774
376510
163548
746871
391014
866184
20195
303300
778476
428897
408552
874226
95197
446753
475004
833171
261129
584700
257683
179522
41153
615424
961157
913593
733607
877835
963763
810255
95197
611469
287618
443344
248991
508534
488643
104634
887149
828028
280883
142610
5217
286218
351645
165090
96543
363912
184926
567759
607273
488387
280257
588954
264082
695866
433544
81523
697738
134980
808524
206645
218200
797153
257724
989763
989799
828443
460161
380157
975735
699992
381826
930014
212020
223423
846659
305268
693668
178309
150120
858685
149241
439763
723416
806747
177286
187222
881597
913716
133518
593634
340007
29609
575097
74307
880016
263473
565856
839586
936378
792977
847623
302673
491189
620282
200874
746291
587517
924543
161968
216715
24511
856113
534652
622431
387580
404249
571235
485960
58374
494033
299448
793561
288616
309183
800258
581802
419171
213167
182223
265600
872082
569164
253218
668122
622255
282491
216071
523547
942126
722197
104199
941711
103559
971390
591864
701339
301265
946214
131052
537030
897930
622236
161545
214750
410483
643338
308537
268232
371096
134865
53815
554408
590254
94146
866762
208041
931796
44469
931407
564009
902332
23754
676014
856068
659107
44026
393775
637372
551100
139481
373989
500674
575531
715114
577224
144675
824492
479454
795361
256210
617300
400555
367262
213390
573168
70981
585285
350831
141130
578812
364293
16659
145353
226098
116201
889759
897784
325623
520486
687668
822303
465539
745299
308080
725005
250895
727928
875870
331704
547536
199870
945723
8315
907409
377926
619430
769469
517100
922262
996899