856917
82341
176580
513564
362803
495637
643355
302270
544042
81898
888665
106943
875100
23625
806880
820241
109816
62915
45006
671482
977308
185739
873192
894810
861076
680594
670836
15384
942208
469889
272355
425325
924372
38483
474602
989901
619834
73292
265841
457069
756818
111129
115876
983221
692121
77701
43688
395012
500391
84438
641704
89690
412242
514434
129037
25831
816496
97105
492748
226349
660858
278864
640281
199444
903309
249135
371321
476362
518730
194744
858805
871508
741724
88556
503914
850358
640409
436028
181822
7355
863042
167521
390253
938786
524133
936280
884225
797029
77730
725437
399840
611815
981386
673347
897215
992057
844195
116686
412596
257864
3464
326125
210090
666791
604397
646135
481198
507253
848129
139585
764774
356459
717292
829881
513376
512836
892023
251490
649160
225353
319755
683884
3892
407032
954706
671663
810842
921616
937274
60228
273569
223036
881624
643264
575828
848986
743145
521486
830771
233446
893747
534056
268708
393543
300746
305330
632455
125686
710446
476915
969319
384391
724882
425520
390731
576662
361079
976551
768685
443663
126263
745957
744706
569369
470494
48644
221944
459552
780531
970373
743486
767677
613588
707462
830076
746885
572863
362528
996708
359915
65261
539551
418592
97426
362072
664158
634283
200308
656030
923263
142588
50728
584830
893573
868508
322323
839998
496718
173977
922797
374959
965167
39059
375791
236041
125998
813235
194006
148656
825366
864764
66071
742680
410939
24697
436703
964356
22603
578326
785605
81129
882316
651531
275855
444850
433207
419635
861150
106909
951153
269883
906935
784898
404770
100597
69934
355316
13684
371212
602737
806016
27370
649618
174126
829650
777114
417526
188962
584503
112329
71825
185280
452542
375073
882847
101306
518263
722001
535690
840430
424029
977473
937506
604080
280400
692273
526058
400752
2938
479277
264716
337672
890260
33135
503404
836965
10945
502289
605785
159887
295960
73836
275744
409046
16319
323859
713659
187227
368818
660261
371303
634680
373475
222355
209619
269133
241852
676911
42228
982632
107840
837932
968629
586448
775951
179320
829068
869742
526792
529971
280360
575641
641225
744650
234118
588540
465105
335029
21539
956454
632135
318217
739340
145966
538580
142778
979985
14081
720491
963761
70232
10186
185000
261894
258765
282236
225942
644314
617399
70335
859915
323092
811366
610740
158190
353398
836745
738983
636057
83867
680924
15632
751065
945999
291774
101894
159762
72779
595104
959297
137088
234891
618970
89546
830936
44174
216919
396993
389453
977706
841777
802955
181230
643465
451800
562070
752044
579908
980715
739274
272058
994074
848745
948813
639245
977869
785793
232947
838211
23705
490757
91201
376991
389201
182909
511836
349618
289369
199832
249171
501143
887354
580157
364742
328725
739429
424192
861809
916199
853959
352497
174233
13207
790149
666638
996433
80070
550485
758744
5609
741769
469240
844099
927860
572398
530200
614982
259701
316060
119353
161043
280294
382744
18975
129377
295396
192164
69053
442788
991226
544066
987349
663582
780808
451606
860721
186959
426895
602921
400956
386440
169436
603914
151357
270558
570831
862734
485041
3833
684935
270329
306117
551116
329645
743797
764397
559263
371673
147327
268004
536968
782436
524449
462848
153848
789131
801945
592881
617265
22460
578457
213526
717589
892609
512360
452795
307354
368710
195110
73395
911706
173896
251116
550287
988999
796060
441554
840312
95548
512218
281610
300142
793838
686436
829673
154589
548481
900246
897030
935705
337655
94220
791163
574967
58883
646026
523465
888583
785212
999628
717336
391217
263853
65771
557851
990571
60809
912297
383378
732180
975292
916313
250921
271024
467484
912750
420030
639937
184510
125982
504768
967486
367397
160434
329074
666034
317974
290349
164367
98676
176007
296278
178312
942463
951413
238500
803305
555117
791637
390150
224793
908629
582050
145676
927936
391421
458325
51701
222723
942782
205363
330901
617258
241203
989952
735715
336291
594333
948049
780765
179168
312471
508479
908120
306523
589488
634871
587816
645689
896618
375599
80039
160972
901006
700723
858406
99891
636458
642781
953838
410781
417385
310563
472881
643114
551949
310923
103698
82674
110411
752185
689166
228254
543362
776233
124357
424820
613018
875447
468265
458417
234741
513499
34050
710095
284245
954035
67739
572198
652874
605753
739149
625647
514582
155220
258341
859299
449887
941706
880436
961730
736335
1874
827700
668143
222476
684871
115858
428856
878223
303545
994653
32180
298659
492382
746953
910277
359356
293286
471199
805245
231090
739756
481669
663261
753944
337352
397989
380665
789629
779585
946813
256631
473727
284512
9859
513398
849862
734816
919603
838283
208484
180545
141942
312806
78791
421755
55408
541075
835353
317904
337255
309853
959989
230522
23883
587469
480197
453252
662758
3472
541500
815413
269793
867126
891565
566950
239984
831895
281094
897973
162203
505936
348909
63058
352746
106027
325814
146295
345965
307612
147390
2100
44133
255784
708135
860200
564626
110689
341936
191628
769178
854028
475695
906921
445523
804579
662638
249642
778669
354869
580384
597388
689471
236267
104830
213361
394220
785319
277123
864276
937586
598341
257984
864791
528975
322563
124188
729721
213264
114493
750828
142947
385079
525777
206443
873953
745736
615201
61526
756974
669296
36662
312871
58727
804243
512705
619115
243106
206192
613822
97858
455192
191219
976498
323379
95677
487256
567123
865642
864177
866423
470150
219727
131214
62832
54210
141763
781346
467763
87764
9337
536439
820332
796541
17903
670413
475658
814134
857160
470505
580459
3924
582088
447686
957414
55877
483243
346602
966196
828090
10274
704660
730875
737439
459243
613777
743865
733061
760524
674542
9865
405857
981867
306568
803477
275630
121485
330047
738457
327725
583529
478089
249551
743757
601256
631267
940285
365029
711740
740705
224791
885277
646874
835943
423697
425069
771477
668976
674374
480893
827800
19211
28158
551916
333696
648295
822047
645101
29716
864899
351155
414411
128034
383943
741266
357581
329143
20913
242924
726580
890042
612264
889717
802977
165029
313197
300333
547603
104097
698991
925003
336399
290366
11837
704389
639448
296396
746966
493311
625694
628697
307868
356814
921651
323334
378919
322535
367672
566920
818294
698344
624982
227641
620929
25027
61160
175128
675498
458051
64118
597795
557009
870780
667613
790352
208774
62612
660554
131043
26842
637543
362277
965422
861966
255515
183434
388587
395565
127298
141042
8239
660470
185637
409520
519564
374641
883251
641560
611078
878498
352838
5818
114223
873243
725966
444428
342690
862764
462108
416357
52952
968950
946445
124198
367850
622174
177553
998387
180835
559389
791959
768479
55361
545075
640471
296422
785097
910587
152059
745043
77700
724570
58987
125634
839065
936081
941044
675968
499912
741427
590164
960846
343425
854128
141924
344325
262303
149327
701026
131603
974212
419002
889306
299491
91665
428531
174705
428251
611586
70373
300558
136831
315429
434133
338341
302195
349237
641271
301793
976669
778839
71453
212846
874793
586544
624010
596000
451174
364641
507045
924867
925389
410656
631561
320960
754850
174388
435321
537512
895923
10572
765937
453856
319230
811581
779863
123306
211056
755223
127057
890508
813575
58274
481136
294814
791448
838266
601801
826613
105133
634180
477733
447912
466438
109260
237774
991931
396928
830909
452874
267376
719892
946300
205092
432678
848566
176097
41957
456683
390557
856594
346530
134822
365986
754942
35887
491610
464898
207987
978161
3608
96958
986909
78097
636100
632994
930780
359501
992769
130466
340672
206696
22076
343007
794788
7810
739474
767049
147492
813698
779871
352927
241852
907695
267748
935507
454078
337502
978260
992073
921456
124166
846971
813885
967680
155631
468683
443715
286308
741641
998405
4522
859026
623001
730369
664314
638809
118606
709594
924125
265179
177138
710584
508250
564967
883452
940731
681020
285559
167362
68608
544721
861571
54923
502548
269902
501823
62595
483251
737488
813688
461896
756347
485117
739270
802401
339890
355593
297199
838606
125296
281941
270105
278138
652587
2865
217193
725773
698845
838658
787388
709726
334484
902207
557824
367430
875414
187285
638449
182031
234350
507755
934572
452108
275223
508928
663921
830146
452164
431407
804538
39236
92938
659349
557298
755164
862251
83209
462996
313317
27264
135882
31073
318966
868418
330743
620925
230969
842613
773111
569383
531289
236465
214968
262867
89369
939150
405781
941478
66626
455723
69201
723277
397493
703131
394624
36603
600158
477933
726917
880061
70537
907031
337718
201659
317838
144318
328860
142413
368104
956261
350806
796407
864740
35055
269917
540995
115061
584082
791521
63354
856164
677147
68435
611902
41764
535831
28476
914503
258692
293605
413834
420024
220221
360342
438059
505053
986859
439934
301074
55812
637273
607770
784791
286709
239541
212893
847995
813070
721762
369177
107657
491712
134316
964807
657879
103520
539351
46515
905772
818730
743952
658823
517116
355033
493061
537841
466766
915548
355792
857268
868862
462773
573262
67976
858271
325683
662350
557167
5176
642250
935398
512022
131375
289228
35231
708771
974660
591430
392656
150113
634036
40185
539080
122950
899646
41268
617829
697309
523585
766987
447873
101012
887812
437110
980236
53796
346000
259848
584629
580120
59512
565001
518082
564157
387065
816243
397504
489637
276988
361606
262612
718743
205944
19528
931567
107606
745012
724892
268576
371532
748010
380350
97219
527892
971271
212057
97111
170785
909391
388037
577006
814926
339742
171296
911485
805186
724425
818888
721043
934591
377699
12018
282535
375304
331420
336618
652362
356077
430275
910247
661627
394868
195819
273354
800729
150246
138412
427187
233715
849523
431873
873536
819515
465090
134031
741859
471962
275289
379845
100959
22429
882278
393246
253471
713676
521000
950083
624499
947035
25405
182350
319528
642298
471816
135210
20930
273991
41342
615958
242200
397539
641550
594824
739085
254562
116523
489454
191206
877020
508087
910031
168525
723041
689485
66321
448225
913225
404011
986003
953528
951656
326522
841594
153074
101281
800508
118794
279483
296402
851537
666218
994012
652909
590886
279306
817406
137510
581115
309728
535037
888968
771086
870541
392869
337571
813929
502047
693644
840224
676805
184687
525580
115189
552346
794539
621019
200883
623748
573294
265800
489212
955091
634187
753427
692755
965103
822825
399082
570124
188518
721928
499900
544610
71892
301154
466300
162599
571566
994156
382004
906646
609067
904955
936515
181316
490383
595588
808245
381877
351317
165116
563261
153867
740536
988254
359697
273625
382110
101899
352290
693270
594978
774155
918839
898350
671996
858033
219685
478130
686351
682973
17901
235566
371023
731420
265074
863963
288717
855978
745301
376427
158881
683607
382703
821250
400883
63622
903722
896005
976358
887890
260028
568138
818337
820428
73090
740399
817274
367200
536629
520262
563585
852438
28171
264494
259815
238068
631916
245757
157450
494656
747215
354457
92766
151138
19761
115942
449145
799336
689138
217049
993466
159460
709068
461996
463063
432752
852464
672170
557827
959378
47615
548586
610424
58938
567777
402968
708838
23400
650502
994094
621624
616170
56375
141507
716735
999939
864984
429498
635581
759784
125692
323099
293456
557476
47333
724350
367674
804187
959895
771235
719113
724267
149719
233759
90663
899182
161605
420849
142016
282204
929875
110835
544203
586958
302369
537324
166520
992093
94071
490498
270133
568041
682270
767309
249692
312885
194907
485894
23932
228144
803849
646174
478786
782671
61010
74411
444931
609877
596937
923581
29289
812404
273063
885135
602425
189581
36961
673241
844477
559124
976290
514690
783058
558287
575978
819891
269008
447869
119683
627719
607761
650451
500315
950174
94816
525217
913091
617873
948928
790100
233603
976384
15958
9492
541847
863558
246772
106190
380363
633806
521986
630028
215854
513535
207115
3583
684406
65235
994977
802783
170416
926149
108974
166825
111713
997097
788377
170823
812926
808341
549649
439118
146565
495293
24313
746977
282551
605085
949808
349106
513714
888271
467516
748073
427822
568380
28754
530013
710292
277039
746820
885439
172534
49605
941895
240278
413615
607361
712608
40804
779288
589820
6955
665960
457252
590905
10888
695357
920089
806231
35747
667808
380972
568095
113245
996174
875895
648573
797340
942668
922201
476812
92396
29824
446762
149322
491280
282173
382041
638059
494377
218140
393765
54729
147714
230789
242612
809784
826806
272397
713043
341880
669054
739514
786059
234180
198299
636193
599452
107783
201500
434224
343833
466606
689549
475272
394271
367512
982524
887810
790323
906410
156265
209811
195576
912704
425289
176266
600201
328574
406711
221238
793337
708932
587320
950628
535908
228480
934185
164357
867890
142493
903495
590895
323112
897945
745179
107898
135466
4788
574592
50123
42897
470404
800850
772269
274597
119525
689717
839770
545719
882254
936895
499674
548702
254848
378691
445443
174988
580759
646843
211422
507852
797891
742609
297322
648026
331344
226314
704250
297054
376096
646416
995193
955143
113467
256986
27406
222656
146365
165114
922906
360914
874030
155778
829982
409878
776303
536276
183930
602197
179599
440901
989776
172222
99453
794670
53319
107651
930136
721615
869932
172880
587555
633055
995890
450024
55508
651892
290714
152222
441867
605067
7278
192174
604896
535477
396391
693174
648021
881262
377364
269610
922300
356352
834845
248272
382353
476970
436406
46773
538524
349620
647507
903678
375458
258266
651722
220819
683604
288053
622419
116307
851485
127545
485022
652137
406411
333911
716945
125494
465303
956419
426461
278318
295954
618704
325116
294911
196334
415798
317961
476139
450855
195574
944507
904695
889164
367828
797951
608443
80878
470147
665138
302234
858852
659935
251064
883852
152311
815764
391676
112471
889073
682652
272900
616413
652605
826085
539247
458766
14395
113488
288718
601341
132963
725782
621149
430480
424595
743173
196445
343314
567222
781096
169423
671779
154643
882501
752590
236879
930031
997568
378313
363963
667104
59613
896477
578747
81648
869091
658699
991361
596778
50076
119195
173809
924228
791544
551308
765520
331816
133137
902006
26074
45089
942857
431358
146802
928671
883535
372470
967220
172326
978369
425871
925094
877977
305579
987579
865870
875039
31598
176099
488925
81392
386748
160386
567625
985790
900096
409501
996024
537026
219418
437727
181912
415009
808200
931412
347467
846011
559968
450754
245632
288401
69370
309984
521821
908240
38634
279988
173592
786110
416682
830220
494181
38912
887895
102616
635466
565573
195730
241250
222542
85139
197319
818540
73487
451372
647882
957157
135539
619676
963933
888327
742071
343650
275726
696016
383715
81401
659709
442458
886750
183234
726716
799385
932958
609487
193039
797489
940663
41102
197842
149042
461077
777744
461946
69873
645573
927605
538995
355332
412461
339574
288361
70105
6236
969871
922531
341491
273340
965767
777417
885379
390052
774749
466502
385695
741898
750289
467912
910561
205334
488844
881124
901087
268881
582828
756183
983234
121212
732592
203880
547525
593917
364989
168041
751500
386036
542091
493852
772126
78509
775919
998257
224321
385006
843205
49645
23089
978159
15609
758247
571708
650985
162162
643501
753789
738631
15964
940483
465011
540281
752849
852107
322365
757416
169572
652416
519156
193092
363849
230428
944357
94776
583844
242266
142313
889343
501804
229846
547299
603856
94972
467984
150550
489781
463094
485391
647968
504698
580692
289826
56791
655232
229581
603841
374975
433649
200800
461139
927525
922509
922879
325961
701594
870819
41947
260519
876303
307932
845704
984483
567626
170738
236622
925734
120771
210174
339083
691183
651485
314030
631304
314391
630660
998165
946902
399919
492127
201692
659236
395013
627954
752406
671585
463814
315092
744050
817608
357949
102343
55369
256333
755833
420729
695959
494434
42957
343830
274823
10022
107569
226568
27367
556459
623750
706956
690619
378594
846135
615474
797165
808613
95099
75505
581346
8737
370551
302180
422759
801246
736255
510373
799114
633261
595517
226245
568901
860205
93098
408869
933014
381881
956794
808948
152362
90865
863829
332549
875639
535204
191423
34123
122345
173015
375448
6260
280116
106101
291647
263712
258504
215250
558482
195965
868771
648285
215633
622529
969216
153954
98785
679426
379949
110778
377580
728053
388794
78608
664677
294145
572429
416848
305641
389887
703827
846637
518465
132625
579537
99791
418628
678748
48664
241688
150042
290723
507927
443410
328667
55169
381322
479479
307285
174339
259473
902684
755693
759135
574875
429946
210076
826709
440705
715418
13275
328225
535791
108893
496730
387098
172605
28453
820137
5867
111004
903716
339642
925995
586475
481855
24893
745626
718249
692638
823083
24634
801093
496274
462047
278087
776466
882596
719838
977045
647510
860854
172023
543622
985281
668440
255558
769572
805499
103466
193618
323489
822998
47529
583830
853480
573731
777560
922205
147231
378400
82059
296006
731900
882191
266963
413159
851969
810082
120001
586638
691413
512914
127513
107299
888897
468622
761621
954729
743107
779153
405842
735395
342226
433164
545307
584275
980912
841219
663249
288030
212133
493428
611635
250123
551709
273585
193936
391978
530336
679887
14214
7313
492905
323575
372021
595394
362598
189849
363462
107432
749579
308865
169874
347712
374483
271746
533296
270421
564629
324366
35102
450019
563839
658087
695562
468189
162161
195824
317566
223754
23224
161053
840231
235978
333797
408842
896640
882423
774794
748391
154976
358247
790160
843536
689692
317005
225144
945978
99802
307583
702764
30217
717747
695186
964353
302143
698692
49569
6540
189648
527122
294061
579934
297105
163991
717150
70365
417422
525869
768296
127424
227002
282902
641993
642022
242945
263526
976302
941396
254842
197645
323253
132489
485816
207749
39566
268672
446144
420372
105466
855682
199060
518718
438198
336229
880110
21963
422449
47268
307529
612336
981176
836572
665304
712221
818098
460001
365594
113698
773447
647163
990277
170047
338717
811520
738271
955654
290106
575759
262764
270895
349645
11750
968578
887352
492872
715169
492024
3319
230822
500624
53949
452158
911306
54835
46276
887465
300296
341525
96349
89606
388860
622210
817631
50018
271704
640165
73474
190060
140604
448643
22025
947784
137150
927950
751196
487283
415497
943527
463476
878414
668961
325363
35887
47817
53572
351961
537539
183021
743596
47573
751951
699269
95602
982204
166477
891434
258828
196556
286500
763882
43511
232879
645850
321045
751344
175309
683367
475555
483995
523722
942756
326085
956871
275747
239842
313223
645897
77344
507224
400606
79429
170551
377268
407508
848843
87101
913234
906317
16349
932553
474442
895476
501327
607655
293668
785543
106247
54326
150567
943997
31524
403103
816847
207248
380923
595570
561500
979114
663549
499038
565703
670192
157108
523597
452112
844453
68588
132250
525106
52029
857198
448240
995384
513727
330088
71744
655465
920469
344360
37342
139999
397875
810759
633
324406
675682
357602
918005
439007
202280
591044
108263
381908
947158
798880
74924
103270
698926
602745
369702
963122
39150
589732
808853
466162
628797
629861
178445
46959
485105
137207
659545
682004
855739
893096
963629
389983
678512
955552
791360
101616
162548
353730
282190
172676
331141
846826
423720
465467
620257
383447
61302
111893
305621
262050
293131
442619
110628
858156
385251
310330
238032
593943
985980
794954
116040
230123
847309
264652
130349
461144
310951
535251
912642
92379
46823
384922
13809
688761
402837
776467
706868
845480
611037
354015
698982
918861
282216
589593
558503
610336
874517
615180
190757
225516
912729
937093
743054
586483
8048
953284
411727
598575
925950
841420
797575
679218
230855
83546
564685
841391
288455
72050
552346
456209
782000
834708
419221
171209
481854
951630
611066
372133
734136
934251
619365
65948
11397
59977
768641
363942
804967
719304
704712
629960
868697
51422
545141
527917
203265
434056
296846
332592
489362
66075
878279
523959
707074
707577
957141
327801
448674
426015
347409
724447
462047
1114
59652
881864
756819
103449
564245
666023
113353
55966
489292
175368
308044
817551
893250
628656
550954
472681
519719
337185
490378
146772
724592
699644
49639
201425
326043
790145
868008
173007
612256
774962
896158
811805
896758
990103
298073
543162
879678
188442
728167
186057
975056
880146
59754
821217
502817
811741
692949
520256
871758
480997
144579
41759
193927
593350
761780
119136
968795
9286
4964
228388
334107
107458
468106
771961
134510
712618
612714
543152
666609
62691
366807
60813
242696
834891
406473
378200
374790
399833
630870
785489
507509
431137
317777
697408
753538
698615
639676
59498
631176
739052