143888
720878
135038
572257
465461
64534
787962
912593
414921
295621
682301
739057
644354
367265
803996
134373
671162
665687
447147
826419
451435
907766
827279
141355
432601
150762
805361
608753
89231
502291
447055
596521
316929
970753
551980
179453
445072
214158
657640
677518
322157
944409
434986
212916
698581
454042
753081
426740
313274
734311
803498
481085
729282
388354
130420
858015
640040
887196
994079
653705
635713
528939
512731
721661
719321
304419
178413
864530
974588
247828
345796
824229
406480
370143
12010
619486
204639
997014
800854
790810
231731
824879
675550
69818
775258
332133
86985
774599
462601
218796
512579
466689
429981
185807
960426
786371
909884
727911
93573
636436
504282
243961
767316
985804
526680
788205
111490
710688
850759
524647
837111
674381
249545
497860
292554
845917
560408
558835
24020
509849
916897
458797
266143
376076
905928
998738
81598
853999
713487
574114
334006
591094
526225
848916
800026
5174
419112
905623
220404
167857
931502
696162
410911
125632
541857
393914
157362
532827
405152
387008
233495
925768
557906
286260
156025
328734
437990
877962
878235
56373
692596
832231
347590
626285
492482
654520
650779
13527
40291
134639
475462
310979
462523
479900
718867
701735
731229
781220
811995
152104
44885
484576
502358
961544
757697
11412
116756
59181
308122
988938
851079
957578
138257
221066
506104
978220
659796
149881
821402
517155
602735
989004
763260
839627
402511
508391
472151
661302
980835
430102
761607
543991
819995
811750
695127
150606
515602
182049
714613
997803
101832
925541
151940
105185
995272
944160
941457
903400
27689
799978
259741
169166
758447
692223
866968
732924
658769
795992
573359
888161
416021
458660
364092
322429
634008
365416
261660
824268
868714
436336
696223
19725
242389
960112
416792
183725
888574
319548
473171
182165
686693
698529
692326
967885
90119
419486
335968
828363
101859
116866
90335
549916
27417
858531
459838
137134
774509
499512
379242
31224
415595
245716
647382
965446
437733
530432
766725
257508
600152
476915
728708
153063
96493
765872
494970
172819
102811
686141
820247
592364
396585
261883
719722
102300
771601
573415
836303
788349
600320
661356
85253
594564
858554
289762
471198
354955
363675
705447
38735
713786
98104
445720
485863
281489
552164
619245
941213
647315
203215
17006
225858
20626
907464
504918
867605
962900
898595
872194
432757
681375
58741
89494
364273
950054
142780
401005
623611
618896
194396
436986
347900
327969
565316
408832
175297
95623
351407
889962
825170
886083
81287
729544
786083
181170
355107
849958
285284
916216
666225
496843
510643
199176
69039
411147
422002
540177
195795
527241
4722
294280
787467
953741
166798
931086
431199
216318
605141
205695
698930
762044
494943
502103
595815
317980
404608
501632
514399
69377
420251
900668
542945
366547
916942
833003
834131
881055
848203
603898
714725
231115
189254
802664
912397
228660
318090
650230
435756
581094
780327
206891
860880
506807
842182
947457
996947
212928
110621
601135
278048
490297
158781
428820
215765
958512
378568
231101
404036
323686
384705
940435
488468
305286
927292
323684
519237
104963
692
980172
213073
116493
42107
51136
572781
689839
604108
562742
750767
43848
556988
866420
663817
539427
898191
324148
504883
146870
922471
489073
651175
782260
713240
519698
963910
859471
206166
636591
985304
142734
696400
715396
325361
88390
753238
47793
115758
792184
687093
893099
766239
113479
146723
252419
670783
683156
428949
705489
181534
430840
294063
521853
562848
936541
168467
746601
118109
6713
876954
959038
16425
58728
240929
746002
947247
296677
787003
620659
228023
151077
220932
529043
413511
120401
464149
467343
210085
831774
244563
222622
659834
457482
435938
448402
10961
580276
732472
859470
221695
152344
194956
433733
944541
788647
513772
844842
386161
867519
110958
726586
586539
733132
281854
984994
820683
995450
490967
258317
786591
15062
595917
23182
75498
966400
579398
188839
191777
514575
725513
629492
326479
718657
859374
95991
294296
208029
972341
155009
736602
658600
141811
95801
705711
259776
182695
102604
282063
920856
806891
401649
222355
711312
940678
519767
303956
545391
330846
590638
608306
468224
810955
128847
709680
472264
130502
809289
647869
606432
353984
733961
83086
444338
678671
68453
438950
165140
529923
622597
814071
561340
673303
211886
680034
62175
235267
888365
783579
808043
920047
120092
755432
819485
892673
832596
75080
516095
347991
394287
229744
591298
607824
347064
58992
393972
156485
318258
766453
259037
815126
765057
149672
961596
807134
17145
793523
355417
556488
817922
729251
898631
345147
828132
282280
573752
548657
756533
481850
106108
526630
176796
953238
875928
478123
768705
535846
133375
412441
172371
316671
549424
773347
912821
102468
41259
299397
826182
935015
131857
49369
56651
896336
902615
228616
136124
406358
848358
971549
961512
873706
263443
385909
82053