433540
639031
811981
469937
148362
293721
130771
283860
873850
125929
791190
771392
599312
128641
70735
63469
505832
473858
958390
191222
775682
920496
636181
602558
470054
545450
485752
121021
834785
487620
386177
581611
527533
496963
608216
72519
725486
821044
696127
831684
226393
998249
538499
863121
963567
492689
431950
756675
623399
56563
173018
531746
221674
35527
30400
717453
257080
468785
708270
996298
522216
972059
725815
93038
350604
531053
827461
77221
344243
361580
589609
124511
354888
41708
933203
445272
206551
612851
207581
511489
118000
162988
994049
854992
523684
787780
218603
533729
509740
686117
17706
749895
317097
161357
543680
772596
981767
222346
440728
417024
525050
697748
750551
147225
882474
354375
910603
325448
981675
279803
44224
818524
996517
274306
325745
558197
903699
799933
534748
115502
841383
805851
246190
476008
75146
969967
598366
790896
66816
615917
362390
137164
59242
361282
912395
279399
383461
390349
43693
325590
863056
828541
741178
876422
769068
718856
623854
863301
833564
696388
516053
108713
67787
714470
945984
139744
96428
884502
483350
355798
699741
33515
327810
895933
77221
879304
779658
194044
165020
10898
798400
617078
64618
123341
405905
128053
274279
315218
731962
12595
381346
887791
662171
748229
88509
581339
108580
404836
565877
26708
713195
318234
660032
824343
91168
581510
304719
758203
66392
830219
69171
587499
380933
152923
70172
490494
520903
466075
378556
728117
908955
255092
231177
898832
573937
358774
365090
269965
190236
396648
971913
453374
493987
187504
362191
987014
201652
394203
601805
783600
458104
985098
677134
447659
213442
840762
628874
595366
755041
300654
480461
828036
240340
816379
242295
948476
853789
215408
868764
962960
375086
462432
48779
598504
788992
395981
95724
960459
1731
299442
591875
705273
951536
816365
919505
823591
550842
263879
825177
947095
719010
329249
987200
280020
855146
12030
648845
302407
673185
446887
337617
160761
111965
514047
344160
756198
421383
136803
977341
704250
883664
109693
220564
270891
634242
127590
317728
561906
242289
757493
350637
863975
465232
70441
727032
652536
879519
958958
864306
263429
297922
331279
774307
894043
372462
466041
761451
418380
603004
934632
324452
496936
88224
420785
888292
513882
809331
531242
402463
81440
535724
869561
399273
33768
833773
583480
555800
206468
744953
913986
344904
385034
731396
52701
900408
826251
633635
641732
145553
38766
532899
240335
511943
991080
343413
46337
447320
455513
174470
812910
828658
830470
608813
824007
862897
436591
287998
115396
128326
720525
396732
112236
639411
904682
766699
399364
302258
602524
647362
660178
6838
37215
258367
660620
381065
920910
561749
986466
288788
610174
633473
271269
281981
90167
626618
786706
470123
993552
916359
319359
733093
578534
628074
330849
14296
883897
673018
308280
500727
56035
967054
487383
157821
557365
318357
891475
746062
746543
279427
829192
261563
774044
842022
259267
983844
408264
460247
617551
356152
577951
309451
335199
906264
278692
445321
985237
167130
568074
839926
129261
359658
111666
195596
1097
488010
104898
453161
770201
223993
754590
833924
38950
295538
264134
836922
53884
438731
117324
95751
7026
576254
105072
864848
571991
978181
786458
493404
336187
31710
936755
23267
924887
672942
161568
957951
941850
749570
168028
678207
835024
744048
775216
603611
423089
307676
891666
366785
574276
394583
195800
540493
517102
468257
697111
385432
836443
980943
178588
996008
745864
802248
957254
548933
104234
253801
523582
693099
671934
415752
136853
38619
232238
510870
159352
18508
387357
165342
287698
855295
944847
947370
631935
968816
137464
24132
763176
458344
97952
521178
810687
468591
175471
369403
545112
85535
772442
268094
469667
621588
640746
1089
688578
982592
32806
967503
19531
763867
238557
161307
93915
503
324946
473193
614101
365169
968068
626956
187126
290948
566744
883082
259542
619063
600997
73499
358718
891319
54300
389968
239072
48767
723474
552465
86071
95411
831084
277759
247228
107725
505126
964280
472962
621166
583488
606456
322095
439254
744069
182493
946839
294703
539513
260163
527350
217539
670622
934989
522762
244431
911651
783301
719627
712815
331562
85595
746056
935928
916532
389962
597599
486692
108652
950296
967577
942888
207500
12860
414048
38626
356272
714265
455773
577006
525429
570089
864114
186456
894669
5877
865745
151211
934819
970880
532023
762792
716645
643332
884169
684627
596723
940244
328713
215719
651426
173152
613877
360233
768173
339287
114300
800601
566776
967719
557982
148229
976130
12704
688415
496249
462760
878262
151719
885009
882576
431269
331257
3503
242488
750319
880590
410503
576987
449793
711949
390679
71293
199348
17898
24180
875540
860398
709464
752576
981779
667177
507052
749304
525011
113036
60944
961258
593504
248437
146208
704899
6814
83416
27428
319430
719575
136641
206186
149529
105826
198133
96896
562106
863472
310
169931
872847
239734
883878
867463
733402
539699
527171
49436
132875
248733
89233
452633
194031
609516
121749
807183
503047
896834
597053
92877
561715
740405
857821
101939
85581
660603
423060
10933
921875
153329
258189
124014
520252
802632
721569
11934
828587
805516
367514
328194
546753
856274
189139
869327
41613
995902
138427
310218
82911
206446
525432
984902
319866
110151
938536
786171
157415
719130
294722
584384
908198
401522
728923
480614
588352
976060
517381
585008
430328
780435
950034
570994
801759
416552
319094
787397
663879
118667
409354
551524
300687
933400
714797
73062
869085
794368
157957
382360
539179
333171
569187
722934
225464
443751
953476
832582
478878
917704
673780
620178
925827
66812
951758
565824
829289
660753
125022
674831
610209
24710
636327
132336
1117
450803
150656
67583
485986
863957
842457
956508
259548
624314
179675
23850
831435
32069
222574
301732
490332
266399
520596
981527
592211
933947
110706
855552
52195
725123
914799
577986
21856
803620
127797
370243
620299
738035
982677
115877
292749
506234
636423
791452
112639
532708
794702
308657
855654
5120
177018
653138
825724
209461
131463
782227
956201
320899
573539
752901
49169
370353
581965
293809
734534
678233
99097
562930
230046
232844
19088
367468
149536
615011
476660
156269
158488
749795
26465
644894
903434
149260
628814
114533
559939
780478
513395
887643
393098
805577
801349
106981
548790
288591
207197
287601
735641
9816
515318
991439
700186
562802
948757
559849
977249
832323
897731
345313
678827
576877
540726
304453
872829
819420
828558
60849
981493
587247
682363
826626
354043
830976
357179
792114
913303
854354
308289
98133
325469
64726
473393
626799
302403
185370
451016
850736
63123
685519
89945
277773
9851
647541
653426
276411
673538
316261
110237
18314
861205
770170
791874
558493
152704
544861
637226
111746
272184
930348
251550
422898
182100
277447
839406
994406
432028
489079
33165
893267
25594
757754
870042
883204
444749
124975
639481
200084
327965
408602
145824
17348
95272
259989
212974
229951
380251
314836
934709
793831
145436
600851
697240
272475
163012
144286
843344
323528
738666
934140
886537
772073
500379
404793
241001
400412
13221
632335
750320
852578
137746
677553
642682
781363
726195
11251
921954
336764
559634
954969
545537
417654
265737
509050
337236
354084
461296
293328
347323
305513
891121
425247
823070
764035
165689
407104
446314
76776
330759
174346
558073
89275
617958
973211
454544
780715
534327
338888
68417
842665
166504
562399
690289
915779
406657
605589
634036
360738
629405
472465
300180
718876
881973
920019
263153
796407
390552
848131
711490
362683
324919
373714
557562
273395
496796
725775
749765
959040
712955
746888
236593
186649
151073
967386
445290
154594
409737
501080
819294
587688
728590
844500
603903
48631
737530
622477
336678
860441
222268
862453
865557
728427
965944
182429
964117
256605
646457
336511
658558
102725
826562
958184
436053
247521
146754
989568
489999
426471
701285
262519
410036
68939
993031
200334
813599
37901
898243
993919
68066
89659
160490
479306
584390
786890
5199
842462
383663
201549
817855
455840
879390
686544
852623
338522
752977
680468
728781
209539
379845
504166
909912
166503
951708
295774
717772
446515
249305
782833
553557
930591
609095
211892
492453
15864
644858
875182
521728
321353
162285
118936
19124
824933
764362
362419
892135
619668
214473
759942
908681
513944
184432
254003
137320
608922
827960
651573
399713
527222
875920
628984
483700
497120
6650
280405
611057
49521
349844
909353
189199
611666
509937
632081
83484
939011
912806
55171
512718
918473
895201
176332
96951
704946
36723
229538
846167
356998
362670
330533
331339
71564
111337
676407
535780
604725
181792
778804
926803
776426
251512
861584
285568
374509
950817
5068
429945
921326
694805
21525
244103
87981
655293
44601
399709
334150
113010
340358
623210
892382
792480
521729
349389
540712
500807
700672
959656
114389
796571
357861
566350
79830
208972
314231
743254
545039
449760
914718
46097
637081
864699
679611
320664
397108
636929
644706
736382
182664
105618
403253
853860
809174
178740
560734
3564
584000
672335
937320
25286
335729
913937
560570
312102
17386
195121
767154
752726
700266
348945
904410
565607
919929
457341
885386
445507
509650
941265
857626
3934
481963
413815
448385
755659
41378
706316
797519
494635
378502
223716
27523
819968
114366
512676
244554
877471
952858
470606
989205
177668
388852
595098
163477
600511
750978
486911
816022
285261
308220
514961
620597
833218
68324
540036
744319
61537
857846
823694
79080
418126
144878
439659
212709
974234
184177
762746
861862
226942
590425
990597
155699
72611
903072
646174
472098
266334
870504
764964
431027
600889
468452
184357
306888
522668
474279
138909
225220
323627
555847
319005
719422
859161
777517
358791
75938
534938
591676
253750
985188
911686
137052
596922
415586
561209
718434
250304
955414
863879
374878
422929
638452
527437
8960
997361
92070
113186
19047
173479
989730
317805
954824
753693
796836
678416
454711
187101
310221
217922
967061
885691
175128
900923
530967
541138
826357
784264
571694
387878
486788
721150
877016
429929
326255
38859
428035
163929
48612
476840
607065
371398
783790
487019
170541
832113
873135
345464
526656
126672
804668
356951
867375
196527
159253
363426
601981
342000
784063
208405
722873
536819
482048
773704
972172
938960
647799
529080
397857
787905
423189
193921
139953
206557
587836
518056
58602
612415
942066
283348
350779
34501
339329
683165
933630
515508
254127
977469
814275