170559
936820
821894
486782
745931
136887
133309
145901
321518
689077
516138
367588
819237
352868
359316
796149
533751
266609
542610
11309
424470
451128
864583
186981
940702
626079
325355
626472
838650
322640
616771
870204
716390
779857
110899
61775
494798
277185
125290
606079
149845
610225
921211
586118
267891
31580
224844
633921
997174
702213
69927
314011
709801
422636
935342
324186
502738
911916
444715
572614
584212
501684
61189
774961
196917
543840
884751
933736
143802
739187
205691
457397
471471
791027
348012
226765
310275
439585
596841
713437
281999
689876
332077
556972
818999
306737
416603
157420
30441
834313
915726
554723
544579
397071
871631
842865
72849
624180
350176
711293
51700
182369
960053
17472
712862
387728
100418
531885
824057
979208
834927
439036
402599
435059
493161
729810
699172
713245
704402
918991
312840
713419
539224
162227
215593
446774
241507
812781
843870
776675
626088
113410
24862
799648
308507
981271
746822
706013
660097
583707
443769
687844
418019
317075
90658
225718
321759
134979
6485
267204
421720
107382
152787
448583
362637
700203
438700
65276
20999
748316
691583
654527
17388
801195
742813
352451
104177
588780
613644
890412
14957
607049
493351
85705
589000
755670
257635
629105
362770
256498
878316
940985
345648
363542
416237
603343
705969
843133
803183
458742
71742
892976
484377
129630
3952
715565
992341
271455
340924
1651
432083
967698
752713
602349
580967
364620
593251
217976
173710
794680
662663
874643
97486
715408
461982
139618
11451
322872
627591
973535
934421
495543
308301
331550
180367
48722
72184
407867
517419
891847
457535
343202
849536
528227
981531
501754
859550
888640
220150
19887
432072
997407
888066
691674
997920
566429
241895
993168
409120
538261
767892
849156
351492
916115
724215
134105
272134
28528
39751
974472
997825
368719
153150
136683
100279
983282
917669
171876
171630
486650
36551
95724
244149
836217
416007
719868
984388
2870
111438
222865
125121
101372
698140
602208
727135
467359
817408
404310
949665
718476
510306
755402
94525
596172
782782
86786
282779
336469
12779
972319
408956
24077
21337
859302
69240
345820
431962
696939
55327
478764
659479
162396
162433
690176
65443
616231
37194
507182
705836
679561
919557
782266
788685
865844
787265
322897
329473
743069
499793
334879
937523
226271
468972
315661
212081
582031
927925
672474
966846
714717
874326
520277
809542
685027
932037
481140
628460
87821
825001
17237
420480
333542
426069
19982
736780
975355
680818
853234
407501
924845
897404
552547
817407
567001
648099
284623
334545
251932
115281
466889
843704
842501
779275
596420
24416
464475
780145
370094
834492
80455
642655
85799
725054
846944
346678
987036
181091
207377
87093
912004
358566
158825
148608
566263
841300
261823
213635
44646
993343
47808
146928
193915
759564
127191
340196
704334
827496
479159
765479
247552
672855
681416
319826
668024
145773
433451
587595
171896
940821
966316
657644
480347
313614
231043
508803
449197
958646
59143
92338
64743
296383
392432
6773
2757
113470
359175
501891
665670
840546
690988
108302
338880
455169
232580
762277
12573
527822
730109
70137
121590
120231
433983
243005
958858
543883
366000
93798
324186
112873
365796
508690
936805
975059
810208
791109
285051
518737
443913
111758
301056
269010
483886
602056
762432
551806
147951
610620
783849
834599
712136
918948
191401
629085
346429
204298
785381
32288
938340
729743
751187
981744
947466
805256
644276
552705
658179
909123
244401
577739
375762
516071
635793
674813
309552
886073
407253
957137
190589
977851
817905
473659
188480
241071
176935
196283
989213
696953
732928
948498
909842
829346
788842
770257
475757
761785
400809
492428
596110
392340
350011
791854
301140
737652
49037
458342
543911
844422
290387
876351
983458
432646
57608
767310
38171
721342
152130
160644
538448
661421
727664
958819
217199
487171
759412
477774
147394
63687
506391
295097
799093
178715
154605
832063
412869
74840
552326
431698
648903
931219
4814
559308
979666
290369
735938
597092
92811
226871
91535
558653
5835
884105
543241
178137
368751
633940
138756
250411
666427
818328
838867
674826
556395
989309
545499
813889
672216
765494
782675
133827
930500
876803
228762
155964
986754
371856
156788
578434
629060
776891
796642
152874
78531
830707
720862
636536
57413
279100
378608
822126
684110
89871
813872
651909
547429
245021
876313
96506
427521
105012
353925
433151
151121
647419
489162
466002
830245
135319
658481
990955
89020
390896
57424
208271
693802
935310
980163
904322
498918
361437
174027
263065
634478
645455
947458
272301
20311
26848
982778
889964
507700
662069
824562
61385
738274
7774
692148
997460
87599
54010
371022
624484
443301
949306
85227
209200
828662
727294
953933
682685
688133
302427
146793
45554
158415
589118
919838
81031
98484
527146
111891
484700
532454
915677
507437
598374
847597
951569
71211
83076
281556
523614
927134
544239
167539
448764
246279
291600
958874
348582
766479
970988
446103
4123
555741
933690
276261
788798
274520
418390
120753
126174
735161
452686
795465
88079
863243
453529
538468
283959
967810
272935
274696
531749
97845
157266
476060
590107
517498
615860
576330
555884
33949
330516
385168
582464
423036
445304
697956
642037
134914
920990
462210
443296
307902
78405
782547
137329
899423
200166
771323
973877
833423
170368
123391
184244
930920
165329
70866
957178
341015
69344
16059
917043
675596
208503
181156
675951
171035
399151
881729
667462
876466
231139
937626
46165
781815
670278
393591
207334
538366
906449
1192
723694
809316
674965
649326
666479
683019
949870
311305
881150
488434
295128
537823
139551
81583
227803
181894
842572
642380
969058
230318
467669
45180
41898
718446
520097
776184
905686
668649
204882
376571
302879
207389
759687
298838
185192
339592
643259
287408
712623
186487
993802
520030
468639
651948
109524
706203
216707
388203
532090
147044
208854
35745
870726
100851
285046
799538
260839
273429
409270
283229
219673
642026
44498
355918
872547
248249
593662
95169
675514
680813
179095
257421
466307
286385
178491
183381
833910
533987
589940
869318
793758
892599
698703
561613
155644
955755
720139
561305
241995
169506
273645
96776
71327
379040
260593
912497
227751
871009
758362
791629
42833
149462
443242
147202
322508
279677
309934
710797