740949
744423
449688
526828
225912
895821
454690
540675
795936
689902
935146
92324
9734
636000
508902
850199
622044
537502
543636
436372
876142
692485
307814
962759
642340
823465
987739
418180
208356
827794
25833
370887
951828
485590
101270
436006
240509
406932
393894
945365
579595
786186
283695
132438
506673
814100
741256
623163
631145
461954
376416
912857
939225
951956
324203
813771
183249
458773
690294
284576
760689
129105
738204
573410
583208
494067
382737
427076
502679
146880
393243
389607
632659
634858
466145
378569
274378
398098
358364
380682
940605
66781
968362
646812
577835
129777
595585
18055
361486
60301
361280
373719
533310
79363
546785
82467
740404
52626
281291
730810
243754
736420
994756
659435
941789
919264
313092
113009
10868
333613
666341
452537
312443
568581
380790
174354
777096
743345
646062
578160
691454
556903
543229
117277
659824
37180
426174
577661
835037
413191
111433
77564
810841
77332
793254
280790
463693
145922
91228
783362
147861
153082
236135
629308
76231
379916
482119
273454
550675
565095
864501
781754
203014
417333
77105
535526
708009
563921
177014
602597
216518
875110
957583
591422
832202
34597
696708
564507
788358
570530
274284
579313
698704
67852
352998
403974
676486
525511
352227
958692
196338
828904
771802
633368
980169
649996
347039
326951
28430
710421
263630
540047
358228
200194
704545
513781
351264
475114
635873
798320
857836
88981
49850
852592
190280
175863
546919
308876
678364
651658
661900
725416
260232
474631
542946
238655
789740
246144
157644
541139
574275
421021
792841
971630
798058
328369
685059
145363
285567
731832
850564
386182
907557
286128
715208
579829
675427
108496
69741
704322
398636
207145
154758
752430
827833
361944
172816
784867
58194
233509
280060
263582
123565
214972
604715
72631
215405
750213
333432
584974
756235
940770
305070
232724
12242
122501
710938
668595
731204
472875
420540
211611
60378
184696
908055
452202
7273
456880
798696
212215
389408
951375
245043
530940
5294
887047
955448
325917
680768
310932
38021
653977
324136
607229
33061
173132
527321
844201
27190
855390
733903
53466
268632
48652
893068
132043
695938
430545
739324
20386
764654
161328
594106
256210
543156
29281
260651
518225
377589
172886
172616
154864
999790
231976
678330
757468
160684
935587
494686
210607
345822
865066
923688
809140
6598
75401
468963
174454
713354
244757
316118
835011
908007
258754
162115
850626
849989
251713
210057
570990
132389
597971
972521
486958
740662
549295
584037
705107
957256
410764
329476
232685
522520
645836
327731
243978
733641
709189
435845
888652
951476
218412
742875
302758
391446
351520
246303
739123
11304
275473
37034
294707
806796
35723
687302
605602
683363
119587
864653
952055
916987
708604
307696
876278
223014
512886
571092
475442
672742
33525
322518
508323
770244
407433
259311
679199
339007
759615
572979
225400
987810
63811
810612
117491
953518
374960
436867
268768
799287
596534
159638
704155
450059
587559
531077
210589
30092
204062
382575
225343
247071
711372
871481
628173
187837
139168
671350
178755
148519
510227
863971
3751
756086
903693
910089
897218
490192
154679
185413
684348
876919
74462
134692
939603
539323
350976
692776
456248
606608
425911
21032
24518
975738
771775
58835
788639
432677
317222
6037
667173
928017
524495
381394
890130
38314
819234
921039
224437
108917
307988
336432
899210
407335
91022
16860
190196
137168
436092
189500
158425
878324
795445
527459
725850
545146
102850
961480
846574
179646
201165
845934
741530
641345
818728
591652
967439
988160
637302
580840
519008
346786
810362
274855
910558
475786
910266
130976
842641
880845
921103
583526
579669
691005
272268
250372
878160
699684
720009
762490
906444
48845
435659
470374
364725
541243
76369
279166
83056
189117
61565
482874
145941
313945
712414
983695
110603
819429
958742
662933
152703
613366
822956
960202
315905
618159
502769
229679
826683
242619
387719
316368
488462
690453
103506
676193
18314
566340
332543
230276
662474
256165
882348
412008
874026
435488
527923
280779
355431
956541
221846
6047
779409
255567
960392
118987
132143
210318
621974
435592
707119
536195
951089
270700
806280
262940
28120
568836
279022
189151
62054
719705
260721
70011
678581
20501
419059
530746
718958
326207
981636
965523
596975
785187
32092
418333
280663
659981
923252
780509
967473
251571
133569
981120
570042
100530
601742
981028
648976
353073
429940
678928
732794
181666
207865
680069
106510
520743
649987
193836
823683
200849
963511
655534
886804
496707
88435
915042
464076
322229
57956
213025
316404
877716
329092
380790
81559
895367
285427
540658
950255
126797
495409
331868
311662
199874
730678
389061
327658
783809
559534
675128
746661
239202
403541
615824
167608
793444
539818
432421
508572
315622
684371
373790
936405
494544
852045
579242
813564
58895
117901
515594
707751
707133
375992
116166
334007
100446
233788
924608
441789
422150
348681
998565
306313
982361
294256
623999
666897
869163
809558
781479
977659
937286
549588
929560
741384
281801
379503
787615
10524
16045
49583
729135
141806
943267
374430
735378
925576
380057
671454
374201
411963
761756
144807
579892
232291
336280
31645
285821
277714
102522
898442
110638
810140
18038
682685
350483
228543
230372
86462
86234
259756
578053
248492
695591
921206
643364
305334
688388
159062
416856
948018
141750
288921
412902
546269
113450
681639
801091
199920
648398
418736
153335
584923
247997
211444
784156
624480
739730
3887
390982
918607
425886
496736
347581
704858
324276
122165
341029
963156
133217
592085
656895
507083
151161
731337
566856
153470
410828
426888
36543
173244
561272
531037
900100
370844
136600
753911
581916
69779
428250
605325
719761
173429
26735
913004
487478
105355
791387
891102
741256
239309
394604
656121
410352
851260
685959
760001
472934
991774
57117
210106
982127
858007
945469
437007
378887
463585
686276
427864
886617
474600
847535
430604
73194
327749
890897
639299
340310
137044
256160
775077
554995
48500
210025
30645
476114
283354
894180
585844
674212
371858
437282
866995
633464
415572
810466
884985
850914
340223
398340
868940
239800
690356
232917
446496
152758
788050
745353
233177
248001
224457
65030
592511
980488
969629
488668
548093
408839
643513
347539
410262
874534
641901
259998
904357
85950
576518
760875
956046
133115
544329
857820
248775
19996
883148
957711
453757
697047
240048
902297
811044
771290
180030
996306
553310
24173
146845
37770
436871
647091
202414
462106
364699
564176
475332
189972
462085
620196
255491
218332
525701
442932
32084
900432
113020
559914
127170
377763
296855
41843
19188
909575
729942
592966
58759
312968
337528
533765
356103
187446
807749
604091
550411
809723
487927
309510
435946
690315
728518
603790
84573
2296
718543
957043
38451
777893
915424
646213
799595
725075
400546
960364
113073
791511
266595
820904
253240
503148
37888
521843
430000
866533
216684
946563
191780
356347
777183
252268
627636
424324
223965
918497
501994
789573
934177
466075
819706
481630
211814
365714
35099
413731
414739
904168
152124
145228
846209
491237
662117
279682
995434
783389
299051
60569
183599
541870
69519
591133
407813
305510
105140
285573
21246
203777
726652
481797
735280
677839
654398
417663
772164
752436
498213
140185
637149
491529
450408
958186
850274
438625
902689
620173
917290
189350
907597
302552
173123
207713
827935
549735
732447
108248
885761
569169
448860
76689
582312
157308
470446
198325
818770
952461
483371
428240
862495
134199
544243
396469
67401
732149
810618
948415
407618
909523
600116
823217
713449
513125
47644
130111
522152
793755
775712
62310
722092
287661
985900
782582
396930
774384
79313
63088
369675
211851
719186
429834
927644
818627
583627
452559
599796
197553
411391
128739
500378
279574
255804
891748
127571
291781
531373
600301
549053
219006
344956
193268
992075
13659
868514
207699
333406
262627
279628
44516
287484
136445
402731
62085
508847
685246
623769
288186
281661
465123
713763
260722
93183
149338
926519
798818
406688
753723
81323
419918
541492
303572
603815
126310
251954
965217
371761
387981
926288
333019
420243
411380
590009
535399
536171
486757
29486
514031
116111
431324
265590
833294
704922
639695
625283
93157
698200
91535
133091
72459
834698
10631
418527
282785
458006
337120
70068
650626
90446
379783
435435
421402
101595
529670
61143
684110
70150
690383
787947
743065
398178
756440
990197
254903
651546
107103
689147
294969
290835
85839
631024
731577
381437
355579
431635
731304
76923
1351
876389
657859
156972
561382
889285
990884
76566
915709
212137
534709
76847
351079
476859
763647
807175
688338
532366
270368
646741
458950
602683
846875
61660
880710
839452
449546
227641
579855
497765
941294
521804
668157
158298
519783
843713
394509
494128
294719
886138
130557
210436
405088
713754
84496
343730
366054
836465
231789
13140
502031
575935
28583
832855
601103
868775
404696
284923
780992
953330
330086
815783
420279
476988
15975
704806
789426
69695
2209
732994
334573
291770
61290
8443
797076
269053
392494
669412
110482
651604
405263
86491
484167
308941
727783
463459
898969
282280
563625
830944
423714
126491
309413
867886
472519
342463
465066
131613
125608
291802
337541
281485
246579
860809
592616
636067
791251
768778
703526
822565
299590
34788
885979
481720
152269
631091
713129
318067
435004
786644
257117
756383
718513
460521
644271
769805
128993
240201
741480
970964
137678
914759
103198
227686
497237
479454
730779
431567
891043
149238
533980
181001
941640
466837
124469
563326
217060
531365
543378
807003
834557
683421
561688
930508
789363
178895
373865
358810
448331
669198
977670
9631
724263
503866
196560
945506
441686
436970
470631
83347
123336
638388
224883
563620
249818
343259
637761
526273
714128
778646
314949
265966
497376
116025
782654
800700
392747
557827
804151
761320
748103
172419
117353
387920
589367
418407
971070
886547
240892
888418
762160
708164
392132
87993
348624
594633
615809
909611
739363
477910
758421
207803
550055
84098
605609
213083
156275
189379
989085
774263
919100
181963
821530
685147
471475
619774
448707
476737
88460
574478
526729
986747
638426
478645
284957
96505
109270
545678
283073
978104
29631
286097
88824
392007
415771
938153
881436
321143
969755
674676
425230
415519
754588
41430
306567
215369
545738
635514
700813
813117
121887
288998
556802
942439
926601
967098
583255
500967
994666
626565
847197
167286
257529
830340
399356
24880
81286
619896
25468
3138
684314
362083
904449
261552
731452
499295
883796
401795
855696
647578
886491
929742
651803
697585
535403
523612
185826
587688
62004
725048
389423
753924
423259
21081
942773
306565
362341
656167
635019
584068
453838
962670
705044
756196
502074
212510
983872
776568
365059
854844
824107
38897
645745
358762
792611
595074
973255
712589
195463
558674
738618
430688
439690
735773
738365
650901
951127
745576
921847
104547
976399
122271
617942
799473
473965
539789
34045
70685
195979
797814
159961
342569
920574
74260
914001
519490
81243
525613
180700
737519
637469
675597
731180
607635
395167
966693
374856
224414
215619
290816
828151
322070
332917
642974
171928
788797
275274
420271
471119
435040
401090
182061
763930
694140
465196
667030
66753
251021
894633
610565
316012
613300
910920
924652
147726
933892
686545
538928
905983
977385
927261
918753
409768
419381
849954
93781
304599
295752
847437
850784
58803
835676
740104
135025
526025
228139
707227
452492
467012
925565
647342
709727
83516
351889
558893
972420
68517
508647
963844
831378
698600
653928
35209
271392
619214
462707
478842
169688
239193
344389
191131
400435
760941
144388
731586
493910
372907
702184
436910
851145
281311
368007
518097
239440
921423
936635
376558
142952
559348
954226
353821
96287
124677
888081
503852
964112
349038
693254
330144
434682
577440
821737
314841
450109
663746
676109
50067
837040
910661
918185
68552
569441
731221
258078
570931
905770
388523
998693
98928
493228
261503
825111
292736
393003
407131
915671
912040
587398
374411
420255
612600
360145
680688
254822
914665
504721
285236
533739
685216
778771
515480
848929
158671
508713
809642
887799
241723
610946
556946
388291
769816
572197
529098
935050
480080
617546
358126
5486
5474
53077
245865
689269
520935
178480
444367
386162
253424
380099
910537
611154
740044
34899
155051
289477
264550
562484
138274
401542
801098
176748
120137
833609
272200
278182
626714
474881
891313
911952
366145
475467
329599
765265
710476
303994
872849
784362
174911
60607
875859
555368
152709
421365
544572
131203
395009
226119
499505
436439
453377
358655
248135
822908
892436
461803
925349
720004
539826
983021
944264
5904
112026
9952
979169
554063
534137
172387
949593
385812
761926
655939
941364
818195
317419
99209
375827
6393
423517
501212
748692
775013
749068
262357
598676
880710
89270
54814
276052
438098
747414
172101
789945
650720
631867
78307
362925
401250
48499
744675
314660
588419
436454
275761
523641
493785
731518
65665
591414
839943
424452
908153
581618
343346
983494
25660
506325
876062
646132
552852
22007
465828
640075
157307
593511
822098
141609
621894
633992
994143
870078
520943
286997
491017
988003
289917
429764
712013
489925
611986
336713
970562
386938
33169
439665
548563
991604
272746
539695
782359
56531
841731
580276
718095
482068
475460
619511
15227
110375
391487
135380
136857
442143
68859
712464
985595
371459
931548
84283
578436
166401
916528
18478
261567
812546
331032
454900
401947
928089
126417
79749
610119
863188
689758
206126
834598
855349
924052
241868
988527
644539
520321
864054
826212
297817
529210
586043
617709
838152
45440
834625
318033
942648
79502
581004
269456
309793
758274
445791
467615
400569
896421
938813
231808
282686
131993
404104
768638
843762
870878
143691
952578
636903
682177
695379
799509
80560
344161
4983
716531
554935
442079
354233
584456
184941
655841
999621
212234
119004
411395
707734
88562
682008
57628
566968
478040
319828
422312
889512
412330
19344
252823
638039
142280
710256
615921
946253
197887
318568
662628
260139
569057
649300
435692
499721
513086
922724
591517
864190
355393
40821
787984
947773
828136
64314
907048
529180
18017
48153
818368
129521
385598
750546
594291
80405
448661
893338
686023
247690
734263
891142
295414
905401
314891
226147
406235
200339
939590
840162
690678
892506
648584
680624
601883
883320
927254
356580
830845
635213
576752
445586
195987
147270
345231
894332
714789
304040
499325
672936
195061
788781
976848
830733
634892
998021
917892
843303
643488
932285
558516
587882
584351
599101
714549
809171
155866
664939
107856
491801
152081
144046
256665
879875
718487
938317
588528
163027
390754
343221
635028
196640
444785
255641
104543
300609
640794
153524
309346
24101
666031
578154
83869
124032
33740
632332
252251
842912
333760
315963
39272
212830
948182
268260
777712
83759
47999
404777
562550
875034
870045
597600
433005
400772
901998
854324
777911
359143
888659
516777
738807
97889
822332
838526
284309
473641
898611
397675
628749
989596
535617
94282
791092
964917
573056
203858
501769
845340
29951
98045
635252
543829
628107
670028
544670
739929
112992
348833
514732
997826
168044
286025
198361
692063
366716
806685
798318
902823
440262
29181
950689
611659
846802
805565
726920
318436
763397
525468
564856
639116
788747
446511
452094
269064
140320
358045
210873
907107
722812
699459
697490
835094
12569
283896
956442
970274
301090
801130
46014
511296
642425
771047
357225
156784
117413
104056
933687
630895
645847
525224
440785
553988
107287
275490
358313
835128
830608
606264
993428
606373
890228
297984
536383
116583
394189
663129
426703
103920
273314
393931
953625
305144
546626
34380
694458
757201
791983
195743
797525
657368
517674
466072
743463
63815
890648
844858
439368
258984
487182
775937
184193
832484
644030
705083
631556
51066
382013
495760
368460
875339
659568
925795
552594
687889
990995
765969
574825
559664
551397
496407
827767
531045
273588
197008
231696
160347
109824
531739
306928
78172
501711
293659
12181
203044
635020
115416
72631
642130
383581
562434
134757
161464
637952
988054
515261
399121
363552
812378
170824
593362
352250
822850
725616
561369
926182
297205
150750
779650
862341
776169
790452
473625
928454
682666
364708
313961
411092
194106
202859
633523
350688
508819
153902
451066
158662
424072
728687
806011
824350
955785
877356
950267
180322
375493
373908
984056
419703
582058
874535
656321
618586
508296
439721
648994
399528
326099
51842
82039
571658
739015
691637
786721
116731
849318
876859
660695
709175
912029
968571
805908
542081
618117
904617
372590
652433
352261
882232
45063
504729
458260
655613
889436
461107
256796
998370
142907
474601
776378
323267
725329
445152
583586
402472
337569
182241
592608
187039
245841
557765
452665
284278
467359
301437
400432
27026
316208
77692
870180
389615
389257
259009
386070
904757
550743
378820
516809
73907
234216
650492
763842
641018
116156
580491
972655
183769
268790
599239
361636
596080
349165
308390
503808
196531
216800
673989
741550
779069
355782
556437
936520
438926
11970
381795
27093
996579
873781
874306
570163
393201
476398
485078
620688
57469
320956
827008
662482
258843
728869
401889
619095
352961
374767
835789
438102
155270
992603
657934
379236
519741
967729
669394
793043
756008
319031
36210
15605
473883
1595
789535
114174
705391
677776
766635
633095
365535
578197
744689
846575
636866
881264
456099
387356
568037
83162
695470
778335
613956
683156
299596
94134
747685
367480
818982
793451
789842
847786
916067
513497
39729
511597
542801