12664
740377
530692
803169
119666
949672
207154
299047
256601
405091
834684
322914
914618
132884
442049
259445
913998
388234
441972
870776
11356
857310
382360
423932
727739
643712
127242
680829
211253
452732
527992
832227
804552
628943
984304
409717
235654
852512
443795
184923
63324
602333
889128
747342
102191
92915
766156
977630
89442
305449
749191
683359
482740
671450
93819
406705
257927
539213
9014
397803
488571
989043
290406
735268
840505
560444
309484
557213
192780
97366
894217
183374
142953
826691
94901
939787
817295
122581
48334
69267
851081
31753
97645
713845
88017
821886
422869
428576
446927
933712
57669
392901
857278
360277
837613
504811
830704
816883
34877
518735