992560
964123
546066
574842
146166
855336
967474
832888
228921
76874
429288
466708
838029
582367
711753
458132
727719
606066
639833
891762
481275
693816
452601
396841
474118
317030
169214
749086
773544
143981
769950
842926
788009
613844
790724
274128
836828
730736
264259
166503
648480
769217
791142
244775
449411
551852
323366
969825
48898
326801
857717
646956
474220
50376
206071
100466
829028
152637
760080
670676
947589
337253
30680
617723
651744
649564
547307
648508
7712
340253
60318
407335
715599
334749
737612
71597
184241
63940
148686
114667
99086
237065
171400
324375
532750
704360
824992
635718
130172
698883
180362
550935
791981
859411
69375
589440
700410
930249
645645
206387
532776
55493
597511
732268
605929
174258
208412
873882
241468
964924
60293
250727
31919
514607
837976
251686
645508
731053
177850
628312
779506
694155
674417
843547
882306
642314
618264
620976
206426
326317
483883
464935
299031
749563
302082
492137
399763
555411
830683
359074
865414
548455
208080
13513
202120
487255
552679
708237
524148
872106
713352
210909
957417
997483
5129
386644
623338
788062
439974
183488
173669
322910
794188
623310
956817
529620
461460
661011
425264
150678
490637
650873
128884
13849
199282
339652
252606
395092
451707
68928
137409
358580
641551
163785
502341
504821
447702
437558
193736
624676
40301
32739
502271
85550
769075
452570
254906
409443
508672
205278
11813
960205
603190
965907
860458
910887
648623
71309
341492
35004
797525
617459
53775
930462
404177
42448
104107
994175
934108
70582
120320
749999
393073
918863
713291
828146
741155
725889
309814
951293
499594
950845
689621
99853
599385
7973
784844
345636
546059
366807
701775
513058
604860
269122
441660
528852
608869
428927
615579
573662
163207
321845
707539
695
809718
648045
676094
739873
381814
361832
945909
328631
402853
61093
261610
464635
239906
454591
368997
60043
561176
562930
911961
79987
489258
261182
210530
158043
151549
590820
630046
906017
745372
364109
585125
261122
664012
243658
380774
634353
711469
694198
61791
39114
128906
405880
235384
978400
291261
747685
479101
223794
381954
117762
648119
320829
254678
143463
726950
27307
625547
940222
727964
432169
773675
635499
310904
974294
299783
446790
463742
87831
795163
326403
499920
937543
382239
957683
37771
168204
21612
672867
371841
344517
229385
269410
678350
510239
175442
496929
333849
183687
583236
199027
309033
910585
366695
766579
872161
638647
649112
909252
630554
98198
897522
517811
585051
737139
99097
45562
102199
785218
39779
806238
387012
40902
164706
456311
363507
853725
594194
301136
585425
571635
604892
527268
112729
996759
530693
453769
231475
566954
239030
148841
810509
997299
242856
496362
911509
54288
358060
325231
43344
59592
296916
970168
457306
905467
995521
740965
214458
363194
913866
510424
161569
777331
905542
419895
6528
66117
764663
494353
100291
79666
542291
295832
367917
840114
199984
383116
974609
450660
860747
842169
548330
542752
880820
641623
530904
180711
585626
911247
360375
483260
900335
794973
40734
320396
441655
371664
444785
929416
672115
389103
991588
164756
37988
690230
808460
834455
134718
603518
193059
311859
390827
799162
325848
647695
138808
439261
333393
805391
810976
976345
252222
596261
523635
894211
98203
587649
775843
51986
248898
731492
870443
894599
646314
666002
109341
973478
951424
225958
547910
232866
96864
689983
130879
992150
83952
243544
648979
954416
668697
762038
158344
609832
252067
369850
177676
618734
446445
52630
761534
215202
960005
160732
619605
273981
575402
454130
618609
605773
851739
576418
168572
442973
840795
113550
670140
146739
761988
595265
552761
209906
510277
827296
519173
987360
843130
852479
118381
980930
848038
947856
247291
22692
996624
940022
68516
111861
204471
577335
31765
557710
671538
693648
685397
948435
334313
779555
739286
243122
78634
677772
506910
848265
631337
303377
109773
957028
209303
574967
182218
490467
288925
190129
437582
198522
515637
661108
188044
180499
970597
911014
442300
9294
595866
725748
793091
906920
213405
229251
152449
290745
464884
998718
774774
980503
156119
374350
554001
349657
115277
785512
657751
578486
9764
13311
626029
113291
881993
736923
550658
353787
54473
884994
275611
510704
854501
554066
648188
884480
10635
955120
508976
287596
345847
213915
806198
731586
904934
123418
706760
523618
959922
239828
633800
88541
991951
50366
10250
537977
37984
279086
535032
605201
646391
62799
506982
863001
918760
932333
606963
823936
585352
360752
102424
236782
578567
186022
374928
126317
438247
658681
509156
820644
613912
673791
820754
59773
542002
155568
486745
554920
350414
740531
57188
184377
684098
347473
265809
329773
386166
146507
470940
78282
203047
848134
7532
191140
82040
483044
917242
410299
149232
899887
100826
615938
659541
249455
881192
995067
108578
610587
592784
524349
840999
770732
628473
230487
837054
137548
731407
117775
491045
198766
981803
316355
103805
577975
988898
773361
877982
705625
199143
907538
702549
924609
578397
599393
702203
650855
299069
388729
99763
488962
689953
77212
90879
868766
456427
15184
315391
462405
833300
188515
204872
897754
889301
107984
425565
873798
71275
44282
291085
868617
381003
731349
521576
426354
396642
552996
665823
251306
758215
771868
834871
502570
451328
457896
266730
379789
970606
818566
859866
649535
144982
273422
544306
858517
137740
381395
263644
11639
284414
141026
821656
931576
796314
999208
491072
411974
415773
620976
127253
479549
477626
984585
725444
6486
302883
180677
951803
642172
678710
271198
269091
3903
229319
350772
18041
670305
207238
527410
183180
875534
298445
518030
399765
481641
62473
515374
904494
912898
205890
330856
667313
28452
572424
613026
394542
518538
619452
519705
229384
125233
225656
845501
525996
855688
562972
228088
699567
326916
89910
408591
606212
613072
102989
56033
958935
212514
101898
310285
979592
321193
317700
689009
809863
491490
469734
940685
541576
750090
325887
443525
727779
70446
554022
460357
298060
849054
428808
69951
987818
694080
871760
949776
429653
254848
446001
323008
874993
326885
397075
327592
102306
935679
490263
157934
232234
260028
735753
646316
359910
315035
318177
317743
728418
639608
332854
38875
265684
468485
485440
129388
411964
468313
982216
666263
838038
654114
676078
88591
691768
767671
90519
288099
769742
518408
275953
479108
472496
750263
990436
630565
118237
368255
289750
568571
170071
246354
36891
244772
177178
773441
723000
810212
287610
591061
16658
806090
896216
488443
533816
88561
711936
536219
384074
766754
196067
61193
406212
992023
97388
636244
847851
425690
778368
340541
279634
49100
585367
198402
777801
786370
313650
919639
514275
481994
188216
88886
775651
429963
853169
614285
379330
461066
423774
675798
266784
28297
68402
176965
934277
380554
850737
150938
715218
283057
358564
864598
756616
915527
64246
39498
269492
219355
713199
470410
281014
240451
13194
983425
811757
72576
225780
901791
532354
14655
244004
891117
123853
945148
31057
988608
857063
752001
524181
458764
264781
876429
235164
535888
392557
820559
633352
783855
996369
415249
59749
847519
59365
707890
675012
12922
291174
792524
593718
487922
917673
618996
612902
865826
510661
288415
770708
838847
997663
274273
30378
292397
346128
715729
738812
479022
757237
871497
80609
882997
581074
110410
658216
637465
647779
360828
964729
939877
232129
901714
625226
444428
306798
460108
372794
183353
422333
486678
862606
948549
46881
563982
878405
915778
375120
78499
721689
199924
833171
552665
777493
921567
871533
891816
943502
69948
915685
995780
618303
317445
188914
50680
330373
929519
479427
320172
113267
945720
793768
856005
283155
797974
767264
149035
786234
900431
745023
200870
870279
759910
935612
994273
495544
176371
227477
459601
494056
770060
949343
173167
816041
678431
698222
509729
676026
754402
399388
885367
152613
512033
266298
781392
36344
587254
872529
780253
662685
391511
328723
986237
956440
882697
419811
42120
475293
937075
395454
326376
611980
813453
358468
184929
726218
699383
752871
707888
748413
819046
310383
463825
518691
418617
381031
336731
962896
354410
905959
621255
308226
958240
290559
6158
964834
88992
244413
739120
332826
977572
746844
80720
538509
440772
583561
65660
671159
852689
554195
582155
793763
642689
846190
731616
213187
451524
522467
307147
375855
656245
153944
450894
387133
97580
152759
953532
27833
960240
969278
607677
957121
566986
6243
381807
105216
9652
331298
290983
951941
484720
128292
151829
970047
149110
93389
921541
762711
318917
223395
264322
133610
972187
231446
743957
249314
805952
171504
937067
753136
11708
929562
860244
343143
467816
891912
354664
987896
867618
814402
290500
426374
963738
449872
903154
813285
481225
668546
39975
667764
57602
703705
560549
153812
572896
317077
633601
859972
640671
255004
678975
424283
400391
491396
894361
964769
957379
795645
618463
76041
717264
832158
164344
516687
639377
815498
882694
447658
266687
715199
591911
654895
588477
868603
630488
299330
758985
641867
366517
709753
78351
34609
135708
77518
20248
902065
781295
403585
967199
694840
493431
281480
451396
622698
443238
134004
904602
659014
51957
575586
331035
915320
621484
277658
777211
958972
55040
770503
400985
398698
58070
767315
264914
216290
989222
418847
399536
221780
326587
779164
565824
783852
579158
978953
611265
941465
306866
934409
618296
198137
481571
662560
149281
453283
489624
320778
970880
693840
220351
902136
914837
232486
620039
477799
29869
85155
914113
101087
240213
948066
869472
206278
723114
755789
642335
918558
118540
42272
878465
106274
146673
104981
741300
385592
621141
961586
418127
553106
745487
65003
706234
368679
153087
889396
210349
221962
292196
2920
9617
906532
537418
558223
621506
668051
352544
836303
875894
868253
793896
302770
657591
358354
118151
811536
64204
825470
806716
968153
123702
381896
743917
558337
916886
277803
986333
995848
51628
821198
279547
894885
778554
740545
308308
907918
31495
432406
85927
951463
885823
48346
51225
817925
349239
504559
476927
453533
739343
340871
83929
259981
414640
208703
371935
158087
408309
319318
545650
61974
255399
634056
139061
180814
271136
47115
704757
900692
434896
237285
424259
614919
114782
361448
443875
23434
347494
798539
151901
514672
958497
317095
782768
748354
230306
235659
773926
196079
810877
704380
991747
614865
916994
18764
296087
309784
971943
2645
382579
628053
631428
699027
555576
14565
509751
996187
804747
934328
164583
217788
507940
462077
564390
465841
143174
864876
257712
6079
444681
951215
161168
610993
43219
39918
346914
485358
818981
738934
106483
229812
836369
780485
230788
973171
548938
302132
626478
244616
852884
831745
63519
210132
26970
147512
481858
581369
396894
328254
925501
944497
990090
191994
214484
517898
449766
937504
958443
762882
917347
967131
854440
675194
794644
881879
959287
474906
248124
533224
330791
693378
779458
564890
570737
160808
607873
232534
534169
814995
558524
990957
425966
983859
491183
822148
584875
12058
806272
867612
840768
458075
446356
528893
949802
72382
195071
991103
152831
466397
508755
810293
681990
628574
882009
784822
126914
518157
227038
346697
844176
889620
922276
23916
245286
741210
696954
149185
545723
517238
279142
60758
504709
80079
642622
10512
605918
503442
736342
579827
374336
285518
167827
723216
733231
396143
629022
858827
715894
476373
668660
818759
414352
620763
279217
590985
976762
75247
641574
76071
299953
91739
902402
797600
401904
349795
510086
990950
160330
912029
459237
603039
245250
840320
247531
30342
361481
772756
683914
148144
447701
132041
493763
634281
491994
85732
892718
491133
274407
855956
825189
567506
239904
569251
481747
990770
926292
344904
315988
348391
106554
235545
366665
966463
337997
931869
169212
158447
857281
441471
599146
740564
26272
843231
286641
444116
557446
21763
548311
529123
685493
415915
668404
195042
132502
844546
495806
519842
786445
801584
767599
798790
206071
881676
84757
305925
577859
478511
352630
274447
828714
763556
393309
232583
225036
125435
305349
530159
508969
569341
629281
28194
208504
107065
622790
563002
206823
188861
21622
864913
332912
337697
432586
688421
281365
551933
220539
23061
49720
267898
953293
948936
336025
921990
731544
484141
302444
990113
63348
176412
488598
275221
384128
257051
937668
459010
668815
47613
437288
389015
258224
247078
442769
552669
531865
684585
595366
174701
967983
308946
694399
722178
219061
215999
754465
224361
710030
508073
215059
56021
941488
978177
471777
154063
946791
954421
309101
275786
468099
283793
874540
363924
653088
268610
292932
829097
615696
999607
824192
410978
693991
850464
349678
513291
7202
612312
995158
283089
345972
349791
274391
152474
157487
414400
506143
426543
83916
619986
917766
721492
520663
381337
737352
311289
932921
951244
659549
591369
36515
67121
771959
93023
344341
690341
847512
103448
471688
940472
194381
498627
810110
556084
396938
603381
468452
743230
406691
995898
116640
509782
333861
685670
10493
383417
138191
544521
166129
718118
648816
730432
993031
223165
543710
690600
254829
597122
497936
370862
531740
374465
136345
201922
398303
236492
525762
326314
380995
28000
871170
117299
536730
816230
235292
653890
590699
323669
602517
343496
435257
290164
699153
550996
698094
94269
525833
390018
684261
752349
178219
193361
830737
936537
529935
230674
343756
132042
194321
30589
159808
715337
117263
642142
26156
101669
794304
890796
307924
140049
574575
142714
802760
42523
236820
884871
372558
990359
759181
298864
883438
784154
161534
633605
672603
701730
920834
517688
917369
694803
261836
681329
762063
565724
103519
102335
425739
596408
961958
677418
564460
605521
782320
537060
435792
660927
733708
243102
813850
200877
185085
67318
853311
601692
616283
631245
899502
955585
235590
596663
237914
854666
725511
258764
152037
783359
559492
885851
139946
972291
72160
246462
703271
115513
654253
723081
213637
839875
483983
617884
52166
66789
669614
184216
57354
288584
394007
714926
132542
595867
764848
316307
533858
84372
769686
521872
959796
14804
214101
572405
752382
595241
343555
320941
598009
106669
497273
339629
206749
895243
70319
741511
901510
602977
96947
787803
404868
51905
971590
704876
51903
840274
713107
275664
951493
766228
891853
328898
585522
932481
284131
72978
717691
351438
21091
416187
316887
168849
275497
31445
703818
673404
326977
158625
532943
282055
44769
536770
639457
779244
551228
566155
72678
341708
351172
984115
912825
955183
200191
249637
66130
850473
226373
347700
427668
821655
644371
581676
922355
337481
666447
91972
946944
54650
763545
690095
138899
499386
77834
545041
580180
363885
543628
154383
994726
125868
735126
389759
568816
698313
369730
316351
969288
277999
168140
829473
968254
545576
824873
135172
213827
759033
685506
312766
480245
204072
67276
63029
488904
683166
270725
893197
120722
376422
12748
563067
499186
674773
348125
518008
573470
946884
220969
648210
631497
54265
150478
40412
538157
666980
149944
156806
704314
726149
555027
297671
271963
900395
647852
644982
576353
889494
668899
687289
761102
537214
52815
461524
815232
159661
988590
380451
280313
24839
440775
534499
96519
453674
566110
979434
623764
217968
726483
491831
507404
314833
756184
147108
286502
194022
64525
278904
222098
755080
978938
694297
733885
764183
741352
67102
971844
656278
515804
255555
998067
526324
540209
71222
757624
356070
795601
990094
515560
685935
655184
160475
909101
842241
227365
410904
960780
914109
724613
640509
703695
451287
811550
943217
793747
243477
410029
944477
383344
960502
841916
76124
250496
416815
274748
125646
602062
387345
750842
46732
802845
735942
275265
14837
915410
828410
228941
574759
712255
864598
300839
827210
923212
832295
670114
582662
470724
722653
909744
86420
118073
66224
264993
574130
709909
46941
883194
952368
479487
59662
420526
69928
857126
313944
307068
613579
935725
425758
936356
331605
606003
542227
452743
789602
469886
133660
361178
122331
633987
310355
422470
788937
657428
14632
597536
310282
873190
788130
436160
39200
685182
463811
388352
13095
810168
290954
765139
598367
540084
287122
150527
641319
184285
674328
815992
674379
352151
995802
666843
767476
421189
949466
652867
193406
181428
634690
570636
748391
189479
679073
225250
219042
469119
510227
353220
527435
455303
488063
801883
869878
188698
868858
801969
902368
69617
893066
779408
526151
75469
874373
20856
398870
961981
978519
886779
852024
730189
975137
66297
312589
799563
694015
458036
913466
892535
42274
171215
463451
774214
373212
707240
847316
166163
172475
925070
231941
534115
451468
13537
639067
356819
840961
995653
31299
565216
784813
821954
280378
310163
660395
690812
940288
694215
374687
961033
125931
159384
145364
866868
434456
576298
524357
969742
880316
487955
19447
40555
792600
940454
337539
754240
528971
250397
803378
596887
852161
85858
611200
938604
500618
974394
617859
496424
68933
516943
698533
639415
762939
99096
328333
68104
118536
672295
731677
9952
842483
880782
150100
524444
390943
149103
332050
935937
6299
328223
534524
16065
353044
370039
872822
707597
767978
782135
434765
789329
314719
367446
408695
493777
410476
836778
802545
57630
753326
415216
997000
295412
328253
898745
888372
319795
573726
764466
915358
399992
771406
337358
251651
674328
910590
749010
725616
920249
640735
830588
348077
406092
388883
635025
933110
811882
150978
65666
698660
698954
271118
775546
74155
258781
645854
15239
696060
667654
446935
380002
699659
730745
659689
912028
357035
175279
172933
258407
79381
372099
200813
551551
667719
560045
255011
832691
183625
80984
802883
925268
413835
462497
175853
849144
939242
146542
701018
883371
711185
664425
443280
662260
161212
421400
990896
729663
761752
647067
633773
808300
895302
537473
264983
145587
447295
319622
72981
624753
689489
395245
102577
579860
798472
326326
576782
383072
769128
605501
840308
539419
659478
903855
525196
401179
414358
183913
986471
238186
534382
797295
724600
562195
411690
663429
132258
248396
620857
9517
318508
626175
480053
681854
439762
304567
87872
227934
833205
283172
398921
101724
617906
356554
880814
265580
107343
399308
769148
850368
192977
794513
354833
102463
963756
332240
588771
919908
838226
283774
223641
309174
271085
9873
785495
905887
469799
369903
575319
521452
133862
8760
287666
757152
842134
327149
81599
17205
963678
876347
912530
509552
235188
923368
5670
95776
139980
183385
677909
354803
461931
499709
275075
757748
579419
434842
486747
93860
246775
401202
95473
920500
876710
563537
413959
953245
192612
644406
783851
964829
566588
712604
193277
594767
829970
503651
668559
175013
199964
988320
297317
552388
972401
691070
582235
956411
777018
200463
899814
336033
233541
954739
216499
348363
630520
373603
679787
737831
600802
710683
983896
819001
83565
593314
243041
526959
711600
977015
545649
704994
941473
773146
181238
867756
578663
638131
303686
209824
358926
787043
891035
25642
963284
699558
209791
437316
962272
663586
309699
711570
652114
248910
991401
321692
969461
122690
53985
792741
915985
614807
64048
574700
57630
399354
82797
109887
103059
715346
401062
250486
259547
491723
679583
789459
479977
783295
859258
837172
682851
817985
241842
5042
718713
520581
510721
359770
281689
838831
908898
257606
812795
643702
725361
499927
954071
683701
154094
153552
472503
765006
883744
533074
891622
614139
36310
942704
332232
672883
884681
172974
605699
240629
932573
415323
793755
32371
837190
486664
525596
551198
931399
103332
627312
593226
54678
780597
400912
788990
61724
65269
520471
461275
875864
644359
233458
704743
751587
700692
25908
859124
786382
844615
625670
617585
251047
502369
376444
414733
910171
397817
124674
775171
677941
843988
63029
985607
292741
352669
506638
405579
128604
609025
135865
233454
992755
86889
764740
199362
885035
947541
415667
454392
336686
24658
892592
710890
721973
393943
542175
272773
833892
847042
68112
325649
611536
769898
610190
18591
89440
811040
945044
47182
113105
815111
140831
901625
121491
792717
548703
828992
218833
728901
137031
137842
943630
367267
206915
621140
407403
66707
710665
660049
418565
418550
666825
105853
584571
921146
340606
950343
424141
178004
85862
261307
145311
379677
384654
486002
412765
141702
777351
383127
303609
367161
911989
26454
79696
948046
91845
482786
620331
786791
533758
106403
542114
772585
872369
571515
105242
201623
290315
215668
207214
93644
862089
699272
620715
611029
311882
343115
225910
931881
201408
535737
348169
169862
862400
377240
295386
78505
87546
210058
277340
641001
997570
719665
564894
361200
802444
710398
96722
277335
590135
309721
330409
398941
893824
35431
898201
853828
33943
246778
768896
50633
735886
286427
381666
858686
827758
731628
166991
638853
623716
191933
501280
63979
964441
325038
695839
970462
312927
475196
87110
327821
471495
952105
143712
559066
643151
680588
471820
296510
940408
443058
207841
163322
434038
915184
775979
108022
76289
341959
182034
416248
245065
841522
26523
37762
256262
227406
731720
798216
325549
535526
826715
934668
503806
920347
250233
381272
596602
475436
234281
289304
428211
617320
406075
808401
506107
388781
426053
255042
53118
105563
918665
346901
866092
839771
756146
836354
948686
11333
329597
907329
522234
966963
238005
372201
870626
843616
243926
736490
995014
531003
992211
561827
974282
867982
747188
771617
837282
895238
486679
602998
5417
297310
868374
894449
313361
684524
572617
860927
723061
382216
201442
50973
507659
422677
407351
584313
811957
404205
830749
26469
721782
696301
425967
565750
940610
10586
522222
833983
1390
378990
21954
445093
226374
678915
585375
815839
478845
737691
431235
52749
43711
143242
227483
553265
273059
144000
876742
465358
490876
728183
245489
105563
25934
976757
784865
971748
755422
986686
884495
700734
773795
171418
825645
132517
45336
21182
642823
416308
695347
355738
576261
429439
196719
180798
73485
529232
997446
871850
526341
408957
706171
151088
313654
464419
181587
357832
26956
520449
728675
21296
884921
853107
107333
7614
768698
928456
51236
552068
719474
839043
337463
838430
170610
133547
932043
36634
694042
996623
829944
727877
593496
644506
414837
427534
998351
417358
753288
834137
308692
896864
792726
917859
74962
581104
672856
785677
906276
996782
621447
656707
327584
579214
944538
401071
120804
705493
521169
921575
72321
493182
29189
478821
808889
551536
740996
755746
2610
830449
876446
853726
507863
426361
101771
706429
971788
862817
195900
115403
986507
452282
487932
31520
490208
697338
422019
578847
393405
138514
44376
294168
380731
704283
327519
106957
305902
370478
281414
957266
853539
63890
300424
40781
799480
373200
350493
15261
13144
712291
478015
603992
665171
172940
707928
765292
987990
891009
876237
264678
389323
626885
726177
34513
612176
547731
192647
41719
449932
888052
753801
924163
429876
344432
344334
583238
411865
706977
174091
553112
202538
61027
630089
354967
946318
150375
195790
666763
839318
901927
267115
840234
367587
36404
871586
365815
293268
182187
540401
672260
364649
847878
618175
159641
23737
577934
730210
313325
455820
560366
398731
570193
270742
854947
359951
23532
253329
926672
918930
108897
599029
85422
227986
5965
949591
678305
323469
847980
223644
917413
672208
186331
698648
433767
933470
709688
772807
938864
450361
25317
528870
233404
531408
544044
377839
819497
193924
652476
126192
43595
165912
156306
55879
608988
46069
372403
107324
757201
500184
567125
542907
272327
990041
647262
481644
374300
194393
41604
899249
285723
86406
603219
983739
63567
680461
275917
424713
788792
589726
957675
544703
401500
965845
663042
968159
774772
882890
494273
20198
713223
408950
378070
562053
108821
357504
727217
477498
860713
190499
829217
890379
22290
206462
429466
289183
962859
290041
485911
901817
341205
690318
362780
874129
524486
727931
17173
252241
502203
721731
769114
633513
454921
245979
581908
708751
590097
685368
675001
514263
340050
825523
543219
68586
120729
942037
274334
774054
945491
913989
524784
271762
188867
853003
884660
920444
866062
868800
692207
660209
228916
522324
73059
216345
970009
652220
943985
138988
18561
967030
842009
925525
572571
24314
13598
939489
688628
577663
15429
398308
257164
934502
780731
405545
226438
81095
251670
706131
119160
143639
27060
426772
644771
684339
97600
39305
441340
425035
375891
626097
530921
832749
540854
419721
629831
534637
280838
962053
952616
771183
576240
841836
331418
705745
908508
134352
948258
132727
389031
355561
788680
161332
878280
954318
909580
70929
841748
149839
609910
852798
310684
985329
672843
873939
396724
995335
189723
332929
935567
711401
596600
466649
505478
783764
60161
544121
884343
240542
41116
983183
104330
635540
546370
407179
886351
499954
383795
439205
583171
718333
741195
119880
774834
808513
347181
453530
515062
996643
641371
990312
328733
816418
836712
659891
579241
917806
309508
405137
981296
629605
214583
546114
689188
605414
750121
998672
130605
769876
130333
947105
226738
449065
773118
269149
702455
766964
190802
449910
723744
404656
552395
544472
590356
355459
269116
601967
527613
543632
233449
694351
923243
392249
337783
650181
171992
20468
647490
14264
430918
548424
27469
1786
262853
143717
518292
718513
880849
159070
645118
356124
49815
562948
593199
397188
649624
92256
716153
789890
431271
574156
381874
281255
992012
661934
781024
889035
519499
681362
907153
38837
521663
365283
234632
249828
586847
682566
793169
884024
171042
607892
200502
828992
270719
942450
45642
685025
547214
490062
132770
297119
209802
86135
959268
261707
862199
231705
998455
694025
522208
216724
671066
151357
937850
99257
523985
778130
379109
903521
790777
324326
392336
3433
654525
109845
798203
406541
932257
192033
232600
278560
27643
473083
616523
672229
623042
406961
356433
482830
897343
149427
981436
680974
130784
809091
675420
38429
710187
718265
493434
120840
27536
508016
383742
464114
609495
927889
538608
129579
762552
251961
588187
668202
75401
15178
455821
369066
785362
197707
961020
170847
964732
775677
776387
618004
944616
624955
80073
524067
847837
250828
226243
221584
115417
69641
311183
706434
467464
209765
118529
754078
801747
643422
101947
568257
112719
893439
405109
583002
389206
191887
647581
425315
17203
342554
618456
521850
695287
910617
575654
18208
10728
725824
143075
885388
395609
237669
700649
786669
729941
886216
21459
397563
87413
539971
152413
681209
841873
967823
314023
297545
318739
526576
102232
672363
871527
199422
169183
83348
868302
276242
588373
173223
904210
117641
351359
767506
110100
267448
37231
414280
147905
308716
286025
414422
223267
355036
844067
339236
532628
301550
820806
441995
767565
73762
777106
189197
703836
249887
459901
30005
158260
995992
728827
939532
895838
14299
830458
968693
303950
398966
253637
539238
307344
926726
918984
909315
182497
288925
200371
831513
268058
389071
864183
607155
110471
893721
87789
163165
35350
279983
60566
653747
393963
266657
333373
28132
173457
170217
109881
337545
847242
499475
235534
896604
614151
123977
320755
5590
822835
90810
292719
571689
770473
112807
963357
209687
929287
727818
760142
350061
700954
545251
1229
448224
307832
362848
132477
58434
59949
331624
586527
125089
605965
198212
249072
635709
452905
570090
236399
963363
763996
169960
47165
527274
353029
294377
975260
167049
927759
370663
159514
237012
797163
645934
187975
368593
826015
168969
311137
544571
455416
239947
157393
988178
699867
58811
254414
579549
555706
960157
908448
438142
689442
954649
281407
169072
287920
294731
619930
537439
935140
16294
220275
837283
161997
726469
375271
782619
333604
91408
728971
887138
664949
489607
524018
214321
138168
407342
788620
248657
348670
171541
853289
170874
846983
822339
837787
198861
882032
208767
901368
539499
995017
98170
4926
891568
285189
897692
51026
626000
911499
929257
950625
497740
673961
367568
263335
491536
346024
165328
250894
31532
573882
841351
421166
785837
522768
88217
233971
117272
485512
206969
878300
118786
313924
939671
765408
799311
299350
16038
590635
503749
966615
412681
115718
183692
776407
743513
602964
252484
3438
789333
11896
472387
438065
361127
848916
19945
263168
983247
671277
700706
691453
987886
265002
959416
975063
480177
633979
956498
466884
201816
807383
741070
964557
379682
357469
214582
330435
360023
479260
629025
454799
731890
768814
868969
324135
226792
194431
543556
553693
76121
978923
932929
468497
763154
963782
878945
511815
360701
816309
758096
35283
616358
542905
700414
457521
136874
257100
812511
154353
591614
267108
981051
881807
41689
11924
889586
389217
420287
247506
310800
664041
782828
883219
35017
484554
386073
394834
282897
533784
536045
544944
39642
751688
658115
399286
662507
247366
360532
330550
578906
697190
800001
792463
970342
981618
903360
220558
983859
398498
15648
257009
305186
15593
803770
663624
178892
814380
45430
143285
518876
892494
213815
306066
216198
294886
254116
896753
973544
876626
698004
969214
24891
333221
445653
500289
306806
957435
447322
817728
459839
60014
431230
699842
10958
780449
681209
297261
848289
452729
651934
83473
675862
481388
836302
924734
795048
235761
119421
289359
658248
738327
425758
445706
5527
398386
893678
487007
425278
497968
917466
690638
642283
209737
390030
349862
214312
872085
702492
375848
687065
80567
659077
271370
413906
346551
454630
603287
618451
431534
660993
871667
397217
931994
873191
340925
610434
285265
590464
139277
998228
585683
559863
84317
344458
752312
428036
904963
432260
716616
956311
412956
576714
734953
191070
216133
206310
595251
113075
523907
512859
13856
333221
779906
388357
352927
288609
716027
703566
410759
673022
55534
699146
293928
98
577487
937456
197374
659731
848701
867574
964735
316510
701677
233928
731988
572510
468837
481380
517092
527529
535141
151829
294347
23389
931296
154377
494953
569090
476775
304913
209623
145308
188327
899958
412853
178128
784393
85874
304351
738800
887
795154
435198
448101
784639
586406
362618
616056
688464
405601
601101
904957
533408
710932
231283
535964
974192
718018
937406
818045
515495
490527
902597
36303
302107
135466
998780
451638
269679
728164
871904
814351
655574
605291
998985
322593
154294
537912
37729
860897
926951
337458
216371
56993
150490
965292
846429
106839
278295
690626
127328
864774
176222
781643
904854
863435
488303
403707
334147
158790
156517
141592
152195
394915
407998
696599
727715
722820
983798
576979
493516
569229
842448
569833
123227
7371
848566
982898
170316
336514
902968
146718
747796
128081
464752
666601
427277
339396
61254
429565
843596
800438
464144
284580
828046
593505
765137
91240
466385
322500
539106
742154
675072
673519
778799
292123
327814
57006
321240
260537
104964
414864
285495
157162
446877
892819
934721
833870
848878
737133
158597
437252
806171
747129
622290
772700
229381
796797
798070
899828
88600
140820
785184
45361
384
965437
158759
95644
21947
793854
654948
717142
494921
19574
227577
879417
152705
865086
998453
635981
569470
79995
9936
729444
89078
114628
616913
484883
14442
329834
479823
894157
372345
120808
26259
637341
335248
235560
259805
894976
578940
462320
894462
253660
370464
669671
732578
339105
781890
238472
848432
977147
313343
990050
524426
128113
128479
98825
25391
417757
188419
832285
228544
60424
845691
697204
805600
365793
995764
654759
852724
458010
536591
408246
885129
366560
562636
203673
42901
383093
403237
588004
221782
621099
364151
747093
62999
91198
546331
930109
519505
235599
488724
277385
685230
260281
383840
291885
290281
304530
683761
139052
190097
155712
119798
432518
486507
425973
457746
163773
528119
258504
376558
78918
906187
537073
218090
620297
431388
501665
948846
352533
290588
839484
624031
735140
951485
290612
776110
413253
980883
995459
227786
890732
890263
869637
848437
925906
579079
843951
25588
402762
420395
330544
561248
732066
23411
829538
684634
861490
606845
321709
713820
787844
458802
860985
461738
680095
774416
534797
880742
166834
389826
210633
126211
988378
524011
249980
554066
723216
860609
874659
699704
982514
688086
393535
303745
807916
86963
960785
438285
520131
267421
50165
253928
409854
404601
109656
3768
10673
158859
110808
11279
402535
979226
361719
346849
185835
325680
570
547279
673267
599101
984548
818785
426026
920155
833354
43795
861657
739245
139027
468806
887217
989536
143182
72663
903671
600659
846960
794445
325644
312275
610792
263596
175000
132799
76705
543142
563859
992523
547092
742961
797359
44576
756359
952820
130213
767007
605093
830427
400539
942726
581115
466122
244527
117292
558221
263533
749731
816934
628435
149422
101477
147788
239379
460032
455097
870933
809564
977816
103301
59423
314012
387132
712633
764748
297695
986612
197657
908486
709284
809564
212328
621666
391709
750875
693746
45346
843076
965422
578231
858901
423253
300318
421167
570841
92524
263120
56382
148865
649851
830395
110966
427281
639463
159924
807427
868454
797888
310053
494519
610995
999707
654044
779635
954085
251662
943423
970798
526376
413640
97694
532005
678915
851082
909473
440415
774943
351430
357344
427164
799909
681618
761233
370778
917701
142217
527324
968963
309586
556735
961995
931190
779082
907998
63389
332656
81588
820962
243898
660183
392098
245869
665920
896035
20758
81863
435003
856233
968193
100662
604276
10374
61798
927798
343072
794788
144862
530390
403641
63020
405812
128815
331818
198024
79792
114305
42468
20499
822257
852779
548814
427232
847923
789191
831001
22820
470001
500064
898673
890881
879972
577680
978319
567151
427945
556475
232747
832201
152064
247778
546383
776626
725232
906980
683783
625698
561481
487576
348021
819025
513986
636543
80641
297534
632128
457641
967149
557084
423096
933735
955014
369434
894635
46569
443126
100941
369232
58163
726775
280125
528976
856256
261858
754889
736875
468595
49766
369847
959864
102710
746772
393756
631945
635762
821206
725348
846764
597161
32320
538111
76750
615347
945022
639721
965371
521427
994157
130835
897089
103221
573447
885043
809906
59590
392246
427877
476295
197424
68681
14652
851361
429233
376004
215658
798123
225943
72529
290951
489564
161434
25621
801409
303321
387285
767454
4129
442487
244771
805432
663542
193310
919314
103391
346016
221961
979655
64334
98939
647977
733678
455926
206373
10025
662235
399370
795502
336077
503362
272439
383195
755700
929295
560945
643543
546492
926563
538473
346615
910788
499244
378907
449192
917644
28896
714755
657656
910457
74070
203375
494141
618934
765121
837744
385701
709876
224841
346922
7580
799505
448648
355851
216660
138647
718110
691096
400756
635675
345009
330531
533215
875974
10820
347097
1183
549424
761459
611448
789422
834344
371656
390365
867489
620176
482813
731963
968306
132709
380239
234024
597416
176861
161212
468945
481189
104681
851289
782734