114310
182778
937322
840608
850754
131640
504597
630322
370096
141966
640230
158081
258220
670842
481391
444053
571004
580751
940472
971858
429550
113838
74351
393670
169821
814563
399485
222291
262802
672798
315829
839668
271942
922252
361830
812205
652550
413329
611152
870483
428015
433700
64371
494773
263833
588808
669186
407398
507536
753507
621815
782952
155197
125756
20224
501879
857188
265110
266071
350063
586183
58531
229039
933338
465703
861863
406666
711386
637354
180907
641384
781040
886616
266521
221465
424806
889407
185403
697780
642143
402551
202059
705120
447097
241920
256886
411087
694940
452871
591666
553611
273634
563016
884536
305064
20579
652813
115616
26201
790683
491284
244377
538655
503162
615502
139905
78428
544521
608580
979431
375558
443892
537748
851802
327863
597432
661146
776302
673056
965098
164010
206411
882526
229857
3577
60209
847461
657729
26843
498444
227545
520933
578022
241839
505659
474472
736822
740464
789888
766288
707083
830433
188094
20376
403788
647718
766207
648217
559918
123704
592568
503380
392944
172149
669716
765022
403774
958689
762089
692328
665717
516221
777100
11178
548422
237698
632832
720108
676788
860602
653897
501937
364919
609468
36511
831104
197059
44098
781438
928080
57058
455272
531738
826639
113406
62147
843760
527503
722491
25820
420280
112590
25281
172744
491510
745120
660567
778981
587056
221947