772923
301492
473202
236759
205661
22438
81070
953722
408853
368631
946327
606871
327819
824111
71709
322728
673026
338319
909432
398859
288445
684619
13789
999177
529278
359269
457292
704387
846122
671655
375110
876155
276104
543293
16989
686268
653800
466541
589603
541095
862944
556915
395012
31730
183805
6128
124865
189513
356863
41072
146354
482018
296628
706394
921605
385800
66611
372128
984504
426231
16874
854786
233466
98274
273977
231716
661586
93776
862125
834298
925296
961761
450647
813919
609807
849519
903176
166149
670467
103760
748332
314247
537316
432951
853953
928603
664983
445242
720690
237923
532022
378222
760788
377378
423067
90734
450044
799563
487374
805755
602042
92533
547912
918781
162999
701484
598308
310696
61159
363681
776161
579770
379114
880833
635670
580192
51909
856163
509427
49464
101559
952154
552751
94514
484539
303658
543123
458384
862106
461848
826659
813196
747561
63322
95268
236312
189350
425134
5455
135616
770987
846087
205584
822444
807053
321825
702779
512897
88212
589046
59724
372264
812758
880841
834393
697446
826162
301535
107926
415850
953126
965325
289221
434534
363790
359597
900728
471253
875770
379306
617540
256730
502570
315387
716228
707273
297320
674989
416775
539135
291138
384728
93783
987435
650531
315635
570599
618864
766094
938436
756888
62691
725558
221104
693864
820719
36092
950640
802103
106328
88261
20452
780599
391964
246775
169537
607856
401909
576081
840359
805998
660412
315941
228878
795592
93095
691890
456798
239949
406515
978338
137757
623436
350301
518812
777730
177344
802186
891079
714729
156374
464838
27741
390048
121821
650409
361575
969246
154569
950358
482010
876499
161636
13981
585934
354459
506962
970560
104983
42508
281663
113555
218050
862574
203751
653436
293870
23242
375425
976410
667780
458267
695049
214530
762132
30946
553065
75685
227405
28757
571139
430797
388313
740023
697181
302726
269139
131
249322
485017
841830
922306
22449
431220
487363
794236
467164
917093
304574
701387
836127
203013
875142
365258
216707
816882
707967
587949
200206
319732
584382
715819
928401
912513
620704
399509
474510
111067
630407
215178
247939
402519
987954
505795
498200
339194
204920
9290
400992
989756
406881
738568
570511
855790
934305
527739
956665
147255
58034
23750
647299
639802
613325
973730
53864
149971
416964
843635
207594
692097
402751
420085
873363
748766
27089
959253
232486
466440
990134
363868
346087
950244
493163
770502
450116
547705
956266
939249
826527
995063
27713
166257
753721
673051
796750
938112
897724
526954
529625
45459
398244
287898
403342
817415
454476
467856
181013
826554
589777
67844
98320
294647
701413
137282
342448
528649
578418
932937
987957
438448
396264
283862
531008
485746
524517
952571
7318
841160
916800
574312
468339
239161
735026
241227
364936
819973
476066
573780
729876
914359
667212
678609
19610
778205
935693
270777
981252
926356
607053
80004
926420
795645
262537
204151
806083
425420
233596
168318
278136
43327
825769
32113
672806
251051
856904
222137
815746
682097
778826
183628
924000
601616
597579
286355
48873
256021
615252
145005
845883
553837
927945
52749
352349
585947
996021
517055
790621
674372
600112
751240
414985
287079
980779
256490
907142
528555
445464
278662
305552
631889
660216
76252
778062
896969
423554
828142
601169
266912
477293
897156
618857
225686
457371
800776
482660
787086
122146
738001
610212
928542
86903
136893
224988
45382
64953
752631
133863
772542
2008
969752
163908
271976
716128
420073
136626
502245
932198
656135
596324
947012
715597
43999
834082
617108
197813
937625
205948
680218
164481
523986
234795
594078
931972
901313
652613
706720
406280
601531
158364
849384
214842
773201
22837
964859
877749
771607
425824
427625
60713
262784
974585
269891
795304
414053
90745
370923
326349
828388
622521
409988
237897
522597
182725
527752
654859
543672
983065
305783
662795
365722
7739
691885
815220
92183
518772
519501
123820
112329
258156
841817
746113
40062
281377
219620
800241
847863
617732
678814
289750
434253
634608
847566
573548
228399
621831
105311
812417
592134
854891
25297
492984
52281
341718
447248
56185
700300
562775
215330
740920
705315
788842
343097
829793
298213
899506
638568
120029
408252
864981
594995
164484
113656
622900
211071
208095
46355
223750
392296
876632
487311
568912
825265
306049
423996
532547
810134
229117
39958
469873
807358
873615
473866
827181
465356
856957
253145
932223
491797
408096
776918
478081
144236
154251
631305
173274
439896
670166
715446
611476
191847
198342
239863
75547
327004
833882
498630
613460
406531
286836
541015
74903
352358
688034
167202
215819
154072
643529
920510
184669
838894
428525
677353
881565
96910
868767
58404
791733
744671
634820
808507
527494
129568
543933
251235
160352
308244
750200
814587
706782
944475
504403
956277
191132
819933
145448
113550
514071
444575
959929
265849
116319
255095
304633
484122
565563
701916
707381
978861
283993
976535
255133
468359
562416
680790
979571
39349
504180
453023
307599
786561
477237
448290
181068
488339
637141
269927
69139
662195
916452
175654
80450
941292
702490
894453
492856
858444
177392
570268
507584
4937
574235
721092
330967
409470
87846
620430
648539
94738
843434
679937
374611
89209
777453
612507
543445
482324
475669
716616
723160
892788
991623
290992
162070
245628
619681
551339
772829
53796
218384
902096
782003
664282
672142
662635
252964
155907
782459
447948
797994
608927
488599
823292
523383
418250
867738
951883
460897
557150
951536
428421
135338
784694
107476
724995
129131
507406
241864
814941
897373
345926
931182
897021
867460
531013
595463
673039
267385
224698
427717
914772
411410
431358
393806
343574
451952
730517
82768
940278
591076
204564
59771
208737
95678
300764
709344
909153
67316
469380
124132
771151
291372
453013
602976
155111
917222
342638
473561
105524
483465
996424
133271
265194
475977
218708
813604
809042
587953
639425
785122
461984
657810
179546
361865
817952
800904
447499
866109
411855
287013
867075
199176
797446
894205
243765
281209
515921
485198
230202
57432
427550
652553
367697
962820
259601
404737
976262
732779
988404
477871
93168
216678
702860
773600
652819
399535
540103
76284
118822
22272
35217
52595
655856
10185
839749
83781
337548
388876
84353
436974
934283
410713
574930
787885
287096
506017
780366
544624
758966
46906
812737
259614
626566
87790
517439
345408
474853
323904
890713
890765
530706
566972
627114
693648
268589
172922
364049
195064
25147
46639
694585
903740
297734
7151
997907
588841
7586
654595
834533
290185
666442
966882
170492
84145
26472
613392
555965
508712
652915
736656
338458
31151
955763
190727
932000
963890
652640
227055
273644
120201
179688
32884
848254
563051
548048
623535
977509
993264
640626
135228
655514
995776
677540
625146
866089
973277
152569
803230
383754
242955
103137
132148
815182
742552
401516
993716
575157
520395
402859
429245
435740
568557
710199
450608
803283
929774
987275
959212
248333
795894
106636
17697
972657
264522
549930
102099
248077
724630
524574
100909
589418
851741
452115
100543
239738
789498
235809
283670
85742
814033
444980
870071
690020
342936
848715
195767
136958
686460
438877
116474
342542
231345
641878
430726
190509
584793
239102
876227
517227
736400
548475
342481
107424
255250
793389
131910
183009
32393
723191
903299
504206
198327
527582
820146
597385
308413
783817
485278
812481
213190
4008
421998
593132
139539
479666
31103
88787
957923
898758
341597
769607
297534
90931
129246
45873
614686
329939
181340
95815
195707
959378
920269
192027
187890
649996
759809
507149
377361
545940
833655
268833
804033
770962
396571
54635
226512
375428
451552
366631
775323
171685
330806
588773
412180
725418
905640
473889
768950
487913
802325
390577
765954
782101
42953
62295
131508
298788
892728
429814
670727
49809
893078
210338
664738
186877
778454
435920
129694
822449
18237
256620
170484
872702
58145
634570
573192
712069
33091
34356
454284
530835
73862
791522
663186
465572
398732
45319
67507
750985
343084
744648
146453
61604
840209
543431
498907
349903
564210
113950
872879
307676
996073
597544
234853
700471
68211
904953
906380
714664
987203
418157
917910
95989
95811
669470
878753
38500
939944
105903
248481
989662
32880
647429
51308
454063
789947
856534
842722
610794
103171
28825
543927
512938
169082
846109
61407
472179
768255
288758
41813
833078
616316
409041
798279
616819
827038
677865
17377
869369
245106
299410
626292
333449
497561
531123
709059
968089
945255
949009
569898
545908
791134
110726
231340
137982
366786
63760
684823
419798
286105
242437
643286
111252
72449
142821
268499
831025
844653
791624
289158
195398
45886
477622
359263
612973
996218
524949
164748
615108
421099
190653
628839
625168
752278
235304
798016
316093
227543
326085
45570
845699
493590
626923
181188
204005
640104
420842
642606
592916
544132
745342
307782
631344
51231
582429
279638
577582
625511
31791
165308
167700
967961
290014
884622
349537
636672
710979
881191
906251
136843
721791
556243
68768
322825
799275
494355
774094
368259
303207
663245
287806
809590
743503
436755
40218
915499
523916
965006
914416
146421
358598
512646
807342
558791
180663
291281
116173
889647
131163
311319
25035
788083
192516
306301
17296
829766
831753
464502
564466
600231
207198
219490
550676
92247
700863
425505
802089
249013
580871
188217
785174
749303
828765
269408
794998
71751
734541
136230
4023
202168
856501
142657
4129
787491
380438
32567
726839
485218
952970
61410
946038
241320
383573
746083
521466
344572
689427
560806
641024
543696
549201
971277
753222
728002
151032
271803
847887
385454
338532
33216
287107
367662
960148
586460
391346
659503
963897
950130
968505
631345
632817
402570
264573
989722
218189
569155
568149
493432
915598
624403
686596
755602
314671
599484
64867
896041
557788
44174
55454
308368
134592
569171
835541
803493
123196
203034
122530
634667
451763
545251
782202
878213
922178
830756
892012
207121
75021
547830
866567
252575
420277
398687
93529
253453
140837
141436
837329
493633
814348
20619
370694
764097
57701
732307
276944
60658
91249
865584
991700
1515
949447
163263
623966
920565
403713
358882
625959
850657
964504
949744
546165
408710
276426
396796
477666
973142
479415
27392
117236
385820
481292
168359
836907
516501
766294
895988
627354
383656
48440
48338
4653
175554
285560
74808
869193
974482
848371
198200
146449
593630
40689
753253
692484
577729
91347
755231
393731
389185
914089
551741
845808
620625
80480
369109
808051
830560
690648
165610
68054
905755
134356
886451
416336
364934
888203
271684
93471
117938
97435
719196
853582
778652
218077
667210
882838
721954
908307
736444
629409
175779
594046
917477
727273
441841
448717
300298
806399
640373
6447
732202
675560
312672
263945
429384
618978
887818
694852
322774
94852
636777
101245
848639
860547
304814
421024
61073
578769
333759
929231
459334
926751
331981
480827
851950
905860
563731
478742
492538
504630
38442
726303
621735
395636
527178
155740
378628
877510
119137
40806
508642
46556
372681
634398
546520
720340
216490
985534
678000
84375
314796
702154
788786
199779
283926
921380
84746
676835
834952
695039
821528
312505
435601
749164
418453
970462
607406
597648
953501
203169
219872
483127
819997
718155
11177
683969
104665
438692
775202
308090
127450
812366
5244
129736
740531
113998
549265
518077
494959
940715
295206
20748
921497
538927
427776
93081
867560
462666
18911
568233
45060
205206
234075
570425
398329
114614
502426
95978
41591
122583
716780
450649
742531
181400
875971
811725
339390
547654
476754
455754
87888
626112
653824
542914
287793
191290
464201
373291
582740
412380
55026
464748
792432
113482
197351
744369
807724
183807
225842
796765
466214
496722
409818
156191
282272
755739
468822
371998
829319
94767
319148
27598
190177
470214
415787
338020
882771
899262
993537
110822
953165
9401
794490
121243
283731
648353
965910
860002
781544
7307
483717
821663
357913
539257
944705
238672
318755
532538
967112
988734
755074
835436
159221
618062
925335
735202
691322
943031
463540
894112
607676
868174
737096
349315
625611
162364
130338
675902
671549
164818
636771
510590
575142
434931
282757
338287
313269
416239
632706
569560
367086
7281
108258
213346
972863
15438
358628
700534
71170
723197
863944
661507
663438
52006
404023
319199
725946
500051
878352
128709
831791
667715
875792
238269
780713
442525
287709
361945
747914
551554
777583
564315
508507
756155
181468
566068
479904
436178
118590
221991
570966
467132
580162
617164
803851
575603
98000
985521
272026
100514
31762
777371
602306
581178
874084
34282
476579
759650
518422
654938
504212
204555
70368
420774
640803
282209
552227
893383
426346
107805
426264
968474
837514
460407
147031
972319
957319
770105
349510
95261
571904
541295
592668
267556
135433
153339
173585
885226
512103
105733
465956
612183
901095
723151
234504
800220
684827
517862
742316
794750
425394
498164
248230
790961
260659
590195
14203
654751
301782
90108
924877
661000
731519
773181
664162
942403
662743
475145
443725
603234
880393
888778
133307
162547
353558
162705
116699
463459
710038
753038
39595
415870
229900
5147
922780
187473
928804
608306
114913
837873
706763
100736
456921
626516
989163
672209
21207
963164
651010
324586
113546
188340
521630
315253
700046
496979
401335
96279
957774
826078
107305
506462
995219
858730
112652
423574
262702
965599
6386
359867
901886
688888
107708
710024
147743
34598
2009
763822
874991
247892
165852
338848
24318
63110
1017
107595
655826
690395
57117
384483
704659
174257
846311
767065
534297
469927
743494
774440
647569
33725
824176
621327
108550
947032
874555
199129
285458
922531
735324
286168
925408
642959
341499
321648
302300
470394
803183
479951
399290
384301
470875
319738
909152
93632
526692
634755
356401
494360
141582
525783
690743
742673
71410
485875
10092
15222
47198
595959
349413
588973
369161
458259
221468
527088
476465
362142
866456
677942
952147
303301
305851
977648
397382
115680
216872
656815
964725
716832
236943
738018
477303
45093
412246
68605
151693
841836
926181
718262
663287
199462
929358
170281
291379
472803
375256
517404
882515
56301
476455
476956
829498
365298
293577
133126
594290
967193
442975
660450
188205
636341
847334
628841
112855
25111
273761
666471
993556
816701
92709
58107
436571
480041
716736
71868
173550
792013
838535
640694
228725
88930
546427
389394
769078
466648
308887
987923
376244
808424
590905
784445
803361
616197
926954
704912
525184
624816
464780
281074
155612
412267
906015
799210
494878
745093
728176
127240
453327
651732
827230
672099
638827
820033
400906
136507
268126
997757
441178
712636
779422
125074
588714
702628
802660
724308
777681
886267
304072
34742
920075
708545
451768
589049
19784
305638
403220
82558
764624
775603
579561
286781
628689
389958
381769
362638
943687
979642
203843
450021
728326
62053
234949
111835
33831
148283
940874
743527
371853
435663
130689
888299
104658
886522
289276
476395
265363
437204
893713
4184
69973
803615
631185
528138
524115
514436
315554
115917
88997
93365
470204
825618
787342
437617
369084
236935
8226
963814
257704
55425
168338
572144
864000
450260
562774
632832
879677
646341
941110
566552
815209
530327
545460
720178
117082
957825
839065
496896
760780
691649
736411
556111
103834
80074
586855
909061
377689
700889
902033
7177
815825
377830
992982
708161
960473
683957
685322
578294
907854
865995
892450
204309
207984
392702
843424
597263
698777
984678
798423
640223
290970
8560
959002
693291
477299
848849
462981
264068
11119
884118
987431
140552
683610
934426
725259
404903
746912
677394
339426
133570
557636
528130
608142
196143
278009
613266
565901
641881
643168
92283
156608
390021
887199
518364
218903
37935
916058
755753
924187
984403
617041
8898
255704
10375
420694
249186
467557
983877
281321
915374
585618
715527
217522
43949
394668
109643
300058
815511
597295
717750
99974
811590
697673
571221
525872
279561
861511
807294
317412
587160
19678
217365
728277
953697
684440
491370
455386
183553
553370
856704
165000
328782
806222
942249
386348
881361
214001
611340
969445
362833
287162
467273
658268
996490
928870
311923
163490
228349
506269
317116
774884
368161
176642
771823
355725
281847
800604
823830
997624
16699
619868
347643
524433
255286
954058
702028
579207
49072
115856
66263
395183
196611
636259
95797
825848
791371
611402
298180
540103
2938
912332
526349
171887
435336
502906
44164
211854
226375
412118
963949
131207
121364
839519
495963
813591
693546
761402
158291
400598
291600
169791
709392
247437
566771
849053
559968
558766
967054
517354
363180
543284
226629
544586
970453
329880
476882
493051
452473
606573
864252
660116
637784
878993
830552
154819
335088
952493
389395
981348
265006
181045
89903
810714
128145
396643
471259
65517
393553
752470
121913
276558
227261
860642
261707
308791
994995
856770
396153
833329
469884
122728
13569
127791
549186
59637
791867
651736
549038
110468
201224
679586
637538
952481
6551
673818
743120
638424
730323
903744
629621
263655
841901
933518
974326
270421
122817
293337
509973
586140
823463
379537
367056
133761
46809
130211
686230
957509
669628
745597
231590
771316
975757
641137
536455
687066
669033
529971
650142
583061
657144
532029
532591
363078
824056
776786
925875
557921
283490
867806
357265
29668
534074
926012
58813
163749
984632
977810
573034
605763
613710
530775
806701
277502
532374
758645
973999
755107
442458
167626
808527
356960
730879
640200
620498
920054
312334
487547
777735
123723
624800
139050
674876
644703
525926
940119
897430
956759
840978
31586
952273
550709
14886
866698
462165
638441
155991
666386
142769
704960
735581
588226
286454
340411
984858
362820
905522
377595
983204
589103
557704
397015
955377
27938
872297
749712
755742
245702
408113
458908
140252
641525
479712
901470
217400
74681
569715
883127
622597
658604
703902
732022
641063
332031
769769
543915
439359
960983
931172
876953
827246
672338
800072
795401
299336
759784
572012
449403
197015
935212
902497
52280
671881
974512
536042
291907
459447
160200
438427
709742
90386
285608
140941
240712
653868
895655
581371
265972
93600
748132
536060
303061
613216
599303
506141
401637
888025
485217
781914
850789
494213
48237
244729
843118
315276
440824
865156
183399
358232
851484
626913
43216
787636
16616
699151
855738
405855
237852
181951
447129
891763
419983
445837
18482
865709
877683
632537
386542
270360
904113
262470
886865
504091
568942
35215
811524
742427
362927
747969
628942
171982
261657
301401
824353
271838
514961
586746
271633
158389
377026
599562
403615
437547
530365
271595
838388
359882
333498
881873
632489
963450
823740
124805
365827
818766
960979
724917
270140
485225
340987
904565
247292
671950
687330
636246
772327
198148
659911
663457
740879
213026
691454
824177
224522
878972
83728
558442
210399
678826
150911
988506
37658
967090
367142
303402
176959
823057
86719
303936
380571
749611
827967
95413
272886
111500
579804
645870
346020
77338
697198
227481
531131
80218
631347
196486
32222
574427
175469
502175
249912
804354
177574
757574
602629
40563
17620
63497
173002
184537
892887
633220
495141
110803
819678
901844
783103
550460
750826
189939
711453
543060
841835
35061
184534
664208
846214
663582
586207
314490
618104
585310
947586
221382
982612
631850
132333
490483
862504
932151
340007
263386
120766
317845
360157
504407
917950
74791
452251
47633
169201
795515
358998
157671
303968
353034
935461
526072
560538
126989
906768
390415
811477
848505
617857
121130
729196
593625
818456
368101
738439
278471
447450
667528
979033
223431
340745
484138
443330
291712
64654
888447
475604
201496
759379
629253
701618
596843
642925
326472
364756
141223
20087
702029
82472
179463
650426
536161
897875
12649
855432
817918
863381
604942
149352
564054
906571
985070
409067
938943
306445
318262
521757
66300
670007
301791
218519
730724
798342
714092
914098
313842
385368
573888
206806
712296
588885
655449
921008
156000
275437
796397
420545
613744
599031
135071
983891
619577
167097
675742
186824
396876
59717
61787
59275
282682
902848
163620
607655
917559
758590
22754
546294
894186
223177
845227
208497
408596
856321
968709
119527
9178
114653
2744
269385
297008
118223
726607
373090
860388
533766
499947
202083
468229
224077
676739
540124
848174
53265
477243
521223
778418
80831
245856
774527
860773
917836
965694
68430
725125
879246
356446
574051
825860
337543
369440
564578
953459
202755
270385
971926
63436
870999
679528
814850
711900
665225
914754
375637
455051
345678
211640
597435
766154
695534
746107
935632
705431
549700
636620
930223
808496
724257
162745
573929
914066
295057
724215
548818
624812
848053
578265
501173
419941
838991
266603
258855
222791
892061
108397
104313
916166
720732
603503
913799
49137
159149
629958
258093
975284
900693
763368
889049
842567
377375
323305
737724
422135
472156
213587
705883
326095
645451
436571
544130
540515
880979
148678
770327
224184
273836
399576
533452
710035
924446
770420
996270
773789
45666
796885
617499
776495
334245
966183
317072
265536
446378
514819
331296
925480
429198
543110
347713
214288
971303
821581
696257
53049
398598
144398
643670
668581
761244
19862
636434
655717
57401
755483
321589
480128
852399
276349
548509
905213
570709
536222
404952
899086
107176
874330
597978
236057
41547
36325
271242
879012
306543
444032
260470
411291
209997
95256
981671
39745
558928
913595
300304
197681
71057
294199
629472
797712
234170
928209
542583
994706
394443
291167
432308
84261
617787
637955
71597
503421
8182
672452
775864
300861
493893
37450
262630
590527
712396
146038
601552
581440
171116
896540
574281
369515
724105
783902
499059
941760
202662
143398
667629
871457
125547
523199
385066
213049
749321
447696
934301
669321
723956
361015
201616
866385
92815
295614
979988
830423
294694
988541
733651
727383
980436
59212
154113
498439
289733
106274
382385
940613
39702
162767
87876
411103
408793
199378
818108
233983
529844
192088
324526
599409
420840
358738
958806
83410
639408
135601
404293
166872
905472
392129
32565
441528
781612
352927
334653
941496
951850
750488
934815
16209
371952
43360
225791
505216
61559
385196
999407
69801
356194
867756
657061
633896
574711
792552
398478
385718
520395
708086
570683
756277
550909
501334
675257
341337
684824
355114
780032
144306
854108
44180
122625
924825
345047
693806
373282
207799
75436
920545
332166
41837
287861
523874
442309
749923
548421
357583
854203
605361
301126
53346
403004
308963
719169
100175
222565
149612
555709
119232
213006
182443
223422
364907
274715
869074
410094
622540
43058
443577
29658
122628
91143
75646
454099
678478
150354
273686
278389
153946
459298
534325
634948
602632
973963
831382
865521
61762
502267
412967
857725
883830
921899
109012
858869
426735
427825
304751
856795
657039
187505
216121
403493
388459
404276
142288
381470
13891
410705
73460
870443
214876
520903
153847
44841
390652
634541
542849
372977
764609
706496
646973
449405
251743
186716
850276
629668
547316
452358
318948
344449
408586
157734
606700
267762
987816
450386
317335
81788
282389
969413
269682
435404
75562
382062
920364
417240
433555
721765
68377
893796
792354
157880
682531
398433
261135
555556
423821
207728
441040
700639
550181
146884
289809
530130
174854
195429
428753
131108
493767
576848
556377
432818
138500
252155
582361
160794
849927
786359
948832
4919
773330
879087
887607
224615
406219
70733
377627
523847
90308
423740
58070
755904
516262
140552
663289
189435
600635
231201
660728
795376
457877
569086
401378
56092
787101
137757
357179
107985
495739
412457
806135
775527
406879
293045
934486
838864
283627
981669
476375
514825
409533
857837
433114
252781
33244
114096
26581
344740
892094
498442
981106
856376
488243
163497
131908
580040
153330
857622
273317
195093
789566
19794
591085
192121
501749
162459
482705
778552
276661
176974
679829
328239
746411
86502
481967
831209
140218
631778
524538
638481
154564
865093
517651
206337
735959
251831
55572
596345
875191
932041
299051
451499
841668
910294
612566
719730
272072
761797
947517
421667
896671
22954
669099
890300
648579
549580
4011
645498
918963
702017
785467
319174
925184
861366
159663
909327
742388
719115
414501
699443
157599
679003
254561
15318
990143
785945
973957
340502
78219
568149
900270
911125
782364
42782
883693
406453
641209
106242
468960
457762
466621
254513
666349
958088
781799
911168
385242
528358
254526
639497
249612
977530
352415
653359
871195
352092
841509
316095
940686
375399
291635
498930
224120
210385
511648
998543
194862
397148
926144
825517
558627
900965
279563
684118
870947
811418
320877
44232
668008
959433
47081
581845
315036
159379
404906
740522
960300
768703
142440
60652
666053
593387
661235
755902
720110
504221
676640
248287
500034
554679
47309
367665
9288
744585
208530
105172
797105
79233
475205
921969
198189
416253
689322
871955
177002
2177
915382
162863
204522
62468
93694
523716
886335
317221
628865
50077
931238
621051
872462
636276
660030
581129
911379
567409
176355
748113
824964
639887
34924
908031
651556
82400
634109
627526
769587
226151
199369
564104
779829
722403
91367
949103
880730
79467
686736
980249
146319
465652
835123
735024
949216
305392
37237
232919
742024
124369
448712
746112
391319
966251
897895
806426
724478
309496
913323
995624
933754
530805
197261
489005
700443
407145
567353
691267
359088
126597
236619
130764
990481
541287
401832
638719
79625
460985
762108
411876
389405
658870
836299
59483
275261
899981
88566
189973
980871
123486
283469
386086
610290
156769
624523
306611
504093
619238
670898
407878
309300
984182
399364
240192
965564
153945
954907
681134
704317
638641
51557
495604
220425
162372
440064
367205
418796
203287
44334
535349
273522
232053
7221
747654
451151
419727
749398
261214
683503
446653
598375
649402
330203
48803
540431
704124
152516
136430
364830
341695
161968
792574
968263
165323
684350
813278
95163
257124
767639
911342
770594
951101
609075
331426
450488
43018
812101
993699
978499
508723
779077
491283
36332
170276
948952
791214
660993
934593
659997
533964
594758
567671
876950
502402
519284
473006
491889
932648
831119
237210
206450
467318
452135
939505
494016
737544
99435
362935
210505
601281
103588
5684
499794
224203
541334
385544
689566
399804
82606
292373
259002
176212
13287
551386
519267
547
228288
889632
600469
43656
86994
556684
552434
826067
35536
189461
362251
948876
575200
449168
626317
9869
827472
250343
717451
864650
185974
155433
521699
812657
71913
12411
35408
437420
222998
983403
369164
219908
694271
109093
616736
136351
259862
840446
505737
333674
975346
396974
466376
941202
610156
851739
329607
919083
16473
552144
618211
851572
703459
90636
169818
880050
114502
1975
56978
795640
459812
65648
686724
243912
911302
447681
168771
134292
393840
631476
109165
608349
180192
149375
14061
943101
956451
76762
682090
605119
362835
833137
243855
322540
480112
832693
737208
948257
416218
213709
443830
63707
540840
549547
57215
293205
254633
803001
146485
501064
300533
648433
746449
746257
410094
418892
415276
8817
288792
172370
719914
874542
741010
925136
321155
668886
948337
240616
419311
508387
151736
662466
486061
321210
62901
148577
35761
49294
646074
273872
329960
466914
303671
598394
100777
946923
939121
570905
414905
391955
490465
566855
357627
520282
490219
300656
284722
581847
343865
650729
786612
331933
6004
344089
648494
165368
920607
295957
87886
482135
353040
437770
984081
558787
898827
541267
684585
979917
767356
916139
663242
945479
31697
632316
438801
792744
423602
881366
718801
691283
928862
10043
771324
154993
913891
503639
138923
179258
689593
440269
829386
694547
64956
674796
841123
168722
488261
423808
264197
587485
869284
908357
41041
708080
149499
82295
309728
536637
534714
796677
443476
826221
579314
952035
772666
332869
27288
452734
912537
555428
329305
555403
692890
590696
537940
730937
533267
811185
645305
648965
921138
277501
802172
271531
357058
451442
636213