133922
259421
508564
924543
659266
968984
931152
117691
520525
136303
849051
438261
589323
147689
162912
99494
913423
321630
850226
736495
697593
244299
659229
203333
285845
760662
721240
256185
408097
163999
506582
724707
432173
940223
698299
625514
145498
946528
184876
137907
584004
733753
36863
767972
181884
549540
58002
119316
473134
641629
616119
701329
389474
803289
637261
384973
338846
320769
399786
180133
581672
93193
420916
305487
841704
214322
273295
906464
987500
964120
375600
163896
161606
40504
623632
348619
9360
577858
575869
29772
505424
225175
809291
123447
184630
171744
161895
54011
288898
726666
921035
559811
305922
903969
502093
639456
916729
435720
985299
814037
489948
939795
570529
793406
822069
622401
677011
73437
109611
867865
591590
580098
267481
764447
126576
902423
62810
537203
247088
50566
367846
782407
251008
814087
465813
376251
256039
142729
890499
697751
94987
375164
10829
868580
22915
752633
749815
346151
926859
684047
710127
552699
554065
712299
913132
759498
330092
567971
572977
883816
461612
908575
534382
182028
138508
371236
33477
618987
563076
756862
563946
43379
973051
739466
548451
60641
36762
383645
527855
724159
218108
866773
976323
265406
483265
354682
633455
963627
304450
970895
555680
302481
135006
337979
370366
792556
889011
176975
617077
454789
652393
182068
937490
421039
441448
177778
485571
537180
916778
396703
66625
345692
171946
833314
861833
828788
488188
173923
862405
26967
953974
635665
246282
133443
166860
38927
510331
861563
217786
426940
825994
690396
762458
488925
7710
611487
465813
318889
3537
646058
457974
727409
100432
456339
699034
931371
940390
120242
776260
125594
387410
465633
354701
869275
402772
813971
468664
779149
993159
178510
375011
847198
194152
73286
771354
235951
143668
900183
104390
373219
424624
900575
455107
240521
182658
911223
557519
739619
339709
493644
52638
94035
557690
214621
321226
499041
879841
787411
558055
287019
114247
997112
702965
813674
919665
101397
447662
129180
177143
302445
873536
660116
355204
37967
202709
891418
895738
341916
410253
905216
140594
376214
992717
585410
44705
120736
457265
981145
260246
19224
400093
87644
134431
173133
497905
405139
548172
969951
867482
220314
7115
468722
787973
409519
789810
719310
145775
897752
10844
278871
894105
654964
492522
618659
71831
575516
20459
502909
235526
621749
867030
476278
786461
958421
38452
899682
271325
876879
86939
953142
870242
516061
499924
44540
333980
96169
950622
30896
906583
237944
280588
389435
155765
794291
998217
791369
919102
672403
371580
587145
266958
103465
349382
376640
412653
876680
182888
657931
963067
551568
611714
471983
549834
675095
420022
841374
150022
851957
120555
627017
429455
676204
795886
187740
916007
314482
945522
331995
642951
41309
11128
8855
246476
91690
165706
918988
591183
168554
444577
412506
873938
32714
624486
400798
464405
665277
492885
11245
640329
992584
146366
641517
116124
761578
975846
441935
967731
840549
324618
704492
98998
873325
62659
287931
735236
826156
673029
553581
244551
84528
709441
826085
615587
998834
453035
190679
299720
992132
694742
385084
714152
236822
549818
724399
562690
640932
507352
922471
300571
465344
143476
729682
162318
649079
691073
822154
390459
628835
499163
412726
305307
510797
508974
849472
328948
771132
81268
813358
767527
756766
92699
814816
72423
360210
694404
363557
738116
460432
950376
429497
77541
195382
430549
607135
909397
749936
387478
304279
548148
913410
168369
348221
10318
303541
899018
265470
370888
363804
341477
874871
441142
546689
911689
359083
554698
574065
109183
364257
731624
580961
456506
161304
238228
331964
797328
108584
320781
60426
737319
690167
449587
627454
428011
932052
216611
79132
937147
673651
302115
340549
21027
516934
826041
927136
570052
309172
33494
469735
966288
130104
490672
898379
473330
361881
954029
562117
942858
201025
377083
852795
256982
623293
657212
810635
763308
194896
931551
110902
984099
847156
212490
800876
978130
233390
949427
314352
654512
58573
434318
40999
519323
970942
709600
363267
562036
276815
742643
370374
783527
684734
290146
81013
262728
377597
81556
938460
292953
295173
929989
910776
669224
112148
609216
9092
557589
729093
988585
547491
151218
427210
688630
304422
760835
343048
545342
252667
749924
355598
983658
676723
139274
130163
931336
87726
128225
740364
877438
832998
689301
893191
102107
139476
483757
550248
380809
153090
15633
726557
163487
711662
165228
214847
877907
579608
720556
599912
98253
575913
643302
442155
929878
926208
332503
666228
9455
622553
221574
511549
755006
104412
544837
553962
404579
332416
685269
190915
938409
876634
310121
462219
988313
306758
59587
274561
859688
302000
237435
93554
203664
199744
264606
466489
250556
692128
88691
812757
962140
855083
714585
746917
774489
930547
795916
240642
542434
535919
829958
124921
498277
326975
834434
516004
368986
438494
821212
848100
470265
946531
437844
917244
406796
689268
911537
706317
586719
345352
153474
582570
596883
117462
38847
781143
72146
465439
494671
869347
607068
562901
34339
26015
927168
8679
131199
297786
510567
165930
493529
774138
340171
98277
851098
384281
895557
253753
125953
778746
507587
818987
727783
13254
347415
674384
697693
60136
971821
36820
219953
569057
706581
355110
413840
626376
212542
669123
386181
481634
736068
93214
934047
572889
155488
568553
2225
664541
485886
990019
135731
842196
158956
308350
815686
615743
377838
255371
274005
491690
576750
587013
320087
773967
839696
834006
250800
600265
626468
441162
934711
998832
533365
248622
893395
952661
597374
76260
256510
706139
81340
779719
151660
175536
665503
66293
161348
768935
785754
65405
728525
317940
779674
739302
311012
184451
794707
825498
404777
368757
448949
631918
744506
44088
611646
724175
99159
578305
825513
236298
592229
282153
766980
869751
261198
614625
708703
682883
680453
802195
104096
139609
992103
473431
236852
173101
557181
625871
971872
734949
739678
861728
319541
88868
649394
58765
604194
20787
628497
294321
378147
786190
305033
904217
377495
139273
504318
137148
22192
74909
29804
318232
32772
463699
783049
432298
244032
239052
107846
579784
969211
936298
538483
200927
762856
375583
173890
825413
780710
768464
252835
158906
877682
316005