318444
644304
74866
580400
583976
689557
799357
255784
965630
461288
72406
540867
549173
54685
286966
137554
259906
419921
178736
842326
757546
358118
143392
888783
905086
439514
436799
791843
111045
984710
162009
503400
169848
290993
515861
163406
750631
268431
274611
583020
18553
604953
129173
198629
303376
766090
546100
644534
771595
663283
380147
290272
932581
20731
56080
185324
176827
711479
883639
18080
803178
821602
478641
272892
386646
40505
528761
590897
449608
241142
466991
451487
931631
84518
151974
25417
107463
896681
154264
293976
491927
177990
103481
501832
944276
821544
464104
129395
947363
486777
487362
417720
266044
233306
412433
718856
987946
917308
839458
569165