995813
268318
144426
812358
969286
915139
231624
782087
588541
492151
759
557707
619918
577404
263141
565045
828585
62240
311249
584810
632104
602760
249445
791672
449303
40967
546856
873534
724204
874254
398152
185099
387019
485651
525788
414301
77669
512313
386389
295805
802026
426009
354320
492689
817063
126902
347046
885618
448285
110728
529787
158188
231355
559479
191039
747821
239474
527036
615898
943496
709137
243671
800725
154745
109040
447204
150538
150781
610432
563566
879623
374288
511924
505859
696203
271292
547734
838528
493608
946736
165588
62030
193239
354749
798953
813456
588728
663314
878033
849831
26027
394902
824909
783362
20796
437856
560441
671684
462272
47670
114038
731214
881925
513018
772102
637988
375568
248271
826960
107915
159150
692421
395293
707148
411372
543739
963576
133347
10299
540151
287749
529853
6560
207250
25331
747374
192272
739002
10394
851535
922716
450639
395326
589719
426878
48881
977988
976888
203309
301546
908910
637614
739392
556782
630333
50373
714913
961562
337425
380130
54980
159725
471716
156608
682635
711816
757750
658101
588162
472075
76224
494545
879894
682384
30306
548539
810456
598645
406603
129352
382721
51932
858180
922449
31361
464990
44305
75889
48720
494009
150016
554955
877847
646296
178392
717705
130868
936385
659336
916634
207493
886267
450938
815446
686286
949850
122947
24977
240441
747432
6603
608583
690158
332864
371086
984866
945310
84254
344016
764375
14940
708486
131966
96992
964242
280469
816642
177965
685021
199973
503371
663111
612223
442050
880775
877514
66998
501460
313961
867034
735839
987201
438319
538291
905706
910122
846948
360282
466631
324799
872016
359605
366176
136241
648784
431288
154188
562674
620772
308512
491665
957557
395538
887069
14153
437146
392734
984172
737921
34340
39601
26263
276291
905218
363794
606794
493838
451560
709384
332442
867766
90841
959144
885052
748651
804585
84659
766613
916797
526636
65571
765884
315844
894799
220211
787798
611846
882508
772123
320590
273900
351548
40442
480617
201489
622539
986822
271124
534083
746831
977596
418769
170124
281565
527058
910485
695372
19128
476250
143316
874692
302856
531349
421130
596738
272774
336742
384688
177537
628299
290092
845291
226895
269297
120173
407303
860587
482482
842989
211122
901690
177115
87660
105710
855995
42102
940784
568577
869292
395995
396476
731174
578417
932089
218978
938913
753330
522696
525753
377586
894049
739860
681174
431745
494145
774185
154388
605631
511619
989102
839712
33547
698291
434842
963815
834097
830463
264502
111248
821500
556476
144061
88302
377245
530848
428816
314927
606609
740068
90647
185424
257143
441704
123696
370822
259979
936332
430419
349372
169870
470912
995676
546275
226171
932564
493424
339752
234490
633320
338715
847817
977533
409268
597173
848530
403719
461615
94721
406307
413413
852528
532300
777779
665169
335242
403447
952952
458171
245748
37043
750892
412094
512499
143170
733870
361885
450901
826977
329904
612535
900980
153566
460839
457657
439447
996379
661588
655770
851507
82174
145903
379437
783079
857645
524979
4981
510731
45864
917480
994258
64456
535163
2985
35038
517533
548721
165638
552797
118067
880050
250733
684309
78394
347730
614181
812161
261399
522151
83321
799405
706895
207698
167218
134812
926551
125721
355612
301757
162485
736792
627860
817533
352454
165178
356747
554947
373702
744111
636706
154338
247868
787351
692021
561680
380965
810710
427770
987243
585278
576617