172230
417403
933180
952825
315290
248195
618936
868689
890760
404305
446553
469212
209968
996860
238266
642696
316502
509179
687177
66891
320198
141537
907062
592436
350034
210742
546503
659916
815927
541492
176136
536168
146462
132443
26400
149582
366142
248113
795775
370562
121886
708826
90676
190316
260792
290319
699355
756263
558841
759806
240947
378344
1638
523966
544462
53897
489112
447150
788001
785969
369704
373289
678075
729826
574821
193831
751955
641823
771906
427315
361594
224632
283469
732228
250927
909427
764186
230587
630865
397273
14398
628280
352431
427546
75895
426649
269052
7262
616297
825937
963678
149417
390595
609248
473189
967785
678080
411572
244057
243231
296458
13148
246508
217128
847993
665637
326414
330983
291192
82963
32863
549265
69512
16574
101952
289749
909406
529670
262210
682470
206888
115444
181120
104166
373486
668910
47241
757424
864787
49623
550837
255170
377018
214593
929049
668806
815749
980815
546901
810107
418872
738540
78090
737157
125884
773666
928297
657037
273536
318360
676199
434326
121658
504043
999756
444126
533707
414055
120875
638636
336641
844130
754732
89405
608310
949173
244101
332229
262037
961816
813511
936356
869053
160409
406356
657702
614973
801273
331311
118455
699455
345635
69484
34274
391810
693449
104198
344004
325120
604509
338191
457489
12782
694057
176386
415618
789154
556364
979188
451546
926158
53586
672873
172372
841194
804334
962883
371755
55703
627030
770437
913537
220924
664855
544637
465701
778020
629106
938507
506864
166630
370170
334227
606016
380482
247291
477447
345634
402843
33643
981305
518612
449234
297343
838336
379301
716096
482139
741638
523577
63759
340577
964781
840361
361846
746987
739164
110087
586447
681171
471082
311294
107478
18159
518373
985240
860160
80410
351550
800346
957877
686253
418709
135498
428844
696781
896605
482001
603298
450206
299500
870907
334775
939030
256098
817050
701413
366444
975219
740426
874845
159790
211858
964368
274368
183154
192891
238876
202231
578724
891549
971054
727855
7551
958435
456533
969652
321943
885918
795729
812777
196306
295377
265114
319394
751095
519512
564538
510814
797598
743093
438421
982244
709447
330680
372617
760120
286087
812619
24496
550138
921629
614999
26114
726364
929635
64663
468504
754942
546592
204855
534731
569896
11898
437864
314619
264483
841225
816899
148140
177716
688518
568855
300490
272054
905378
572049
260685
604627
168371
908103
103095
177631
909385
275233
458618
770705
362527
463780
37752
192670
377709
577564
369698
672500
300827
454758
416833
516688
423375
917015
146003
649212
62887
659724
120653
617704
250819
917840
311936
756580
894393
292899
61462
217144
267180
441645
597179
248545
759
521599
393624
29032
142530
352385
92282
897695
338807
156990
855121
336571
360015
498761
708757
346633
464838
902986
789891
608847
178605
437480
792325
684352
485214
867093
415408
253338
290889
666737
453671
260064
241901
623004
624477
906351
920035
15451
928119
59520
580308
675365
696591
645049
37259
557387
343381
712304
857701
509315
95312
350781
93285
838480
791810
861498
37860
791567
737578
301593
485157
210655
623971
877411
148167
354350
986538
999561
334803
406365
880445
615912
25718
651535
265246
731358
5128
559251
686391
162755
410954
656811
686743
984455
770415
40889
399962
803302
488401
160389
747879
69898
510468
836141
140115
518013
167112
622890
225316
146056
742488
312378
787632
828461
103199
281648
154339
376958
412170
701396
935838
321049
812152
746744
443133
217921
214607
903064
884657
76057
949928
658412
461196
89343
122538
644622
113820
533314
862708
258819
193518
988738
679540
182888
58484
249443
258005
634363
428545
555437
590741
919682
756272
557443
532468
496475
104485
643774
169096
618530
968491
857382
890542
266040
101501
128012
904347
629878
625760
558535
856464
456238
514221
194185
737260
738778
376173
565405
827547
919652
881692
933887
730988
34449
358864
776472
715329
873035
623731
133460
338783
264137
493804
338466
918949
269341
818525
506183
572250
978522
209989
848927
295263
664031
155013
585906
700099
702085
308863
284399
787445
515617
902554
466632
894804
742838
54498
94121
822435
183994
496717