870359
147169
688442
111501
298804
193215
344021
72609
152419
134087
709195
673179
599912
651670
502735
108609
634851
589819
838162
834392
587006
997651
380797
959891
40879
605843
672714
2407
471210
278052
568704
986170
679655
959145
808009
777913
136779
524892
721393
283721
101878
969686
43901
140245
854568
781805
817702
364614
677264
373431
943025
188625
834419
204781
579116
548969
781621
37355
253190
535318
307336
469268
373964
871070
491182
693075
823484
268831
851756
964604
174472
742334
317389
113040
736040
971642
881039
478432
549596
344154
522991
488776
580349
113797
521036
485277
581311
114928
836986
755489
553030
509553
394598
203891
103073
879219
707745
288004
948199
36674
521163
115651
38124
161542
235741
337371
284768
133005
854226
489682
273477
203457
511667
381202
895372
263545
977982
980293
725195
225642
944050
948377
160156
651902
28922
331875
539540
866749
731891
398623
908638
924200
788700
131030
35828
964645
758745
556952
312825
507987
472676
893033
348598
493119
350673
975416
742896
317616
253307
143370
215010
911773
422672
431542
833437
291135
318967
344969
761080
993473
410777
843209
775157
799443
744787
233559
815409
143581
776374
830894
352583
709201
272953
854792
226371
602393
226428
505759
129598
77680
46585
398928
971419
514892
391753
738844
727324
658233
705233
266825
563042
54465
638343
447910
807615
711367
27172
686571
552185
663028
89896
394942
399134
976136
14405
922770
68415
733650
852713
326314
411338
150971
989291
154940
648712
83004
772753
301680
130543
719344
518588
849095
899301
951108
379889
61913
534482
340746
523780
316727
779552
668333
836579
37999
299282
189311
105084
692077
351102
18030
419852
115646
242024
734678
78213
558768
684989
310000
214747
752598
166313
453735
869100
109672
925845
501259
853962
518023
879552
200670
197606
101853
64953
690060
412506
604771
587446
167609
130770
520444
845588
743026
931864
963263
761132
955461
487356
901522
3214
538860
290396
800817
359453
893412
639701
111502
610887
970652
620294
247763
103903
1481
62910
147395
364248
848598
315202
424894
444896
918329
941500
34915
133398
270305
26242
916111
179946
826059
16514
634756
392400
439604
129800
781222
812193
829737
195692
730718
751438
328954
890459
260129
631937
216269
767104
309643
541586
859150
582478
155621
720354
784900
292141
851590
366680
934655
567230
955861
442934
338797
369293
552044
859799
973005
292562
775256
665095
961595
264484
116285
752639
776105
581051
389335
372539
941614
356640
756635
345658
585848
503923
779899
622994
481886
73176
374153
662125
763984
368896
887155
418659
594416
133199
66540
310390
774329
110447
274476
683044
677853
112945
40845
813549
476974
302171
906198
277153
409842
66834
528661
387940
494361
510373
854501
829634
60362
128243
485328
288617
147737
77243
558541
551367
453333
621886
653418
33857
273791
268243
63173
191756
699605
247815
41204
228524
664395
441262
267716
458375
247451
910155
683615
446501
457396
917783
946247
878791
276942
531058
284415
841377
711901
665763
190600
591156
516579
805005
2760
198732
557152
338865
676360
8531
487525
479130
351892
676817
787015
731305
910149
610881
417774
673981
441947
131537
203981
685566
965444
978933
795052
612615
521530
758888
305952
220846
905928
333888
400221
165617
108396
23212
806434
73022
396952
305293
443602
506718
373651
693167
607267
914368
500413
312995
426159
298590
203887
65786
958120
643790
974848
5472
469737
866023
921317
408082
98279
758862
399024
857917
823110
677916
230713
18549
637384
610413
442778
47630
845280
935112
91603
28507
958629
340454
394510
310465
693026
148257
827902
8438
688522
185786
444896
10076
268488
601607
941732
479604
816245
784055
291685
352320
151651
130756
860818
941818
664214
510900
209137
169898
573970
680715
708218
675304
707728
276176
456159
648174
738506
113530
716011
108377
711221
945975
115272
886012
890063
479642
971355
369569
578382
427167
628298
827485
692472
185947
846109
108687
91921
92741
635778
424437
190446
356442
356779
913834
506536
566962
49746
653248
371436
155677
513180
421046
256112
975801
204635
545814
502976
793364
510830
420462
903926
390264
671107
998952
827656
135191
164349
775304
241531
721620
760240
97666
190134
146732
735305
957686
396593
943679
40651
896905
918860
231359
260724
136417
451772
323124
743038
287677
665632
662313
309185
762990
765426
857846
573750
635381
61401
489899
408214
585851
815514
890390
650336
655015
572591
496498
984506
489375
908976
846316
773679
491359
329070
528658
163799
168687
306911
658779
638036
59716
398835
975949
935224
304501
851397
795919
132740
367192
811117
818699
173068
638265
579762
569727
268278
932598
238045
904929
584289
475066
728872
761261
804130
849108
315157
116044
747497
293555
11996
372002
92418
43776
890876
665844
722039
416472
388403
668277
319123
606501
142665
770668
933186
230104
269382
611139
132181
675973
600003
49581
330785
385754
274142
108341
828999
711869
372103
549856
594318
712642
753847
65855
141163
104390
838657
277203
891875
383019
558721
57116
240903
476783
250032
411648
723102
157163
812954
257365
778401
174694
24934
884491
782880
501332
354836
223225
534338
289070
350726
763906
84713
747247
497589
135971
925556
40936
519492
967069
341534
901312
739057
217209
114564
173964
879144
328061
241987
175879
362354
188777
799231
727598
971658
683054
18177
235579
779408
242412
740856
502459
519639
819494
202656
246670
150745
716613
799104
155899
466250
638341
91789
793965
7817
985344
601964
984398
979763
978389
312213
502143
222802
389749
936147
622129
572275
538570
211304
674851
976469
148996
654989
954744
889725
199169
729814
903860
596583
677335
523444
659027
775063
598593
77205
2246
153293
754149
25510
701579
785174
714046
728248
539303
457663
191275
781120
75203
232933
776851
521657
392417
595944
819123
228900
520697
353662
797381
86511
573044
338531
117774
812404
34756
81774
805637
469144
78686
532159
604955
563156
150677
250773
211435
623248
609876
942524
460608
697003
655416
356003
375549
319831
574600
642124
98413
462434
949714
924444
356776
77647
560099
432082
684126
64163
500258
269077
219651
855547
509577
232677
86807
387098
660865
658804
540689
448001
367386
512270
352679
666103
634084
467634
713789
207144
520684
586117
362727
363050
417878
723548
863005
769050
463956
413303
579962
827109
41216
711566
611248
953891
184028
669955
318029
586077
678179
876342
31138
696495
342731
270007
626773
390537
235866
466710
910277
955599
389218
428439
272405
331361
378907
747970
156248
236085
376283
645654
816983
453791
570932
218781
90561
729970
914922
518619
955952
711233
228047
99552
355220
629374
7165
825469
139454
451588
981744
377299
942667
110128
219966
904519
330987
171946
815539
739729
632077
959042
312077
81652
192809
619381
150800
163336
608617
17166
368071
77555
652725
556521
67417
251190
990873
293075
67908
597155
386389
590029
382520
575341
871746
125743
267666
476824
702812
176938
18739
383311
126320
156198
285949
540948