420355
54142
18019
184293
7349
643408
66810
477447
16321
358268
62173
322348
813266
108035
385450
787417
746110
532246
47108
690329
459718
370606
484778
178410
812024
745352
817445
67657
403252
764865
838427
742357
432971
562121
912065
434018
577411
663623
25838
545693
846135
300745
584970
994199
162715
80230
586597
245360
772701
668147
240996
744417
522024
865246
885718
495461
573186
957866
805029
782661
794453
963271
947239
724351
314571
517965
533716
19474
322962
691157
465746
544169
856703
571252
652397
52257
945167
913621
924386
902649
276360
764722
211802
61269
753022
53935
956276
560111
890289
922195
454331
849627
617108
51235
997111
872308
210920
962397
281567
741224
463495
781006
212268
901726
496061
352464
389960
28095
973521
972516
686437
846504
95265
494696
553643
106602
773867
412277
951625
590076
148136
333207
144557
413438
597330
573738
726670
357162
312135
642125
979046
34393
767622
388806
799166
262768
463061
499826
703329
595493
577477
330407
407026
691569
956109
207912
721818
834772
922260
207236
817817
200448
606475
456459
536510
303715
766326
719150
422257
3668
283594
412594
786286
488537
863090
625872
530124
562131
870764
178669
912891
882439
135056
78001
801613
897225
513265
376390
691691
178887
825180
271663
918504
280559
516733
150978
688242
114814
279585
915268
284068
305574
734358
418975
590521
256347
925935
894018
593180
462971
751972
293333
949467
816536
65878
737368
483705
494371
354863
655831
712290
391862
770728
356556
652409
621117
320996
431057
831694
444866
470650
435072
216619
753877
425296
731817
107405
282324
137762
518063
649392
252316
485218
129983
983811
82124
315450
851054
780731
610675
77357
239982
478212
954454
653595
672045
866897
353567
740451
367371
774164
748260
946659
15669
883466
187283
383898
662819
395438
871224
685679
437994
572173
648683
432075
340478
68217
529049
530145
226376
881303
568813
326989
544032
650964
948698
883162
809896
809460
270535
364318
494404
764555
445272
918464
3321
153540
168342
536794
280545
499550
658234
366841
604488
46391
132763
429505
303463
244609
644081
625070
805627
114193
586949
877045
435584
864022
834807
316168
985551
908006
376747
644601
622609
213364
96082
285110
511647
811742
447184
52722
893688
220387
853519
317413
113950
350834
157472
624361
212045
279197
121161
9925
675097
493292
633967
770119
860067
240846
340641
537546
145335
474603
321022
358616
960645
426517
831941
207592
171322
759260
254711
235912
701563
234752
921195
411542
79614
98561
782958
679272
440581
216467
879828
305868
732727
492398
436000
849001
209948
716737
74763
812996
327796
787078
673204
510047
420341
414961
850725
986043
729440
380034
265150
646271
190143
570682
499969
39473
693117
997098
805433
640800
834273
76070
149767
73188
76329
955161
637706
450686
277695
390002
513706
807961
21018
192188
885954
697778
35508
848908
202344
138771
403875
396947
453466
253626
884631
368275
307270
850009
440367
664623
343669
891575
630712
434459
167062
709876
337858
365682
951331
939945
148769
709670
242
76462
610557
874065
232282
955957
145238
316779
991360
490387
87321
926869
589437
916895
978391
897041
735981
257651
122344
949653
788503
666576
336923
633076
256692
262878
418136
607100
624030
471440
711061
790623
599510
185510
921457
324105
460658
512780
174704
336336
163809
43552
593748
58122
44828
250129
900180
506168
532780
783266
513852
855775
791762
104334
336480
322231
75798
828486
651262
244349
442031
558678
908143
401763
195083
642085
399946
443431
360445
955099
565974
415809
416897
539677
499817
110454
786284
329843
561505
733194
972852
872011
212734
355410
585497
476759
772251
696936
406704
996241
304071
713143
824138
322462
288836
146997
181253
37456
225691
765041
495855
991622
567962
834498
274642
672430
479660
253919
295776
952747
771219
345613
763388
963026
839620
874035
373346
306701
355423
519369
332725
398306
988937
451375
648292
578894
784232
319258
42423
412299
743610
922985
915644
491121
496530
440662
998984
826681
38385
620935
480556
571228
617661
638980
57910
421914
231904
728836
568545
311318
319360
833312
127258
720606
993366
132969
134767
155913
166573
529109
528726
904569
179065
143124
580376
119232
271954
168896
307097
248223
33292
31987
125124
295594
148851
569844
905047
372167
570024
74313
38664
716821
750675
46960
623763
237673
39299
680616
880673
500339
801002
359210
620630
3711
770734
497269
183671
766616
106413
542087
669430
673543
946640
247207
849052
123129
20234
661535
971666
454782
981614
998536
680652
268205
261355
544189
521043
38182
828389
930033
532845
29808
660912
342429
187882
734784
703211
793362
691022
157467
436151
540012
864918
743186
815315
27815
25065
750253
826006
744779
282205
676131
594311
962819
682466
224836
907292
344076
914703
127033
115086
556745
95687
709796
21717
547571
437447
350817
293765
65517
305296
151278
905541
772661
84203
456935
173671
363703
784734
578793
594217
20219
552489
994713
99143
457471
853373
534653
415163
707104
182138
669063
49363
236145
328355
473651
901868
423342
474017
955078
658704
249163
698864
192245
144874
601957
839082
543400
6114
354266
951726
723603
703833
923060
186925
414404
115394
582720
320721
477884
204763
724221
28298
789172
14536
451632
358646
384065
829450
249941
682219
213329
84832
37807
25252
582741
149114
535488
903623
642489
163798
157269
997263
894158
194490
276921
288411
718473
778636
616778
328082
489381
334161
499752
499441
317859
865536
52361
288114
990386
192514
267113
770458
414249
847817
892191
328224
355376
417674
183115
447029
49471
954584
394732
537588
663038
432799
798862
364328
291852
32121
254368
138228
934108
978672
669987
92259
191289
949713
655295
112013
9130
45801
638768
120098
103472
768351
616605
246742
354668
662446
805705
394409
271901
33597
921186
820946
542983
655004
828215
496199
584176
494173
283335
880876
126661
28877
97396
314645
345817
142542
953495
597754
814797
370386
865133
279926
196618
117110
702062
953851
80811
309560
41214
848471
82744
565143
885437
658459
614350
768070
53753
270829
661082
806924
735491
792684
754884
771515
449567
923579
136232
731274
97621
445485
57663
436881
162276
667851
18780
421025
818390
71300
194003
53054
771951
804530
419060
652539
121983
540741
928437
674288
268439
207822
330861
881177
220824
918378
998461
944142
822950
201
379273
182683
532732
858138
706340
490747
674714
581397
372042
36598
778841
752676
682758
718612
489310
861039
744180
555644
450413
485826
748641
403374
253333
268701
941134
622618
637833
269529
633364
617947
767695
767410
339105
856851
712081
589813
700960
573859
786194
964487
594871
75463
497018
676879
823594
179213
414162
256129
353564
110896
271755
621896
345462
22805
172728
124047
267232
652257
1820
411757
347629
839861
69854
310059
305363
572359
429721
207410
482071
831710
230864
155990
35079
711466
187390
791865
739297
580861
729164
448733
13330
69866
7388
213898
531224
551865
516674
240600
456136
442819
329171
993242
428524
586480
123989
390503
793028
84811
415638
896006
260973
629823
204504
721589
612768
192817
139881
485078
297617
103865
337809
411255
189623
25854
834917
646972
650539
104876
685561
373547
94826
383957
894323
734356
275509
575393
743034
748507
105944
900403
98764
26532
485895
933787
857903
169305
247779
366577
287103
438747
994076
550548
317158
597635
414449
742655
462826
919187
474004
587204
540321
427838
530409
426921
222591
358608
219180
257500
591248
561915
136625
650003
697921
652736
696775
949444
823000
133878
377142
842814
149444
879162
306024
952163
544463
41204
922212
234882
907759
770945
416821
973269
561980
77506
471273
43604
972029
402944
682357
764852
439963
228155
46070
667455
898871
933966
445074
863185
539415
673728
402429
736492
350779
641641
965400
969529
788558
127934
873651
537884
957752
62076
209715
300850
74960
335790
134351
765034
871279
616538
196212
523133
79136
920974
663497
612043
826611
774658
798413
71315
679153
807850
547227
434575
315817
80411
735439
476394
622313
15831
268739
360031
219848
498167
894771
149295
530656
366900
509887
66942
226330
108113
144078
754251
84386
533417
282446
844235
218233
134928
681306
862368
822632
263401
389813
489915
603474
179716
73395
707595
767139
278769
577783
973664
755557
506470
338967
383073
789361
313992
721372
834790
417858
663513
974757
774387
788901
199807
13290
878290
309260
877997
898846
104844
749250
561328
191470
154819
389178
607960
780839
204399
225856
98369
930676
792179
718929
395645
425476
862875
560582
270687
84746
659509
451114
713703
110814
51337
947309
851141
342785
39094
404210
772364
127294
969642
528323
51060
736491
394237
132260
587532
89039
390059
913029
745722
122462
349292
229648
344944
828063
356658
325347
752429
582894
745406
529112
636525
260958
573664
218879
833135
472054
712201
226029
194337
358684
10766
610093
544873
327568
505915
875925
962386
215567
295378
491892
127505
177047
964447
248744
30068
110410
581753
933260
958566
170220
616087
612942
578081
525511
77260
408094
492272
476078
765408
433410
887200
410462
960589
847942
384963
482176
900051
666897
728480
905035
45304
257812
72890
629126
679584
558491
627515
146923
316100
34374
403453
459815
334418
103505
542453
873278
1953
393742
438973
274316
112591
949685
420733
954534
203514
422546
332213
366111
420503
738460
761961
244838
881074
777382
168488
429645
78274
875758
971963
515620
124200
349331
854631
338820
331204
477668
229983
313384
821876
815380
615242
841077
932715
263369
125612
545946
95017
278995
214707
542482
145628
198714
977505
759366
557843
926896
915856
118544
630939
422373
510375
794267
184888
257978
221784
188390
388162
431373
496722
634727
556825
95475
686602
292428
482054
801923
891682
170972
991791
400463
750771
810685
25014
514926
233468
66638
212464
333621
371622
39284
151357
341508
23603
599667
831945
677180
138307
809842
909470
173390
529731
193249
304547
539055
689458
631094
725109
179047
924753
794834
414688
78473
99047
909891
250553
52157
503662
329762
574044
183737
142877
369693
230206
923918
144723
759119
98414
773471
75421
471755
380333
611564
676260
234104
306854
383500
2742
15062
297099
482489
687407
396127
86286
568773
681220
410632
594233
793515
57579
917990
226411
334977
832490
129198
34608
131145
448635
94229
941051
866790
632537
336214
983298
173355
54187
425170
69367
925839
25929
4305
481374
886333
929135
131686
683023
841928
666365
758321
512970
245500
227368
150015
664306
410383
905089
584140
509864
575735
567328
336872
468485
881621
294765
816694
16051
35214
783626
794641
531433
18427
214048
494730
2049
950966
998597
824653
749367
941525
244295
184738
540288
975923
150552
443087
434180
713129
355797
113114
136506
216668
876405
755627
529375
891120
497483
315088
917907
51675
450743
429019
838736
223892
433519
983078
282503
182122
532645
230135
424665
698736
11478
320510
92207
787862
779375
929915
3318
958931
479515
954044
573178
995454
461997
783556
624414
561468
576295
145096
130486
27860
709093
509779
133377
305759
995113
617161
970054
663131
525572
493256
430153
505438
793117
864874
76330
591591
218721
965031
778971
993040
926599
829528
149180
252831
887870
487254
145621
918140
958646
30977
501679
175358
178568
241244
783119
829278
40451
609750
540944
175181
389588
384803
188764
280161
381585
799817
333383
847146
847010
229751
823112
324835
597452
617423
915796
53445
210204
390085
586648
365237
338924
825375
556499
9629
867413
986332
438799
196055
252785
757937
138810
645510
133899
925486
335909
205183
841830
47040
431000
319333
314726
79439
749903
934419
699615
801607
194454
225713
661753
300213
531324
575786
160637
89927
376631
816308
22654
842550
883732
788878
725094
71423
395353
796168
312988
75212
264953
525628
733135
538482
740914
239834
776866
587476
286087
707489
963892
418916
200021
407786
328970
878345
547797
700510
885852
123869
248749
42696
954553
523981
515058
419525
315991
310052
647999
506264
413627
876385
194475
152410
316097
925892
384745
461647
617481
733416
981377
462355
408510
498826
644583
808691
720516
210279
893621
767704
186173
757316
954250
970717
158649
454599
944126
435842
581176
179331
492609
793018
43804
694929
204815
392607
774064
89497
561298
889798
211919
418672
679892
56172
909490
672283
899998
393807
943194
249970
740914
597785
953686
494432
376802
602487
124401
363783
97996
811657
127292
566016
314930
735218
142132
333568
149242
352846
256271
769366
127999
838979
795624
528273
108881
181424
900804
534910
559184
269187
900096
5774
499872
294503
684377
682902
653193
311002
859672
544113
341870
150684
704856
719104
157096
401027
858357
406354
796031
535532
713427
643038
14788
994508
436040
336493
614030
790692
168167
630293
785103
202771
383594
407903
309522
734469
681531
255306
223763
899657
3679
127721
684410
738689
592767
568999
13814
554674
585173
872875
230707
689852
777007
329622
55671
424099
980259
540329
659230
80843
354384
605892
829552
599170
321356
755529
143196
280504
82543
594911
975188
747018
786619
926803
102084
124091
852711
573848
463600
112771
79367
513583
391081
208450
561817
421922
103659
323789
203886
407914
440214
621865
689138
21744
856007
160406
851802
779696
917715
846146
869226
587834
53919
942175
61409
325395
266527
648718
97153
155000
344169
346810
217918
983042
993269
360642
28611
59493
432564
461838
870235
881810
648201
175939
201411
880829
710248
131025
134345
449401
446218
700329
538016
668798
33610
21708
83972
447885
489055
990655
3332
496106
599350
188123
425201
222536
557804
104000
688225
849859
69349
644202
474400
601031
576332
13980
287156
779534
569895
98360
890956
713606
747541
139568
237316
53264
687783
599127
947415
568101
584537
689937
111906
611219
784620
828073
735121
163173
794017
150721
963880
847009
380627
976100
28464
812523
663538
504184
374076
263431
352408
442575
231575
215356
682889
965724
277324
995860
436620
210370
281104
376895
370656
784456
306192
874647
711453
551529
360851
108478
149929
645064
280524
590627
557011
145153
884415
848548
381199
714395
647309
286797
452942
825497
727198
261951
498106
831280
394409
784236
660619
437330
538211
235583
184649
167081
321346
492760
684894
734751
579372
989237
105943
611930
943169
940972
835255
16965
147265
9876
753464
639305
101148
459204
593503
780188
701397
218163
242298
710320
420690
693823
8505
410955
129922
411785
970023
830966
770603
731901
527107
592911
607247
232431
764863
16506
160506
72609
200020
219572
707627
335009
605888
604999
168028
879503
649117
371994
449392
384445
59359
400544
355321
710703
121066
945201
50019
562753
897102
254325
685120
441064
63328
157436
176752
18768
120310
562347
857516
361893
758014
491282
668271
906030
800572
298329
960963
77011
585310
607511
348516
618303
741373
667333
95698
149984
898290
534215
895160
168395
553555
993514
87220
879741
910153
388524
717699
801469
72399
649588
84298
753437
591753
631842
651779
622238
977598
326465
805826
834419
790836
620697
190563
506078
769383
353441
799315
624055
117029
660242
891895
564620
152393
709911
691708
324193
824338
131937
690556
17432
736287
38870
926474
183852
318409
667945
756890
281495
603101
81157
772624
921684
5364
803107
856483
696127
714161
614395
323758
906328
591959
284886
803027
57190
859013
208898
26124
495224
255822
661919
459855
59654
916217
610007
750173
870007
95570
523947
43112
325564
39979
453288
111071
195289
256883
776696
49431
913220
895408
668564
264663
563110
268828
716503
906112
701310
135706
945326
162711
280741
461267
552044
31473
121900
937841
22586
79418
687265
913848
619500
180385
795057
990652
982958
5284
255655
844995
81821
50035
101650
982711
123890
71812
62725
279239
660953
655090
998200
590748
90144
451090
149004
854516
713930
552213
206508
31580
758724
808083
477647
140174
808879
914426
497434
864356
376220
847250
888161
301240
354966
948268
635086
18459
884696
763175
620058
895022
648479
93918
224697
492128
965402
313585
85587
950276
116735
353134
906348
106958
165879
11549
349860
576874
181817
507813
351898
196344
777460
411166
964204
362600
770726
897524
720538
153583
635146
331572
485641
91299
676654
18742
974179
655033
687586
73960
573851
962968
288973
271539
964366
790553
398169
158347
941957
189662
467662
833240
947351
729996
153725
833980
322092
52838
842706
361665
999900
387015
771981
618464
100981
361980
680394
597744
552539
641148
597564
783402
33738
96900
17464
353173
189048
560595
292333
790674
741270
736959
72114
828038
342644
714355
271160
143967
9860
195270
554079
900613
182070
599736
561060
363999
469507
209355
668983
517503
101830
233596
800746
628971
434884
393501
181446
512969
918540
210576
207608
735718
236154
297057
717289
797091
949077
479041
267051
144572
377112
451611
363406
916214
323598
10773
194131
338661
589974
918821
820984
37975
775174
707341
206450
921057
949804
818933
496377
961539
938800
605731
800253
236794
772181
402265
943286
593379
818718
930251
461145
199111
306765
472123
23782
936647
401543
378739
69406
102117
138195
393246
697106
410476
926785
407940
546647
950718
938023
941472
262102
139256
630278
506912
147520
549891
625676
397945
984158
901626
335091
4004
115398
403443
99591
441016
728170
861101
756868
723429
456010
294612
400541
403274
861897
884147
418649
158452
795806
105910
330008
234804
438945
899739
790644
883548
453445
139893
363459
630550
989029
595805
473208
654944
47479
241269
15017
765863
649821
324762
444523
825663
382234
104614
364569
315517
623393
526366
105844
458354
348105
341247
727588
134596
440734
200928
816861
712234
587729
662340
321821
24067
846543
297854
880209
958996
61870
111041
13783
162269
776196
409603
68511
83670
456722
785358
283434
269387
763358
49891
627828
445201
850462
292171
740655
106532
124944
110971
628709
682654
75623
544867
953470
969110
158239
199571
8994
594963
332849
270090
640502
366188
588899
991837
778371
278525
880759
765889
495541
831816
836419
584757
123647
713701
825633
873486
269275
434919
950716
674528
304495
585357
19019
34054
842764
953250
815258
281935
170575
825522
186820
166725
108074
372329
651581
984219
430525
663433
844428
425458
685278
35207
427093
391496
671352
897539
147348
973246
505743
186275
981158
159300
7265
476043
501249
162083
909032
216570
887493
863014
959549
660932
542186
254950
5654
38568
880344
247729
361968
962061
662933
913366
948040
540446
975704
970064
134978
108606
527549
598285
620397
762666
471762
326489
270366
489002
923086
727852
925368
50356
468897
928844
794510
881885
42919
582688
757535
961724
918326
299987
328832
690718
362198
50401
263639
568671
209360
175489
833859
589931
19167
147823
978073
48273
754051
303509
893642
492481
109877
779669
709152
571938
769845
243830
733479
532498
333311
26152
672872
72187
29276
693045
122705
356878
357460
373831
708592
892703
945601
729232
939614
775069
531006
589658
423864
407340
254399
193195
617225
974945
160570
530644
628036
208089
459971
891286
887916
174327
248438
134194
648214
598008
644365
835084
155590
596020
195602
780347
756663
277107
50158
253615
309943
44841
292767
895231
1390
562768
389832
670799
765695
577056
453410
161179
679558
170926
931024
11746
660802
839454
440145
684209
657100
198790
460687
801610
402501
472225
390484
763506
154767
912493
381852
603860
115505
890530
397573
279189
936606
842446
468195
833845
375503
469010
230000
864862
17037
544243
457376
905997
583307
130141
369683
364378
794351
403643
676644
688677
345393
429675
707551
183711
403484
684002
244431
304946
256434
290780
261940
116046
341549
920701
465299
621521
260063
922633
564968
36179
983675
976829
374647
532107
426476
17544
56000
683809
558371
931497
295377
955600
111214
826150
155893
279863
845636
564838
956362
318781
153693
945900
614193
857567
863486
345712
486302
388824
787026
114396
815887
701611
560244
920800
927065
203664
395146
270642
354205
459961
269899
504805
499674
793343
193056
601061
913244
148142
973928
327629
764051
785386
879126
823973
498430
463740
472245
529339
391494
599293
462412
704924
426087
223389
451805
542319
780105
616592
727687
616943
506029
17623
114315
290883
643971
449703
398123
525500
958424
364343
601390
315434
552876
290603
980481
433563
774241
383512
611192
104689
139024
156147
645170
616735
756790
213915
940825
13824
718220
338816
279880
82452
122356
546926
264
320279
834191
580154
829747
103168
22251
236871
930746
595987
319898
878902
841346
989987
533854
147240
166248
197032
971904
852016
715750
104825
337536
559322
928397
191206
491494
399571
481906
448948
503159
591155
943718
852917
91971
653614
612573
53316
442139
621522
970223
142875
346273
239869
703357
308177
694903
345375
765868
578802
642073
940712
375117
960060
433351
398990
807261
541684
200219
374268
344871
988644
291385
791706
686600
401137
623075
802101
168139
960924
687980
334220
266546
883605
843908
188854
59798
72759
863474
800627
153766
221605
995105
925709
266955
652607
775505
599722
392108
5696
540974
216177
324109
218038
111422
115671
455314
184159
670195
241669
684578
508893
824416
223656
598823
872726
687368
125076
940401
383787
921811
93653
703290
281363
624666
823508
795716
928275
478177
55075
812511
76764
525220
387429
715655
543617
992458
955037
953833
75923
953590
555473
718470
746651
709821
227418
858800
684659
972850
496459
371314
999809
919004
413052
906445
415057
469385
709106
816924
992078
536956
290028
914073
782685
961281
900365
942200
344983
645601
224865
882225
664224
212466
227981
376347
202408
838
669784
990132
480638
440387
13008
857085
634572
104595
595354
357378
14259
832305
285402
457912
79300
807588
596475
73150
531863
23305
978331
372230
498892
754824
234966
853261
352284
817833
910510
759174
770203
89855
26644
114005
458892
625026
161237
521462
722144
846907
972964
455806
417421
924504
669312
359866
548359
723167
572161
617908
213790
34559
823045
414163
308020
958147
142321
736354
244569
518816
388838
888361
604101
619117
899394
99319
168241
707698
238224
172098
333778
177944
124685
441381
842739
347648
201816
17607
524718
204144
255861
532124
713734
305001
452349
339909
870628
777236
595238
883219
918445
227738
994731
894761
754492
58579
5016
999103
982913
291286
137652
638531
79541
190319
721610
115290
430585
2606
540118
24323
935754
725020
665993
412509
165219
313993
481017
252607
854960
531585
56361
329925
914666
455005
490608
820011
713427
860405
309704
284305
859024
810995
982517
1374
547230
544387
341007
539969
522866
100518
224686
446739
645745
606566
255602
610648
616713
300132
135468
267429
230890
906765
801069
815259
368421
750059
528937
484625
898271
226263
244102
492880
572401
386253
150087
29367
438624
409176
924624
876991
888436
436396
462997
137945
916407
948370
450659
628468
50572
196221
727883
967386
471721
89020
980262
873594
718962
857545
519370
99264
299123
287742
62088
225312
565114
274215
307038
89395
14095
480818
655936
588600
832593
346947
551678
598907
131055
303268
137426
312786
136319
134874
298824
392324
638
652051
38410
744069
298149
846843
136007
942749
260772
448621
215744
391910
44414
732102
869551
264372
365376
369366
965459
940943
285343
898224
384540
843035
648109
992097
69616
74457
885240
135741
170200
433734
852607
879316
999755
707105
62994
407748
166996
201482
428421
369192
422946
584518
174032
95599
408172
878687
480326
612167
53119
740136
159280
339255
566309
227679
983622
578572
773684
651883
653769
428779
699440
795460
999168
485702
240606
818993
337932
701290
69670
424685
82666
785396
234787
438371
197765
200675
961291
296921
554102
604681
858806
951785
202585
203740
841165
419497
737613
664361
472016
833708
433735
959144
107523
164002
241492
62122
711542
720986
439465
311279
286256
206440
481640
617172
328311
216482
8242
988777
842431
548356
739491
59745
746221
553331
154350
645026
316294
261343
718614
164413
438841
46017
7751
462711
279301
173636
478927
599366
384072
68480
572156
816408
330534
352737
879826
460684
233682
900518
647977
455428
421564
839238
78241
449682
53143
139053
427715
911
712837
125859
328374
967882
308642
643982
940507
886750
703082
417614
996741
734877
827080
779974
443480
881320
151420
889786
37693
820704
852071
20564
353727
880311
687670
792705
257093
42272
773225
535864
513580
559013
411839
497627
661121
112023
948096
453558
853464
668639
931558
352292
482187
431603
73129
258960
215443
517285
620326
426521
22460
694165
440683
958671
951368
819015
432482
158235
708322
206991
718679
877435
42941
133737
298663
780394
928393
792613
698759
468573
117202
39615
698350
214634
223285
543309
934688
468292
240447
927249
589784
521889
983331
410222
192274
925884
826776
376248
346290
117942
985933
962276
814484
754520
889930
131230
245809
300147
467620
436410
183274
445032
310813
572098
490485
250884
35926
164781
642913
75587
872305
873329
716103
308214
119751
886895
510735
60222
698179
240717
440604
225912
420953
407522
808085
536179
515239
105802
165265
311260
174374
93784
449630
519995
549900
784747
743790
703894
693826
515673
648927
705843
904893
694089
598566
119355
205883
46109
783063
550970
578972
550540
30035
362627
666843
683533
77902
21937
964711
353391
182907
936840
34722
827974
326103
727673
130677
23807
174095
235524
799374
27477
453327
141176
406071
909660
649960
891286
824468
194363
363741
531092
927545
487607
171851
289725
876837
301354
53554
330229
428448
767570
545956
661211
466796
489925
983432
154567
493610
885826
986059
467442
91917
382372
761701
235317
113843
443952
185539
83818
542437
110861
22806
348783
987564
153427
403128
768905
934926
261179
956918
215908
553188
896119
38014
952824
860569
522459
674982
893704
84929
400312
414039
244420
582483
984138
701076
36879
907653
820231
857771
342043
475779
454103
573622
156207
446091
304739
99086
764810
736999
859782
351118
460514
282504
358241
61759
595909
443196
600971
331301
154273
988620
688357
558821
597791
740405
668363
682513
529257
711105
104614
695058
162572
599936
72158
676913
524537
85928
174381
129026
244774
911175
157199
10349
822418
999328
651669
425434
414181
211754
238041
685496
686709
874529
61068
7339
915045
88134
910123
69904
546600
469818
855632
617069
463011
612979
500581
13818
114545
468376
348147
133446
997120
366271
950472
576088
581824
98391
666179
735996
387766
355402
351124
846825
396818
979506
395419
260539
135387
270959
749636
469935
142470
690891
939569
378243
478893
331312
864134
504314
479407
694202
935248
144444
534181
97895
460306
964057
925116
114859
560814
473582
710196
303457
398189
524448
777716
356315
139051
454
819591
925082
186338
870435
734263
376153
421265
123472
458244
867332
439112
203320
775425
152262
317395
511933
473100
140160
613825
303417
278248
490005
722511
721695
962809
684642
398006
129343
325275
915083
592334
513448
351071
294065
379485
580007
794530
629631
267457
149486
917068
197348
201205
78353
1250
804251
836547
854185
311817
31205
430215
135835
981592
183960
384923
323187
725528
820561
900772
474346
267227
793286
923000
205574
499126
309814
593515
676320
505820
932353
675701
782913
590424
360020
872961
96614
31590
772028
355988
937059
940399
165980
31192
901284
183008
3770
239493
503054
843814
473907
414699
330243
871688
686607
414622
94533
831904
851439
250430
927858
688055
955619
436385
60589
656892
26328
465567
546078
984737
749422
876155
281807
525587
307752
184553
557175
823635
348861
525632
18452
736502
632395
915966
616241
498421
269547
519090
345351
233650
679583
948746
55296
41352
59944
846393
179734
685965
951349
996549
860442
619495
492149
437290
993169
788936
957069
204718
499193
667847
284453
592322
697321
225436
580189
213074
523798
806136
124702
303082
597426
121023
191819
161284
67374
558627
411093
939314
207648
429086
68078
128996
182977
111883
942037
770647
667981
691426
314576
559643
165901
537422
233784
228927
205553
465197
129454
456474
694294
570211
46443
513977
988264
256923
61046
641056
314977
373084
167598
381567
210992
32643
161351
245235
338740
378595
727378
119925
773287
299062
226676
220259
75864
720702
30968
565545
137360
682044
524929
371788
166551
525644
173400
268691
903183
845147
244004
407890
717821
775495
834423
168724
193640
545553
634756
147684
127450
845633
428399
294904
333891
505879
12477
494267
97597
938793
494571
95413
236075
45662
24986
769113
188858
820421
175207
812908
839945
706195
389145
410445
160293
953783
524596
569509
166701
881500
210474
939435
508373
600186
22641
862612
409541
585113
437104
824470
439457
519460
910866
848600
519908
931878
704765
292280
539237
43171
686301
157944
97468
184853
154
448838
994494
680386
550504
386342
765475
559414
336572
819454
589513
151203
742620
119741
332497
532369
664399
751337
584935
226179
103220
204101
570848
318184
903087
731611
808316
861243
277630
147755
63114
237048
260457
125488
294187
74746
923160
300043
63982
349558
76286
188303
90587
475086
146099
620840
545420
138835
578016
356456
398836
196762
280340
820528
179459
955769
924147
321911
739490
233055
708109
691002
742297
150349
286349
540224
765009
797237
50312
210953
1843
763245
57589
250258
963118
670096
500540
69512
356248
954609
245415
157639
629804
53501
52405
139789
636466
256108
252173
989504
851836
100068
197648
874200
984780
992810
720967
595370
791123
867269
407931
115154
525076
448177
486500
213373
647847
412221
863801
216336
875162
531138
815654
713849
34674
639232
258780
689232
445647
986774
249794
68137
349229
914653
12617
468857
469639
211810
855005
77793
654486
396479
25015
879004
273846
427413
286095
51330
842090
117864
28079
152502
64758
971991
429283
67315
579050
924918
381837
825965
69055
616394
722197
578407
763162
967712
7485
607121
707053
961226
826642
220123
988669
978807
745534
228634
369662
694894
168443
994069
486170
228135
774562
610158
292432
730054
78369
960872
128889
26805
772363
697881
740711
436124
899594
263469
685542
3136
60655
916820
27684
964149
511722
555273
241773
413889
885461
408832
76558
654607
930346
31148
808859
265357
762389
593066
930573
811171
609445
827085
669251
460495
559196
843079
247209
493793
448997
900848
398710
279184
433765
341366
490767
267448
558570
446370
86473
218161
765056
318530
783756
498061
100258
914937
461075
141997
342798
79391
171535
126080
480369
552598
661227
857434
821378
907882
162347
108333
289835
337828
693549
302246
410721
935404
681682
950118
916821
164696
675638
822107
505410
603093
378650
843643
390759
536304
257635
78301
556623
54786
726907
379636
790923
79670
795222
598184
346434
3256
277583
778642
536991
606716
839536
654676
605480
312616
591761
207123
674415
741152
296023
620627
216609
804972
588446
412397
985851
571207
105393
288687
507933
133958
323318
977488
67319
233890
496871
777294
298336
147109
806651
287206
149573
992621
422755
815152
836990
552928
354864
452436
388604
914797
645521
774957
999199
20218
614010
802168
601124
565168
408609
891320
888315
447135
49826
986410
287735
389070
247555
117664
406175
894051
335057
452861
674401
181099
786793
622156
254630
310919
484435
764861
979841
789492
214152
769596
820929
966197
248724
879919
829669
223263
726102
488333
909999
82305
469157
759254
596369
907373
141197
314610
546180
116455
92791
823594
375096
613034
276198
893501
998118
383633
934621
254944
28481
587625
870367
720790
723146
202320
773198
435943
908035
752457
389301
420160
905979
955872
162273
351910
356616
834868
321066
584152
360787
260390
873807
822273
841421
181021
729983
910999
689664
414195
374452
487251
307328
144639
649210
54477
837056
794687
334990
678259
153472
376738
339361
886758
306276
624624
971388
866545
958177
921367
685565
968038
820112
981779
893183
446871
886117
518520
614168
773742
362489
571167
122556
627498
298755
17003
196734
837686
278693
904823
685943
603367
821218
741086
506943
63058
830254
526118
225368
456008
218014
928393
794155
581360
722367
708386
709290
489023
118210
630513
535188
616534
221588
461835
229527
194103
529420
265569
834511
897637
402814
502186
790060
338008
698477
847984
378355
597658
989661
644020
49115
221825
731461
130623
238487
715017
685731
869447
567283
561806
189354
633274
810584
984354
520727
439466
900714
214481
824162
368724
345808
823215
321039
33486
821715
128345
85731
457613
522591
203857
840436
183632
884264
355120
817178
818029
213670
429831
660929
378166
938432
874774
749344
352008
420551
333608
460996
46383
1241
142345
377478
876345
447270
106982
844315
117654
616143
947327
514762
765864
951914
568523
528888
123309
315874
138408
863199
344326
776764
358332
739037
101988
349940
301870
9257
511246
114885
74939
983584
629009
803336
441397
227838
128132
367796
653214
722344
681270
895812
782173
304933
160503
796150
320603
635693
259712
273967
255741
201434
110719
181500
194430
192571
487619
377907
33064
111880
717697
769976
644718
936943
794369
914011
930025
164045
229096
112927
942829
274616
185058
498134
860168
921593
862699
392295
899222
830615
128955
606450
283844
448654
775820
671306
227231
680991
919113
610657
649688
109761
715733
966593
797974
687221
136692
961398
596152
805495
605786
967242
597030
736656
807182
862696
201746
172744
522811
204194
448721
645177
937939
830670
138768
990399
302752
897611
628148
722188
99881
644385
783506
103384
722749
817735
864584
619445
485343
428734
402038
343424
303310
616858
179613
128692
135855
101600
628242
240536
570713
92107
31518
235929
469693
387177
252597
702450
199728
829155
814865
844743
102359
532825
683115
150482
651630
533611
161494
500212
128500
214293
912056
906989
281335
346418
201765
806823
433207
747553
482457
871149
454970
994117
64146
814713
253612
39398
58504
978730
212272
188469
954122
457108
507015
850988
815031
302769
445787
236692
884565
861942
721705
822624
394065
975873
196170
666871
947284
20270
244956
503311
934717
595721
218321
375669
325825
324253
454996
840937
238557
931371
78099
26533
188531
495671
823469
631166
921160
832060
686842
866724
254553
85119
688497
412548
456341
999489
436538
788812
598396
53005
228497
414158
387282
76978
412947
607294
353727
9675
415017
568918
927046
929914
799054
759192
485856
175283
772030
494771
627317
616500
896637
597439
110006
632914
756865
378339
863769
62703
161788
977558
51186
534984
777738
296450
464235
905131
384756
143172
443488
169926
877279
437520
447641
829017
41108
759986
983397
616781
10861
623727
409999
363359
660952
179722
107136
16501
955083
722274
20401
307217
790020
80825
162442
305059
350012
203663
263260
552184
897448
693293
323832
190673
995626
179453
202282
371791
371547
996502
249173
962505
239917
345942
794092
246656
767681
214697
46474
716522
325124
640230
278447
752298
259718
611096
6232
345377
106073
181209
963962
840926
674658
967514
181722
953329
381375
342208
446732
92317
271381
804905
456454
983275
586996
207500
712608
479451
330217
614911
773802
998774
579105
735121
684714
518335
388469
549655
176368
332871
252182
895236
861592
957856
85654
642162
747164
911081
513553
115773
832339
132168
17654
28110
344266
657015
501366
77174
228157
980853
441671
282864
77043
686044
858837
508809
102515
417043
5190
385179
680358
745881
695272
328181
273674
627970
494394
898518
179472
991999
737620
695256
834452
72469
693811
873898
222071
140720
929509
737654
834714
650641
134413
493985
386360
242402
118292
481840
901856
330026
532268
161416
683022
169627
883842
86670
159461
669961
137664
954925
78604
816309
463676
305781
750818
876168
168064
685729
727711
328539
514806
476401
186504
483891
33968
46006
208590
846346
478354
108012
443332
117512
472029
472001
5116
509649
478296
808884
324861
295031
84829
883353
396066
577232
51261
762296
364626
649635
134417
884437
145879
770492
432158
744971
923549
744159
318244
694546
44746
325465
753539
800416
999476
250034
859466
235435
373507
18558
174302
413195
823844
367890
439236
419582
209255
399508
24459
528134
530359
514476
736153
338989
930803
79191
861008
785256
277165
878554
723932
675225
590910
981843
467356
203247
698755
904874
37546
548009
459065
165351
486409
151927
330865
182430
425002
377985
140655
230661
711963
504705
875237
978534
702925
359051
789447
409775
707776
291501
935627
622183
505421
126449
644223
893435
941519
640511
325254
432631
980527
898655
731504
899792
972107
186269
775157
493917
748163
256133
542350
242662
380959
803598
70641
802645
939488
665683
34343
682569
188706
588284
657099
713674
924522
631419
586593
40791
37330
810483
42896
92314
809038
200115
971133
144893
63322
449951
978758
869653
523074
378607
809048
831740
795981
504529
121006
268478
791559
16554
13287
558826
374698
295226
77313
447240
594600
497310
926328
327977
840088
140718
73461
320089
467642
960006
662965
749873
338345
903266
7351
263433
695196
132515
5473
514123
238872
271790
673648
105636
730614
194804
645146
126483
596556
540364
329923
770403
420923
349883
482903
625078
544725
323414
266442
266551
626856
170111
113130
252977
786732
788427
492125
71998
676293
389380
589565
583447
888308
694922
476876
754443
683104
783252
196054
691851
99645
660244
279842
87457
977175
883513
80596
574081
735421
158478
720802
671416
584140
721087
865905
875841
194519
79036
278923
800823
606832
953334
450047
951524
307606
487879
826326
287991
262266
236846
645357
542932
369648
415992
667380
837510
314671
861242
819842
416336
480900
413434
69650
268385
618266
666221
326686
105701
809822
545371
466646
244600
503762
195679
523453
430645
193968
59594
28769
669869
226104
256807
161141
557043
478808
761498
349004
163797
789496
819298
602740
99749
241951
638205
13037
880245
81029
10603
234629
280224
324981
497418
256593
793413
329822
166688
823625
133839
654264
393976
50369
154800
707150
881251
361728
492652
168683
62176
350783
808529
871397
152470
425599
440261
12865
382269
62727
44152
622209
316637
373945
858296
557329
78319
740112
188195
333770
508255
403513
283958
520224
686835
18890
24964
799215
975621
6883
445635
469725
898540
149280
680769
388843
675001
605496
563060
438621
915741
757109
843502
700932
253224
520400
791535
864741
333676
948136
16340
279432
294720
860255
689774
379486
423072
8466
567342
883215
21362
122162
636924
508320
804004
183363
617126
755838
627760
839281
267253
133289
352833
866058
335388
452288
641136
724573
352842
906981
249511
969836
9439
560140
92774
641744
114554
776869
661732
678314
255921
179172
42765
905793
782810
465129
71146
109821
848198
216657
357151
451327
382862
359705
279245
451483
570181
651050
311256
346675
745548
43717
631490
587889
695621
5771
14966
543648
828000
713258
244961
63208
691281
266208
577339
166820
796642
590061
73956
289890
108772
555993
695017
218998
436801
975775
814629
917819
272109
932533
426308
846375
136891
111033
403747
211786
886732
320441
574035
393443
501602
151199
312957
414111
843154
214263
169887
127535
622232
433951
560436
568644
453764
179850
42994
772394
245779
323824
564525
401854
144665
979734
746265
291470
890329
350965
716269
778699
807543
16586
916386
473965
320068
948922
579290
92452
919545
36639
426462
462838
333247
136883
526592
670842
750635
341719
870431
55471
948999
772097
105481
701561
287947
65729
775483
301434
320299
654126
602691
821577
288714
561457
340039
133970
952524
768365
10334
932810
153289
15882
108380
547276
462429
384157
511723
20437
426588
706805
138772
877785
418723
232005
425053
576960
208138
176809
918925
579008
645813
537111
348555
184663
601802
536355
806181
105510
739772
829870
748716
822757
698822
736044
237051
775495
465972
967953
24153
627499
761435
447064
270324
658427
528873
360240
215118
393765
520663
294659
840244
811252
368379
949347
893608
259082
580025
942867
637088
73724
675930
771696
22631
653002
831925
406523
886050
541305
32201
82052
322861
300687
984301
321459
657956
31659
448670
154870
701822
433406
180088
841027
25171
322154
914176
618504
460926
447605
708125
136311
273053
888042
187879
741735
652021
451980
357784
506729
722355
839224
943648
26024
427661
606998
14100
705275
941191
742843
728902
883467
943314
316895
436400
830492
579471
29302
733257
970618
285489
149485
367162
709952
666623
25794
192746
143112
89657
537920
387445
238698
980114
139094
332476
838707
903516
509907
422102
571940
535810
53249
798757
790755
467886
644123
383427
87619
486923
119403
81242
39723
20516
7172
982995
719013
219499
762649
887782
226437
124502
142777
159056
653364
150884
203304
38371
243032
357054
852891
972855
522017
962552
689871
574
589235
543414
812422
521077
270315
749036
478815
839799
755984
210557
476881
911468
273688
454853
13700
850974
41620
87282
315276
325612
199225
393805
209794
712599
36491
321687
972289
1657
732007
233102
434938
289878
376494
623695
534197
138635
892170
599253
973732
470563
452254
991391
889957
227273
406542
166896
463125
4887
530663
685616
485132
287500
977389
407536
981176
573597
825664
724107
541081
337698
368554
165991
293142
87793
753736
589595
468411
613768
118290
919019
485392
7843
683720
856686
321751
249518
890682
240465
331809
178645
398260
825012
568013
475191
837253
473074
839774
588600
108267
837502
385400
547381
536925
759784
200439
896851
403701
167103
583852
565297
723639
277393
115061
701116
684226
553358
271416
872864
299601
529611
368124
82203
443502
608482
666276
709422
178549
827510
117832
77870
346433
234388
623153
690615
113141
979829
343281
323903
738985
878560
734365
823560
661358
172524
823913
179951
750144
756259
280030
798882
17799
504322
542074
591343
447370
420126
663268
413431
626737
274080
809994
810369
773045
291569
37017
495403
659430
85937
117528
546299
238680
46880
736929
901715
760875
478431
209982
334147
162806
191697
908700
442169
42128
727324
28014
634259
390522
925708
158689
484437
447468
319382
364599
554742
771066
211065
220483
947285
223331
340928
50624
701513
691895
554981
923341
702869
748578
479183
589193
585466
620248
474876
40519
285735
668511
680762
727214
101452
645108
837072
101296
533516
252635
187129
682661
154449
338758
913296