520669
299330
347289
444750
616775
464099
516345
232841
817445
986643
956235
912406
186323
902443
671429
907884
467388
998755
346424
157607
484604
975369
430343
224087
38374
258398
507890
871204
484065
203405
691152
877084
530861
263753
948443
885595
910660
712194
973861
738070
580955
331843
299689
914692
281351
868907
495292
834921
66621
354757
289955
811648
834994
885639
773822
513476
654241
148452
951841
416795
209963
144846
653379
855136
797656
6603
14287
410059
380347
678579
637592
46911
412148
653444
888618
371888
759823
693537
141243
681456
67082
18414
997569
174292
360052
28224
838237
225735
949169
892869
957876
214891
371226
330224
23071
551015
651137
984350
469176
336657
665874
20746
59221
678841
568149
112489
832465
275792
454799
842340
700613
309876
577481
332016
32214
568089
423976
316939
329512
827605
226363
882388
160433
746696
910676
971399
502888
463781
806861
353365
371931
802
154860
251612
183648
836024
747745
625800
694307
288983
570348
220869
122847
769386
252379
431072
514024
205762
501873
94521
832100
27489
227299
801575
944666
998630
521659
213608
441954
136464
383391
207171
384572
209584
604077
144765
769277
709039
212093
893300
526309
180857
671560
160666
932491
96965
81062
704146
504313
924611
1651
306528
411732
934369
663179
130896
451380
295865
543221
979175
403986
993498
799836
985213
408927
851313
244280
403327
772209
280723
515212
454016
246872
883114
273160
584951
731087
113851
894606
876889
395662
234000
767122
227988
249213
683846
769242
868517
925379
338805
128549
926806
300027
986103
393320
925784
132936
139991
404467
170744
116031
82520
644595
865409
879299
520991
186768
971503
618223
966270
431094
527499
402731
515869
226161
968296
498017
436679
630642
926200
181770
922703
755567
268299
402466
591197
334694
853990
32250
400088
782913
641660
458220
932593
640789
911372
779304
194762
48516
396694
946541
374274
733507
775419
91860
87391
605622
299952
427654
197270
465784
261278
579214
794809
207030
380698
374601
3773
944059
432124
863290
649767
525062
482014
374842
626451
241559
417203
658636
24417
121673
696833
28623
846845
40344
270652
207629
416648
373060
461761
438000
939240
99471
682731
78419
390889
49376
308566
894070
231886
173706
614254
578892
593593
464550
447346
960111
674738
423260
707723
662963
140823
148801
37699
596056
866720
41626
454436
792921
716814
294271
318574
392097
681776
40667
975092
193117
963986
810000
349139
677357
286978
909111
824848
768116
28160
785541
843021
360590
895425
64905
992488
696801
907360
995281
372464
726732
943394
78573
153221
155005
176996
586827
201163
623711
774947
586561
983882
640752
272424
267754
756518
516400
473038
666279
178102
551349
559089
848199
600898
789660
85877
927681
557662
770010
440880
87646
824157
622448
21365
741364
731444
255933
506174
205772
364269
459565
233909
178405
764164
369295
561951
565778
914274
330757
607590
943614
388595
352404
730945
755600
165222
894875
131074
789865
852289
173089
75708
348938
538270
723911
403726
926931
355589
301788
728272
454246
157479
416335
667610
718250
76149
251071
139820
731884
594395
297263
243389
970143
337117
289429
599331
796356
576716
187345
609947
348133
701348
608635
447094
477947
427205
323221
547361
778479
202572
887072
773967
850173
618062
683402
805445
104757
427569
669060
275713
21276
815462
733618
214408
690031
262406
926460
3339
14215
398600
725890
772469
405080
223901
667948
583124
921683
868521
768479
242657
52332
132253
207115
676461