699701
752107
190859
784874
91894
737667
653974
105297
533182
696812
286983
5045
14132
550766
715670
834835
130878
270688
73735
137921
581349
381407
987424
498292
888790
869034
532404
459948
626306
642461
578206
394236
11812
110216
726922
68281
658402
323628
824557
335551
152653
771089
319124
743323
427779
720967
955610
742744
561972
950711
112692
177129
256897
976420
190566
914416
584448
11908
909272
856553
485788
209013
1539
837110
16090
980254
2950
508871
526198
391459
236629
957413
4524
127876
947281
848732
899026
241939
355954
825347
304738
106384
776928
239785
633046
97314
638177
703518
148844
57396
38893
938331
510153
997226
827166
709775
464250
901183
819267
506438
304277
157181
961876
724152
103550
339159
825791
291564
561861
360550
282529
954375
79789
352190
759056
463669
537288
705901
440725
344563
434494
28816
918647
135862
805996
462609
223282
676155
950120
616896
570119
329708
44579
96077
381485
651052
955880
741792
202853
960895
100225
812053
847851
898393
26616
52631
776584
602882
379067
326936
418373
320994
175065
748074
581946
383983
710889
620733
461188
959855
66313
265206
551636
465644
786692
954600
258916
899828
805133
857201
487109
428874
516584
592179
554261
783341
956904
993710
989644
785858
220115
572215
67061
634592
222241
466775
247033
125240
883619
871107
669462
453919
542465
741811
212207
701818
556572
447584
198270
550149
713746
189151
93989
76288
208223
101269
241761
839478
551520
453142
970399
648427
522547
893855
879209
913825
776187
818603
779961
29191
383744
835061
345518
478463
99955
333900
988956
265418
848527
277580
615614
320211
894362
730046
764550
648277
158475
729294
918869
85353
373829
574629
776647
139695
447361
824931
950181
120153
220619
376954
951934
234767
442659
767082
621071
535554
993860
267092
439455
728017
110273
708670
579560
272529
647562
492450
229487
556861
17422
9139
447221
494394
473851
911917
126150
670276
412448
449303
390318
848827
664052
17496
880011
53764
609520
594611
670526
548445
82071
652833
24955
319809
358422
724042
66688
83252
196805
683743
443747
901036
134029
400087
174595
516764
226980
825987
191520
318878
135604
907856
539079
711291
503899
918681
876646
582938
235851
786023
520446
712516
934480
865478
705206
75024
149874
927364
733387
133168
97008
840585
421029
44374
961389
384846
872645
953028
730855
117436
495835
675567
551521
552161
82869
344783
82275
720017
966225
260870
785944
108695
34643
412330
920277
189015
86674
517617
199993
256833
618892
227640
507631
253684
867834
295728
93264
98669
41279
346597
51238
897514
265273
932716
50252
650911
295098
52585
44529
612628
745041
398842
969595
117145
104129
554180
531527
122407
996819
47320
422095
410325
619463
654593
104805
221555
802918
16620
59292
690247
648563
826100
444293
825186
529664
776138
171415
390941
310748
973374
207720
809589
6378
140140
602520
400448
659853
997445
5005
241995
128127
284217
482904
919699
671745
289662
792566
110940
459949
446208
751475
443632
688231
590437
878825
33783
778162
974843
201639
718448
490462
364865
99117
46666
127263
844303
550739
272289
439354
114019
147592
238872
879256
760840
8248
165135
641853
719268
85831
409729
790034
534687
92987
952061
623646
719852
665718
358271
682963
770997
64224
89259
819141
63719
70051
593637
253045
383447
657360
122191
863628
184911
688863
709536
76643
121850
75795
842398
243775
730983
259772
808568
83930
363453
887318
52802
747484
982524
838287
801165
829097
582955
210150
575650
910420
412580
47087
485339
309041
576120
818739
143967
896839
88448
124660
408952
246052
507713
939789
566355
408779
854523
269048
954835
390345
573710
393386
330257
780710
901770
541721
397172
806582
246866
801309
784106
947535
945131
793140
557632
130132
689830
108448
888868
369072
727528
636907
322292
150111
962323
624587
214850
553318
335443
335328
784359
374051
479943
80985
994561
583487
916873
820599
87562
497983
832988
411434
260438
909946
472881
485783
154025
97317
826390
501563
999730
896394
297532
86185
748136
621079
639075
553967
56000
232531
643108
722903
394696
2795
126426
112201
263011
458219
288174
317390
189473
859144
418814
921135
575034
572826
544426
641980
957352
826791
924987
163112
900638
616793
325999
15121
618600
979730
481829
827230
99488
953878
378657
444226
947082
321191
963197
970461
953485
564526
128493
852673
907663
993429
822445
996049
509931
890417
142921
876358
688338
365981
321032
722379
216635
137890
971190
175496
445384
265810
671629
785789
616823
532980
200896
473668
371585
406233
628579
364600
293266
24461
15290
112565
663206
973865
972636
824501
860605
54150
886851
587673
347450
925772
282483
373001
952734
333224
706885
131570
404635
152732
97360
742894
114520
838512
766642
793090
872001
377094
769408
764224
907143
74251
441736
923533
758971
187721
624639
856509
339586
65434
501708
897050
290934
603320
938416
697284
82842
121391
69840
452530
982327
92083
977696
749142
665559
595662
460078
239967
266653
782769
902408
726424
471871
906284
717707
314286
796642
330873
196362
253262
611153
401459
533335
96173
399193
771876
185073
930785
348931
486203
538762
850349
471023
658717
186867
259482
988105
866066
947238
892992
161643
815072
862320
272036
847
557621
226041
165051
717935
957309
113841
436045
427835
679316
691929
249141
177462
781333
500523
467461
339310
570897
828775
939462
445398
609308
600892
868700
751681
298881
774223
423752
992701
546645
840234
151368
893258
972393
194116
94873
957110
613017
531753
411036
414358
962177
208774
402390
203555
874832
704083
739666
587822
242292
768349
490913
892929
174197
696687
628290
48852
992926
823260
985884
899497
477973
8684
126760
97093
725196
755297
936299
923339
557712
759460
415585
404342
63807
856337
850166
671410
546902
689756
404141
141464
729000
755230
308324
68612
579051
171648
202862
741525
97261
459650
488544
337729
44004
573417
660968
454866
787554
525699
448086
659777
103655
480344
667390
973485
429713
46511
106166
830776
470510
104442
353787
665279
631474
696735
500208
939444
218052
234339
287814
940057
506482
889397
956407
687194
495174
157205
556971
777672
922672
503519
229758
479662
575010
676664
238937
492818
598395
461395
865341
875529
898331
967457
584478
826359
555157
12691
537644
803875
671362
46477