160214
824658
452245
776735
515389
143941
289767
326284
273144
140274
840727
594376
890768
41499
833617
104156
741547
289138
943466
135045
38774
513806
699674
205188
738974
44616
929095
205251
419447
506101
830524
110943
623488
768063
603832
82134
282942
716770
323299
877518
176004
696384
100700
888960
81876
529122
605421
659199
983072
213964
411040
970857
796905
580092
405547
21929
113865
591103
190854
219366
828171
628463
313821
383563
439864
613452
24481
347060
438509
86006
957753
398450
564775
275332
219735
612347
556641
790789
431205
944625
752148
904337
45533
894093
132573
482570
38136
813800
653245
209076
654398
57574
58938
228334
71228
228351
468130
57805
771732
325419
433775
473172
59694
294441
907334
852113
416205
926317
747162
876054
567868
420324
6382
594003
783526
791845
785911
638541
878213
119093
95391
707325
316595
919223
235302
869063
313372
888814
706915
375957
605909
469744
193577
900944
153093
436458
865604
343227
853697
226634
632163
405548
943734
805517
127439
914023
303423
671333
841625
449496
475479
57926
519763
805165
925352
190861
778228
329742
507266
16269
835295
578298
607143
303416
414589
801983
367427
631207
861894
186133
936633
801158
32351
680088
613336
512287
652958
143969
781484
986433
615273
131264
682737
755405
900668
665111
279139
987228
412105
377110
520433
723344
407929
579918
349263
74998
89105
149556
542442
240021