937513
687161
551218
943203
487343
778468
821657
923593
521643
8103
734302
755539
19843
160417
852307
683001
657397
858961
429885
485806
51551
392689
55406
105161
507097
682668
360307
86859
261632
383036
882851
904140
987598
968612
678872
112903
843941
498567
885626
166462
66027
207716
157366
410187
491982
938159
431182
239045
528680
787660
420683
265611
177598
743658
352589
599984
182435
1594
334275
827139
832506
895883
672053
176185
842264
382660
790270
915834
179784
112317
955352
353861
395368
659130
23824
609152
679216
194948
56408
92448
37139
301670
622075
464369
465534
984641
28459
328514
219709
66957
393462
857649
468285
677228
627607
556878
494188
347500
69609
848431
881788
4058
546230
24144
695047
756989
609966
866852
873805
286646
936755
788412
809368
136370
770769
319251
517440
713801
617611
113844
329483
30582
106128
892616
617452
86387
568781
193856
126892
242993
769372
32027
85222
858865
413018
529556
973676
60610
272150
97772
882376
357591
783204
710991
945309
127300
522130
748837
259819
728469
200946
28408
986673
376651
787350
799037
383852
240628
546330
75841
179646
229030
354715
538609
558314
693783
886406
633862
199548
198684
816459
815243
601926
87485
324527
938636
206020
585457
248641
32925
834465
868475
372644
308228
100370
86432
511563
529028
617569
499267
853380
584327
93572
904095
678891
765479
518507
559713
585727
149401
4697
922272
589585
490998
348458
188090
830680
381863
41011
998156
445986
477549
128390
48205
134053
988171
56788
240455
880756
567504
818669
797428
300557
296388
186468
160305
349775
338991
311502
531873
635144
937153
436777
80609
261677
784609
451160
882147
575139
330389
360460
895401
848313
963658
168255
153824
129273
895041
779034
512535
708372
251478
922679
832922
948154
100590
110720
722031
382155
296125
440182
854572
583015
880818
762190
777907
461217
548159
148278
811980
755987
380488
114293
976413
314635
579111
572080
227336
807651
878042
676360
264737
524271
473866
742305
455627
586191
498616
538046
168430
720995
664326
423624
276438
693918
354720
996910
452971
36468
635397
395685
185033
421357
255478
550736
467068
293595
232441
898172
130265
542440
44234
61186
756219
577161
840671
29264
328217
606095
252695
427329
188609
632220
253758
522343
703475
747634
83967
775979
139804
201639
388007
199180
61678
304565
457362
314435
770200
993966
88308
567687
330663
545548
551494
553708
149241
527270
278090
126951
854809
169343
153341
453868
451516
702841
76761
875384
879063
86887
883972
16107
683739
309632
573528
604749
749134
729006
909712
256753
314119
297030
664587
717110
235142
803859
20928
405226
112686
701899
380415
53898
380959
251363
747360
54437
446836
388478
718090
372831
963542
910401
21153
15056
73147
444098
967693
630796
886719
324638
784548
569278
112221
825641
751155
75309
160586
844352
408686
260001
91950
590267
920433
432798
276031
80511
506290
666447
587772
686576
12230
70974
173444
331075
322188
696960
275729
219825
872058
792942
702612
879623
516674
113165
102573
173402
957600
188751
334534
939033
78979
933939
856206
737723
67925
850311
57997
256087
151337
968462
932009
291602
155136
212092
738548
261234
355384
908893
674031
886097
177938
668886
282080
487214
289438
555332
296715
323230
566277
383873
502544
655008
369203
17349
64865
42765
607135
193256
498717
424942
353336
478341
902926
843240
475886
434043
16700
30290
524121
314317
5548
572967
561866
441385
687096
860503
838765
282246
446796
291448
530647
430438
178682
426138
741810
108987
209531
486135
58562
350182
451523
604425
7443
570970
694399
172918
289921
937311
795630
378535
552548
305075
385689
487670
612886
161163
989297
876997
310370
473399
750851
928556
229898
425699
823130
888074
460981
776057
509745
517437
701619
372964
815891
933100
464623
788208
355729
323201
412208
939981
817951
19828
981451
575667
417100
25027
993257
340767
187037
323774
108209
115899
43717
396478
16017
477659
761026
234869
986862
243619
700566
619105
534310
971079
486049
329435
821502
182891
814872
303884
202925
541097
623972
292990
605444
199728
734681
540560
308984
235657
552145
937860
188558
629685
862565
384243
869985
445619
191943
920736
665683
744542
355711
462505
617422
113074
436672
349337
167030
405999
745318
202715
724013
421014
872399
734922
789506
336080
735059
972195
235767
619758
311713
28
149101
303051
259703
902030
817710
225102
64509
768909
817303
533452
939007
594200
806688
248138
563590
17068
371145
344224
822225
647283
977315
401081
109685
291481
275897
953334
839886
59263
936537
117426
857697
903689
214594
535008
744720
911763
167659
410193
819640
974720
118638
273810
5867
975986
967568
347443
890501
371350
895661
886242
822189
458006
384388
323957
599018
515506
452189
700422
165599
508201
865235
62584
578980
564625
148354
273496
104707
437958
344717
983904
31628
64831
704652
343701
165781
924284
578001
918415
981650
468507
499989
468313
46861
848522
86276
440430
885378
239063
527906
279332
955929
141092
182296
430629
450176
969334
478559
260439
870181
129580
513032
414
721613
717964
277797
129207
580372
707065
682968
322437
171457
682561
616246
552361
237381
71891
648471
338890
649168
880014
139580
996468
937232
605364
654493
813852
275592
145981
617679
54401
528265
785800
860495
229935
667023
509100
836910
850974
771514
448941
335128
810743
934694
847882
102850
432438
714538
261363
683952
191978
165098
641049
446176
718106
240345
33629
650134
887874
330191
946922
460229
729275
61443
136542
253975
828152
416101
998819
381849
116716
63131
366749
419974
471305
302549
215164
602095
39076
944335
815088
554371
349685
984227
441148
685633
135290
892424
231972
102263
503354
531819
548160
710133
481383
586408
815859
941716
870173
782053
327861
819356
203143
685899
411403
901654
737312
673954
766297
759855
973911
492808
230094
832710
733260
417486
641405
541907
851064
940720
302028
599923
268713
428654
178629
202772
847210
383883
622794
110137
72577
460513
673189
295594
63825
482911
305661
453308
126752
319969
440677
114680
640307
308138
127375
713259
288150
111553
470558
136650
809848
917413
373273
865663
176370
38061
533691
54740
796840
28545
164391
36859
281864
741103
529400
246263
419312
23531
890039
991723
609004
218022
73254
914429
506141
908361
758969
568615
459765
426190
924772
347738
549150
99899
187343
524622
367162
696892
934823
710187
536133
877213
629582
196237
52887
793249
531506
324344
220358
638337
413691
760024
686185
62852
793054
922418
560695
314615
608015
133869
891789
936650
654547
72567
178958
112135
341619
547286
709348
697775
689868
880267
86501
206195
814404
764900
738962
46092
619415
627167
677049
313207
133455
85750
552442
287185
166162
732876
805606
602570
85269
772402
729091
737545
940335
981718
928748
805085
417544
663688
261077
420506
650416
281066
638829
190552
114572
177908
508444
593604
514859
252066
530220
86241
890550
236026
98820
932063
799174
690365
521678
3158
638736
819818
848826
355423
720699
733737