279006
606092
552996
828652
351683
864544
560773
903576
456031
434867
826324
47050
43374
379513
947490
643238
405391
868197
713000
718985
208780
318972
426384
96426
430647
947029
655340
463595
975407
647023
707401
520130
791874
786799
559902
320254
790892
864180
381791
982841
216894
464153
258351
524121
146906
11334
53106
507330
796571
445427
635648
278236
833937
185531
375669
937660
23465
111128
757157
582193
505836
831425
607085
9646
428190
44957
915109
458767
618630
426914
860145
852937
367758
378383
790903
175859
259392
982274
450346
106987
716976
953271
390405
918246
371385
418525
655636
307544
84127
63574
510700
482748
96340
642508
888315
664768
648598
868331
338682
127185
68213
936574
620287
789694
966130
629545
871982
398411
601539
964608
68048
122581
628340
694339
206716
406621
306919
487032
46193
729970
471356
624675
978950
185663
381644
290147
542776
772079
248462
45612
942435
349624
430940
590876
117644
758219
89616
486460
361115
29974
651592
810070
463270
9716
159114
752366
88807
707507
410048
412318
134992
454783
734244
985489
449205
125103
738935
819612
979112
764268
753706
188404
55395
378682
952160
776336
705117
234916
597195
85020
904959
202312
154035
497110
9584
679420
760021
242377
977677
885148
511528
995300
991092
58546
961979
280567
461055
130816
784762
581769
36111
574956
58959
821464
288574
945289
540196
809198
480182
666174
502855
60444
987680
48405
958375
301334
105204
574050
792955
836522
735855
844621
742658
764574
6499
454783
829413
104166
347304
489829
89272
601151
435696
580260
598879
233963
678968
798425
971469
816905
523611
272843
415976
732304
430593
779120
691465
701992
338996
782616
801951
248869
787987
233338
978162
34017
98335
669978
867717
606772
611442
764435
242070
812626
130128
65158
441663
448066
491094
694751
39294
116407
435151
7745
855698
616845
533862
66958
456124
897185
905269
904660
315621
799629
100540
343255
224478
680959
366317
192567
578049
887924
334435
918974
971895
32406
507251
727560
915732
432176
548699
259855
486300
569482
260824
375315
854057
779494
249235
896930