568614
962180
463801
336289
406957
254127
718084
919233
187351
500335
566002
364501
749915
423327
375820
186012
181915
110028
380259
538910
733155
657996
171680
949334
761614
848825
528825
443705
847495
155017
666816
212327
866221
341387
671957
190381
393360
712640
725756
391669
171032
807380
211209
808203
314182
960184
541112
408396
837137
565277
46681
388461
455154
721102
98664
260901
529148
573354
186363
969656
871970
843389
579604
966049
437853
171003
796374
215708
303333
800792
118421
582861
613852
606727
903366
212880
804746
104204
573718
578142
864067
982528
608982
861272
571557
705057
821267
569396
121982
148691
451076
480385
443850
632888
862172
862680
598425
116839
936000
901857
692815
529675
618195
489343
624390
774107
349996
714841
53902
957937
483817
487942
564820
679882
983325
173268
947424
966745
599652
46581
994360
899336
12888
300871
753186
375820
808796
117631
563719
719011
499733
789617
627379
5997
265465
816190
338681
776292
927935
20378
751796
462202
312054
420728
231272
721805
630258
614229
545158
167690
328481
807838
462414
472539
208699
519103
603791
742478
925976
777993
47178
854724
488987
324543
90997
680017
144076
965630
409563
495607
593924
727878
236768
438842
116353
187945
23074
358816
845913
560910
128700
754055
214348
768162
146852
728354
995826
43485
105716
551890
736403
942316
952710
266717
651221
468545
773944
202189
191760
806899
158286
264679
839998
166994
296503
935814
381326
381067
623272
436437
468055
282612
668709
301798
187370
986806
432478
907057
939264
851988
85942
726763
909138
97244
781406
709890
951944
778600
694240
466803
935753
518225
293752
729353
631729
914930
205469
518323
919136
650516
86301
325952
614895
953979
1254
599609
945342
183884
170017
717659
921897
403801
991800
745263
268505
221643
617912
229000
172406
596331
681874
911513
379066
242765
712252
667120
358561
149913
962485
411347
389181
361335
561701
889845
256998
394838
252898
211477
84878
261978
590991
965428
352178
210016
643423
651569
678252
269230
281655
505474
152805
868220
696562
36561
779241
816665
283070
339377
701587
198140
993507
686331
465831
916520
210212
838217
756542
533626
355774
260686
995932
352530
948557
35089
611101
985052
577038
948804
608206
157050
57727
433413
481305
142096
106403
565424
126808
762027
812705
897310
193290
48718
505484
553983
821219
816859
348414
668944
952253
81499
8925
78968
810605
612522
305983
298565
578416
186050
73770
697918
288773
361378
174388
117540
795860
481690
120201
439626
450827
31862
609419
936078
982154
414917
723668
897459
788788
257605
498327
998812
917350
446380
180580
175207
598980
833365
534730
960164
783663
904069
328342
982577
998867
888666
860218
747507
695388
139215
860553
356851
373192
758318
964767
390035
936407
796115
361758
395307
711072
847192
502035
27460
975742
374050
991286
651055
586535
349127
558288
342659
636444
725019
852343
30962
294524
337558
984373
796039
551156
244131
8839
175935
490001
916423
882625
805185
436278
249580
426447
335738
615401
575370
90326
326873
907591
796465
654328
707172
200344
338741
289271
61749
863293
458742
984689
252629
534470
434058
956361
60724
607392
668170
509222
348802
936300
572854
856021
756460
341866
868613
803850
987958
410324
223502
581764
280049
184199
407116
895118
792602
620508
845777
681441
706831
507414
321482
571239
317806
313651
592363
627162
742220
433061
357495
524427
833743
326939
755885
15359
256681
427512
199442
114932
213873
24421
89688
937665
845216
653890
541736
846107
812068
578615
708561
122163
893796
102313
19212
915133
798929
161033
981547
482572
104485
597446
939230
770649
904828
462562
172002
233251
310347
311906
815431
999984
702273
549471
705116
980209
969208
159098
73464
838915
329240
243181
240552
390738
693321
342908
186224
216408
854610
112650
519808
837891
269523
729607
729717
751413
409947
248199
510984
920869
328295
821998
731927
410467
312568
809672
832526
482808
842768
990005
325938
868203
540488
319425
788362
924448
594705
610386
371754
380444
279621
647034
21725
743076
175913
350701
598894
337858
121218
475084
983187
650089
916112
16159
658295
558832
106411
484258
390498
907258
354041
465590
419080
338295
179210
752376
7339
232259
845200
831023
251053
864748
309886
430495
724022
536401
90107
57466
589245
633509
305091
298742
59767
728787
843547
928570
410714
359356
5231
976306
725261
594908
736841
769474
600110
932490
510768
127958
629247
1758
226779
737816
933550
181997
211728
424763
898943
428719
765150
962228
38040
767234
31987
580297
830633
471111
354971
685442
743925
847082
586582
580219
291970
924736
482516
298715
39961
830537
519631
677407
849402
419156
724741
47824
44512
252098
658833
804499
395180
932450
668517
516767
872369
36092
221990
473097
179803
355497
857060
211643
860092
800351
88181
329987
232565
572619
93741
947271
614909
146903
572667
528727
173201
764299
182819
878811
805688