100121
766055
958056
524302
368716
81255
964879
716950
346720
143654
692161
268798
221388
690834
485974
674062
763453
33190
776408
714256
498969
679105
650073
375295
877728
939810
799457
46862
350127
475331
67775
863058
474463
710991
678336
457676
34890
638976
632126
449175
954541
231833
659728
329322
449513
574781
108127
772171
565220
735147
567896
279633
59212
892055
359101
723412
393276
62437
31318
159347
237815
96836
792710
783361
171472
179941
728312
334092
632876
506967
456632
435084
578976
645697
544670
305061
32308
752251
53029
632473
319305
838793
160409
80717
212758
322612
336687
453238
855950
275143
580847
750176
903518
377251
163852
371035
626898
675648
270292
53890
414423
446080
381698
433321
827995
818609
239217
975778
285521
813600
480811
282668
886544
383700
861984
301689
43355
496750
47922
674651
491132
580251
210605
265034
433929
41203
90580
855956
387528
198449
948438
296290
868911
472463
292128
992738
305604
36414
694092
951062
739363
459839
572919
688377
659806
303137
503599
504521
486142
958807
982155
880374
577256
647477
915606
745061
964443
629639
421539
485089
698774
519182
822084
194591
285334
201112
182549
723692
742141
641339
644659
963381
604878
952110
286923
834418
184085
328771
292493
958577
34468
403909
299390
187067
84535
254634
623661
23012
184505
695989
624189
182004
723552
860267
894625
817581
777779
846319
102887
882425
642284
755964
786347
726386
41144
428031
585580
427277
860570
10959
870331
967460
905008
691018
288271
54750
767694
923085
732278
871933
220359
903631
933414
887811
36170
46938
299954
35458
319976
718952
531608
141183
225267
203670
10358
420418
383362
794055
685725
247997
182162
210904
128766
33046
246407
903611
861121
866643
454544
751410
191221
651937
127592
406762
783330
332225
682104
935858
633529
904528
432665
217110
526125
802225
882808
400092
284891
259609
73683
386586
461284
355190
634719
773810
327963
474621
35148
127468
442330
242063
10592
189102
807151
295047
826496
99866
355316
584162
159950
542788
326524
821964
108971
280911
202857
968643
347485
506467
982171
686186
134668
856268
186243
807660
580711
575794
390741
74507
786020
727025
926492
471364
728420
746837
806503
500705
418292
150579
762081
352603
805744
735078
197311
748393
457986
85925
157970
740841
444232
619390
334652
580970
312788
271985
980799
171732
226828
817195
499697
244212
15218
502366
997196
102184
844030
228537
973281
171236
140392
401161
413357
230494
230274
270380
660484
200540
841089
971821
636010
566040
68636
640705
467841
199180
731852
800861
662876
744416
253876
238706
902641
864238
132507
213958
31917
582318
412564
30832
561442
959875
186175
151472
501276
205281
642408
367465
466065
246297
373644
609659
24758
770050
682940
151105
398766
573382
830939
320548
688349
365062
432514
387674
988315
866411
406146
602495
302149
668362
860041
735374
814893
287667
131101
130684
700081
916247
29190
976113
161641
917011
952137
567908
810554
987357
555214
512913
741896
190793
681443
58458
111112
557305
352217
68856
603123
235167
971340
612956
857750
760176
378113
448422
262086
276712
641575
14016
436465
342003
32640
324377
568336
909631
32217
19002
245369
740764
65269
525638
831633
523276
588616
32466
82783
259501
234207
681822
154491
685952
460509
211888
190181
615573
60255
400588
167282
184981
371905
546450
406944
751148
552506
66804
12427
902289
95714
746513
925305
337587
721045
212595
486864
897089
203055
616674
339559
270998
308534
193763
340793
697152
480856
23376
449142
507179
201097
228437
527475
339247
242126
178756
665858
919539
882200
546518
538077
577980
639624
521791
727996
464470
725393
225709
322886
313437
334908
941340
777764
417704
726084
678808
831408
768211
877281
296593
601612
46952
115170
516244
69392
471466
224051
474028
411355
839677
799615
370836
359370
228981
50286
101335
497927
582393
253327
897734
639993
961619
728978
352470
532889
949848
649196
394643
958884
31279
326237
371909
144300
714495
857166
117726
530506
684089
24531
797596
440110
500479
158417
649793
391575
618415
999545
109997
705118
85713
861426
781845
761324
715673
124309
287330
16523
946456
811794
876584
844890
56326
682224
544001
78619
471268
559729
221574
521894
171665
989523
875561
234624
191851
721651
704818
858183
422560
497165
643028
786308
195984
993246
2155
659939
389024
758314
529749
685694
697310
225433
117994
734485
624268
171581
194585
602586
915083
770863
33440
740521
571366
127383
832935
653845
559543
339209
800058
624350
897594
759564
139490
524926
554412
133239
575262
871650
390879
89973
593923
541174
26205
452967
317229
469849
530038
789864
969313
65264
782121
278060
365249
148886
298731
483777
224298
903537
439510
73272
213038
57056
159793
54941
72617
564496
712600
638433
379202
664366
206024
582041
938944
423607
977225
380959
645510
335851
386360
579222
257005
540000
342064
899340
873660
85874
218005
217592
289350
528216
24316
765730
229857
29906
173818
430114
362494
993534
223816
702272
740586
754826
792720
604219
115616
751172
56791
174181
97672
659534
137350
658411
647632
725613
591702
408179
75046
763200
461207
348574
233679
650125
423518
200749
708647
134519
870793
864703
56629
965772
116208
381752
185514
922107
673194
911678
71030
178978
322361
794269
331144
3462
827539
100106
659936
917340
988814
392645
493266
340228
581799
853143
570905
295189
941614
865915
273237
873043
909074
856089
314594
522685
31941
403885
710551
913795
73035
826311
123800
445269
510565
987883
653208
825559
178836
495448
29551
436529
370060
117606
263828
737218
242615
882888
588151
966004
233634
184625
853054
606314
146568
915348
693273
902294
650169
420995
799236
732584
720487
862521
129753
204769
946573
486195
512847
667398
586428
980344
201363
966575
474564
968314
740033
543295
401915
233109
872895
236398
243693
118132
722422
515841
304800
977619
572654
50267
939458
627102
860549
535661
178289
153849
30860
754506
172775
673881
10047
292629
562881
334543
964126
380315
586090
282597
522796
760957
935592
130273
414083
142086
21187
304231
238930
288731
115597
788858
529397
100944
981459
790435
511023
659799
351774
291434
849351
73811
162470
920385
7804
935627
928212
124225
191205
604474
329971
378891
623274
128963
241138
655056
862745
76545
287256
598317
989990
849148
921157
592558
850946
27961
787552
614324
795158
612073
980450
963313
97756
527873
318270
413391
294298
304041
866412
368304
756284
812046
588625
940177
885646
118226
794125
935240
719699
32035
813472
503916
729668
230953
109561
858259
899304
395609
686749
612342
635020
186279
371249
521905
764960
950872
702692
654567
282350
953205
531707
830019
620600
749851
571834
462937
673516
153264
751852
72298
780870
280432
747024
750854
338178
111333
520032
859084
615357
116277
543038
181005
250856
610389
631614
319631
169127
39836
759114
908461
275404
250930
331958
734108
964330
844967
456545
741896
365529
572064
444100
805148
607814
850155
551898
50337
800564
452916
749036
192958
36371
439441
740216
252126
425339
754296
529789
489071
321221
317392
493862
346374
205382
165092
565584
625631
685737
479028
246842
387074
369320
647974
427400
391234
445159
639130
445620
579424
815597
159707
811666
734604
306879
848624
381694
691787
640731
368595
436708
523956
155406
666873
148651
208788
100595
870544
251967
236145
682824
525063
687097
729452
108206
899078
877357
192063
973949
160319
99153
707814
234561
103132
867397
982171
219094
771672
257795
246265
26971
30826
476837
239298
884502
919963
686989
48316
443748
917177
831732
327990
215323
568548
813523
922472
173374
524997
675303
123256
962844
890591
538021
774169
548485
965693
621242
318286
763050
133579
126141
587405
699024
893825
564404
532350
607857
853178
869056
540258
612847
348131
642278
291217
565557
841934
238778
432156
638124
582118
185834
129169
558999
415677
633636
784604
139852
487426
403749
763850
206288
755342
628703
199273
552333
272349
230342
686220
593330
851354
140536
955435
441128
411858
648711
973350
485292
908811
878756
43178
733837
286254
310441
554732
607620
531295
50562
578963
99115
628077
893689
31794
248668
628069
136414
618995
800359
580865
981775
729039
811695
496318
593578
4409
310817
158923
433676
908954
850258
28829
510532
449783
655285
53727
715673
221744
742005
754823
365748
435618
387445
452228
35948
106283
59554
451347
132332
67917
355761
429745
772355
982956
112442
273515
741704
23857
169713
632657
122472
716625
839037
788617
837902
329960
727670
637183
370093
140735
789696
178682
774509
144044
498878
159050
569391
154585
4597
563230
71423
535069
764351
752498
521493
635974
717417
171109
334152
17976
859561
428200
887184
928494
254207
380755
675510
840927
186662
130642
157658
90813
949111
766972
190496
999575
403291
155140
782649
997087
771243
232584
295241
185541
786470
575047
326202
19969
257742
560560
82269
427568
720095
492565
869752
987158
211245
599678
869488
826818
771097
422106
348948
835087
27567
640976
644995
265926
701343
271988
363516
779169
602071
761302
390528
672107
47481
652532
656422
911555
226686
773455
843579
335935
472167
96859
429331
675116
126299
230927
271281
316852
543138
548125
828686
589593
704508
29948
80202
559901
831327
190048
959916
332036
443212
432523
635415
837169
270285
395325
759308
473709
426765
992519
652502
918791
409235
565886
30614
646229
137117
830282
349867
252056
488405
12254
305021
291326
888818
988738
343719
834688
586094
360268
899903
153644
749663
785069
889539
834301
740469
178919
112417
318374
381839
2396
888610
781934
998778
408834
489141
4148
51783
576115
406228
18836
729095
103585
569429
956258
199461
100839
577039
23699
132833
648570
525095
111292
689317
766590
957302
574706
320773
844917
987736
144400
96280
542034
160724
542934
79469
462060
151907
917358
952620
511630
557023
629323
164235
499307
254730
967274
540201
980975
903351
446522
506442
26864
232216
797016
905776
212931
558566
142323
501970
651307
548263
496463
459004
713069
361247
882341
599106
465663
9813
732135
426018
827614
607936
421152
173877
449087
865743
353978
183186
344861
927570
940826
409536
986993
193480
539237
908821
140800
739781
501158
264687
864782
702592
681096
445518
793584
436343
740797
431949
782975
556095
736577
512827
502377
827051
175097
168666
792545
602392
551477
979316
264054
84756
592853
551444
419457
203305
132615
278376
948409
278089
203950
814129
835041
393943
156510
350372
205984
842704
502020
671393
906673
962132
840803
702925
563953
156949
817529
366862
525845
324635
216448
724642
635134
284401
291984
326556
796837
138479
93345
561533
880369
140325
844015
158443
776552
549089
694006
13840
21057
171102
838045
649234
754967
450185
457263
683050
160442
614256
155204
253220
135968
793482
325950
424626
637753
272285
883887
966252
338336
224528
861592
662952
367853
418637
122892
141746
901479
174290
45876
882792
321815
5589
638443
684981
623608
179730
715465
645160
187210
324146
547709
879792
33157
119257
529748
877942
505131
98892
115030
160983
929974
333758
333135
699388
763825
771958
981291
673624
809123
529374
254075
712958
848805
949482
405588
856093
444309
36386
491286
315353
885731
225934
644938
750470
365513
453246
785381
641795
930583
11059
175786
508785
476844
958701
338155
347599
306369
344082
993007
511412
742879
768952
530799
523623
439793
821583
831995
334750
829812
647022
639866
994258
835786
864568
643982
678267
702830
821163
534166
218669
41218
64645
34893
466639
76421
929810
161807
401652
26144
318423
789436
755287
169119
472469
747125
193720
652797
182714
941828
647437
712792
330153
206616
481511
17411
238756
545645
611875
749754
298132
839818
206344
556720
193142
921572
710020
722053
226785
233952
78334
947347
236791
681654
830743
125480
896104
689777
892099
830670
287198
734611
213629
451269
559945
194645
848172
266194
29319
897675
951312
928176
907246
617062
702056
227877
350138
82643
413540
598576
952398
991490
630082
134686
602024
894849
765640
858364
211622
598918
51101
799975
44527
7563
192835
527871
561728
342996
674996
667514
557139
86668
381913
472597
48941
659341
571809
198565
369349
72831
456132
71627
530764
40664
189653
99269
793693
451265
791101
327970
532483
153945
239705
945998
889633
163794
676146
3019
323010
43065
589589
573056
833918
665748
681039
329323
464645
821924
6535
229235
669579
516298
612728
818137
904592
713990
889609
17804
522379
247258
949578
2523
247026
354765
998221
954757
565225
199115
22623
790892
768708
167722
334818
360040
375227
649159
526792
666744
84073
553167
8814
458324
193601
754202
506962
872542
185806
123377
893427
827062
891364
131696
412292
487341
302440
589447
703372
996561
976249
92954
736413
140262
868218
587656
587054
329078
328382
777225
214040
156736
955854
32113
101033
894348
806425
963473
295657
173918
625273
575165
858023
98953
800670
727527
254782
377690
730393
760874
813161
27509
792903
992355
423296
356350
874008
600442
272975
57326
140603
977150
52305
285381
61800
654254
964110
962270
927497
292437
852686
799902
552262
415949
634937
921670
23915
901859
621708
528233
123448
83419
44026
467127
158470
316426
222557
309303
975697
530466
283351
46867
25638
565259
23818
565645
83690
639979
813999
296912
458756
853192
364503
217889
731112
887493
755772
816180
143873
848393
604483
62619
836795
487677
705745
641113
727466
974003
932743
601941
118362
208868
972827
606378
774452
743186
123412
746651
348041
507532
257826
656036
626494
214480
425047
870187
524116
699850
639942
371350
128147
236603
188023
250614
722515
15349
674308
469408
292263
214338
416531
138589
785382
722469
220207
478967
495191
417272
56709
794100
396344
603252
273337
982367
20971
333071
829731
547521
700542
260736
201130
365359
312598
653150
910330
125373
7415
469350
136997
468432
641905
460187
510164
255057
814698
977288
725671
539774
278981
82977
522033
579866
413165
529032
217033
650693
33472
18347
679502
809062
888346
106762
12539
540356
377724
495574
460387
968244
670681
635829
73545
31341
107517
257571
434014
733367
310426
498354
835799
435970
82417
228722
366955
179219
828761
241515
570086
314841
621935
606471
20461
543646
90267
474573
968975
445145
478074
223624
603331
82784
579565
499782
345988
924346
307198
887804
289478
573843
38826
593159
670931
714761
764815
804749
393991
909923
550643
819586
549412
390689
826862
913030
211795
675630
104246
73836
24056
349362
684741
513814
43952
403588
575849
712444
622698
675517
544807
899979
606047
873959
370573
784106
714927
861077
145939
113303
8217
77068
114925
583472
521943
400671
681200
395278
927380
495576
844702
451084
424267
323794
97232
738917
486653
328932
287615
634043
878415
630584
55406
822068
974717
595385
707384
506495
739967
372330
349298
247477
964983
779924
401212
365786
800403
627288
386857
880258
951109
521122
986376
653520
436380
777726
784783
997850
829951
2692
375459
399400
761158
417583
610247
406939
666165
535884
167518
657259
710102
259214
616862
565833
541298
137086
587411
487011
660523
209871
787085
633350
540473
146192
705256
934621
604415
293242
462454
790615
910281
820073
602123
173351
469733
980392
262756
24293
335259
993189
428596
925586
438090
34499
376653
715704
676512
377422
446055
628208
419637
811978
752657
574461
518469
787684
127601
210646
114440
269386
963961
858114
929392
186390
303849
10779
563518
151909
905018
489396
808450
829959
541870
294423
384493
127887
396210
12391
700180
963785
749740
146532
89540
823243
831207
703821
482812
140644
876056
173408
492683
477746
351181
667005
914695
277648
70705
292009
766503
796139
703614
135853
408446
518134
354751
101854
530196
337908
58113
563256
480163
131570
919958
967844
508971
942551
646853
708121
776178
676179
872913
506782
542300
427893
918500
412270
895906
857945
926744
246452
154546
391806
222051
841525
230947
296950
355740
109837
423892
128118
270446
682321
59808
198413
432216
438484
795647
681202
759198
292613
122812
182454
142352
373941
162510
29784
350196
926455
630998
647735
300882
182432
951348
184866
677277
651310
671238
179531
807481
616453
499199
123867
15661
984340
297119
681183
915495
41559
147092
665631
207206
693557
346285
352207
517000
41033
210167
229535
223600
877694
433974
330669
334099
707155
544130
397018
431840
65662
321083
105850
942473
608237
788778
257125
534387
867495
509365
857067
40694
784977
346559
605412
963409
949325
368090
740388
761709
608061
439913
745934
181644
939813
715479
980480
559118
587438
755182
454060
169184
762439
50069
427910
355713
956006
555241
111897
598578
159213
119670
230069
38010
421287
297618
315523
171091
737393
418198
506681
19893
490677
872314
492904
902140
349330
945356
708210
432760
796824
267725
172122
239185
468143
6312
574004
231061
232535
868111
212027
517728
601545
661876
605121
3303
208445
780194
920257
677345
133509
715765
593552
324242
41879
273276
455538
350901
238312
7913
213129
142661
556275
791283
610921
784936
524120
317961
561542
731832
442914
901362
182543
169008
983329
565381
289620
898800
698614
39042
791265
447213
289581
74380
303663
913656
826500
643204
284784
217129
66698
881027
37641
946536
77603
963123
303132
359895
726056
230411
107202
421343
409451
922277
402456
178710
693656
69309
33393
793738
904374
175432
601833
241005
615501
559215
665625
967389
68322
621222
894758
698062
216030
158893
242228
73238
784141
342051
150776
555220
571010
329858
167404
618750
618327
353723
727323
258438
405777
433007
710556
864745
492963
51143
402715
74580
363337
323440
748178
792563