965833
987204
775729
241920
333143
223902
619117
228671
643085
758960
317785
596484
56173
410133
377735
590057
217876
422440
172143
964502
193815
243655
379485
896138
510537
549801
141448
317259
531289
946265
461699
821736
159000
66063
821452
23336
833177
638505
904514
889041
894833
970827
70580
307414
465758
218576
74389
260510
812740
123307
401355
956013
658706
769951
200230
934385
361796
173335
881966
672747
989761
472994
954453
346808
574884
142735
844043
589180
839576
666530
2481
884906
457628
416752
445797
773553
760742
897948
124220
687814
427876
768366
39373
128074
482205
206925
598570
665497
675638
898649
960874
937775
387025
718119
75874
917302
242704
575258
780146
392688
70903
917146
788603
344509
43183
778740
378798
271434
828711
582926
283904
235542
869717
647621
770106
765346
325147
286117
253804
979893
687748
801156
83905
792073
930797
560251
779246
914389
681920
997378
523908
423160
998492
342183
51750
644095
808209
254955
119444
341587
957767
164665
809701
890882
79422
93252
656083
900328
760303
842364
247600
248441
217426
549804
448439
540334
837113
54259
580222
770634
974873
216220
933831
910024
277417
75037
44981
181923
493220
77929
568987
882625
304616
796082
101104
942653
314176
777150
45087
343504
371839
631333
847291
708699
874627
191781
714256
428243
524569
520161
68820
286921
106687
734140
263933
339989
80708
626126
289516
717534
67852
546818
58503
931913
930288
741644
712868
598076
81154
601673
543072
446542
276078
210996
896784
320013
291579
478786
992399
352491
181681
102172
824247
915653
379669
669303
924587
659921
725776
372945
635216
821860
49646
923081
277979
547614
883649
470107
993605
175091
467814
892728
318492
889430
419871
217534
916659
600388
767968
672921
19130
870122
30949
703221
729064
399219
94976
300447
85908
276466
334897
86519
803043
408937
427437
872916
450716
508148
401601
510004
60056
782485
610384
506206
636437
651613
973240
286935
8105
964915
587859
188476
60563
85508
253465
520450
104429
825671
276067
75784
545405
790443
238858
621654
536876
378464
709166
387573
436366
113023
640723
293354
463327
157335
140453
883920
429839
588821
663132
207505
753460
496911
37626
769
806175
673133
577522
210903
761033
719540
241187
213384
667115
44336
414657
127234
720940
889022
508885
988802
464821
735667
9243
16850
190817
826733
253385
859363
394832
226612
266863
430658
469658
671564
710073
156513
490585
174930
305351
387456
320943
152227
667570
807008
290102
182713
34766
172009
644022
290885
673805
249684
26693
579516
73023
712927
106698
722143
60137
959642
996077
432213
649086
974623
643101
476852
719037
450719
745597
155934
252326
854230
997932
379912
366682
940704
800879
872726
985230
462630
390078
751138
498155
830704
320104
519068
113350
110751
745507
49291
60215
294002
817076
238962
282264
255621
451767
747085
592476
941083
655180
822778
193929
306256
912542
910773
653331
875569
603025
879868
17815
190183
944455
192337
898224
181326
238991
282014
517818
85027
84076
629810
448993
224796
705405
407210
578404
617874
696205
976043
388908
387290
887737
70923
371843
301745
205626
119503
126835
919829
488527
493391
213308
989552
304136
699766
331440
159663
20528
41062
110895
464306
762648
437624
395451
159516
949500
90529
525623
669705
674709
812848
756225
414047
784698
647027
199720
575998
17140
484985
590028
397713
762205
828147
664785
507974
447475
663604
878079
191898
524094
108824
636794
405069
911836
722944
932889
14069
56358
472507