747546
96061
755588
707055
773798
750528
497751
952643
489371
958136
491578
596120
930212
64968
736934
361536
194416
799740
461303
65614
84274
915554
116472
481729
866498
321025
166999
923852
408673
877434
496184
944702
544986
935674
179429
963667
401603
426330
150946
73238
972323
812627
857502
191921
634925
619233
411462
321043
121579
991283
228404
934332
377718
804363
828229
87144
999393
15288
769225
552982
201206
620718
891731
236147
345496
729919
183727
834344
464007
103160
674035
295421
865154
401690
176878
459368
404423
194420
277246
918390
952886
39450
414590
288533
573716
151748
374428
470459
651179
162628
22472
110391
549902
466021
245256
729426
705977
849565
111400
464673
34583
48368
391951
495722
325662
804833
77869
387633
149526
246740
318929
324574
360503
56581
589527
222860
577903
702815
895230
873264
36674
562554
342936
238052
228620
792052
368986
87567
638050
742123
878355
940019
759063
547732
803706
693779
552794
93499
254624
629951
539389
391511
992324
82622
353168
300873
57413
991766
846636
573617
692402
463610
76683
891821
571517
496017
859092
376431
307727
481055
702134
120058
443317
286866
506218
739001
819703
47147
750042
597884
473033
210183
239648
748368
762075
578058
539623
487801
125451
480231
352238
397646
274299
730061
104747
732146
675836
525425
612300
142506
450985
837044
490136
474592
532433
426674
821300
634163
762444
469030
396546
421881
12014
711997
610596
783314
34394
695094
782366
781674
334510
236274
312922
982922
165980
722397
621700
4379
751768
859385
469717
241209
976493
563460
238574
336752
491307
144198
80474
654038
774331
120185
182198
555525
471443
659796
221677
873074
383300
400374
721947
372655
753520
585068
272595
770553
128154
364447
715964
165439
556886
763805
942870
660720
941791
38850
863002
798591
908167
975618
316992
835254
250505
203606
570586
202868
368442
545793
891422
39237
41118
799870
175233
701212
915927
435656
625214
111
428665
31813
498933
197231
735865
13520
836401
40355
641795
158882
57474
167200
749994
111132
911881
451431
515258
633395
673106
772763
812905
179640
92763
149981
944108
770499
18675
751686
721767
587515
907262
611072
137276
332549
107989
940097
185349
894599
149322
110373
647132
99544
880713
493352
466007
250054
890970
470269
556177
424643
332674
85069
775139
357164
269321
160783
878834
581239
232983
993280
400034
147961
953016
269312
989353
505554
855423
185545
339710
43830
921670
270604
75759
38872
374611
232938
440594
954036
537366
810379
550931
506554
740622
207071
981805
146002
98828
371759
118260
990864
727120
422879
149262
161974
497807
678722
691074
570976
814166
564442
47208
998032
702984
344042
578048
193494
669443
750330
446303
436444
642977
950375
837316
740236
943067
923556
18441
359518
700231
207633
354805
884225
545730
222582
191214
189349
29608
50588
891660
745507
680256
292616
268936
96906
515253
469269
71507
428167
670463
438189
28035
849840
657249
403107
290408
908781
978571
582384
864061
98563
173471
497993
25018
868798
954000
35417
502791
996155
23207
890784
531722
315343
6688
195560
48033
128408
855921
586079
123564
434846
649450
228246
756481
558692
344119
444053
110275
297553
160003
828440
828556
677750
148343
345578
349447
442492
553120
404829
993755
69611
618927
264868
825922
519321
197657
492429
170872
327661
293471
190749
83982
33807
966696
169481
543581
910190
401610
286607
533144
442989
183911
811184
824059
874283
215092
913098
862240
605357
495189
701525
362672
371178
553124
577210
236214
340660
390545
440907
98511
536638
103075
520995
963454
338638
697949
429979
245468
375808
73276
413414
338668
726324
318684
313290
457357
208469
265977
347132
205000
42567
474003
828566
464073
494828
467819
795319
497643
178067
581931
290423
171884
331838
814946
723141
996416
683535
391789
849824
843777
289102
787697
34478
927811
750297
838468
738428
652486
579497
300331
555155
730501
718589
168126
864755
673963
743397
119272
541039
118373
105324
255819
416356
21842
763683
97088
252759
950040
447174
666556
917675
398096
470606
724430
988731
164129
240658
699396
667290
963562
802074
591534
799524
50521
75330
8890
518977
446425
962952
449342
790454
481320
944818
59669
958823
736582
998495
321824
322925
52041
965928
101230
363792
642190
383538
342582
386849
203914
887251
330753
690999
417790
563742
284773
432004
360841
190541
433387
555538
286807
262538
875922
924320
420023
315098
597101
126099
332043
153958
983079
167707
344536
983911
285991
13219
318653
758382
450318
246580
187841
906126
733853
296423
114117
348455
487540
961605
546840
442063
429685
834237
399657
40990
707783
289088
879767
172246
333815
290045
881573
586221
960952
706100
460489
323193
683083
418937
575587
617463
269690
705800
372427
123000
212222
545215
704899
617321
660096
975548
811532
165053
50684
583059
334996
964537
98626
624812
503884
259868
489366
942392
948568
206952
989880
152014
924320
156241
876286
206118
199812
931905
362525
391600
57580
32454
762310
353810
411196
184537
47724
197309
920679
847756
671140
703851
276635
702415
158246
134455
887066
438430
558512
959384
292841
866507
941386
959291
907809
851363
820004
679997
428450
547776
231515
268994
150183
640107
291738
18100
626741
137899
929309
881436
486702
803887
893201
598038
198018
547859
151960
321972
237509
119442
883817
145522
232795
799753
473939
712785
928399
616612
607777
628498
531651
744615
716953
227408
876610
567963
916319
822714
702705
503571
842295
992620
935076
932633
64296
901418
339982
346170
308091
439097
706064
964523
406883
52953
346738
490839
915638
870818
68207
69510