662260
498599
32310
780203
228421
874555
215712
796105
680826
290694
682551
386306
914774
926170
803908
571010
200417
139803
60205
560142
60016
35142
130581
609467
16880
78842
46832
972149
684045
120522
298439
481909
67971
421061
448034
453363
150994
586359
770757
265772
786025
624828
666327
208375
687947
699461
109223
908616
838382
529096
200251
938988
933995
808530
961851
3919
603222
463434
879869
444983
992269
33566
336104
670929
978480
986535
998806
518414
707635
304461
442392
479988
371470
257113
752998
197814
142681
877677
643103
614733
966907
291093
646289
698743
474669
709919
292318
712584
620951
608996
773055
587065
786103
317709
501367
74916
978960
27427
137982
11369