987818
476110
128392
226
636820
174902
807456
448529
574115
119437
558245
979180
25362
562581
94903
621359
411748
533321
654476
657172
615815
527311
931104
504481
544082
287897
792906
160906
469613
105950
31786
566019
384656
572977
512063
251367
619172
961531
267861
551870
833221
643738
252891
996974
812265
937940
527443
290689
820570
329017
920226
112783
457183
701205
692295
612232
341305
156175
108968
474336
804425
443234
350216
701591
980175
231797
698902
385572
364685
993368
109919
109885
600650
271005
708898
776262
997170
763857
324100
951700
613850
998678
569306
496924
895010
824798
750820
809660
632691
880454
245018
730854
826728
122573
218781
843237
777290
119087
127504
333133
268275
467938
794816
837635
204371
67372
432574
974182
726737
974879
319566
742745
730249
144370
733432
586095
86260
528318
690043
569137
519653
482450
229409
253454
73136
943859
507246
421216
552741
981939
821042
167255
465594
428780
175806
169988
193927
90970
407283
519364
958314
356114
483510
880647
532938
656547
286655
221116
726969
914696
309649
964251
575859
504070
296324
778638
694723
172968
400574
354045
637509
283797
268416
984693
688646
864843
153180
672628
267911
889210
836485
352467
15329
844287
396351
478288
958594
460539
10101
159287
352597
184912
191145
371181
488384
285816
548357
162457
933063
522817
2961
339759
739022
238953
406142
4826
413627
653521
749279
374598
515194
448161
488375
366215
452122
235257
998765
715753
480980
467279
473628
597653
285164
461546
521607
897116
497969
339258
935018
444387
645790
797329
21099
567851
96035
503938
122671
498172
461053
56469
985610
339054
38722
100004
965710
97428
192057
105237
611460
688581
343525
215348
81913
200392
387235
36011
74095
48603
445609
908257
831093
632224
754350
718125
72273
946533
675304
267638
26969
900623
502577
248361
918369
639202
893059
784469
158990
585839
589538
622118
548809
707674
122841
586428
870159
895430
560796
585063
315494
545184
265420
428033
185642
942917
94106
446824
104390
652561
570115
449239
125054
240773
405625
12897
803112
252308
371810
595401
559419
886794
732601
570496
715327
276313
561235
179388
627748
240578
602044
909105
769135
438365
887616
689326
983439
731716
801093
773719
22606
130978
604117
327611
662691
236627
484730
151633
123492
646328
804994
739796
755224
848859
571298
750456
246954
806265
697463
921287
444474
879024
637543
672477
537550
957638
783974
580284
211622
844563
68437
518413
362477
901069
104325
343924
621323
254446
172441
282062
912663
866372
444680
592650
271402
512597
482882
622753
4367
272620
266474
624435
879062
211524
47106
567424
47304
14672
858021
435327
622452
691493
341293
949662
38888
557509
264948
237591
183932
453321
47864
544748
487816
346474
958680
615231
690933
774252
982907
844112
274609
58663
44560
492947
903100
641587
935343
578157
855840
467247
297822
314571
935869
259630
659440
678815
886786
767039
778505
322744
403192
210136
219388
85245
248440
221214
176021
238342
570365
154260
454898
950808
808404
575965
169164
444538
499952
971951
57236
603192
876634
688534
584184
86452
1669
749090
144068
408931
114175
591151
606821
777899
388612
279311
195850
543191
149357
297238
146147
256181
22406
379713
542283
546829
418620
688963
149378
832766
620853
406766
808723
694134
953786
667195
814293
957261
336079
828342
632204
641151
30564
386056
855791
945348
597860
781986
46468
734414
557610
106372
613416
152479
256403
522599
9835
574916
528878
496525
851095
148017
534352
254115
704017
169082
534789
27279
49945
58604
938081
865308
298732
785798
916596
414208
920841
578327
294235
282822
983824
823861
849523
4188
387077
355479
171369
435643
751028
641232
348717
787182
460271
504489
925381
652482
434291
858841
110974
160713
177449
292451
774461
777930
582664
230732
325747
33096
285207
777784
395759
343405
915472
855072
940685
448276
963040
941554
37708
358384
363020
357510
835389
818651
133421
687672
60632
30271
798620
129638
207081
665115
275752
521543
413799
893171
617348
363494
690725
661015
876350
746107
784738
679629
156970
541540
941627
903709
622877
947525
617024
657338
285781
736825
413027
999944
77174
307955
801676
621966
281711
202166
236618
377850