728339
558796
78972
581097
640210
392665
472980
671831
957100
37889
490888
535400
850616
568649
959941
201180
952334
137321
237491
770978
109955
986791
719495
60030
786128
438482
852980
363734
586193
484953
263553
313178
98025
226822
835958
474446
826562
286234
973872
656310
420722
785541
984532
916829
403833
259074
791200
536641
228455
257677
371229
427294
329499
31490
307313
988821
231845
668179
425361
837753
139981
666470
330899
60983
539949
346377
858337
321759
726265
468819
419529
619091
59935
73816
70834
475083
470793
37256
505066
665154
580224
234980
565658
366080
764842
260830
738587
336005
411636
814093
775457
857743
890442
728586
755797
97672
718083
187754
751681
289808
65755
146264
976549
733986
991192
350221
885606
246565
493645
336239
328358
448977
699516
592643
113007
308924
53398
453777
316104
101633
902175
694867
963498
51979
955757
156441
288652
783171
708495
710652
222875
755860
219211
831036
379270
763927
275199
356857
776885
320352
294824
887435
219737
480356
443713
356926
150046
368645
481795
101165
862462
160572
948171
813049
343279
509538
132506
463911
309564
716699
502198
469524
926322
751520
632877
316949
698161
774311
631161
797231
772706
504880
492671
631727
314951
144430
773810
738664
761645
808465
310613
699399
467391
122924
120477
403284
537717
494664
687604
930567
339433
71556
879386
863429
96778
920167
583782
920054
17897
481284
990571
910403
983537
881737
785013
74033
619124
108836
549299
481365
290912
989457
206318
344755
433936
961924
266423
709687
23742
435504
241952
12751
446999
998579
462304
112483
521319
991454
622234
185394
689380
730487
177930
935910
792158
868335
280996
851427
79928
339879
839513
597753
934908
907765
500933
230709
340473
977855
234231
715536
830927
905857
39761
352137
781594
303021
644227
618062
351161
381420
958046
394068
396794
328131
356376
808006
874147
61393
485659
987737
887583
610292
805001
687550
246468
418124
263441
93937
803261
802327
312423
804271
399001
309947
936995
876036
676015
617123
657528
370370
29995
717952
887311
959566
22714
564145
609919
210900
15950
793342
237163
792154
869326
438333
963769
706482
826526
594903
182763
184649
602118
906597
45531
334557
659905
887860
430423
571276
917668
921511
547351
949575
951273
23292
811543
712101
236888
179879
99349
224596
843793
698202
673769
726378
648440
671398
535164
274266
148605
618235
904486
944706
354247
679499
43752
749984
374972
701581
147202
247845
512879
481630
703283
127778
917671
964225
445323
63903
460296
148743
540334
561483
609633
475722
824551
815245
47889
1747
106918
248952
399382
922651
662552
779038
948147
623599
238497
44539
256638
2220
197625
679058
67971
646442
489056
444566
438616
910582
692543
945598
968063
368887
283485
951867
129521
522097
67130
857414
143501
414888
552844
312786
521565
621596
7699
198369
151617
702579
243995
399475
116282
620853
849422
654361
949077
394737
563123
295
845809
791996
98311
263495
147119
453593
912758
271402
638326
810740
65014
559514
740384
851017
580737
473772
612037
101090
192813
222737
565538
108221
853417
556875
315685
807372
323670
793788
612183
801877
543743
715865
569510
543802
828663
782910
872462
393939
718478
727068
629668
830327
410031
531789
21311
10650
12057
421000
900739
400464
55096
81968
247051
254192
313247
482439
9202
866707
493733
94847
34559
783292
982425
120945
480938
563730
599778
630311
521807
449992
303160
817747
226670
34525
293433
887075
749149
275199
691817
246636
404939
147787
940681
438595
162161
418351
921490
895787
951191
694001
640398
855528
447231
693000
34708
543282
682866
306792
840670
25285
559782
848859
61960
967829
439817
767243
234920
857887
994093
66076
646596
505307
229648
700598
60660
678798
791366
481056
469525
540923
799813
107144
979239
264313
234253
715231
53764
957280
366322
309217
936190
245789
891335
645874
279571
837285
471977
601444
905743
794823
964005
671573
872767
803673
576135
972149
536717
823892
146496
344678
720381
905980
665971
627324
858627
882679
453148
660132
946750
168256
762653
350560
187157
274163
686567
941680
519981
304776
426881
317005
107844
601309
908600
414158
725677
982123
880228
462958
263720
575259
391506
965477
50781
486897
191315
24242
246325
278246
202016
421754
290453
106900
998184
561226
334456
258187
458424
327865
247144
676289
581126
612265
683545
967909
126747
932716
684322
506516
626010
847042
461913
848997
809072
1281
64201
729311
675162
243918
821331
66762
444302
520007
307806
8483
691399
700867
832956
71145
709936
139441
771227
534100
543276
69085
744804
755557
367744
707089
586163
419352
223902
796184
176884
25783
436559
169629
498518
899912
926715
748339
837935
653799
811032
141358
120044
767662
387309
349486
656691
72464
219842
354107
680471
745861
492838
884300
702199
883999
597340
828386
172020
435580
276708
104145
305612
625044
662241
189023
653720
119666
551724
139589
693150
287168
344372
328915
343380
628987
119887
785775
402930
327109
446818
429181
409330
826585
724585
272923
613479
598105
477860
397123
264631
114179
295583
172820
119351
308802
745628
848874
467041
359201
578910
228521
684596
325402
120532
769369
863209
405837
524257
745451
763981
149452
637508
687194
612352
682771
370857
637741
11720
657621
311179
101721
93778
788849
640452
994563
894343
728067
428850
244322
140871
112407
324616
289795
20805
431417
428462
565798
83647
780328
946134
383174
75864
753064
987741
253622
674323
422007
429209
443367
791406
904791
630405
170118
869529
927306
139270
45506
424913
633500
570265
721515
999838
32218
826140
957686
923877
367776
246134
607325
387307
968144
133731
663523
554855
323103
925791
896117
124289
995657
386286
405740
737645
304485
770758
723759
18399
282387
415386
93302
258858
508497
189253
758825
318905
630125
898831
661095
148072
233493
305310
637218
841472
78794
377851
373799
61837
31091
579648
964923
571358
227150
245148
222561
695065
264065
638211
668217
955064
86223
279284
883138
200740
786662
598632
205696
446060
166804
631060
150265
459938
302426
2971
205273
343442
709977
848916
82229
652640
21353
366323
914668
642493
393
18006
848106
85510
491184
326510
51590
844025
807298
344776
319947
119252
689822
497335
39188
830604
377556
313632
275281
567078
819572
319458
834982
463222
270081
767712
848818
205234
921605
216108
600300
376690
604862
753233
112746
810695
614966
160893
181564
118837
277616
258633
496181
924366
683134
117991
281929
346028
519664
94503
143698
524810
497063
66918
238509
659968
731015
773075
652673
218457
259787
853471
866976
621138
724466
544129
984965
569074
926871
844899
988221
122112
539358
703724
215779
528422
419914
334762
84932
649312
189164
551580
111713
558753
739126
275290
582930
646722
265774
286818
735495
171239
306942
327360
463146
981873
746600
843033
661728
197913
237782
648340
80111
52143
257871
884772
363705
329840
885318
309750
422759
122237
524941
23540
736225
947070
730279
843188
320633
874194
61626
879361
661543
249585
538915
49092
51375
129249
67812
84238
752287
822033
403832
247428
366196
834070
370503
885735
189917
615359
611509
34238
920855
528983
182229
473187
429623
736886
801532
679144
136390
417540
18032
665316
646598
405132
425982
112349
222227
723320
301418
834259
937509
347887
550209
24295
181746
10248
170955
477094
151472
746537
411805
637431
360632
673984
46282
978012
559110
3997
463610
369384
491293
14891
940306
314238
348679
846858
743187
55361
475066
275786
932671
414429
977367
666181
930997
18673
267532
457049
243934
794776
989208
3136
768064
393811
251310
292430
878960
302356
928627
12167
365348
688809
603490
639707
846950
542276
666127
962496
757669
937891
267337
435625
908582
18144
455576
461480
388888
855319
154853
604509
318980
952623
329849
341594
351523
916231
628574
391957
221833
64063
541794
464776
951808
540384
254713
610409
609200
571817
160962
574977
132921
409463
612514
989292
191651
685968
192525
534124
516333
389004
214563
998761
909186
75552
202550
261321
517001
341960
469034
441448
617755
982736
780150
427124
433104
515712
353735
815592
671538
850018
489603
726691
481107
994289
517610
990244
150139
37024
428057
696421
31033
743492
948393
432721
385434
717214
950068
618786
545016
475529
135287
945627
23530
820604
444179
602719
936601
106045
423726
829357
366066
22755
844406
86201
83255
465542
681926
282919
43056
14853
803361
861030
623936
100787
813466
321447
933650
247390
538006
98489
759154
924542
149354
252291
835384
757815
78814
731165
133343
697995
813843
305739
464435
651103
500672
78998
35497
854568
2648
156041
759945
683890
916488
572805
701446
818957
485340
162114
849454
74836
422209
435490
489468
872155
964005
523315
843915
107508
743483
111106
433381
703326
318362
263254
101626
863115
374469
706128
850604
131213
210886
259549
688071
942300
258739
732821
567438
431046
105170
853107
199472
290804
68953
40113
911130
129940
866254
127616
834534
850856
615693
55457
622641
309931
618152
452323
257417
100955
653224
825209
485573
937320
961714
330743
318064
121911
790085
896681
401373
874451
900000
450576
434526
827889
196800
276090
147343
925534
656711
426813
215501
446471
359288
275472
166789
628516
933471
292677
158759
352387
371726
282855
438968
540397
989249
569580
493319
282486
862755
52439
323383
601382
401642
816813
238651
908735
703965
977361
280225
68779
781238
401086
775109
270468
555170
262497
342182
846015
695332
926353
370645
993974
224410
542188
692553
840464
199384
241423
332432
262287
202097
103601
124640
17909
391508
255132
362700
461012
670162
945354
174994
140081
303869
602328
335632
3860
733164
631273
648279
643887
330076
160794
62616
53224
708593
579997
239035
531653
892954
190580
409871
841203
784658
413516
666460
124211
542146
36596
373651
920354
174787
455992
146727
188067
782978
529246
667253
748715
982717
813756
47134
786664
95209
174708
159989
147855
503990
311694
454100
964161
861162
868720
60617
791001
806250
342268
944686
679636
301080
429574
61462
515934
124181
198129
956771
965813
54119
846117
331445
673404
811894
427054
837181
459038
28465
532276
605295
327645
732238
285907
87254
997430
644142
208663
877633
5427
579934
524821
208347
954509
405946
973992
441497
813179
895212
483335
749836
610971
883410
23488
137174
321212
839934
861075
452217
224134
882710
25517
504459
77062
354588
874176
515206
651802
112712
340091
882363
935670
393170
527211
456167
974032
158284
905582
545310
935342
471595
141839
124516
446218
494886
175363
657371
964382
934326
540287
476438
730322
755838
825012
383179
769536
613125
279336
679463
718688
827742
274546
469820
203797
876649
342098
791126
512467
361330
824811
94443
813291
527350
206173
758960
609140
517446
998211
711048
490712
181445
437894
970199
588280
190156
844316
295349
184381
512044
39009
351871
136508
624595
693968
895879
37893
397703
229662
669227
899529
532816
483123
962563
761317
355827
26246
784436
835151
838488
841043
101922
146267
589133
715068
462786
414827
483107
543546
623437
24433
277046
282366
371792
906914
426123
610408
55520
270714
801873
750690
718891
642469
134602
748443
200490
179281
196803
845084
968755
200654
746303
844616
740907
549022
884466
743412
484825
628767
369385
430304
665493
110802
469255
63762
440159
776775
444265
547534
450444
709095
342571
439348
676570
474846
789892
237046
235109
770083
638092
2227
294771
888421
593631
277109
894314
525907
945369
121668
22433
413512
496128
418021
914131
898450
77250
384242
303408
296925
544787
789527
251405
615937
828088
406502
507452
959333
902818
739160
598455
112398
768050
114145
414134
880520
782683
422575
463072
966063
196582
75646
543710
849946
302222
914330
703882
734309
616459
871667
396166
842906
386156
504598
131690
79292
54813
229902
740501
778863
749257
631062
830692
297799
820824
202425
299905
771563
558745
535048
969427
784933
384764
917816
208595
765130
141622
864981
903358
468929
402887
17895
4646
947057
786968
452256
744356
879563
941437
193150
825064
934641
2715
597251
560433
759617
768739
478863
454296
993155
903228
90711
280326
35371
638079
406468
291333
751242
261724
396970
41204
294296
736090
689059
372437
527190
31035
114248
454272
243811
818557
327883
283578
214237
215101
535348
144481
198898
276599
78326
700798
125954
620840
425837
816253
998770
388564
66423
949816
965776
123875
933548
124015
451550
158375
192891
261588
41085
172089
860194
66755
327096
197249
353801
918543
17513
765267
58492
870456
800204
570422
801348
113208
622942
362689
156448
915004
972273
775199
507429
822000
487503
546225
522927
691827
583112
884882
4675
488810
406747
857910
569603
556272
286589
398699
389196
750187
354504
246082
729520
496826
446403
347975
386251
979978
169354
588779
147268
582792
232218
197187
638690
740273
453691
606953
24392
49221
536458
564608
181071
949658
495650
703126
804926
144588
246247
760930
592040
942994
495470
351980
990755
94188
288716
407500
823712
356408
355706
401034
582508
47460
333922
446053
881090
469118
367561
500655
24458
413864
845016
277717
883506
36071
260936
599677
859240
797210
854249
386440
440753
724551
982224
557879
178409
354769
283035
383657
717207
848390
569250
733954
233132
51861
816636
504296
857304
913564
670635
122407
610442
658912
529893
929204
73090
156374
504000
157711
969428
781854
149241
172609
592699
31631
389728
494789
847063
752237
499748
299779
71428
722359
263927
448503
695129
661917
277533
792049
497850
932687
805463
474165
455834
874737
193190
329794
766033
66859
759678
502384
273174
30748
84745
546546
866009
148590
96148
51387
146048
6212
596058
63806
708347
893968
252523
332685
922374
36866
720057
341923
657723
140251
739455
995069
148625
655328
915790
705890
140469
789481
852534
299204
94979
15897
846029
31743
250081
850984
574239
41470
505912
11547
930994
911357
111248
308373
508148
489000
697799
943111
820355
643875
83566
728644
495449
583267
929537
171311
832275
282297
7552
890197
539036
520815
296110
9943
341498
388363
555749
698112
305653
858993
311380
39605
810207
727076
380055
3018
536965
530477
366449
648497
17136
549076
22249
378061
430808
57995
575102
418597
739238
457515
199367
892468
755429
507733
535340
343645
421124
650746
512379
27003
798346
404663
531560
502422
955223
280408
163684
209203
129426
327102
604952
978435
388788
360155
81854
90875
170416
862233
723356
319043
151806
502746
902878
920584
115011
286875
757136
16236
400223
222194
733557
611677
547026
229046
689478
276291
69771
921405
56522
136147
231823
11776
256654
399617
550147
915035
734082
693010
386326
689265
475184
414991
975309
755373
747162
543573
396652
667683
747246
335114
114046
416020
868072
409386
194818
849104
305220
268095
630578
223670
135455
728431
745392
373143
981162
716527
205712
955257
618121
711446
35068
833463
209358
481228
206920
401542
204
914337
766355
46994
628315
359354
473942
504838
750312
4837
670668
764907
358262
508366
291582
440168
961013
622283
445738
736872
740605
213778
140751
357081
969575
951434
990680
883216
320392
312574
605282
818633
453579
978542
539116
56908
488298
19712
456218
699756
317705
206804
495270
747882
478127
905333
996260
455222
39201
558890
215344
102997
133021
509357
614134
712478
334512
384435
717149
367006
170101
199978
553617
441435
867626
76865
157483
921398
850800
329888
76223
670505
782303
342713
513667
116656
736003
656502
154327
163845
394616
127378
978165
320771
275037
337348
992823
321964
859512
833877
303871
29062
412902
745747
243654
155488
653565
616990
775813
41458
663744
856031
409593
995490
281982
58457
312727
578787
295495
190423
141004
765496
153292
252229
529071
3223
655570
910747
820806
504616
514003
422580
991474
574508
534833
883645
85752
795899
665175
524488
446764
517926
842542
924672
886140
669115
753081
979703
163414
380198
17166
315036
344311
387060
73330
173896
934545
962867
898575
508087
646040
254518
757780
785300
609706
658549
799018
689068
505241
42512
96590
476037
913494
157556
749839
376328
343483
22678
733606
845721
549812
955101
438573
961607
855051
783772
732414
624799
279184
936189
784233
829467
863585
730745
173521
624696
472988
828803
921187
328677
964958
133124
136820
166231
200310
31233
680695
606585
804267
120794
838807
955649
255654
563500
224439
69854
384702
336661
48644
949453
728734
698455
760947
190859
185941
224598
577180
901605
220730
580859
569907
381867
308602
325883
632287
520259
31040
64498
317048
283673
365951
185833
814498
570932
488543
847414
541376
35940
858689
997123
523671
34456
742705
212583
715777
618636
162279
829552
27979
983199
598970
432386
145899
399810
297570
48920
473377
907469
242088
82089
736680
222700
526764
563303
680985
244662
110738
825633
870045
367070
74059
240585
335501
19074
570811
455759
653928
520737
873932
588459
381680
941802
186767
273978
451489
58351
566730
642560
185231
268088
990498
433868
809691
969076
9766
937273
840273
976266
456693
388944
709153
382606
679694
738379
88185
979216
95218
280117
283835
519694
678776
441581
710752
262537
63917
960585
508329
810101
806373
559830
497277
273545
342243
9342
698532
22263
990368
832003
535518
325814
159036
619431
749601
605434
573758
202222
509294
326597
211337
598331
831439
182423
615518
4695
816879
87169
907080
343185
363349
32280
715944
577791
280511
367236
335389
29794
261911
801400
887375
879976
561172
517180
77657
322826
907760
683494
238161
430550
640769
632231
299701
21511
923575
977281
758771
795216
28593
62998
543572
57400
493948
608348
732999
245150
849065
387949
259974
516446
947785
833019
73831
630860
358087
173793
335361
672349
894307
616020
71993
429350
657415
746872
72872
272956
667847
676943
881194
706618
91258
211596
998982
170592
750447
685254
632053
562712
243982
491976
510865
987157
302797
419013
85980
904852
424715
821225
809449
65604
609484
313738
400362
316610
113362
764029
29784
152317
670804
341381
66425
963577
472990
173671
387985
618607
381444
151897
800551
96337
364932
305048
690034
156202
258231
821017
784737
72484
113268
22359
344324
838244
557570
627275
162074
333967
718071
828986
350519
661168
867057
942888
949202
325426
115760
768106
782633
17351
465615
391321
417425
740971
920605
660387
85597
84611
163228
761531
531626
715295
160214
501424
870982
445407
55062
160475
821755
27505
703818
888499
333115
326136
868467
891323
102505
639496
184198
279962
603714
813070
655331
335883
792422
851789
488687
762795
112839
333571
529104
957807
800877
540010
634436
678584
731171
983578
7134
2879
280961
601163
108255
57579
368919
585337
378989
848578
986483
420768
710514
480891
826064
578535
261332
665329
608027
189913
681932
873460
615650
699214
488230
554234
773276
993704
717844
677043
522895
409145
59566
861562
209954
504706
230218
57767
780095
790614
358516
828801
462628
552478
237130
91089
772359
491317
420279
340562
871204
588083
5578
806340
966436
950471
643890
973023
882539
518014
223768
544485
921662
450208
155417
915920
214928
514425
386142
854251
908264
502005
703322
104189
549616
45733
486240
842847
655452
729054
930399
345711
185972
12672
853563
174173
673600
984788
438472
212451
441552
249615
627685
626897
284709
149684
532595
300742
7679
277333
937841
750011
418116
201785
511990
43705
64522
985497
830857
920235
807297
530437
6496
667790
317568
280228
130676
733508
205738
634072
461693
596104
90301
679872
188559
607676
34743
199767
158865
763167
443428
184569
104534
613402
852169
366150
162265
495737
54759
502879
858202
131191
140076
820366
153999
550066
495675
301186
13513
61117
454230
404855
858917
486036
356390
309812
196970
150058
441128
456750
91398
719007
397555
224650
562592
275341
564009
989184
162713
848962
180794
999195
349029
423048
130384
886365
93183
15711
107355
749183
951822
911180
249017
737877
65042
283402
37248
878736
732106
270239
147884
116381
790118
711882
772128
231340
247780
929112
706458
882699
495178
506326
856888
716464
669439
614113
329953
233621
737029
50713
63634
486462
645142
773044
545477
816342
187547
589231
243967
326519
94595
313823
517367
134985
773830
853477
628766
78658
461559
118015
147279
526475
797439
520892
342613
206851
742139
952328
654163
778716
186548
638821
974036
349475
357943
142458
311664
762782
780497
136325
783191
107534
264553
81197
400637
311124
811898
855923
354
270512
310699
889158
21565
628964
807756
808309
526980
697591
848431
340927
229787
418197
812449
972102
707350
76116
693700
993378
857709
646225
685962
201426
69819
74745
871952
137998
43635
96676
942356
306936
861792
895707
320149
469680
695318
205690
329478
775879
245114
191345
944238
103755
184043
935844
386975
997184
145868
723954
191120
610416
61808
583635
299098
952026
410464
715419
486539
790854
518155
682907
58283
922616
295947
206503
411913
76419
718544
15281
424832
691764
771179
109204
937675
639599
796665
670317
785730
6296
195050
197412
444721
843880
489325
233416
286163
273439
13946
636888
191152
633752
255931
554335
706128
43000
753240
333623
573531
797056
385757
833325
579726
503491
843850
538309
931612
263345
724088
554196
674271
792913
699235
749580
400377
954381
761304
95765
987852
916071
143612
593237
507281
857802
140214
546514
550425
719739
55482
141167
310814
55662
187891
698323
614085
265781
318989
120231
395059
517907
972188
946109
797385
754095
547372
592974
855101
330980
528678
878044
13910
253749
545755
23670
636740
647966
635056
855258
83161
366661
493350
381492
953704
698768
355269
446405
144953
50384
420261
543967
848614
960410
71961
834252
900309
942967
586680
517647
517329
635377
630473
830530
653895
780494
85258
99102
637339
761433
53853
902617
385061
616923
86352
342826
131916
182185
357384
250856
664316
596055
649673
130640
413319
582666
454691
832997
474646
715051
889852
3762
238729
597624
694199
245291
995571
218356
657343
633266
267499
709311
832882
317813
196944
743040
649004
862260
554653
731198
911982
483104
751461
760654
99819
990111
422635
607783
899247
550893
332448
324753
150316
54108
453689
74364
181859
729212
212269
396397
241131
567445
764872
218067
845985
225873
559343
250808
241517
315127
90929
797715
598124
898642
900037
262458
171327
851056
963238
84596
924144
686342
5000
468525
110908
808497
208565
176835
263681
254615
754121
773437
712965
483244
39174
647131
469536
520400
729493
36104
41160
937046
121242
425388
200567
373344
897906
354398
77563
44710
282700
629303
88217
43733
388001
974401
473439
492564
816849
857615
973957
500385
93787
150182
899647
460058
955641
267993
877858
123928
633878
715570
761648
187766
91757
329932
501506
350255
952511
656702
172753
867749
838577
579378
687008
342654
760511
791059
907082
664809
718561
952676
521636
323519
408761
25134
875086
542340
712565
81234
834203
232396
728967
552892
747930
382266
405246
952824
607425
385828
819969
340702
296309
844114
116264
425513
521273
365797
952183
639590
86704
150869
932856
649480
105040
233747
236404
721624
915109
100621
923917
782473
130431
350992
266683
42602
200762
429063
645345
713844
108840
824865
65227
765379
195293
882321
22855
361506
512150
416303
596829
128319
699206
472252
747564
573885
495807
867778
712738
158632
728377
736922
534423
913412
940483
993991
451719
540414
174787
770368
810538
851460
102187
574924
489458
138032
577531
168197
729632
308383
773996
81086
338052
236001
126976
864193
387471
106889
676004
433905
718550
261923
894526
632974
54182
710853
469721
143255
650750
100158
59242
978506
208493
233132
815679
172935
623113
823914
791939
534867
410697
154597
115632
401719
670272
3344
452177
238920
534006
352878
597299
803394
27493
117068
29352
893774
789261
10001
903607
821667
362676
938989
962979
554184
262014
400623
64598
787768
353508
679987
8682
149918
495636
692472
64661
736831
829925
560208
268974
319799
307318
533936
124128
408731
492322
377255
673578
915710
97505
394796
234000
490639
789822
396624
934946
282911
360880
683346
925030
547713
650776
325073
673700
32650
916438
450588
222095
97464
609480
713957
300235
237231
583393
290389
98911
886750
135009
602297
425017
619201
320182
918873
286680
980799
686511
686377
736154
473139
272473
736025
237026
352968
461048
793863
783205
888509
672228
738772
172754
755720
450557
37012
142299
680983
675468
54559
944101
44977
824055
630405
761608
320379
804257
589918
757315
795799
226844
172926
898047
589031
434763
987784
809854
914927
665305
316634
145120
2520
519056
458214
242322
548369
910807
966496
592211
645072
579403
232659
33444
958391
372024
815759
591500
434577
855220
875581
285125
14715
764312
245651
234247
379423
553372
319330
842222
443996
590990
613644
329674
220994
10223
804052
261123
780793
246378
788622
972199
147329
870769
41653
149138
971155
671222
233435
108473
335207
9476
972795
698515
371343
28855
463978
834916
303297
368414
135212
175399
884338
850923
282531
541527
508573
79893
85923
723610
178722
498955
347744
905802
25164
714964
186953
962914
926891
765959
299182
178178
429984
171876
680411
232991
193719
764814
585737
318282
967790
758118
344042
310363
895252
538757
700387
926330
691661
911829
924630
954569
825842
763789
476636
287473
320469
143495
31570
348296
74978
962943
291147
742300
588768
491050
453475
339295
807959
773617
481971
179247
509900
110344
504864
61632
928552
235375
633294
471784
711799
96709
730290
638342
410828
831492
700486
187472
609921
312477
736917
102328
336219
427313
933622
622715
657933
747049
544469
78278
351379
331954
451116
362437
278143
900056
528658
105929
889041
502654
131626
604756
581758
812920
425788
387460
264019
76229
178464
819418
506163
543660
378710
982119
859004
718705
235571
827218
777288
280564
391606
589640
729808
243623
870585
965056
556010
730922
545987
200234
570867
90053
329018
350195
916999
361345
451702
641591
703533
684963
369968
541252
588048
380358
583577
765319
156840
394708
972935
902422
979768
663393
126794
147417
108080
521572
182301
549718
134450
321234
231672
712919
29809
177625
428994
506233
39030
919862
631012
605908
301821
616755
3833
918850
919996
524032
944545
10958
281667
521645
843957
559291
881086
746946
716181
642158
937176
252668
862812
266936
344378
117476
877365
373316
313201
299148
660679
28250
203182
390185
602700
585165
847206
33928
772223
241287
131226
40495
186164
360559
480433
285457
366401
91124
266625
484716
704026
362425
834668
707139
178299
973149
487271
368563
921150
752614
191190
301685
389452
494537
463699
46191
827696
808152
258574
816119
713031
745928
600462
675685
494036
539614
371094
928147
447792
900662
800994
198196
818078
137584
936400
532622
309693
92983
176732
278677
192342
577647
565764
567013
98581
584699
630538
856348
131029
582440
711384
62546
447764
131641
455229
310263
110342
30159
634582
398791
17669
368693
504008
485932
949349
230854
232297
774640
426214
156923
110846
620764
129667
710613
946527
105970
271079
770467
830775
25860
652799
553969
684136
775280
75242
396301
938251
105529
610125
214775
226197
715650
594500
315428
414741
739561
993395
593647
275289
301821
30906
952413
304560
814174
165575
478027
800459
45488
848197
568310
612669
278331
498866
264231
797922
883554
855374
929721
39387
239102
894511
355208
619319
108247
300145
836088
669165
688511
262219
870175
521542
770122
803646
415760
622039
789997
182054
698309
641388
21234
333427
808232
817857
226325
800369
230526
961961
612607
195907
381809
363858
848284
413742
558776
470432
452315
161809
729253
471541
551681
561459
894154
847570
442730
650741
72073
932567
477150
67174
411447
738726
283084
858677
176940
898086
161318
342145
970986
828579
128152
200333
400616
945875
530470
107151
866810
963636
255777
123175
234014
675600
315909
936301
223205
280418
385458
801059
732347
435603
690629
826761
568918
500509
386067
830544
130039
901969
318081
698086
938208
168627
910915
714992
498451
585987
567599
605654
625218
478359
617469
663159
974360
292195
39646
17278
812514
970139
746741
174156
771292
642095
804022
862229
647700
344885
45082
734983
176701
135205
525756
484452
914003
941885
86675
420977
918693
362757
838477
20358
329924
936557
253252
705606
48838
443218
218015
649257
242551
858975
282312
115061
211358
590352
497157
738124
388071
23890
509685
809502
500658
261895
464170
956606
829111
869669
839197
810770
48915
537342
677138
575461
656308
538522
364041
103895
7326
954560
369310
473140
922519
462036
964478
48225
773045
103706
582342
181234
4546
141337
102649
4569
371913
210138
692382
403578
560384
571599
942196
791450
351057
599697
164371
409013
643399
596418
185697
351086
424017
617362
2989
372513
495030
442780
868779
47189
764118
413552
807629
471309
775321
319212
474810
263485
509238
551427
864237
271578
669282
335392
243373
172618
419667
838499
783524
119867
447599
854537
315423
577551
677654
833579
358177
971125
249225
430813
661604
61779
484149
726071
640557
128735
431904
492784
245706
156877
233391
4453
618027
568995
19729
450810
202075
748200
393676
921879
960409
449786
316578
809172
236375
512511
589599
380783
621774
700980
55234
340154
365180
388065
918918
121618
225148
91949
632907
788809
524032
737550
505702
608933
234924
647512
951746
529474
124306
262967
110705
67282
65606
777144
649043
515205
684190
380225
138337
430468
269896
731937
954263
158742
109064
83266
499196
594022
574092
995579
917903
695964
330221
749954
175631
925735
455172
68479
236327
101404
222439
71035
163957
254840
719103
778487
627510
523137
564551
276441
515471
365451
921635
890178
302714
656663
838875
139771
567627
193622
195826
487373
712734
654859
702631
223535
858976
456078
63047
8922
684214
517548
954029
31929
570829
415404
40984
352636
67775
655661
810791
865036
807199
203627
414259
791001
343009
81952
397065
218574
40809
924679
276931
293030
265838
5691
516545
740824
861515
988926
80521
171054
19554
227158
250745
98612
860461
276562
335269
130891
357731
12779
374289
202077
500930
369861
358028
542251
106431
840533
44583
11009
648648
262876
815761
189003
668722
388177
306896
89410
216964
781916
795102
231423
276639
295743
895582
888368
420168
666959
588985
445992
96532
234720
475034
749264
133743
139648
748930
825595
128200
451161
485384
807064
885277
296378
409521
723200
258398
466415
156647
235823
770369
121420
396378
826256
108706
879625
855600
134961
580948
413191
920746
207318
692296
993393
599444
63849
184216
849150
289960
835855
396465
713426
651969
495765
119003
199556
894455
909065
783847
556986
399579
101542
506612
683441
414032
11047
587101
908377
344708
254460
576322
211357
942666
816602
790962
905152
209302
226989
269618
326051
188564
630889
277036
601699
640933
902974
413815
199455
221238
53098
209151
163735
225215
111848
309905
371760
182806
387142
879814
142100
678445
341396
691209
156598
973678
989880
696390
508595
746993
915871
873904
988692
564504
921294
57583
241328
344136
593942
895461
293166
52676
235622
346076
932136
516391
128570
419342
375148
337854
571762
485775
534684
924224
729533
735067
730933
649835
70900
556216
81900
351867
599811
60935
296820
948361
754306
49325
257949
746239
915170
345432
137814
760116
245122
319536
863187
850600
573921
478940
636426
140829
851374
701358
488279
507088
466620
901292
318271
451411
348881
957180
819537
774792
92702
202155
386984
423164
572104
759130
176334
368797
566436
52101
593339
527705
747586
633585
626747
406933
519968
636594
704109
803655
276608
289814
348327
316593
870100
721970
890295
143355
769621
449735
586884
134635
98610
9616
346964
693123
647974
553706
643303
962487
863074
79072
954240
920777
7530
553938
487235
716675
452860
368322
963194
871952
875114
866556
757105
932728
996809
441567
56002
583479
683650
384011
99627
774840
48325
779689
387419
409971
93086
590417
216524
313184
44768
503260
285065
980310
98749
385352
943249
933957
453624
155201
601364
409932
724209
938322
862298
934712
677279
682216
863875
443994
471389
191422
811881
510980
190683
458474
619873
8160
44917
560324
526433
747116
823648
37486
59323
879638
862976
222149
946823
688431
537368
565475
568800
793999
272281
658189
802309
616262
45787
848064
418655
784442
270761
493971
516513
978402
98742
688969
117451
52382
393582
181493
422282
880688
913512
524682
836730
590875
841911
757119
738507
621526
572576
189339
338817
824173
487269
750818
562965
979957
536896
272156
767097
119722
516396
626494
817721
887207
241436
876152
163709
355584
886031
733466
73067
356799
347387
914723
629417
499130
859046
563560
941952
472013
646228
848094
498588
411514
737563
153540
594608
589017
377746
331311
631030
241405
581288
19315
217684
795558
937361
233835
882330
929436
637338
80358
503528
22062
227166
596526
568109
640903
705681
919350
594442
845161
107129
721375
755156
616073
467261
344039
415032
18311
63190
590959
376698
115913
779106
510183
173590
823027
596055
267672
825991
287044
503508
316877
601381
57808
261587
696415
28329
406614
313211
620508
535052
47549
636818
814163
255182
809904
603856
383871
743891
424403
457486
467022
831400
986912
919902
451212
637923
496739
217524
239921
76903
127182
926785
550147
559622
904826
350752
699049
605634
285563
709481
755022
310508
540062
802468
243758
254574
92481
923800
99521
851876
133071
682625
532224
336420
38231
775519
261464
216286
439433
917611
619434
437343
690892
158821
559165
724656
821758
762760
132737
681691
624073
879647
564289
693389
554654
317233
415588
749015
798482
372504
11999
310543
247761
214960
175931
679955
810051
33002
872638
194029
59513
326080
62457
837522
663124
341891
786285
75717
720883
553104
962843
675865
426070
280289
748455
430611
714836
717183
18984
741805
970549
538453
403983
505975
308205
801185
522865
684569
659254
674051
489586
729459
861000
494200
698768
62373
230392
582432
591881
364842
441322
961723
598634
920351
68724
3314
343030
87906
950737
196626
813679
701525
695487
598099
200899
553090
584438
968151
156310
805465
5765
424238
276648
432212
75594
642326
144867
630267
585357
366272
422788
986243
12217
503757
640931
318930
256761
945944
941280
477406
836140
925420
14252
460787
470852
251350
309681
392019
355584
580950
132895
768823
8579
562863
907861
977396
947345
933342
208040
957945
750951
319015
178514
604341
353332
750538
210490
498453
761015
212245
684123
861099
187382
41043
621908
370218
565784
291362
396
997710
209568
282274
736448
188248
125894
253513
592043
399223
823092
602452
317457
710083
138842
86104
491239
896738
253038
58999
17186
874765
846595
324526
14042
639277
182341
573578
1371
57055
183311
34106
549321
960919
491113
430976
72493
450208
137633
300674
249184
577025
928196
145533
260626
951420
590969
329113
818040
506800
12667
638487
493584
145950
99762
378854
582034
298504
126828
496405
503220
144629
362172
29412
539354
444050
188911
699891
467225
799602
437608
943388
841575
80630
980759
216668
999712
450824
188122
423468
734327
791041
270128
500590
702007
569195
944406
43139
49397
877280
871872
840633
200533
772689
451189
984610
421877
959331
552839
492991
27257
857843
402542
525915
856244
757178