334497
782261
919351
855538
894938
85956
307096
544298
472749
379998
339822
793132
852061
806379
146979
941468
166709
172430
954610
862237
21289
507223
698530
22428
283675
521822
612815
619958
687993
294338
820963
301895
192579
114302
78308
122256
657834
868517
522984
344836
808468
610426
207587
214511
651260
450414
512417
231236
253623
791158
670479
569089
494737
671752
35955
97473
267158
877619
640508
170014
606188
830809
61235
500736
193629
615242
247121
721287
275699
396669
262059
811921
644860
279725
748041
698664
859245
218062
592212
271051
881763
893930
694573
789847
966341
147549
310618
406738
989956
927273
498715
999637
207556
706551
699419
962643
449557
962667
270850
316361
303770
440162
404007
189444
620682
730507
804643
401098
104853
385119
528193
436518
701406
694974
511249
302612
803111
709671
784475
294596
759115
799252
239281
890958
554212
178608
388574
512243
38540
236214
289146
394700
11073
991143
26591
932626
276770
915431
693750
332681
240534
58997
640810
172041
761420
580550
852607
209770
405916
931708
87995
66699
976140
96968
587522
42815
515568
158681
679552
30422
766953
226751
724542
273731
828557
942305
236632
437871
801511
247767
989382
62745
875797
411365
531862
545512
927184
561557
101178
334479
200457
389872
347197
526555
112494
465048
908177
445020
222411
674821
670213
646189
260494
660634
567698
711778
154851
379747
126676
530638
220862
478894
785686
334254
383606
349955
199302
770998
342030
381313
442248
739189
595152
320022
372710
141031
516883
86170
421860
846295
832155
897929
21297
153007
551519
531803
185082
864542
32549
428610
148249
2212
225674
475391
557547
652989
147358
273250
553152
375847
830635
347356
115179
395474
942103
312834
169016
994852
279839
366624
439613
821862
438275
350968
473225
136654
544641
381654
194682
976361
763897
844241
159851
257317
607087
604832
949834
788792
764463
427862
557959
754033
542155
203963
963432
943193
112128
945545
54777
988485
609975
101504
364321
722107
192807
460966
49680
196735
396759
686751
962261
835513
396993
508964
538700
592388
878290
308579
230196
799893
908751
217971
809055
912966
437201
212339
214402
117310
393009
935486
972524
694207
169406
377676
808340
47948
122091
64808
794827
363381
873478
645257
165648
931584
20579
837904
771010
2934
373527
512221
605104
903879
600416
150158
88205
573851
916450
336918
910783
813110
165324
361013
23894
488262
339097
923673
281754
961996
639219
741457
811773
123941
5490
587562
495919
474996
641921
959592
622352
621550
533473
575843
781185
322690
363719
312059
967507
79971
554721
639353
669857
720947
803383
658947
677882
373901
541484
550204
709430
742767
364195
777846
187498
742979
852158
400084
877558
504136
193409
354689
499131
332194
282325
565575
258986
621434
563305
871949
876344
494995
198707
262256
447149
181163
353748
852924
73820
47817
525722
266503
969645
21866
379167
281322
768086
61442
499662
409757
890920
501809
671302
302190
128517
302531
42198
228510
35568
923108
726376
177560
183869
541919
850043
104270
340583
575825
987913
107314
226304
239214
95751
970958
97987
382447
503947
56577
336773
105495
68231
347095
648266
452129
501299
169283
76660
856072
257481
576316
908695
68082
559850
359473
228200
444602
330270
568553
751827
940632
683513
381243
95915
645104
350041
523239
676348
126196
588363
531024
158652
821686
633805
318999
839392
988493
356398
704917
552652
713315
720018
852084
738914
813018
887954
533739
975612
282905
214784
551636
39092
146359