696729
526593
371404
337672
656973
394463
741637
382761
805658
392356
435887
266573
833192
598163
3823
323643
481904
885042
179958
132150
30521
236450
100179
134888
176571
709216
405922
488683
325156
553303
829602
725557
133560
368287
642788
256093
945235
647382
958688
975246
770826
721881
704930
259207
192048
806304
507105
336140
178996
432627
126768
839020
977064
677133
490510
302384
667420
929100
619736
721245
115881
12689
997086
763110
296842
174202
251346
113906
982244
661881
559452
292549
294118
332305
515915
897741
322699
781741
632231
721356
867196
859485
322082
534748
355923
11373
569453
749924
553083
211876
126054
577878
757875
648022
85550
478690
435249
978022
879513
969530
423843
651228
377727
762435
461136
196639
966895
927893
295517
820495
135683
102575
475692
320705
611663
897402
568671
555608
417331
660792
29306
529212
608784
285257
51751
707386
882839
124250
356434
836408
11069
482154
334581
499155
464203
695866
617518
882455
188561
571089
579019
908506
56955
173033
598056
930357
609851
963706
245936
139936
648998
895904
492543
756969
533019
685099
47336
676625
519261
775555
134738
574979
882818
236214
38077
820466
439685
809568
436067
171214
65526
830838
415097
895906
85968
843439
735060
409485
714091
254223
738281
973083
871624
116112
905517
383295
565130
8176
888155
862959
386244
557074
226452
809948
259053
66577
429152
807629
591024
158056
532562
130519
437856
944375
444298
732667
304905
590707
972564
724060
231394
959469
456110
229659
632222
897469
713191
769489
442145
213579
267427
296424
300304
710073
309307
699798
280065
446384
776961
670583
171090
994950
19233
191814
8341
754121
551907
794873
373289
651627
196044
709430
260452
837578
800420
872629
178476
352346
403795
123699
32229
406129
1573
272719
464836
252654
78573
103430
682498
940999
88005
182662
925101
945646
705011
295472
991640
28192
513127
756015
571123
548554
125729
390384
489461
205592
844463
361597
94837
161755
652948
543738
909849
917141
117124
697530
226277
450276
734668
435646
839029
208265
607311
15948
271942
109269
69931
910505
952814
733423
146491
614323
285292
910980
437429
582045
364058
707723
89906
949127
104767
858804
858126
190969
893121
914284
284069
523196
562679
198351
394686
994517
777437
417707
781380
986527
391713
537389
49839
605316
224218
420971
44354
683351
903064
596429
253037
539217
72854
660888
941202
444647
42572
745369
412837
500612
292065
674794
951916
503208
915710
607780
809894
789852
280638
863201
744840
219985
222977
543916
111586
140245
191648
368200
197152
353073
501690
238042
553197
402913
1197
79091
352562
664496
827873
223422
501948
170288
668094
936835
642876
555411
206013
142805
327272
105194
933404
994590
883326
226807
13419
489861
942312
947632
544388
414905
96635
716115
657688
411613
188569
695328
35236
340496
160439
538872
995202
308631
734841
119568
42779
234346
202489
926674
257402
59928
836903
364688
184636
93719
534538
767205
263844
850220
109093
199082
910859
621235
445429
997202
954100
360140
617046
95651
105277
82402
6852
264657
487858
296985
201599
613305
363132
637076
338185
482615
855351
79008
381641
282532
938081
853056
536594
371119
709229
239381
783613
391063
556280
456426
149362
847746
509331
821466
854022
427837
841086
189854
562686
918929
777974
973431
334322
486782
350758
179764
147981
282455
279737
577441
203569
931769
27791
115084
496311
804265
209485
234997
920852
223369
335119
456401
465175
927287
302073
864379
599566
602179
368363
495800
760073
85642
414354
195557
773238
18291
542107
278271
257259
827974
824707
663695
67203
383076
869194
63344
519263
516391
160903
676734
470094
741207
738260
928541
529095
382789
615913
827811
62291
546824
668102
607587
873800
590161
831114
84695
521583
387181
778017
932969
625543
499480
923611
806622
921379
426424
413143
574239
496238
904765
751902
279846
170767
704722
776716
929090
942695
131136
51112
333894
58231
576736
626197
346900
579103
181563
453282
722881
556225
812032
367996
271909
444996
214944
326467
795074
354229
346378
791929
856975
465927
945406
452055
174560
733435
705808
861946
483955
739611
425019
852282
822361
191968
40032
129564
577662
923891
257370
324829
261016
792464
143486
154734
44776
578119
341556
137216
704240
484957
231212
784629
483186
468623
835776
534710
760288
605622
545061
555426
16741
474950
869196
188771
256910
861808
663387
885213
803991
146536
536067
386496
696398
439168
300733
384189
227686
185267
765030
648790
290395
34239
302965
392653
90236
476137
456149
610878
2010
835364
741539
347529
20171
662860
687430
783655
771163
830861
978597
285854
385040
989857
451913
210639
414297
773494
64529
894125
356755
924077
662284
907144
326967
282367
912119
430855
408802
910842
711634
614964
590530
192553
949857
756594
451098
787730
276284
593545
486579
654873
29971
933026
519904
475138
850370
516686
529708
207828
746573
944704
292642
273304
529976
40411
336312
918593
422406
967206
676696
77413
274636
572829
995852
165993
477360
973665
238086
179900
271235
124431
335370
159610
195577
206765
653177
943408
791361
78209
25851
456191
797189
694588
132103
428569
400064
545939
909970
614697
792950
457903
115346
830863
371477
279546
351725
636489
643238
892826
806915
112173
670704
478203
440917
225938
223913
656324
879504
687567
463834
410603
398522
280283
93134
639204
877560
322516
729462
531764
261113
457051
148636
763749
956035
59164
642434
883410
782360
262123
754071
40034
907972
48266
668629
453457
699398
238919
933498
724842
154328
335426
913824
399441
456925
465804
261819
112764
410279
798636
58479
46786
947234