4660
984271
913478
627439
3043
511041
695087
193330
529216
131619
912806
750653
315347
561820
945266
622952
96288
454902
672801
290488
476225
391389
508086
962796
761264
889718
864317
844262
689121
703065
622336
469236
998604
518253
300370
790267
538824
325727
530952
781247
364499
418239
82312
785041
2926
829623
438649
423958
205413
914344
272346
604079
447405
170018
799726
12234
757285
642432
163733
847237
360639
298590
84599
841466
315704
630649
659417
877099
17475
998561
957393
731275
298820
514013
934998
366055
158775
972251
620785
498991
65137
273810
964368
577573
652415
843382
915321
422945
776363
854807
983708
919998
118557
48727
554241
750053
653917
474694
942496
989492
80502
668828
269519
403274
398006
210002
509078
118002
473171
295581
499742
543593
915880
299080
814152
616973
264796
263660
608155
467749
591395
925967
655957
962375
595998
349719
227042
822890
279774
932329
495530
466248
886982
531555
724613
932975
256462
54898
270090
243941
971748
94608
667653
264054
678573
933917
966086
103068
579049
695321
385430
928585
383604
82684
170629
35027
87144
650802
423839
806204
779488
39286
140541
833501
78424
899210
827447
751151
296368
693264
652087
609334
81167
994249
644329
60491
687076
30375
687438
56580
353096
499152
767792
198658
498943
13362
864240
210646
113566
538685
322299
628368
77318
328706
2139
649638
999694
619942
901353
347902
835007
685122
229665
832408
262392
667355
432654
550555
427954
254073
641956
372859
604766
625510
254572
657219
294507
788868
838298
146180
847332
4747
509754
397274
12085
795487
212745
52311
408397
306762
464864
631439
112991
221659
334987
253888
757188
246618
955256
930331
840123
513830
814987
211315
506000
207661
481870
771393
333082
262984
432198
627346
263517
924209
902689
334734
697296
681058
9419
4069
636538
54091
443167
786711
123318
289582
338363
913440
287765
531931
506732
495999
269026
631683
766536
85218
214720
62460
504603
921584
634992
596176
943161
252402
371503
136258
552691
644447
439420
75102
127652
952642
880887
867132
217835
826634
303205
895121
759347
503598
516816
185969
217965
100795
751756
668069
986783
426363
771732
323812
336790
888515
376210
873458
400439
604570
724733
350610
335412
669825
956125
239593
488666
59044
723626
611313
413254
224923
575826
89494
139512
101469
460698
463601
19647
223682
538460
807518
128596
948210
451630
819964
164867
194671
643747
780160
135620
531005
140075
491510
976936
148906
636310
168022
314479
356669
781685
707263
521334
627071
320225
635794
680333
590496
983125
962222
585191
71432
75510
513987
695339
65660
727796
747093
688423
525608
604616
371791
309092
557583
564829
482625
544916
726412
518347
546808
52840
510915
873790
764089
910078
159274
527605
960985
740856
278254
405543
69436
805544
677955
545088
664936
220135
368011
142344
54021
781125
38370
117605
967219
847066
279428
735095
534792
629947
464795
473633
337445
115464
411689
479720
23604
506915
397263
598387
716608
453307
106168
681650
202736
243398
553381
382876
53153
514893
926549
273808
25119
631905
651664
954845
488768
236651
789136
400029
645726
638881
677837
559292
728111
524245
79012
233622
710147
414951
318627
129406
140953
845659
800563
106844
459101
504837
395810
548398
285570
149153
491789
126127
705144
755391
386662
917140
121866
796891
826024
919219
831511
229323
828628
445375
320491
821713
688934
676846
740410
753040
464089
439995
579000
500380
386708
755335
925784
335658
803760
60891
49823
645862
525350
648072
424163
97060
591450
395567
290789
742446
844189
21000
307004
201060
142030
71598
889473
977957
914003
789806
428770
631335
120910
738419
654721
225933
706905
368308
922552
567617
287814
908619
488738
186903
190337
713461
393171
183390
55762
470309
272295
762696
938431
2117
746104
21235
252110
601610
998185
284115
241128
653426
4447
745086
224025
136029
66128
415764
681204
292229
435315
445449
178772
232924
133975
155729
445885
321537
560016
389607
837664
829790
549195
121785
730621
292704
156099
966835
105507
609556
896332
31974
62611
192475
626829
743381
56643
731273
57547
745820
945342
604128
872032
550526
121256
859172
29770
341961
7840
621083
501471
407272
561598
745891
442527
532101
859195
932463
757090
257240
288112
687712
581488
207121
263863
830012
566191
541982
34798
331917
942327
500377
79962
293528
145282
674130
225447
819897
574783
948788
377933
83352
396805
78358
464271
598666
325412
529952
466462
650374
948824
837272
601562
891009
881431
856328
970872
213929
721033
276622
788350
670395
243480
202240
84011
779458
340509
252793
812597
216621
437241
38789
945322
143499
792325
549
759352
887205
282401
467519
96648
51320
471849
788837
515716
574349
77510
126272
601978
527351
248480
910808
128856
186985
547249
366787
207191
179825
313525
754473
718005
878741
107326
255023
579482
198728
336803
201672
29852
824905
593432
714324
447262
629145
647897
483379
404755
370455
625281
778859
502752
253689
774775
572402
916384
999977
314567
197336
768257
696378
525583
774547
961099
935749
613968
177065
644417
964708
189924
119476
874016
25354
726479
89173
558980
315262
859565
151544
792362
246322
433739
630655
709584
850756
600658
550093
272761
131728
294110
610802
119245
471536
505006
452654
99292
240849
925875
348132
110595
899379
656267
308444
284903
249596
704583
656821
87775
337338
945704
455269
27694
954932
823593
697838
361773
199659
970486
691616
595656
470770
475002
400901
595551
724327
775318
599340
981644
322381
164141
871765
88196
50439
943260
804790
119958
374835
850759
885928
884753
129889
483279
895345
355971
565551
913311
650798
340443
930051
16102
109021
533552
277219
444895
568133
742746
129268
311819
823426
669950
539469
466369
130545
458088
519287
210075
283892
533201
679235
554450
557282
109183
554952
468580
574222
354444
36472
847729
359794
843390
716382
84582
351097
696149
169527
934864
434470
751268
957994
882898
74852
308695
379940
564274
754218
956819
250516
675085
974026
981051
544384
219627
967895
296398
174659
786797
604977
442861
317283
258211
462831
284858
286995
289786
268391
842013
523714
769682
924828
913120
209117
632366
417157
711482
831656
627269
62710
359337
921524
497909
133614
961848
441150
848919
114300
795360
284836
629997
613902
79435
879109
794296
377431
778419
920563
996839
312668
834345
804887
939497
404316
319154
853666
284899
182746
667404
543276
270462
242184
984910
772139
334487
415569
74285
686032
358426
975491
226523
65921
219817
954648
645769
905199
239733
400032
748558
753493
465008
725196
492256
507468
625945
427545
734974
454284
788726
776022
676464
476675
312288
94100
529702
50699
470520
442346
776830
709836
946808
258722
440161
527598
60324
48708
468237
393144
634590
216572
92653
443850
972569
963242
824611
347827
316966
11015
626216
579888
65066
892015
437643
799746
729265
975
26325
654891
889563
973739
786190
449668
260468
957516
782424
923582
815714
437445
593720
786611
177975
566113
733301
195304
67366
597163
512217