746570
467757
785875
868736
703752
204771
759302
198820
532021
513600
230339
259229
81597
778250
547491
500622
930153
460714
59958
290001
771485
714174
578517
200547
342394
545565
852051
121519
937060
606696
697810
849525
173597
790601
784625
318871
949328
615947
186723
486720
608298
260502
275739
397553
657315
570181
874467
280618
665115
182502
995276
522289
944415
228941
756928
365506
432266
713813
496435
391763
390792
79669
984824
356674
304694
465658
468784
975133
406437
668902
628445
372558
5950
982757
9941
797089
353407
282536
574161
33332
989667
687201
514149
768122
646880
703193
885514
681451
384842
693105
421655
58316
134357
922547
519823
646422
224120
519188
713747
879174
319468
88008
584696
851712
452179
418178
163315
912224
102582
325511
185905
821791
98663
921774
693123
189023
460357
825078
501559
460308
168478
195395
856834
553230
675567
484663
762713
776039
41670
968553
763166
495941
339913
463365
850679
498124
263375
498368
447931
998755
926443
90678
680454
772642
613962
734945
221740
150293
37490
755384
9546
139247
175338
226338
717624
361167
967481
451093
824858
41831
326342
152208
96662
905615
456158
502769
801952
768037
719509
150579
872560
309662
393155
434952
989782
990638
108272
280463
211748
766992
390986
158898
466121
933746
547410
761631
629501
334273
380952
547489
847000
335052
377819
383514
165054
109847
822226
666911
376053
826815
940744
476784
589591
255428
474914
561555
250338
886072
239612
713228
810157
918787
468722
555322
291958
982736
6459
958928
837526
653208
169903
388911
157781
585417
51817
480925
767642
383442
834823
315173
753851
157006
459022
306507
172275
728586
638251
236009
214193
460725
375956
665386
423373
926435
978893
502626
488853
211326
151751
712521
515462
914505
785634
207571
372951
1362
776083
687405
525934
838452
691105
234645
547830
336646
161034
767126
940232
360100
203330
46303
504454
843224
346843
884479
614343
370084
886912
681728
38444
71150
32795
678173
379601
929480
716567
240929
144351
626844
120255
400797
319551
451953
743813
745157
493865
467996
155103
71335
813402
292805
132300
769161
907748
299284
907189
135199
774303
765433
678702
650086
936957
63702
516891
706144
767356
165833
529840
998700
13108
564057
687184
907905
883984
273532
206295
638471
617241
907330
296883
223954
50734
181026
890413
525755
27344
556768
171462
459421
918490
865367
361148
143785
960654
592232
219116
228007
955146
835391
634577
190218
879897
512703
812842
700590
403237
743626
236666
693488
614730
96110
606249
298730
582727
961967
834312
461769
620494
89261
563826
921869
92923
237682
679885
81245
485537
178394
161712
986245
71871
173599
665247
628813
932241
524224
365681
573559
166211
60750
855507
509268
547392
78739
120997
863427
875881
853279
222146
86087
100194
714480
705949
910276
166790
17341
557894
337430
521402
360287
741196
848462
88159
848797
37629
534922
352417
72594
158345
107952
316077
692285
275397
946759
651327
801573
863755
295026
129369
834983
652734
330057
786575
118494
17003
372117
588735
483885
849547
579432
414623
86059
261349
415319
950255
112300
255696
561494
933325
791016
7894
485678
663399
417803
482228
437405
786186
484056
376511
341322
134425
161339
642912
199971
453530
694761
571456
573141
496043
715254
668287
192679
150802
305267
773917
582260
953202
431105
711227
734467
24024
557879
22844
787652
526837
614059
842822
318698
674599
320161
335653
990879
629487
389774
215694
52008
846983
374407
669056
825175
885837
583115
611526
719463
842520
924969
1561
574839
447980
541263
848803
370278
703368
764977
858847
910215
121244
909010
866204
454849
910167
251954
185568
720198
991007
472469
12137
42158
825434
705899
309775
186671
106473
988129
624581
969851
366005
94403
117566
872439
49569
918476
372588
621011
995871
418636
750243
678026
71455
724660
507549
629688
370849
40769
532630
918419
67179
914051
963096
296711
759575
442313
766481
746994
861892
142379
114656
161273
633837
690868
26030
56517
146262
538538
236729
480222
250274
874042
92012
509730
408066
639877
174826
544801
622920
861441
328810
721944
510873
410189
66428
61513
521473
378006
546218
203571
85217
353375
285626
181427
147395
395824
145999
129015
230030
316637
579439
769243
945877
467889
313951
214690
237961
27576
212714
73554
991951
390374
397441
124716
59245
552295
76924
637190
445405
241924
547326
251719
358020
240750
271927
363519
923708
710571
467140
206240
724365
156634
185969
780381
825083
333284
658078
375198
315065
257153
187327
800221
558971
187748
879421
785824
247145
529477
399802
423955
682031
709513
507058
587457
68017
905487
427836
515631
898268
176601
756528
166549
567768
613781
215395
318842
388314
949447
280974
408811
802197
491414
517389
520663
176464
704368
341699
890762
296147
478362
347866
588868
589627
151127
194088
690293
759597
728052
834093
717144
767655
117294
167801
222569
229298
880001
972650
754372
682420
971791
906515
699804
547617
499689
520697
806100
89426
582652
322551
513789
339246
732059
184001
424429
551364
851876
891525
415224
222779
890130
639789
630926
595553
322655
641665
447217
126943
251796
558826
216913
967821
862190
221778
345349
421858
261678
741606
12072
59908
451454
219005
1230
272126
167931
429202
264226
313296
33379
624813
266590
546079
590684
72545
451749
923981
615135
3118
675200
314531
371647
854150
703859
195499
734234
725229
36219
718299
423963
661113
23463
449451
727593
898489
535760
907400
650735
406898
188023
617569
830601
163781
415737
202142
83720
604076
821425
327792
580514
333667
358314
636867
115577
608163
233215
911761
867846
383497
519506
97680
96290
884182
353509
452171
264049
201680
590808
886223
378347
830789
702143
650683
586952
769583
916895
515515
344967
78387
510982
761806
212572
844036
861636
767874
607028
797156
104585
391106
700518
871243
744924
629062
82295
898976
848054
220328
455818
882148
147705
409239
388258
818286
242000
41700
620822
715793
797668
966970
43920
217369
487799
867563
435393
767156
680801
488037
876901
925294
977125
131459
840750
423381
44080
891071
770128
58619
998509
656902
421352
528410
188487
463268
64777
12882
198972
610078
179557
587085
216923
625247
661141
285251
749786
236234
728773
555417
34774
524718
329791
272869
735207
322775
976338
852173
6081
137375
585805
252512
133352
863679
798870
500503
678011
127124
844692
573209
990511
61099
835720
46360
349935
878219
97748
60865
951280
892893
679958
510518
115427
143799
637291
621987
416388
484743
209365
727743
512656
801432
185463
704353
325331
203332
24701
854780
547679
232695
121944
445113
262104
324955
82919
937712
507309
145701
993841
2562
669025
752572
283279
468693
486791
58305
759591
644333
314892
323839
64147
815012
491054
249584
843807
234054
940875
841898
962097
914443
700884
93925
924164
360177
454560
670825
194380
493494
137181
105432
479294
312431
978977
549845
335784
83016
769055
95312
21627
212953
179124
173808
426153
122336
428897
598171
104617
706081
664660
599269
174104