602184
558862
924116
413618
167589
759024
183866
551360
724491
459501
788363
778150
93418
399267
641262
658175
6465
423820
959529
92108
301505
230333
769619
547456
714384
764152
3554
521959
257257
907053
48862
83379
25376
233492
391031
946212
929091
47328
928561
669971
226397
792352
697469
748508
162388
180343
957668
299942
471026
544374
126812
948177
937664
788563
428541
264442
88462
264905
1549
197037
406992
479307
900791
18344
849507
253990
712539
196360
173357
511346
47679
940435
967265
437684
797282
481761
736930
980115
326577
64359
568959
553845
373459
608353
522845
472310
400799
996828
929714
49093
312045
868893
905645
291354
607754
177585
768628
968599
866117
102098
422789
663611
614
770291
820797
992637
683135
20713
2679
616459
3738
856373
83085
328094
481809
802290
63802
328953
531773
758360
396768
575039
914758
330026
927268
896751
22362
343234
526711
487933
512953
33079
276976
651214
957868
624936
317845
836495
582165
907240
292793
663858
687522
257862
449407
609094
226716
245367
497148
157937
410268
165090
230267
600717
24348
741832
631322
612509
613419
589774
13713
233963
46074
414249
918291
588991
606228
111525
267341
891453
677291
914578
736523
11484
199117
717771
559098
776511
855286
960228
173256
965425
937918
986927
457511
804802
285747
248043
749105
221880
709825
452171
725286
693236
257294
791710
813328
312931
434211
789919
110919
666781
772868
464475
637201
567837
791008
293755
893153
407005
441891
362349
661632
455374
766121
846195
930633
143793
476430
340168
541582
538005
145569
607594
491481
828717
332087
180681
672141
720781
370395
354378
563754
655233
723747
372920
510767
599050
145694
229256
698841
68726
925673
564039
913930
717083
571233
961634
858373
334192
679474
357010
484886
145095
563982
172322
20046
114091
979642
404702
734124
565586
516482
764314
472728
594623
49421
960604
337352
893623
290123
402215
884357
936221
703178
926116
977352
367404
648232
523055
40574
587089
610723
703484
359915
33187
508620
479525
159659
710336
341787
716945
828051
156549
135131
392962
313653
950825
180742
491962
989762
815543
912939
289099
635146
124198
870795
860730
353120
52950
793604
242255
579929
114985
351333
817980
684083
573948
755168
406823
141265
846529
4381
896406
529828
709050
732523
190518
651110
913108
793617
331784
842304
929118
532035
735145
617612
292644
505968
979964
487092
308844
473976
272950
878201
243852
169019
179141
867280
161126
364557
799198
859495
212098
434757
593506
806981
569286
428405
701676
492047
512788
906100
561209
269094
381376
32214
239925
322734
134317
565501
881118
454506
261123
349385
535895
527939
748367
359147
708363
291752
741110
558871
794492
164878
233175
423511
248679
309912
473597
904509
712086
249171
835965
546097
794946
512024
372530
634920
16418
775060
904659
789941
728724
711461
751086
631353
863975
521370
54019
109111
146307
181597
237056
285762
342390
326957
164180
337879
162267
888259
747825
705863
200169
598102
745123
633421
908821
52666
900360
107262
179877
152676
30315
388574
153107
524168
688833
632078
970714
354787
819007
931619
890527
265365
19734
991187
593279
377382
710669
608393
653745
982953
574073
956952
401496
813501
760218
948811
968552
550064
592661
501211
63026
772543
661962
665082
814861
14009
24977
279244
336867
999169
644630
539509
676309
391794
500878
727821
513292
623901
885653
379952
986717
210669
197478
77939
792984
162476
30390
866353
650606
471774
813613
164803
726460
633995
789378
194893
253176
880347
271665
789237
371383
184537
100060
838511
365784
258778
740540
504500
401937
142455
913538
912530
187028
209525
134990
915740
58845
227910
817995
74753
282523
937961
792805
636346
144440
745836
431656
302941
563591
222801
674486
822351
490441
550543
744804
910614
547548
677231
529779
291469
956033
374743
981990
244400
724744
258916
873220
777047
9050
674608
138668
127424
342627
807795
642640
457797
520474
913477
677072
380524
196078
492225
548147
730973
921806
241606
210820
533614
48341
529943
265351
364763
948817
187554
779799
925137
220079
676958
51933
457961
479556
592525
881007
981426
226362
462561
849346
805735
278293
22267
961613
18944
131617
188302
583165
387876
107130
172066
537038
174907
131319
618165
38093
371810
357236
521212
144295
141944
267899
24775
136620
626517
799503
766466
729446
914267
857556
183895
168720
557860
215326
133681
713525
47642
211796
489628
479847
525734
600641
383048
145304
684993
279351
817645
611416
670758
71712
630600
396651
432104
900642
892163
609414
718175
43950
424754
337830
298750
82662
908601
348301
177088
364264
495948
622043
291009
879612
761231
4229
140393
212950
487580
232244
752643
730312
573346
646204
809260
152199
751786
204983
207014
784279
751733
616382
733260
435350
947074
469699
821088
393571
545900
515918
965760
337257
629167
755794
393208
942475
510923
240491
601584
618542
338241
573623
190598
277277
121850
750414
891447
117661
942983
815199
895030
856462
714563
616808
514655
145019
182101
356561
622469
982462
991378
198438
751911
672531
161343
17968
649090
328183
543220
977903
984000
110268
777333
950222
108140
765016
873185
666123
716440
416515
646135
412252
246780
903376
521561
796636
47120
560784
924772
785777
608877
514064
555946
880250
918362
157151
738567
583012
928499
405486
712482
432860
79157
48400
112386
933982
524584
707808
425546
208812
279081
848897
252435
219419
319059
308992
317092
446536
552522
303063
920272
778471
766116
611275
795181
667899
752179
328436
570732
919266
304883
606493
652378
586312
314189
636993
139378
151356
118726
398326
712924
652063
715591
378150
880646
739448
701449
584439
694878
961189
231645
165516
287465
306029
757973
720229
700291
583088
65938
286498
334835
398527
579947
937893
17834
515976
707255
746196
433305
476330
443576
628222
257772
797031
768100
997461
98726
393783
151121
518553
166490
894585
647996
955414
380547
990725
394933
593668
473665
470364
726891
996236
323248
404161
92944
19050
828519
371489
327144
12077
689610
944557
559412
4508
303181
773321
620533
603379
116869
352220
923103
316427
151404
867336
431644
847319
76145
559092
731513
852362
563258
498756
17201
886550
650999
885482
404500
748560
338276
281558
251540
422639
308123
70345
8556
632692
272019
325383
312750
54819
312569
97771
744807
75695
583145
343828
14320
302579
202057
887421
4820
267037
414466
640107
330713
646245
230620
319807
869165
757115
120758
286059
382511
195391
392926
154241
894998
269418
308947
336487
831810
239434
316180
541479
556317
135082
971812
893091
702573
340432
671069
876070
868986
733535
561326
288597
835990
741597
563955
709828
204366
636239
188015
263013
438252
681217
393641
192219
647141
751842
359712
77356
105830
699851
268011
50389
725558
618784
984946
60728
347143
993743
192515
927089
59743
395638
838482
57606
527326
972257
288976
266940
78123
586608
792678
533766
477375
3671
351950
710041
499853
700288
849678
888603
773069
947147
250387
541817
29220
205941
1126
815768
866738
18262