676824
25173
686991
772810
222920
238972
221238
699483
411548
863420
561962
966144
505068
866517
312981
847177
633315
986201
64676
902529
249251
2408
18039
620473
495109
438020
314801
917421
660542
782864
558126
291030
378589
107498
856596
399947
34288
82401
664707
737493
410630
525141
309734
658894
75664
349226
210987
67572
573025
741992
105935
526351
820437
749171
550546
381053
798413
894050
32970
190871
171032
19901
918740
104898
718637
208408
16677
150996
454100
153862
244670
745568
459685
673596
749374
648416
352553
31300
439889
774078
731421
738202
928838
620415
563860
334503
792191
276684
624572
284055
849217
542815
377337
401753
898156
515654
151725
834163
942404
496471
707033
265343
805869
677937
947613
115717
670902
664938
597211
919542
571724
268058
905786
580931
967567
1603
873670
251480
537857
408795
703349
31545
398234
156792
930181
827255
164986
224024
166656
89742
620854
116489
84705
266718
666963
985019
656209
20740
632593
834144
255242
141205
151902
991869
165725
72055
741292
648785
437134
768923
636700
244254
335389
11674
816857
328472
979296
310571
363586
429545
212171
531583
178559
992671
401810
776697
792437
407603
545253
141773
722452
454711
893274
831412
471181
231771
833513
664073
493025
966747
239632
777796
116757
449481
740375
881808
179842
245682
487918
589066
23752
952944
748978
114392
928739
152204
632590
191140
723606
609933
131902
596148
325763
572578
842863
475240
303260
418791
781635
363599
433524
285783
719024
204133
96175
336271
576072
619757
1944
148667
1299
474983
528977
663839
195544
646831
502053
354948
822331
390450
134458
648253
715648
109901
58786
257300
398253
995332
284432
827862
691214
178139
488679
979000
386066
991956
935470
308325
435475
684486
104096
899813
447539
856279
892000
504683
901922
857622
776906
596219
15675
44471
368613
925430
419598
370092
290292
740547
368313
424988
775212
136540
980463
848002
521151
331634
45146
103653
725463
821374
482141
188271
160350
802790
457842
121133
654330
950856
599091
101346
827862
840037
139828
132808
280988
562797
822605
841252
247487
707619
920693
646917
396724
447404
341193
252313
251712
577146
677293
90347
820012
925776
416457
502013
863638
543729
719093
100797
429538
936169
261871
27496
124557
149815
806473
644408
60577
643605
407712
107915
677061
352998
460038
815570
532716
810299
879937
551090
942254
587202
792685
810554
417011
839052
776316
159425
903115
251001
780446
919772
734044
730883
610876
536378
814131
631267
133981
459868
292539
873699
954283
746675
156043
785154
765712
361495
375513
149757
318075
34146
360268
891968
380031
973543
53360
2793
503322
227090
174787
644341
441298
11486
428972
866889
897211
534765
221451
641951
455638
412999
34091
179211
877268
240689
925076
580905
130872
581161
101118
430629
378330
640637
603103
223463
5319
27205
631845
783961
294342
555139
640192
884310
76918
910485
867734
466352
907987
527444
949210
362078
433687
986061
580663
237825
412028
874650
404198
623633
244704
423260
170015
196200
230274
701782
589227
840171
925673
288873
9176
78801
316708
461096
418374
27473
94508
210135
752799
101164
640101
204741
646756
664660
321027
282371
827618
299896
295370
155840
231043
254573
206830
278722
397376
57082
573144
485059
409268
54592
738122
904294
403340
77508
94297
163540
656731
567451
745177
427640
632778
23153
809304
55251
993261
379637
432512
18108
322224
623012
873888
830136
916144
609841
55940
516274
992358
356366
228608
281687
409470
443930
239692
213072
74694
447847
361501
987969
163430
131746
838347
559644
55922
543885
621713
702456
210166
214833
405965
296742
98299
479586
809622
53361
754193
659527
988989
301396
367321
534365
360997
134924
714670
658900
680636
211912
228590
338711
432853
896766
519976
539753
864548
98839
726628
266475
880213
839818
141001
722234
992585
457159
6511
527157
146094
180105
514
987036
802745
389774
183695
633236
984451
358051
315694
229383
883837
91672
978380
584808
262098
607124
290772
964308
433560
303297
608442
407636
615345
677671
531748
592703
322436
851159
933173
165948
177811
709053
156854
744101
88378
908953
77155
14024
802883
679431
672592
585863
128488
926842
314294
80287
850662
297671
748126
476485
275834
523997
419305
758508
402363
248275
669498
848228
235347
360922
911616
653596
427803
444242
279331
37384
453970
769464
129098
111389
247994
599420
235911
887801
924304
537456
189472
534561
778598
1181
443707
752866
290462
831600
331365
106200
748805
16594
973631
326349
343305
275157
659653
964217
289881
168649
901628
622504
473560
779439
780536
993977
372477
162117
85191
445250
837065
808320
880573
918545
194086
282968
151389
26381
334361
660157
938593
573628
228644
349159
660007
903070
173627
584075
946040
405686
982560
848873
933877
444200
437725
278018
590944
660605
717086
70120
830596
39684
485608
191405
426883
579604
105274
472701
801338
618540
595198
127304
565906
242107
710508
873687
122726
281659
7740
739136
763148
118647
807045
943989
743810
177838
9783
930614
595063
39184
946482
920679
619379
67173
981440
707452
132067
527373
618166
805904
630789
376610
806242
543829
752812
412985
258289
732902
775280
605512
386336
266553
982262
68257
673117
815152
168920
514076
758330
35406
221488
913812
708236
879942
956294
605447
644006
25071
648404
17825
960493
700629
456882
273938
594008
83369
398690
250139
962311
925336
929402
218665
793788
263800
880490
270488
314618
592223
580073
961240
497272
377230
776513
169069
678850
413195
79795
237904
896941
908236
541896
20787
98805
714895
519029
366178
733237
706887
762473
447045
540993
696944
911287
119554
492579
168132
535835
740095
870961
886406
392491
907205
51272
239867
169627
929792
349287
100344
119469
703395
668906
708567
858099
403944
592480
704707
25090
426997
920204
632819
509493
856474
840373
732276
535643
627831
667818
571614
224702
476923
223638
345448
693585
748039
894075
285848
557109
18032
481167
409298
423720
917411
459056
422226
365066
353123
361092
891765
848845
423343
67825
192817
227193
177471
555062
461862
817114
809836
492836
759116
687559
788335
535229
956747
670991
178049
565095
241833
259969
789154
786125
38237
603288
171894
194515
693507
149825
770697
950323
870121
218699
153843
471929
135046
373546
441431
10583
907530
653992
953605
668390
260113
782569
649984
190586
840177
870041
644697
56992
418802
599988
834170
308534
699421
679601
968063
14119
252205
957388
812158
547715
522530
172143
824871
662839
411189
210684
718983
905517
840166
585786
416999
399299
58033
105497
755537
358752
788831
506147
866802
981497
907000
493761
544859
580447
151766
563432
315297
196994
461204
817886
753637
529670
555622
132269
626222
579072
280195
818402
142322
343949
508092
202946
107124
713871
944240
997579
350023
408005
135960
319202
550320
706246
867326
546590
963369
349082
478731
638383
113986
501045
297853
514348
677475
823697
879351
21113
858924
230118
993842
380305
435773
795017
579794
499638
71249
835231
980499
905202
555909
654204
16994
417480
781879
171740
301256
322620
625417
174652
614977
60220
716997
358870
896491
273194
488731
671096
990810
560455
611717
557440
315400
98877
23435
630198
108202
395017
464290
313670
622429
258371
515504
700632
506815
81803
390955
359182
851803
631186
106207
84377
281852
161026
444302
607480
943010
229963
586225
884751
333138
338379
826141
973856
940232
579417
965185
914728
323784
779311
595084
858072
369683
733681
640555
758318
439540
140958
251440
758576
377337
505746
43598
64133
40831
281781
792577
918832
761383
313988
28042
278441
593381
638138
41112
199258
592887
613978
986115
580531
449202
630300
669361
248490
109815
323506
514651
525139
299781
241973
355626
102167
229416
166321
962107
704404
755792
997193
81602
633361
735868
712073
286154
303836
8149
876166
460698
807426
633687
466868
46899
304235
761002
203652
840439
431439
152399
985911
932
110809
214646
855172
827581
98134
466988
707234
992393
971290
205937
834355
828341
745264
843432
816525
495508
760891
608231
769701
766791
3757
87086
690970
131512
381155
189237
810012
309440
474332
662494
35383
35305
906197
533578
494208
905165
782466
389063
251994
358877
909802
689319
867301
41470
905248
587244
333957
324941
715929
405599
368266
189571
277615
728576
831169
386548
369777
713175
600534
798641
408292
45993
146980
526862
465819
476230
638171
148862
616366
193087
415245
377306
792346
613494
321749
243584
411509
73102
263972
244440
525836
650176
109097
322866
958555
266319
174941
412491
19624
294932
520936
525295
544572
119859
3187
976504
112639
400878
613963
233716
972911
697048
551982
122341
650428
625825
604790
962914
930756
872464
554975
61402
4518
381840
56567
779064
6917
490145
422753
743075
67739
92847
208581
97629
195703
619776
168664
235467
229012
206278
984515
419027
532760
154580
444658
637793
964134
378094
246652
887301
527584
610169
695274
271478
277244
666641
230950
974458
544769
737273
372930
738205
933023
631021
90785
911326
837545
270676
91334
47466
400752
674193
380919
84800
971005
552057
293901
849587
87658
118175
849179
422286
5661
822410
432249
613009
195490
513800
637548
852250
457701
423516
559027
436063
148361
314002
909808
886424
676071
547508
684210
469113
829094
625237
454875
560413
4019
96778
49011
472318
283549
79544
880968
107681
40912
572105
943167
566863
86828
640441
803388
186941
645762
891212
901673
433229
174251
544802
481767
351853
655044
835362
295183
400990
948617
949972
725987
372879
472717
539979
205591
618535
107475
567039
577333
307426
626509
301817
650417
543507
352750
302631
112393
310023
469166
806287
731160
723978
48346
926433
849529
590531
933845
25125
28626
317114
894831
904275
516676
885434
7839
887169
681325
467026
401696
938551
7064
241589
342566
378654
873922
884673
48700
876055
99082
482461
457596
872041
438964
51259
834730
164882
153177
211965
191725
508478
36719
39668
726762
312661
330993
806659
346110
328815
904171
52066
573656
282979
472932
840702
388594
7549
356903
650366
312042
797325
508016
590369
828737
608412
918256
151427
458159
702778
927165
570942
500320
346803
227993
490093
852047
133984
353757
89932
261118
460249
880579
111675
966927
863304
948173
942242
891586
771097
883540
253166
157772
444237
860848
618296
106896
931630
731457
608775
854396
825565
664088
464684
924483
650119
298438
642060
305138
804278
197374
768826
563313
983555
959785
671298
66329
484842
748615
825795
624044
537782
900796
845172
252981
56539
338175
314887