860584
578822
536052
171994
218594
843640
129514
13111
154046
834465
110631
807865
159499
818338
341394
982188
428482
512433
28294
189753
786599
486293
442950
302897
539656
535037
852238
24377
332963
353534
504452
173203
500197
992744
53134
472069
6028
482819
237437
922983
844205
102443
568614
142670
284562
469829
362578
618961
763899
61213
950923
823924
200389
454558
353815
124729
935721
585261
99137
427583
197787
322658
869010
610452
297490
49443
615903
492447
583527
469535
565372
860899
339735
466852
829454
974769
842723
146974
470526
103917
934615
147821
37642
610042
416743
71585
169461
677381
274420
774101
658079
940587
793902
389861
888751
390472
179988
639501
178924
735197
553752
777375
317483
567197
246238
15329
509667
756628
292066
600961
304860
219572
12280
703157
210374
451646
874415
647859
765286
898122
601167
780298
98539
107123
195650
67676
751967
828385
248463
121720
855289
523572
102977
360024
636559
323785
486822
477172
112488
769325
960115
497024
703600
676828
98757
771273
966533
727604
671810
61863
950126
662203
878686
486816
7531
320585
251002
505626
953447
75284
517222
543994
314442
960854
155655
47453
663787
589661
220436
114673
383971
521327
92666
510578
196476
704407
627744
164541
285897
997008
6213
22162
629327
966925
138820
911467
752353
250275
358266
975475
174217
923156
761598
779237
378850
107641
788495
122242
953155
845387
302860
772206
303382
895822
15836
895208
673862
377370
226285
806692
803478
178951
678042
716999
193359
515700
720870
2686
199506
468852
645157
150204
77003
612246
214458
899982
561350
923152
874811
415964
720667
806599
32177
661374
645957
951934
447483
133560
456785
753560
99986
185428
212210
530763
467366
51099
193905
385444
312488
238511
327809
506480
102753
983944
504497
892110
755455
853577
350394
359567
145008
216510
284664
493639
724327
820277
983734
925427
823740
158198
829986
396294
461744
558303
866207
133842
706254
269985
500217
610320
207916
992593
314036
687948
703569
254827
560637
568752
367537
343338
985026
383914
575443
15613
471773
670205
736659
341542
226027
465057
644100
655348
204987
476056
549613
71963
64803
14415
141620
171501
324716
717996
787033
932343
832877
232954
409113
355962
996597
18031
700659
10309
879650
87574
389638
616364
664910
138141
707097
758119
794217
552061
93237
258761
680802
323841
590061
379930
118911
968118
575678
319316
310605
345774
244433
987895
25649
753840
226973
749321
545180
988927
451817
919085
505821
206981
544495
728095
398672
270429
790364
681482
172660
8122
485172
571718
587483
276087
481171
493873
130874
986811
247822
32937
390624
129352
506616
869539
134276
532833
91969
20587
76279
471190
139704
795192
636408
764653
123184
208683
465958
596527
240641
113956
642960
915404
984166
399297
623528
193259
257732
198836
876759
258386
477770
223104
773226
834991
497331
835856
705897
164033
313192
211380
668040
754726
342851
501113
366903
56001
565871
925027
571988
560519
147883
431689
394368
912487
278765
423246
878031
368148
923427
250999
598361
866928
148244
356526
699886
731606
976550
265042
626278
876804
394168
719737
499093
716899
463215
329283
499102
305525
807119
195548
695775
651738
913023
721613
784842
598591
401775
538047
479379
624164
32213
975886
283205
98567
769042
716934
231728
42738
727604
124093
11261
354718
386196
576077
172834
654403
109856
17388
283696
766909
832883
432617
802761
67932
131552
174596
559984
650184
568782
564203
95993
352399
538685
878029
952351
931341
27815
926301
905396
383735
899713
208485
639603
301316
65760
58500
346417
375736
269689
646022
976178
747214
595137
301598
813976
391169
732339
185410
673590
627639
195312
269859
547267
189643
979392
454856
789035
483573
438582
49798
869183
664344
215026
796062
694795
756136
710529
945203
857224
420022
647391
611494
751656
787546
797020
498064
959055
476156
721051
384987
33378
494271
318071
671549
397367
471626
439489
120147
889580
358835
862501
255254
470163
878410
683883
38716
852043
321088
183065
426349
990506
405619
465333
611808
465686
735127
617383
819602
353075
933058
884477
536099
881014
276371
325641
643277
463001
203328
850341
815361
371495
818620
675415
343776
256183
38849
315407
284626
968565
686143
129485
685767
408027
119521
792415
642376
806720
357368
273160
528761
957255
561094
812029
426733
580984
50089
478793
288358
402155
961123
523408
246888
522080
433346
840368
802168
363436
417968
819971
654646
439182
418201
936769
789268
217888
671156
685763
553970
581993
978161
553826
657752
345231
121918
812734
855823
141866
324021
805658
234076
347635
442789
466021
778458
820571
979323
626900
955443
933368
351308
757930
483834
638874
663746
321369
948456
90876
419682
763202
587698
205718
590774
579225
735107
238735
482011
665764
289627
499280
108393
335586
74628
843572
498426
580616
367724
795
330393
169894
895844
398814
543049
196585
631604
677789
81967