504677
988521
911060
16213
108025
671212
331160
49933
980413
606596
91911
649628
419409
963661
128066
611154
228048
232331
22829
4013
93485
310818
324515
742052
972152
737390
649929
670864
921856
287680
99456
375
487315
844790
728756
614455
354721
864118
352082
966924
469311
156807
347606
491902
20551
572939
338434
755626
395292
926493
814378
539434
241675
193091
732460
401444
108045
175632
785086
272044
752297
873689
70304
516823
211254
698257
213168
254173
8062
751364
516636
517418
233087
317292
690993
311617
566347
657139
192403
301261
196047
866054
437830
127238
53552
306259
115560
209148
469777
916767
470849
433091
768945
316869
95731
122364
31218
830798
683788
257851
141684
747178
953658
830490
651040
24265
345310
585753
547329
711385
662905
419952
183500
42332
72643
932340
829376
237477
663322
305185
654440
737454
105367
488330
382206
129561
47037
489050
263722
216898
341579
298950
188967
223421
678065
478545
411846
851889
265567
504315
743757
570064
158008
161351
470583
34098
580773
476456
898591
44493
840966
403527
257847
826067
711236
462836
7538
60072
274882
962534
426562
970687
419442
339504
490939
786000
104644
438403
850199
823415
2872
106906
619603
27756
772885
963398
852662
727131
4402
807126
127089
23584
557297
270754
21218
340513
757260
205492
862003
391879
700359
355220
647455
900825
77125
560687
361877
744311
43831
486819
920757
540145
239215
458730
604279
26690
655442
389024
682859
947116
973356
785330
492954
803057
358430
862885
198668
187499
96434
817920
682979
360137
14543
222040
761637
980454
756616
348278
414423
71495
855886
419430
231108
820977
727622
509727
520285
348773
253238
732746
431162
460282
698648
913393
596414
700373
461521
123845
592985
346822
507259
350027
365608
682050
153502
40549
127671
990393
281982
689337
402406
688532
537998
89664
228393
725197
870082
771117
545769
455914
92290
402487
676040
436439
843002
510405
721922
724959
396110
671030
426670
769927
63851
307786
169572
884423
267321
840944
452345
12005
805229
623788
290470
624688
551546
336484
961287
216663
700839
511560
839359
220452
149756
524124
394296
148952
363030
297124
965256
426403
354650
429931
881263
372544
945862
525743
197437
228715
284707
674988
948241
93312
692823
238019
939515
501809
967831
732103
962947
80420
23801
352485
150851
869287
980519
386669
323695
300625
908271
713921
265589
421046
699704
868441
308415
667014
44496
917168
507734
851522
331360
116622
598496
346524
611073
647987
953546
927659
386663
734877
291072
415304
988027
317622
545113
916232
182919
240990
950865
70166
512011
360784
84334
698539
663980
598451
370883
325165
171852
810943
15954
535265
416885
503370
107084
88015
584878
844463
527861
278513
820592
80409
41763
542487
268274
830769
177253
111834
520289
161186
55617
71994
969772
137669
472597
57751
821499
962670
626334
995337
968255
944082
964887
210652
73572
725779
472633
24171
255332
371178
203937
227287
188469
159600
602256
391909
683618
200457
762764
544946
832568
488430
618915
847315
993239
277973
236367
2509
39016
603198
204597
631725
863853
426524
346376
154758
910899
404831
796811
897925
692453
603482
462131
340786
741947
667606
991914
853701
904783
856626
353648
663651
734544
821109
32540
588660
921039
860338
6657
152225
427511
80727
796907
365295
803610
812498
630793
724659
892966
937503
716260
246577
792310
408946
704717
291669
264836
76222
713174
91149
730365
433953
38454
931585
907949
456620
156048
781232
917530
631826
54541
465192
126764
344684
771301
17826
91977
274982
644157
982903
146111
963018
520043
587587
229275
990247
174869
172245
590934
24349
854263
236879
804591
731080
948291
599841
376404
961223
479202
921116
532218
211304
298585
820150
540940
254001
279879
255641
353791
788621
720266
825831
71236
860754
956034
199311
574423
528235
167853
455685
443765
531879
636465
214113
871274
196381
957817
852630
308808
740601
909686
372301
427060
702312
122567
148893
636186
563292
165172
124841
680256
932092
484115
872919
339128
374508
173773
911465
485423
556340
825339
91769
78435
549903
762218
261269
665522
387730
921149
199349
223821
91319
953714
333269
751819
104390
483709
992563
460314
861535
603664
906087
956560
666214
361276
989786
674144
46411
839921
294308
964456
586101
25697
151942
180006
850698
658691
777856
210827
729885
53684
724049
820904
449205
70967
524169
883525
813750
733085
543564
338961
525231
483008
383589
792819
345983
300329
572228
717118
646372
971921
635542
138564
529441
471877
59839
694785
352140
554914
677495
655800
860337
750720
614014
696092
987814
36908
434493
264932
209837
726541
823739
261121
558655
516391
335544
636652
642939
221246
882154
29464
411179
362514
152401
369671
823023
875273
665465
852729
618376
388971
643980
810623
370883
199175
29393
200685
864767
283186
840389
443565
363933
164143
602900
424816
579396
574250
438772
521792
603342
513311
144543
660146
795475
271512
409707
625399
316624
853523
94151
24657
925747
163202
541652
379746
490501
295275
186525
537503
465332
376240
300725
987748
513532
285545
100780
37538
560178
204077
943853
514675
296557
520624
343479
886542
548753
675718
652982
761302
994425
858886
504573
999501
504960
31369
918115
155941
131245
871698
331383
712631
228472
506696
988192
406989
462525
179422
396630
178713
232316
47443
280823
731657
468427
913621
132039
99954
820569
269761
282119
612969
813151
336901
236016
416497
734053
899239
373836
263438
104365
877854
992114
626616
437440
535198
982812
949355
296212
63281
524134
47771
794519
248897
369958
668677
784859
950066
441250
250529
977310
639532
691058
934132
922164
948342
315635
68353
89363
208062
573157
911455
954171
189749
474530
439398
625536
499991
835068
50371
120245
562888
986545
627051
348727
827482
412173
905325
243923
949099
268317
404127
610709
55723
280715
210042
98542
988732
289563
588290
596353
682418
991361
778589
543882
405690
283868
787270
946411
328086
787667
979033
434517
511110
277259
795726
928719
556483
835458
317571
432870
360420
647563
603889
159794
923620
870630
735105
916928
969275
479419
295479
423969
457192
754099
678668
906382
402384
207731
44634
126838
910080
488950
782513
210854
877199
820614
440327
451988
354847
269975
181259
149897
530178
833344
549402
208232
532856
251159
631179
167070
715479
46311
522469
527912
489028
376401
602736
552636
713373
325308
535913
482133
927609
561146
329871
56606
953863
565305
885466
748026
88723
195554
6283
256366
905383
83921
162334
493228
267214
618034
97437
71549
208947
931188
617358
19209
863273
561325
944397
306630
765956
743178
374004
834171
462692
692977
203510
434864
805585
867189
870219
346356
917378
36085
523141
959178
509880
657298
165890
458994
728839
663818
666298
751183
594037
249846
329848
934522
901755
316444
68582
499874
424105
126578
569025
720989
941477
325488
173291
683152
105555
992016
877407
504503
49233
24421
400191
807250
604121
538837
805449
619885
806154
584437
76456
392522
698752
851711
970151
313516
264159
129970
612736
176066
291759
120775
443475
312751
376225
156555
2034
990642
70320
652830
943129
962999
624035
932422
498811
569081
649199
733680
99383
984466
41721
709893
668329
761120
785912
529509
402717
161622
268473
13763
582367
138972
518332
469789
219566
168356
327228
140502
415438
624779
750348
807537
368253
973031
874333
538796
310205
438899
193052
389047
976336
125716
656376
533711
76482
351495
465729
778236
361888
301610
623276
671395
760774
43172
750131
508873
847574
829233
744729
208293
272581
214541
516427
269151
975567
854908
413090
191019
642699
444020
420677
415933
164697
90152
709804
366568
699191
948275
642431
205015
504243
430685
477213
434982
331387
975180
969528
903390
718928
573897
79837
97291
482585
766766
81
510780
589012
58090
62231
810711
294439
893361
364879
424342
517589
658754
433720
454050
595788
274966
687702
70026
397338
713570
494767
261664
846976
717705
225327
794160
907743
591458
693675
836190
638223
640993
419138
668827
673039
752036
898528
640260
558358
863644
781020
321431
318984
577622
315969
169554
193860
570277
746282
896554
696090
613806
471239
695076
411482
314960
603708
574740
395207
864942
502824
921264
362987
168002
388112
259460
689695
585696
465605
261596
275819
911250
994259
247350
271255
161003
671308
809764
219349
137567
277514
673782
548469
653896
239304
241421
772052
992259
656926
855117
793697
537463
82391
342385
351757
145910
799792
903608
314383
472891
449456
957309
107281
651091
302622
869476
296634
97497
601828
44400
828888
922074
620286
653298
10026
635031
697823
858140
924616
378920
900896
775092
303600
670397
674981
650468
492206
866240
857551
444334
557543
364950
636887
945276
998082
736325
91085
988053
861682
947887
316910
508652
488036
112957
316955
14995
380802
853079
572092
208717
573346
649679
419120
302464
983759
226077
341551
146121
679730
820165
741183
407786
945308
26325
875151
601502
607410
364938
576500
806861
215349
61395
157053
391387
727852
470637
140277
850075
279985
665645
228916
966754
239702
84700
175714
393142
161970
342268
652042
328100
79627
555945
749270
116912
297825
422171
987629
765543
429461
741256
205670
498769
840436
123430
633959
389827
797349
589646
614110
92496
603242
579644
192859
663712
637462
804147
828745
103384
850060
179005
562824
612665
947183
692432
612072
444741
253739
274893
878339
469531
745119
87842
888503
173092
779686
683214
822974
449766
252609
372356
256748
681910
513122
635113
821893
65546
863575
879736
498809
217260
170130
298437
821758
586315
188305
902943
391623
306092
1902
161614
374246
528702
65733
95931
701307
180362
666493
337647
121560
319113
633525
409396
569779
434063
154765
200856
977286
863526
755790
494095
715143
566070
461367
506424
740991
779231
878693
545912
351114
244009
707422
639683
30826
571731
712698
876345
481927
816456
241710
182444
566535
591151
551734
812352
514310
295073
420510
669036
109426
610358
453230
151389
673542
716152
835056
381369
948513
832057
163231
618752
182530
885441
177646
233231
60963
481631
470898
316223
927727
815072
836716
272362
713568
364894
513335
273293
830841
819504
374410
914441
854237
486847
156459
550212
966155
636088
279345
101292
860279
699741
15796
907548
981573
844470
738835
996823
874276
792806
698081
870832
487301
403096
179052
446796
493687
427864
374828
191040
166625
515966
111173
750804
12827
248453
25081
893289
812393
477561
277613
638006
778260
732367
313878
41710
384615
494799
934528
70974
674371
851500
187963
826610
820448
980788
197026
66359
115680
703138
697353
56955
628433
514641
471234
86385
623488
67787
889292
375792
957940
786560
42009
635067
676366
374802
969851
580956
583739
804237
722026
651241
150163
481460
423860
613736
117265
913910
630530
696591
494575
604352
348610
809380
142814
487852
575798
592963
286111
589719
33561
757630
493121
148367
711529
685534
514167
96171
729878
170760
438421
38454
203141
498235
708775
92867
487937
844662
305646
16100
157183
251702
693304
73205
225100
62045
758107
925267
250709
557742
709774
267947
245202
467189
823011
975469
99857
358916
885669
36254
62171
632023
850826
363213
271300
377561
867925
67549
557204
16640
797771
979649
390093
503699
857743
172103
352857
170316
786652
727563
204882
765016
447327
528652
484141
723642
655023
147483
22212
980752
97770
979823
712894
119214
532077
381270
760221
73383
706223
685574
407971
587370
59578
241810
260130
953416
681288
326584
755679
204115
176182
56598
712034
658850
787751
117501
882973
935986
40120
794014
73846
324903
649179
818977
318707
761776
770514
796693
541633
717448
793098
811778
56097
936664
653842
570585
335216
295865
977270
606541
472913
922200
15740
569467
14265
790259
31738
855492
270102
891711
496914
413179
85661
960364
40908
441530
850479
824960
172686
654095
608231
338912
438266
156372
340290
930158
237028
667804
589548
116683
166447
591817
442851
424189
689027
425403
581770
290668
245164
29091
990476
836679
542226
165749
417003
27140
52625
754556
368356
935684
922677
385159
720129
147860
740947
295489
804731
787280
898950
557087
11721
601122
806917
407410
568393
385704
416990
545756
872394
15412
395793
221919
412916
828268
598859
955921
23700
633938
415998
421420
222472
213342
497817
44545
291268
6920
958633
618637
328510
936802
5260
923684
695484
768481
653581
212234
550200
553020
807585
810337
169324
197164
98685
231676
636928
430676
531858
269457
297870
815739
823078
799373
146766
47412
968144
91458
551907
734687
322768
814076
185217
470984
480841
239217
220345
810284
309083
439254
549282
755420
82209
474126
82150
383867
646724
494013
820710
748898
111034
249403
232011
949666
429791
139685
700330
263657
588718
40461
467411
466429
977756
19473
816631
227558
948881
772873
678323
731881
789828
521882
486269
628014
792945
873192
609705
755779
198906
75304
257689
255801
265496
463763
387583
279788
79996
988342
85520
871713
622854
108902
704200
10119
14048
674001
487507
248288
310841
583728
827039
646841
134426
240921
202812
917653
896358
579889
284524
727016
671986
590591
172365
23295
584574
525211
991648
547389
220880
300229
862645
815743
490924
315346
64565
128929
108210
453952
785292
218202
861972
719659
372593
80450
607089
623193
259667
950261
121875
683760
977185
573391
855298
272199
682934
615766
192515
919129
99616
952184
826352
237526
590475
306473
986549
927443
903247
335406
642596
877090
771987
863160
167862
495485
58652
671272
845343
75164
662326
328433
245773
972646
233213
181212
327036
996228
417800
67492
869560
3792
722547
447937
109873
230636
683464
476418
883764
328112
45578
710227
79180
637691
726237
262687
476532
330538
205461
430862
86327
388391
674265
594223
306918
17497
302579
436850
364790
877945
396984
391500
514099
866052
569615
852669
827045
272396
423711
230958
709694
558186
105625
618163
714876
28558
955807
153841
55073
378039
153167
590873
821069
12670
492337
122194
15541
379404
87289
671861
788354
341419
18360
688754
851208
381882
755110
129744
687777
343995
542468
102481
293734
433990
822257
448627
723721
511968
36747
183059
931026
615783
89664
818989
109108
913572
107888
239294
685515
753027
461440
232522
345845
274398
857854
854201
547658
485237
87916
65309
5369
623226
956395
973327
31296
406793
409670
351543
96903
410293
900951
501865
525594
114174
331802
924140
288386
337950
480972
764311
974142
395778
862207
719381
933987
690134
541757
752327
958861
288953
907286
312840
840705
955280
204169
965324
924065
644342
278667
481441
353290
941777
186870
604888
273358
994496
56529
283389
763721
425456
449336
970369
465570
846222
351400
155001
459808
441751
916649
153087
929446
799499
402968
990646
997837
876928
325264
296236
785756
723474
903221
106072
631462
114360
889564
635650
166529
368306
772826
52418
870430
728030
368744
352544
127114
509994
915248
534299
405696
378148
775095
104645
644008
581870
30694
359051
514672
583117
151670
590227
289798
610208
410615
354046
584943
30061
921086
745357
703943
548823
923433
803359
71253
379180
69840
367576
674634
953179
136650
237662
101270
977049
419325
400680
920230
412019
566890
292480
865212
910958
802405
149810
185508
931335
310647
626233
727285
872078
304987
215541
759795
260082
175161
973698
916509
480933
560461
778103
612259
752811
695847
796728
558773
545285
178123
729208
26807
813172
863224
514831
507985
758636
531974
174708
607586
156183
719976
490391
688404
200066
72273
755102
632714
185000
271412
33529
74166
83673
499619
594468
244232
585351
15769
795833
122817
123821
479251
686575
164774
140956
943768
558195
690959
687268
14874
391201
703519
620443
35253
147423
950670
651661
891860
786710
554337
414976
136115
562318
261243
132770
680702
173413
244237
708625
439833
455788
717610
24839
74425
78879
335733
517665
213487
593854
783099
332170
988677
557260
713757
711624
526401
550563
45926
562403
252231
857714
966075
291565
140442
68309
108208
28723
271683
353935
670647
88638
668042
697703
753203
540486
216481
958876
495659
242228
831073
459461
658202
55763
622507
841098
582307
887890
932016
733369
347425
939576
859469
712582
997340
668581
604046
737826
568473
69056
310228
821238
268489
9218
13649
482044
90913
359518
911087
755450
106505
75660
473360
927580
18094
608369
417329
309358
50738
169133
972392
644595
343555
389952
584140
778788
952649
478425
138035
348104
186105
868925
193302
654444
585863
837969
454289
212928
61048
346948
543303
71182
445205
232859
463395
891032
73019
936858
785721
966348
265168
773324
374218
11750
769616
797808
6758
126306
230789
620992
91692
287965
885973
94814
135405
296264
55989
710302
902191
623751
340412
232298
228365
366572
633874
149654
683836
461578
229831
53377
340392
864121
285184
58212
436220
778918
150155
495034
205569
380884
999636
237068
204510
9907
864625
933016
984446
653723
786712
455133
147855
140709
915056
340742
504614
246950
361988
185136
239551
920009
366292
215450
574754
567368
138438
641000
590114
638663
879226
436244
724672
947405
433851
886066
460076
590047
101712
289438
424491
915195
799283
987716
761172
629550
197145
683787
463220
446739
526000
386655
487313
128616
335207
2649
154124
721870
64614
241613
757215
203613
933215
127601
784454
801505
126460
788133
432699
203126
521208
724195
52505
334971
360138
460485
666018
234678
481787
543789
23836
56644
913753
255508
814678
246011
701828
253683
631688
526814
501285
769351
994712
624956
285119
880773
574265
173029
997917
676250
162926
319818
27883
830109
456429
250480
376417
848340
901214
470673
8922
967072
228802
193487
322691
673414
204209
969749
678382
351002
291452
761612
742790
165834
839473
14135
500445
336964
467260
536108
509858
425285
747818
73840
422510
18943
421961
714221
400829
226534
826028
504274
175866
201816
166923
814856
206514
149799
128646
15884
324587
12996
317834
331053
726542
360521
261644
631588
871039
995938
670323
236363
859981
774681
492818
612988
192325
980478
369619
580359
53089
162863
93807
270543
27870
626314
948505
492737
886443
327980
715066
126322
396221
335588
223063
103317
106815
80633
675536
9493
377703
720788
312514
326613
383524
697292
523659
521858
983987
967564
371437
984017
730577
155299
135564
1498
30155
40232
277265
848337
94705
361224
207281
927581
426985
276014
52168
560662
390559
806349
200543
390624
608986
992973
550348
523358
968554
25359
632825
614037
664382
237663
299837
111711
572050
151221
248166
850569
699717
544360
975384
396809
213448
965936
213582
153823
621939
470
845759
612166
393394
515002
724637
454039
25116
12288
13495
469883
259620
526425
200511
959499
965800
934825
137893
913542
808679
308314
356001
896814
838736
587133
883408
151295
878581
861080
350838
335757
755294
608528
782306
670073
724922
21492
636143
873231
210800
645219
849062
440255
842516
498012
30017
248759
202614
448288
938123
139225
982612
124486
377251
16030
307631
344923
418975
473351
115515
917427
928652
788411
592367
270481
290772
986306
659645
205806
259961
775580
407772
120106
40893
997119
635648
99660
512356
359532
88683
375031
877265
250477
709469
940268
67405
491373
236199
654646
124839
878899
487006
143990
291509
613821
185066
225099
613816
187189
971774
869469
609246
452498
617954
54343
392864
639438
295212
720095
803404
129343
175309
311779
475933
173589
602695
228481
147270
680175
905212
182018
457486
959770
740194
449685
586516
518951
175187
124916
537588
101031
639297
348277
357890
3589
920967
908271
689075
724161
957786
728903
330268
657669
906270
414486
12370
928357
258197
838136
908208
100152
66098
854708
917878
777101
433036
176771
640078
1356
102062
307327
924907
267563
93707
786666
964938
715145
427663
91223
99802
926890
800528
583480
342904
552400
580835
656454
421203
711666
622859
960199
36463
990044
251213
334911
520901
403042
27231
409525
358279
62658
136254
445920
964096
772949
306271
782831
568858
790898
349885
526962
346106
140000
553233
516712
762245
189493
228192
919333
33478
144847
750382
80288
914728
289646
751120
887639
90589
417965
640415
152799
687137
191643
268553
578571
802969
668538
387265
48312
746325
13332
222614
420340
364917
229876
344353
834633
459111
596808
709977
266409
736270
106513
195713
136887
142782
708740
704
739376
828644
555969
3217
638644
612931
777069
957713
934005
218585
362350
505397
20091
713824
77378
922206
966993
896304
780668
884421
991055
123969
253021
734225
950661
522639
310923
411272
666497
600790
502832
17825
799742
839549
338610
755447
633641
173327
953610
880666
814992
901092
496196
934656
487146
106334
436434
608089
264253
669327
180812
146944
755824
240440
478024
777293
866733
428460
242898
330823
186994
633556
534024
381623
938933
281803
758805
947160
841586
606697
328456
912554
181906
28061
795536
806885
620473
649780
304406
42315
99692
764790
310519
223190
29214
845871
287452
106513
476054
761483
969080
791619
986174
875547
489630
328773
562762
90228
567421
231669
692418
897782
10233
241923
260206
165482
954022
991785
566622
926917
137379
348919
71699
223754
924881
256204
364429
395659
322351
5153
208562
429839
469268
307711
312024
164175
804167
644113
292527
775323
93694
943316
873678
10586
780210
977386
364632
812078
941723
297102
961035
487926
885773
151138
973221
898349
637935
581413
136242
251119
759316
934592
533815
464668
967991
550719
739253
512085
804504
414493
975194
728292
53869
252728
731849
583032
304199
78755
329092
852045
380739
181786
423156
989034
78952
697488
89302
384836
831268
430117
385025
467328
263070
447859
828823
995030
113207
796232
617416
265809
42019
446190
667582
315699
24477
788581
318121
759797
617548
328690
87847
200171
344496
272976
971342
486534
196680
169477
143322
264371
320196
225104
757870
106402
984930
73086
366216
645857
540776
495900
662598
807078
396989
545543
81679
185451
871139
722399
853088
356084
199892
341402
313331
610092
708089
559477
615757
850029
552897
207109
771493
975071
689764
569963
674156
850744
989237
817509
811709
773729
704285
396930
499875
407801
337273
77614
422209
624050
292946
352555
933986
904857
126773
415648
270686
969268
889583
709195
576741
560004
753767
583315
678763
475434
355608
830521
686320
174438
856489
804908
711083
158394
770538
172795
578258
693101
851117
740901
267081
961643
387775
863884
480996
355146
39938
941128
277979
142631
756840
644824
910089
173679
217102
383604
610401
957306
131122
344574
934254
749201
132691
500886
421060
950352
649572
183117
421960
643559
214124
652785
807385
544698
267773
710406
40538
719208
30990
198230
768670
786601
761784
243488
143342
462609
913225
628972
750265
997361
330185
740094
213145
55645
922695
457129
676862
204999
541278
228410
57913
270922
332233
781845
483111
370947
277536
435294
893048
403482
474543
227534
541531
613662
403697
261925
318984
963854
421934
207806
771241
78261
16430
849022
396582
516525
976921
708902
21899
123779
263724
401289
655704
414779
337114
527383
756390
226538
680701
146647
805169
292162
160247
543603
547398
856235
338218
418349
695818
6667
890767
251056
926820
679144
533367
860353
793224
966117
758556
306004
841441
234729
581731
96059
631195
598237
437425
194873
84234
903699
465575
685237
717242
874308
374331
434890
412436
566642
717236
183483
628329
185452
825730
12612
696734
219440
631991
454347
826036
256042
134950
300726
905587
90715
669975
271382
864435
488213
957092
200384
545159
469666
168243
676989
206022
345605
410831
107927
14583
985560
919781
310036
202328
471764
652505
414975
473739
539311
813827
176033
808606
386528
918666
451023
352694
612734
223514
714717
610199
996486
982277
523760
730705
714235
782004
695665
137418
688232
385159
933982
247461
975489
317585
842426
663053
576360
659177
780005
451616
266123
369582
273478
396858
3050
581787
995172
149404
598070
604739
945364
424697
18069
940649
54285
741789
583171
200638
277591
192570
568786
91831
56354
386513
908242
947979
642931
952377
564747
709446
774009
907151
619431
953357
422526
654203
967469
467055
461753
252762
840808
768547
504832
719501
614118
593124
537946
548062
175772
715302
144691
133002
887271
66419
485673
544495
68397
254183
750915
71187
141026
984516
825345
650638
298214
630451
236430
439254
581964
459672
100178
20005
868150
60432
532964
880713
610140
539658
482589
223175
408171
12543
116039
390061
274954
208015
686645
892723
608887
347385
160364
583565
217936
750199
403519
517520
577710
231796
760056
178046
501932
221355
477362
353136
936261
890909
698692
564383
409819
170223
246424
771982
659028
873117
391257
942488
308703
704031
685514
808146
22549
623639
273908
880732
736954
218099
770808
995849
652002
247397
265346
605992
399792
917756
982366
123887
478394
282847
383844
8131
289544
64422
404559
800935
564603
208405
522412
420158
445259
933750
923694
851582
485929
549714
899038
750323
643779
144587
79023
247725
669862
91801
867824
959752
121533
57183
660698
849814
877943
295145
156169
2667
523015
352645
397000
649604
345285
379387
528837
77716
999026
674218
442787
253549
529752
222016
18926
476487
695632
229525
455146
946417
885533
228709
189636
426257
208630
691880
440234
650777
726498
770256
240694
428553
273979
493150
552773
979866
667028
369570
994791
478030
578167
252173
619567
67730
836359
159860
818025
892492
391236
899940
784939
409351
666285
961948
196484
139768
429056
312363
523282
391149
825053
925351
985968
420177
515273
141511
232011
793502
230477
658718
146518
561887
629630
96436
748692
962849
847448
904515
769682
931446
248964
442507
747063
579493
65849
307602
564723
566897
608254
137020
948245
135108
284686
947202
910393
578616
617876
305170
860510
940163
764181
532291
944854
845756
507885
203636
306198
649486
727729
656384
945837
645880
240372
873823
832594
786238
640165
114268
836822
308848
18261
480302
604856
918484
239575
267190
972375
844402
966272
106708
180354
922941
196430
58982
157227
587545
136229
873567
864507
912589
975348
946879
35903
725447
441079
322996
164095
387398
992533
944333
943471
742568
34089
130647
869951
572048
241246
389078
93517
419187
792883
381282
425722
906880
362014
503963
928858
662185
93709
103178
851717
278931
871879
283029
136779
869014
484209
504863
430916
158001
495661
876346
161220
144525
348253
741577
23854
24876
330565
880567
69152
896366
489742
333710
969484
377920
789479
377525
366054
627233
360006
570313
347961
839314
62733
212310
441365
851098
198471
738226
911459
11123
743121
264630
887705
235157
1621
265242
411208
306332
594738
884908
248274
244376
106552
127853
123898
972081
605071
50248
135060
759925
649463
243375
856859
705728
657001
7380
476193
311879
16093
218242
742497
629057
112293
34453
303344
107826
939703
915484
29586
635669
532872
443465
568105
744229
5843
855763
444809
634952
968120
774633
974886
251544
43330
744274
466863
8784
810561
738341
302964
757904
532694
88546
275457
230285
638477
672812
432399
513048
352548
75236
993360
20937
939242
240227
809001
132552
475587
569939
444668
238839
557704
985835
323810
726079
989131
755525
53112
209974
763192
801373
425809
835434
386070
931048
163401
893965
582253
918287
57785
207101
572802
831558
712774
429166
78782
510093
753044
764278
80685
277123
5272
628340
237922
976162
408908
530654
565559
115227
483643
307046
38833
129231
407740
232713
385027
990055
436859
954804
562729
81104
486194
8723
790069
971350
46392
335031
765799
630748
661104
464482
102708
249910
682978
738034
643625
168803
187622
866600
565417
537962
571772
903253
1746
145551
258233
920288
695486
814066
22940
373686
96614
611333
683327
18318
741664
990248
234153
389848
316681
812899
940992
269057
489597
528831
680924
942373
559235
994241
112118
143250
295046
572612
843519
751477
510398
917362
333773
536612
54638
664607
57072
440327
154118
297282
422947
963492
801448
660304
156638
985413
954887
794231
232200
665223
57132
578740
164682
994050
603539
267793
451327
106960
740850
989886
953095
482364
90777
149515
107643
562633
846132
859072
703419
640988
506222
646618
28066
223430
528688
610850
956699
970866
24519
795242
263501
393832
167652
750119
793970
390779
772988
104422
115653
389077
66768
119341
233562
454493
109319
762863
419975
608962
817783
331562
349696
54439
834050
963105
773121
561387
516893
886385
536356
231700
688876
478803
127122
431383
144201
927405
146838
167046
290980
981845
457613
665622
249924
34339
706234
239500
883500
896113
146102
73796
143960
29618
114436
847582
335270
57004
9091
372485
382546
615763
801596
356381
372186
138883
64155
17481
129216
269658
778171
532502
282926
210096
542426
719559
727091
137461
963628
745597
955564
458725
861515
429763
65086
339626
473931
266612
805183
716494
138924
352201
857588
592986
913257
263235
300789
376656
960877
796593
260397
818114
719717
713311
306366
131150
74416
729243
630273
691959
641971
492389
754859
623840
310666
234354
904523
537447
5401
891357
182127
263707
577536
549355
701670
452956
154989
914937
656673
522126
356299
554308
193011
712441
581720
927573
641464
692288
499028
910407
967697
106492
767253
425974
325197
388597
937783
416454
211619
365821
315249
123533
404060
355432
496708
290718
620045
889643
872716
895155
928578
477712
382649
35190
4791
208467
579735
498284
534655
167773
22281
867967
975688
845786
592724
467110
604342
460025
286935
770099
249451
218751
181657
134392
474728
933832
940091
71895
903117
789340
31180
687269
391804
470890
478715
969594
996316
239204
777511
878360
588217
450486
224083
301366
965001
545508
473461
665064
572298
888191
882349
626220
59654
805507
653331
497235
161144
840080
919337
352521
365961
988099
358319
200772
105715
614321
487062
502213
259527
908159
124236
67918
135689
361057
523574
452449
658169
589549
36156
953712
598893
861403
461629
346086
453721
585116
591524
795664
547825
127059
716818
285034
715173
526004
106747
614210
785227
793272
393293
894987
141723
976890
707850
525377
828627
494257
820087
841459
119419
55051
549484
996978
692867
379490
270988
378260
483272
582365
619151
818597
542453
584038
718523
282348
313798
911171
304946
916757
608232
73107
129060
762560
608509
735784
933540
503525
209211
664635
888024
327329
790068
668880
524299
832738
303088
507367
164317
751724
483958
457948
833306
378181
787370
829596
969895
35459
955344
364228
756376
217264
700783
754199
435359
418583
920464
418140
303840
297646
330661
824018
627232
456095
887559
484689
514395
442549
603032
957631
764276
132511
983880
476459
186503
100004
235058
747337
778203
17124
454118
170635
462899
850055
336194
495960
691459
270916
627001
513835
672960
533072
43382
192715
387408
486433
138905
604130
630753
603485
261983
998717
878165
636644
152929
793951
951451
868919
351475
391746
554201
271939
695597
980779
796101
666446
746502
153704
483987
393085
586523
109929
37321
750335
328912
666361
180718
899546
681549
684055
256352
763920
895722
848693
139333
919149
698405
577932
403610
828912
565136
818586
536807
176148
150280
217914
158355
606649
484319
102878
43540
144628
74843
98154
833022
578800
652440
181744
99261
488063
945800
455172
572574
652353
291355
107196
739847
470319
850618
963270
136327
875077
507564
320038
953288
647370
716764
368458
744609
620925
560562
825163
937800
967709
501661
376642
933029
756949
428530
645701
391809
896579
606574
510333
155357
910180
344343
672997
872351
57245
180289
324193
528360
863144
205165
617081
546113
709593
61004
929200
957427
158540
67169
949253
83125
618158
378820
82053
824256
126692
636226
372043
39743
839323
549410
104278
932002
941165
867779
634309
459410
19757
473249
931249
360319
631247
291382
456615
371796
991735
382909
785921
341004
587740
641105
4447
594398
187225
602292
685127
262356
572432
351148
761431
181562
187707
3912
255715
175025
366609
15745
161071
363107
162576
600443
342602
99857
877
653931
649477
646279
130518
966546
732559
652081
797984
831591
341486
469704
623186
149458
567580
8293
483213
525077
194940
749174
251350
946181
828151
503822
82754
193398
369976
562006
534589
896182
762048
819425
328438
455151
545894
280542
106923
902960
290991
31590
536972
341317
988229
433397
331087
188226
109592
944502
898000
715231
850446
952759
961698
963005
429416
727164
472950
901255
740530
226607
189862
368180
615014
815477
617759
750952
853727
430043
970601
433082
867573
182383
60757
138192
836089
842924
435842
888871
160526
18125
468363
930223
281762
748482
700048
672467
257224
275264
803808
746070
373044
664051
482944
128409
25874
278479
830362
384761
90371
799812
497861
463253
530420
294864
485933
539181
277661
172270
123487
778534
52948
818540
555252
589226
789771
965466
609943
155372
377900
21726
63540
320521
444815
873893
247806
41290
611350
278836
44125
996422
697574
479708
204915
380708
286978
847884
905866
66558
527941
944704
547676
733026
934460
563736
430589
532402
556318
735747
455849
41195
303977
80602
213222
700418
991897
358665
543765
625386
560775
254568
391451
338803
757213
953576
392806
747340
916914
288360
823454
276265
43910
372967
396074
609408
806363
335444
841884
46445
668206
583490
482554
506741
455889
673207
363882
359783
758246
996452
317753
172446
712314
233134
878536
192996
631611
187626
482195
38705
658135
971688
798879
489489
594995
448742
989312
450467
716613
526886
583556
72189
903951
882586
402624
412973
765945
741115
588533
670746
468553
750008
19102
603594
170753
169484
16856
591229
426837
860008
314414
744950
226119
13584
734016
267417
915553
706882
556176
715504
175950
670096
496682
427335
796182
875407
319149
903608
290293
792424
987065
952129
233878
405195
326903
26513
601137
985540
688575
89314
511358
251366
807786
771711
490132
919075
182518
18151
459171
889854
525007
861002
793738
443159
860992
80432
5846
256165
776566
625529
577624
494211
320684
873919
733794
145953
117304
95191
580318
242267
954994
444919
857674
694822
227388
529969
548180
671974
682099
215965
316749
319646
507697
202326
169677
57023
764347
119835
586532
602849
746766
509077
660344
883791
670273
573943
629440
223996
641495
103361
428124
415060
549859
279968
341198
686958
999384
678704
393433
470685
916269
785441
654644
268006
234473
674359
423467
371275
478928
94059
364371
890118
292330
941231
671656
907922
442284
614095
236741
301538
74438
102515
358078
899829
832072
599809
25629
623617
884081
942047
77496
538956
127190
614294
931051
870618
828460
3986
914936
225985
651378
661574
855223
563352
66941
727596
150523
129870
816801
132394
365124
52247
430905
146064
395162
622400
423252
492734
791116
131300
628156
259107
465157
582967
357988
165664
50695
170431
900205
134346
314695
182371
532373
128334
264741
948380
107389
316464
907143
117256
928661
285548
514513
886173
728358
329149
227586
411322
788347
424635
465262
572441
877485
491935
355156
676193
299018
833570
265051
90456
981985
60932
669038
446838
150957
680297
927601
869524
397340
360734
674398
95876
621562
371001
237825
867514
320895
954589
760204
745063
533809
361180
780568
564518
732663
819000
290553
19535
578044
267010
592636
666538
363836
50276
913471
622078
848431
634490
58541
21575
206350
574618
221717
349701
386182
984756
730919
403505
414648
76245
667338
556939
550699
550534
416476
803854
499727
301265
284167
449349
72623
568035
952124
144183
720306
205069
864144
190590
338765
286949
680943
550070
233353
248329
869377
723344
871276
15299
202519
929926
499527
586760
130898
316329
522523
453723
802449
354198
18153
715535
135508
402503
280853
393065
299186
204549
655286
764707
76147
857979
743037
295565
481675
549031
74431
384591
818036
485161
95136
804105
987942
498558
700766
297179
996150
36806
179895
950016
423880
76481
700408
847829
662770
47576
583524
830072
476143
348824
4861
562955
408637
530553
372401
757912
425236
505373
364260
682447
460483
776468
713686
854826
377384
943004
210353
430129
727243
273126
468978
206297
117975
268627
312305
668488
591735
520254
662734
375220
647114
666482
607290
410345
646146
283516
714015
176809
614302
340636
856301
757357
574017
872341
505283
800266
671663
652132
89206
170287
198629
848909
401344
756043
676242
864784
686920
549067
392437
710395
779209
554561
282452
860057
281954
797216
539286
414408
714554
186276
138494
915752
660302
273998
847876
610287
846745
761421
17938
216218
116511
628409
384344
703998
850325
275000
953292
262845
957296
713795
92865
669652
140680
194243
892195
104720
791785
70549
868941
872672
455991
230637
907911
387846
836795
733590
938463
565096
20558
349847
505570
98947
558880
928050
236023
956159
643238
50118
896729
293149
42846
798228
753008
54412
808832
786718
727050
164379
47362
218859
831738
421642
939656
905896
187469
422521
763367
690280
212454
391554
415189
996684
845749
84002
953966
993278
105944
17042
854821
694231
436174
233716
138181
675169
301460
254697
468387
54518
712030
506111
778147
359815
161587
176648
680803
286969
501541
447493
276167
105705
148524
946049
654690
506768
89247
361979
879293
688002
744334
438844
109128
972241
940542
130182
651867
838734
966978
525677
865575
159087
929394
409471
379965
737804
794507
261086
796986
884484
755747
310767
615887
714364
877895
576043
490601
906695
182642
810131
637441
107234
390764
913344
500865
454806
436350
515096
435025
22976
334221
288797
141438
878253
752475
754015
844103
358815
916693
904018
5059
234605
376217
660026
632626
429062
318089
155714
204894
67029
242565
977837
991853
572801
472520
903524
557894
250828
877921
431917
74334
476763
151051
435516
769118
755796
528811
736292
280883
266083
621287
688422
628337
438552
822622
948586
860645
757162
92679
354892
291573
36703
53929
748557
786294
460867
847988
362154
757771
502037
825787
440138
409460
956866
956239
800656
353274
990729
979577
232336
557557
354941
882963
240991
512377
818793
511107
456900
721179
387725
913429
523338
583907
667911
802548
158455
614928
668493
206085
828247
634498
87191
948065
859697
180296
762842
73197
220123
582534
364078
181015
285866
497987
893840
559470
425409
271053
786564
365726
678986
176905
142291
781127
455491
758427
534962
613498
956912
474158
879299
428943
832495
439328
473908
93542
94632
414989
588230
64376
111074
109495
905384
65945
947635
196623
551873
776396
140688
284642
48077
296130
371586
612579
645599
648817
737850
186449
110916
709390
807355
785221
984520
626983
327733
391770
878226
769502
999794
300601
446250
911429
701865
969279
80347
670803
371312
25102
67060
920641
688399
701165
603816
983620
944
938396
876309
485479
329650
678713
74658
956164
197276
529352
884929
751710
428398
484643
440980
864222
555732
441725
797356
41577
882548
442004
299948
419098
391334
40563
101004
919009
934275
836897
700985
364535
205142
599402
954010
187645
955120
93895
686446
512433
504920
237356
735569
299147
658655
330286
875421
101242
455824
601744
365741
367158
90694
2857
303549
601346
193753
217395
538093
641856
365744
129202
866469
36464
752186
742206
224466
858759
114552
454703
515917
349992
775153
59045
349341
41921
993161
175282
851
672901
968876
217572
575956
531137
268709
748786
994292
342365
469067
597057
552828
75506
296666
841364
56462
812738
62687
804111
679264
681752
325197
149862
820324
296125
717422
203431
879880
884692
308403
792800
714777
376723
393836
978798
194818
969566
503635
814691
115763
281409
207106
614163
187101
136074
902597
999611
468377
363265
581130
292239
641000
897734
628149
905311
438741
692357
733008
458789
114231
297303
888288
190637
629075
741752
528338
696673
175198
114593
673044
266224
766495
837762
555649
85915
597491
866526
115828
336860
626027
258370
809854
886963
750159
894243
292338
324942
74886
829715
942365
83475
724685
871264
660435
131470
268581
559625
441956
688434
574282
545246
740718
629262
984669
640115
190284
181581
328867
529856
605676
279337
970470
713432
257023
317102
701177
628548
137353
938919
226713
582204
980120
260263
934191
872193
421329
985141
613555
660314
746917
967829
739114
762409
91107
732463
974415
959656
715304
506271
290704
798086
298417
678296
593327
801944
367441
494005
378313
415229
831357
632222
53684
333139
855557
437779
788097
981008
406622
876824
851744
1406
977306
983677
599331
846165
997240
219209
435035
372342
255704
910019
759711
288322
368007
682716
959403
271253
498168
580924
224356
146915
546196
449959
309049
66989
227944
784524
774054
482015
850301
134506
179986
256777
211013
66527
678105
770040
192817
470735
146276
941232
982112
764013
568819
63817
315505
455209
320828
859427
844281
92342
296557
944712
136656
266551
177102
819484
583814
431877
564610
737859
438067
679519
495276
653391
702060
37807
693935
113956
479634
616885
9357
628011
761412
896722
289777
194671
133748
767283
506056
731159
958487
59416
915145
561920
356790
315328
855318
776887
378146
829683
558906
980560
36997
520172
102674
536422
657555
10720
495113
434095
406494
441711
925820
708218
805705
62566
183868
152712
782740
764847
80241
382085
639127
225366
704731
413665
953226
680120
328884
635407
77505
537994
645170
3866
482933
253827
312680
18975
737596
771879
421516
31467
245083
860337
615763
866609
512370
135901
80825
749672
462869
384143
266013
178495
379323
274275
842760
745342
213776
65490
471886
642491
232485
516925
213261
106293
225927
319258
571795
876496
954541
420088
31772
311981
226635
970544
822968
845285
171651
772138
509515
974947
715195
421577
235630
398171
831689
606196
733556
943339
72907
528962
889927
545420
772244
303617
289904
419124
837185
544867
933493
107532
975081
69510
970332
94281
657330
446687
328590
837354
447105
277826
854935
376652
221449
482896
196234
841197
285125
629309
758593
17275
90752
73660
540354
640024
557265
785418
120190
66861
955813
512596
611443
157416
821685
326342
421937
607187
974358
90098
966201
818898
690862
496920
152512
760505
398404
357336
813780
7304
26353
631089
164950
675460
472627
523061
93925
530482
56097
794763
740955
130867
129784
348512
324081
808311
362387
313516
287742
238687
484473
303581
929052
659187
97169
324258
523179
562812
822768
369237
462767
261440
360723
584773
317397
153624
511144
1439
623123
767215
633158
431097
484077
510873
580350
132860
721427
764877
199945
468907
596008
138049
43232
75220
78685
685537
559915
333329
114940
894123
901393
121915
331009
180330
485038
665645
670434
538764
970723
532912
384752
130466
222151
524616
537045
491572
860666
351258
766781
939007
29210
891576
921874
955021
31183
49803
963999
59119
466562
514908
717910
871448
306603
251711
801133
789145
470598
153564
169378
395316
58215
246171
641760
661152
479717
859755
466170
337881
888818
965360
455380
397472
713995
461511
623457
530262
270730
946038
972486
56369
294169
548213
565725
72088
173185
90643
203478
495521
163680
398151
789625
337381
172409
246868
481223
951868
775653
704023
182590
13530
940456
459248
69690
910533
348511
991051
701496
206514
76437
159498
577462
677691
331124
281041
65143
759680
674968
208429
296674
979095
679871
882786
472266
583153
337757
128399
24393
152458
728780
933056
354565
928332
983137
570704
869780
359681
169114
215225
828156
960179
409523
260410
299219
96355
528023
677027
293765
329954
297652
124736
283124
680270
201383
802208
812346
226476
351575
84929
410889
784799
63006
977369
40564
841475
453921
514563
738567
582825
287104
264709
966672
800815
649449
513658
762177
598202
310727
971872
491373
365203
844056
57408
872304
342619
113501
91766
143468
6956
713578
113756
44141
723086
74461
914391
441582
760787
993131
760125
811189
144016
886294
428642
872729
991032
855227
940798
302436
230742
522567
394812
253971
39270
848202
618913
977082
605457
182372
715543
146116
542468
170779
499798
480153
401580
288015
865838
906968
998032
941508
464179
412099
573322
176223
981829
990458
501603
290988
306170
449312
877642
394140
968235
754138
98545
689100
483352
908790
551941
202752
111800
663016
282248
528366
709538
773743
835020
339319
573073
837462
801933
858929
359959
172502
916780
875551
301793
230168
156164
826818
743139
277401
820587
609544
905248
664103
677127
466211
387223
172616
52618
268853
158925
874681
569547
272167
665204
951764
382850
497177
696053
96459
16416
420979
818079
873744
920009
869338
952107
853271
207343
120191
788075
567219
366796
851153
667151
523357
687995
189075
715220
957972
868276
802568
749642
132958
392162
130058
395712
747564
613539
829690
872014
769435
414684
722641
912446
922007
874741
461909
670039
977306
53432
803496
374600
65298
225538
506234
553454
939809
532003
310367
903426
967550
515544
368316
624098
834616
660770
771994
67834
240411
108930
239644
915983
176875
993108
927117
527336
130701
680773
287251
804121
769926
804723
739585
13549
356634
401247
884808
402735
170070
964625
344204
911189
555818
88009
663509
236362
240366
371357
769116
910486
43589
852340
947462
362797
555487
6365
419885
698385
552408
21773
749593
41572
426494
572147
963277
220622
352944
188474
17598
924167
984225
182427
507743
477697
337020
676571
910103
585461
530146
615592
626068
970185
462862
458572
359737
667291
509274
962380
758835
216749
749338
305567
768681
232813
124070
56526
109137
776927
73142
912357
416160
139881
524198
649043
931673
28987
840984
294371
774599
79833
640312
57047
366726
857734
269019
53086
450747
98830
645249
711347
195043
663408
917113
718290
891721
440423
308067
860118
459794
622740
810705
607412
92978
810826
832135
559118
344961
755189
252898
950005
270888
46183
918869
673598
349749
678913
793614
476735
464143
424826
528055
690791
309763
255695
126936
461239
840828
85191
20697
229601
193105
616866
207717
958203
445625
136990
954155
525408
295770
18085
397118
545444
675198
624598
595292
580145
284710
152622
318668
656002
774777
772243
335584
231996
901909
313277
388378
199716
845383
251201
562091
259713
504597
994619
715799
727375
786424
924760
714100
100061
912039
183614
510609
216580
391182
373464
2994
601156
92510
749505
207802
815164
325437
794444
153634
342598
24478
347054
667045
661869
893548
251529
127806
757259
575904
560597
414665
961924
997811
414189
415494
322841
263661
431860
293117
302249
474267
711586
649083
309066
770142
18030
716858
788544
452640
885210
618718
263128
526178
734806
984476
449508
415857
254866
778997
984019
902136
743587
799328
621420
55214
671505
475142
70823
584432
639163
524967
657768
844521
70119
455002
910617
681517
61866
709489
691043
189221
861616
781691
434312
970917
823529
727651
900832
208090
590992
970741
92717
916191
255449
859521
17181
871854
641527
272344
663965
226419
361607
150899
374933
387708
496156
524340
599043
401677
622952
568580
270519
857873
145027
639643
172905
546154
265691
236958
394034
302569
731641
314914
343789
971993
677548
127758
157035
429302
183572
413407
43213
408699
217676
545990
683010
712153
318965
950700
270558
921667
799516
332757
36691
403110
829191
921314
340046
152887
363937
989296
990256
758628
499263
999327
596967
206444
585742
19629
450089
746314
381723
473408
786253
312973
757823
829378
223494
113923
816933
570982
543164
406803
820730
643210
588232
236202
344559
187957
620044
746126
904430
575999
66478
787022
787671
859664
165423
727578
184693
208128
251691
133423
256834
858910
310255
842730
184147
680204
22194
459454
12577
471304
368690
831937
685238
980997
232749
498401
493361
507831
471544
693491
678517
308590
385854
146348
608692
140378
715801
583336
964371
741165
284742
736744
720187
762398
683336
696601
171452
364873
998620
563919
337437
340211
881748
268241
561988
583852
739539
255373
564542
544269
460196
867948
42092
553953
543543
585984
167051
392032
759736
121946
349534
127702
999309
465657
125114
303075
270189
850525
891246
750171
460120
585145
72205
992782
678390
301702
251161
751585
516048
77236
754061
217371
459941
922171
967046
762748
882666
44688
163152
123015
544098
747380
273289
265185
612373
176998
765940
628562
535472
59769
300637
364200
166009
429632
558628
807418
44268
848421
341991
732874
851703
746009
279504
681156
137679
100837
744888
259939
334829
797600
320310
489587
114473
451961
423497
884657
765745
661364
203805
301070
34214
449650
19709
155730
572691
625064
702998
431646
514378
3506
881636
582410
454621
603392
283708
37868
241142
881710
764212
663162
665364
391602
878258
289351
261026
96879
380560
124585
282358
467686
990761
611772
141731
60684
990147
686911
354427
237622
800473
269787
349604
254064
388099
632132
284629
575022
334596
785977
850030
56538
744112
481445
643122
496396
507320
509416
572194
796888
715475
302255
540726
46272
122635
728703
519610
31498
755042
508050
817668
157677
552863
690584
508366
274853
727032
769310
64692
514918
263069
874508
332235
673453
688607
505288
680411
674737
123451
145273
985211
856696
757255
297510
13192
664711
20984
125692
157697
154418
36301
547502
591042
142865
472668
696567
273435
120723
881655
524923
572301
62892
211579
269067
197920
968234
813365
828039
881124
453926
123952
639774
346370
295189
222495
585010
775165
674942
145699
491990
864715
134214
835130
134585
496330
33319
62342
247964
537377
870911
70197
354431
92916
822148
857233
895258
724099
91670
578982
625927
977248
767405
7691
945661
468107
470385
899855
395190
858027
4137
234818
955634
171371
735883
411869
37589
473071
756978
699918
466604
324914
317293
854564
212493
235134
598899
361940
126492
58822
858485
729254
53034
255331
377484
965055
371703
326633
259538
327499
491032
474918
643916
11462
74932
747511
53828
337960
69416
36998
88822
430699
527051
843107
39072
982074
901835
391550
994876
144248
780022
448703
776010
468713
443989
887682
504646
336065
470643
109234
987130
525447
138939
57473
716204
746918
372607
231745
768183
812816
904533
243042
651127
432591
976796
670344
456030
185706
683356
946888
963748
214704
526539
527808
127131
259620
82540
122704
19744
423749
259794
951161
679085
688184
179075
779920
21068
94612
958199
58782
875366
85514
267328
763927
667642
838447
743683
218421
497129
397288
144036
844401
753133
881969
873408
180830
718506
463882
375956
43490
777373
404606
868987
489489
679345
866769
224404
763304
357424
329285
372994
215586
118358
174089
364492
55098
442434
330175
539685
718974
371590
755688
809735
154253
457693
636911
496056
49389
362940
349710
948143
120139
610241
398113
651984
237392
109000
676613
540946
348828
31389
471532
392385
962529
760395
206017
303263
922655
109011
508082
919206
933943
798712
576991
532137
163695
696183
694877
208408
63553
477973
943206
753058
813984
882960
731425
692533
128200
720503
92874
56737
600384
399125
621310
501722
548783
476617
474534
139228
824792
104113
64701
799145
455796
791109
636031
685998
952875
612160
846768
797828
551086
706040
15750
590482
426483
190479
297716
224847
879886
463618
526227
921189
679977
15583
340335
74865
827296
269011
697900
909991
641659
460833
217492
117139
666377
602351
409918
591482
910677
384186
33691
917343
19080
494250
694304
93025
614491
263105
658763
997761
176502
511852
764245
356674
164906
235964
727091
415529
864008
433902
929096
429220
400732
211942
978730
918855
383625
620475
83855
99633
899714
608747
66900
842381
866147
950447
593065
148212
633834
819946
724829
971568
55572
582395
964226
60508
205144
521202
409917
213927
512058
970974
766572
386679
797646
710660
135220
132522
101514
196973
584358
213623
616070
709015
169421
415603
381458
175243
469910
242736
85748
243406
211484
605696
79740
134769
642448
702935
909894
581699
814466
349838
947532
626599
600974
306756
992677
545280
646949
707103
434206
937992
891127
611504
278068
118208
630266
274485
608939
33858
502298
888951
136909
169394
124669
413652
779778
346643
682161
655383
868681
970358
447349
463811
104785
895053
162913
878383
686326
338525
108402
986763
637083
545490
729142
302848
26144
685036
378448
652534
981952
789463
702441
326383
78794
447641
22708
978000
398202
935653
821659
331072
770804
703180
839691
554665
655068
104979
819289
430876
117716
624415
275983
998033
848339
440717
702935
219596
69982
75742
473347
659482
372198
561872
239351
272763
393343
952328
855604
912474
387896
438250
193793
76023
544859
976331
957816
697957
401090
463742
327274
42799
629524
191627
658096
358806
374747
101182
745679
842678
997699
143515
678407
553350
941810
876655
416504
662654
190654
762817
483186
735059
211343
687400
763799
901342
825555
8886
921007
405211
116759
187026
82120
633228
351945
988003
524168
616381
763399
147240
559505
311907
963107
196389
434831
909726
311542
941496
785313
723038
538525
776458
966753
622817
247701
230945
14802
86042
777071
334865
571941
620462
868271
651730
822632
136983
387783
877101
107148
338155
368555
76753
723473
186103
518673
199810
304144
913733
564871
431217
685284
552829
425648
593382
310646
175784
778460
948826
753636
653839
760067
671905
903246
161346
362142
85060
699644
374837
18467
537645
675887
500548
737179
716667
988995
973911
646689
492150
490621
32864
117241
647196
501751
784641
838666
866074
591781
997195
433786
807190
844227
851298
453348
468137
853085
477372
512952
211498
351226
844168
542000
313125
317350
114219
456875
2539
595739
445669
730472
755011
636363
198034
872160
21950
284877
390733
21951
953640
55457
217391
135681
33371
93986
852789
204710
378541
891463
820031
332369
50441
889941
171893
99139
40795
105061
311044
757102
827813
840397
715974
978489
660015
859758
947264
307855
161627
217050
767429
47460
73558
501024
546615
148998
74923
453301
950445
869147
321394
8256
762801
939773
606309
929537
618656
647855
379858
461023
503860
285370
737389
698638
558239
337576
704957
484826
142989
719964
684599
376146
94540
854732
78248
313683
75272
47517
495883
884400
650799
941658
660410
41019
551219
763344
225665
294771
696238
762504
700815
322122
975263
440481
723654
569105
71698
538954
210097
464898
4830
525594
950805
798122
162568
666380
925344
622641
603077
787866
75327
608711
92893
79284
417931
888173
737451
26269
879523
64989
836225
842915
343189
663511
800808
364409
834101
234122
384197
338994
601936
177051
814103
174364
332475
900884
154780
455479
740100
589036
911891
280273
424906
958191
373085
15871
482985
414794
390205
358010
14541
719093
41086
17363
499816
179325
423284
720148
430462
811629
518106
121717
177245
231000
933787
571768
695723
625734
929772
592225
924311
467385
305814
936341
775985
703258
322129
251598
13910
989061
392908
239737
911172
352622
331786
324653
51276
418478
626790
382919
743077
538286
514039
146982
769052
197806
951182
240320
939881
103603
709852
771423
53598
215051
323889
328124
220345
370238
90847
716982
286808
31443
866301
993071
676108
388667
563335
400772
896069
561438
358115
950054
978669
445697
848510
29594
958290
902097
168725
345865
427579
842639
237200
504772
206747
358871
72904
791513
702243
486350
639017
728010
575026
743591
162931
86640
61800
197395
357019
633964
747288
521283
588174
876805
403228
384155
109397
93027
572930
535988
250195
559783
178211
55054
819500
344933
116116
893457
765504
42815
45814
592190
647317
883039
317865
399031
502419
149456
18397
78567
243944
987898
490440
914639
864140
718264
880180
455854
899934
241496
281840
983692
600621
237294
632038
538020
490516
805205
201037
567468
911101
903171
472181
403778
816134
185416
993279
199092
244032
654947
621807
283500
245396
358657
7770
709751
738112
964499
285561
893744
33215
804747
378016
902413
32391
431666
759432
46661
896620
880169
4040
521693
712098
454394
897187
291150
5663
173274
410618
854165
152863
311805
185122
981783
533697
821846
981968
228078
853775
210730
91057
186324
53339
966608
369111
883115
99652
289927
60877
835558
330968
843699
993739
380504
596563
786294
137093
37335
795590
889511
805470
566668
434131
223602
713466
587546
242453
256908
231792
855721
40412
208145
176863
648078
367190
486395
561112
14745
202569
702721
428472
241402
591740
131594
705113
309584
374454
691788
345823
783056
467806
113670
641965
321102
212033
689814
574906
95915
808242
116279
59774
239196
417740
347867
812422
432082
800979
651233
514727
77387
974329
852019
61711
270645
889916
985215
279159
396218
726508
986192
974644
800876
310603
630216
348013
641231
293069
742908
31143
909821
879934
186220
451964
929402
638915
509214
448747
341077
316472
488533
109384
8055
209081
45683
81236
875467
581116
728808
372647
479498
636827
676182
799882
938721
829552
627907
274337
490818
792154
875898
467909
448068
406620
459774
584112
673464
529891
824748
129553
48009
21160
693036
152896
479055
817900
966227
229580
652976
45088
677017
950895
884851
707175
400114
603875
990947
959731
266379
70093
706908
174028
538658
485144
858229
547887
936002
434589
769225
965075
358682
164926
147748
468935
846713
507538
912519
227575
108329
851642
716377
709389
323237
934290
608490
447667
619895
989380
542564
890295
308403
184182
223824
124744
275658
621475
608898
24349
243915
252807
773283
139317
571260
554612
200025
672953
255121
565570
443989
225661
728647
896740
152888
449637
190880
244181
340770
481892
84219
552880
871833
668384
821263
913951
600787
707634
116100
101996
23265
159689
931054
297907
467896
396334
892710
543032
87196
441697
658375
594005
387563
379171
500738
134988
424707
454093
703839
669819
521233
597598
76049
518381
358711
768210
172724
579596
987417
512877
572773
638581
241093
846615
674878
105892
697788
166049
952364
472974
232417
427237
173039
206798
715517
834124
551470
75127
981162
981493
200072
585385
809923
382412
566589
402609
923121
867189
49730
327445
509789
89537
57282
671074
851499
289615
903134
851364
491058
400994
320058
681693
463976
330654
91825
392320
205085
784287
900456
786730
293790
103862
78080
955742
302906
146561
608229
780603
119073
774566
654276
65725
958119
868588
338009
355244
748584
459702
319398
793572
851334
2780
911423
209858
619598
543399
283522
853928
296505
682089
720677
650926
610702
719543
451496
577445
252709
377029
883561
580361
524038
781084
834070
511682
407599
695418
768701
758359
36276
334086
698175
475888
388737
706030
472355
610566
667323
182751
272070
759721
528517
684384
874544
850669
45215
640140
614851
649074
209000
789994
842509
122575
356804
669290
596028
738779
854616
339774
446385
51095
203122
945235
968173
350779
397062
983531
209960
493852
557779
954457
690944
406070
96421
207576
384910
489116
11827
810183
461973
676025
161832
373957
932756
909058
593599
1765
835835
173114
470791
110926
88954
301857
845062
358194
334132
77754
466618
315177
839250
463928
959355
984617
775604
477956
318268
206820
660803
417517
940528
845310
916066
810285
297481
804074
717507
11284
65051
234016
433494
201684
939615
250557
579355
613352
608468
677047
692313
66593
155968
227642
564519
575630
249109
685732
916903
945863
781550
348314
221075
622998
687800
749701
602543
356163
439790
62445
803102
955
5436
412848
634641
437084
946757
29022
787802
200479
341056
363188
767199
214051
769149
90804
68521
818258
604870
817501
952924
137202
194336
755852
214145
853706
124529
332591
695743
915246
115067
842657
612649
451818
377798
907688
302832
518215
663964
352199
740857
445693
133998
796543
587338
510453
45588
471209
440605
845368
998834
811241
170007
632890
486454
269712
926610
118141
420605
836752
132311
148260
302485
225692
100327
336341
716765
374556
457592
83785
33801
366026
454077
346611
735426
664940
133342
872458
537258
693230
530887
182901
292349
321755
460444
403858
66067
959672
637002
905507
571842
651581
776441
888726
389792
172785
599134
960944
230886
269345
101676
281813
400816
22588
627882
941110
207968
243598
677856
362071
898531
539031
374187
748668
330315
559175
91248
511088
457116
19545
458413
411057
558178
819913
468139
62843
749119
191539
256464
508655
422659
946570
850449
968288
558004
545777
170500
641019
924973
273849
75667
501008
895970
992696
490956
268417
489601
815554
858518
725445
444980
464903
944511
286234
809603
596745
278064
739141
34455
400760
603138
407751
968089
20011
948585
827358
590649
472957
289806
608692
490635
928194
65915
651176
716363
835749
159856
715832
874241
222367
173010
711048
282880
630550
266179
73681
237960
834384
939725
337193
99211
252178
644855
113933
596249
23482
860546
553700
432692
190222
427735
867999
792828
459037
359701
576451
672370
214489
773013
284784
317235
531305
579371
242979
602010
635198
617996
92821
903154
775684
482458
53696
585494
87093
306958
850817
868200
611527
666689
175449
211050
691334
783895
849101
838396
564732
286408
179950
289650
328140
641932
30643
259793
565342
39587
228226
381351
265844
546878
932301
856772
350171
569229
687961
438424
598782
903398
538650
646954
682709
607247
649467
423155
935226
185384
929209
88085
341148
193976
894511
963899
528332
327314
934828
405838
863093
370595
892416
405264
616233
858843
868886
296793
779222
937014
740219
124652
856599
15846
889661
155510
709159
860447
518254
924258
146352
948094
425096
241243
752385
422423
226922
651039
624543
74266
599937
948861
367602
505632
173826
510059
716640
614040
413843
834566
472887
755017
177801
583142
300996
211907
436428
760797
797441
229990
841367
505933
832938
285646
997404
379875
978032
426266
181764
574004
571399
538968
480980
985266
30810
3982
369771
503626
130398
535399
178408
350366
247556
3705
840040
577114
483528
769391
644973
33013
881127
842584
611866
684614
139053
697034
867994
663360
732908
312372
787489
661516
777737
885184
703115
712386
176560
69857
173792
831491
99879
909118
75449
333685
321280
164474
511932
935452
511465
148832
290818
194194
42525
279912
235226
775267
89149
426408
539495
204167
20601
22234
55012
514684
63720
777350
104456
403008
471224
458380
122949
366184
874111
813712
926954
406240
711920
620866
6888
905408
501929
553608
283889
410438
280232
919563
158460
122806
983262
802203
693477
350027
931804
933184
103730
61464
204074
234078
121905
545408
603511
428740
203964
192590
123370
164753
88351
573298
903830
88003
451344
933273
264141
901277
338140
473384
373131
743092
528995
651348
266451
550295
9082
696160
327384
522265
621934
353396
930065
345533
385704
439767
768111
166204
771372
549321
633515
55477
478651
108672
15480
818994
258329
523645
925784
398866
606377
776265
902795
385753
585524
891345
418082
470160
742024
922203
697073
579866
239933
17508
452194
949333
542547
665752
596902
604137
460983
798765
923783
913072
529316
200733
751962
486722
786535
559358
303824
13020
28987
359103
692459
653356
464146
586177
348045
150459
158645
391887
386539
67767
426882
301436
278113
72220
983637
202712
508448
329343
258754
585870
275138
598007
702462
68573
793022
31912
139293
216369
219447
576813
393141
470494
437103
313505
383650
31352
976344
113034
828451
159185
320203
748963
78306
420880
747474
362949
121425
2794
119519
371057
336048
927488
780192
57404
796971
584469
965994
513624
616351
888362
557458
726010
811581
362040
717403
706797
631623
640330
574345
349171
189944
188148
321364
174483
431104
754995
731192
774596
153069
405987
362345
7860
942181
6807
542052
84981
340304
719320
403297
246149
370962
542781
171685
602808
657142
697508
819251
828612
896998
726602
903842
833321
909527
364749
313610
925627
185601
573051
178456
819853
921612
753366
827394
105404
906758
512807
541908
700437
899025
945339
968488
421988
301530
701054
796467
225498
302403
449331
871740
649114
599651
897934
666857
978144
742627
402286
152242
631438
216713
543610
180982
493973
133073
391319
197420
726780
388599
553987
753650
504592
762450
625233
634177
119336
403290
399297
26178
691028
766026
89723
241657
773026
853857
379432
687839
550668
475330
440686
271567
790657
34299
676870
434070
287054
769378
645051
5165
535337
816219
633473
214658
104922
708535
260527
193906
246599
550775
740506
882580
657946
844078
720080
344559
599249
10564
752558
439307
464353
400919
23006
994917
885256
225083
729393
345724
314926
406242
281173
933256
822967
173015
812851
958090
229416
110180
693672
893182
904115
707604
747357
64686
466016
919123
494981
581536
140378
898929
204722
267184
614036
458693
380309
340408
233046
29294
329424
797291
153832
14325
586745
405057
814489
892238
806574
483084
747308
509310
718352
296362
552096
83414
68126
688339
183387
450525
951790
339730
793010
483148
162121
894161
70424
907698
962916
613325
229984
768056
211767
813800
793712
377919
224828
815837
728324
547621
814150
373902
378140
243943
159932
719865
308356
587296
917808
126537
192318
44400
183904
85833
447821
414776
498568
851699
252064
499201
280033
821287
782490
52668
205946
140535
66362
480548
804594
473119
466092
768256
766543
620498
405803
412228
364095
933935
856017
391895
708840
19346
800572
139376
468654
843463
1375
385881
578497
477466
71330
863958
116575
294282
514999
360991
170413
376476
2875
377288
227950
144651
156612
916417
343069
153436
499149
758650
573869
201808
644539
761311
564187
319155
293259
984577
26284
541522
560539
828628
908681
808713
927057
914581
476595
513018
396460
781252
810852
79386
502437
99407
718020
930021
263425
858831
435204
302258
86646
191531
296603
750945
86263
342490
552731
891056
75742
37191
978863
582893
663093
30157
9651
851782
252962
266465
838512
723900
978540
606607
928179
231542
348654
78429
722248
223538
95767
246156
282776
729814
772186
575548
559324
163429
497209
400303
708925
312077
257002
168614
858506
284124
740003
110247
575701
322387
978119
320992
267755
860435
118189
358758
485229
775220
766153
602518
817487
320885
399417
140636
57069
708301
370350
541074
88645
2208
262325
999744
323797
643789
742305
453698
217426
568164
12119
250759
756482
56373
346998
399989
226743
604099
246496
786218
684904
606936
161194
726878
620525
345970
252892
315492
730774
289499
433765
215695
993513
905558
548766
484657
987511
371061
897145
572351
401754
44424
144902
885968
145421
374896
298721
895300
373096
718929
187324
69634
834294
445222
918917
798233
766005
239790
141619
353416
845801
529284
981682
521625
692637
113612
727273
34407
870583
445001
138724
376001
427191
341900
853923
242791
85964
472903
754942
633137
891667
721792
489523
903631
671213
771617
384590
851563
660859
36780
788404
384107
18872
828363
138891
715410
540980
685125
505097
33414
952873
812173
66008
615468
953020
247861
752035
678383
553809
343808
238016
639072
396555
179220
857978
269368
509407
710606
999609
169976
51411
170480
710928
137265
344985
490805
975843
624352
635522
760774
603507
387825
713249
695173
99080
702884
841597
197701
630970
916685
324274
727453
692123
601461
465060
372626
32836
116319
493345
335601
974331
233189
687122
197502
502846
183680
636766
915142
775471
59814
640220
582097
244955
269517
446898
326772
657064
831246
463375
570371
566363
696805
846465
143331
922116
931733
545395
73724
251207
702056
377351
979278
181063
280084
378764
485403
743792
942713
463580
454210
566625
508999
149973
524268
668469
290877
559666
304607
198189
448140
907525
753200
326395
607770
788115
881685
268013
228770
110796
688344
836916
939384
126885
2664
165649
808938
218644
704394
829211
328834
510183
940269
986095
905513
230402
302746
422004
74214
842867
144714
510985
603459
552563
45009
734670
982288
287228
14457
511692
569089
252801
608554
562050
754290
44175
535876
732045
659020
999038
479183
363699
811711
898643
231690
956299
743791
176502
683021
768299
306890
259384
769522
298456
509870
877675
787655
9580
37904
560337
339348
135702
841065
286004
398179
33019
585176
677606
227247
997148
505247
746543
310635
17235
117236
202910
207915
755964
447109
337472
905075
926833
544332
682927
258011
545261
845450
326914
111899
292754
821347
538850
232377
607365
253141
546300
6668
547255
315350
666258
431915
983743
392394
207597
385207
193059
43422
10669
36418
867190
203780
590208
459931
883099
619211
738097
473912
9511
903513
974232
888382
690661
616328
47728
266863
951923
187163
271749
938800
82889
491356
477132
53238
278426
904147
133005
752781
796819
24740
385275
518021
909632
188998
440484
89337
551950
453020
450435
900413
396139
146674
25395
502179
571593
474965
556350
374186
12738
430031
128916
803908
383382
912381
5719
339843
192399
305999
681107
741727
948869
635548
779915
410470
836926
12576
375982
417728
15405
736851
903273
575646
287451
228774
263702
142911
867811
76060
993554
91999
950167
806595
279020
16508
845761
135759
513528
495173
745796
578705
19908
541474
942304
328153
381474
415131
893523
6309
13092
627430
666397
340356
340646
880335
338845
584331
325189
581446
90967
560115
18798
645504
894359
600718
35025
995083
612974
707492
339891
885875
888155
760878
27427
333257
264646
890606
142916
836502
284517
774249
44041
940060
783297
861250
694528
187589
894099
217909
259589
60907
566600
427436
283927
68163
100260
477441
148743
521638
320771
240721
196428
793918
525754
682553
828596
504201
447899
347952
513653
890445
185879
442049
456034
482457
884606
991779
892665
51251
991011
559158
445913
331235
629531
848732
682064
267163
313955
655026
495570
520193
306337
763818
825607
898331
777475
798855
845115
195990
77444
957555
904057
507955
320589
52864
313265
671375
128888
607481
525334
903565
204847
386981
244741
569122
136435
940696
652511
481148
994041
865525
225719
512400
955119
243459
274663
718910
37532
832875
714557
936868
211045
360460
619027
885756
391531
662331
712828
400946
625682
254682
325402
324103
980253
564627
554189
703131
390261
519474
570886
199066
809736
565212
509305
393990
927630
181104
468209
953052
750375
198521
689725
189990
727777
245069
656520
787164
47573
645509
270791
650808
46384
229464
654475
719893
702864
582294
586230
75139
767364
786431
580810
536682
92150
711550
264285
502807
687973
900805
396201
643752
574218
3654
907264
854288
766940
101451
491484
269640
706415
539378
363924
674963
375031
571721
24363
511403
808427
8770
513987
376141
920005
40851
27183
8798
980518
815788
798373
491321
232469
459478
84242
724374
576872
29413
685576
361560
515131
102425
142995
162611
976029
842583
319849
800631
795531
265151
239103
925950
213396
848681
437496
81902
165211
677761
298296
889964
972539
987260
499223
974366
799877
732150
859122
492698
951012