157128
288727
79687
310524
796885
779746
893546
882331
310212
295269
638076
184527
767899
561986
548043
52929
932307
473588
758068
612365
161243
799335
301495
615911
802421
46260
936548
954472
458431
353464
168114
178297
115788
839312
138991
863450
274033
228402
701457
142992
349724
184427
20970
740009
906782
438385
806970
487661
869897
616356
816734
549667
884468
346726
822119
525564
245467
814867
918278
452193
207331
689567
116707
515924
655612
600587
533004
921669
54368
36676
954826
915444
320440
309400
677520
553917
243549
236757
794061
838981
419515
129408
60064
258431
782034
211055
773291
829852
791382
13572
608257
404557
498999
303302
86713
719414
73339
703965
376292
273456
274694
312874
146459
999035
410300
4993
46129
92479
243261
420612
705223
186237
336719
101533
301567
835159
743066
133015
787529
892920
394828
55193
411993
111137
572188
90817
732281
956881
865772
679257
252218
756432
658696
134969
511558
54425
523532
771577
750993
320482
966050
100560
874862
545929
356007
135054
377598
468637
449199
241714
202819
146757
298079
199017
456018
193105
710713
716388
687143
834523
924277
266772
61586
854809
183050
15749
104272
107395
781644
763028
38325
855707
848879
804622
491844
284893
781865
926567
276577
988485
575350
896468
141341
443448
240949
379653
973361
692944
682928
848002
114950
332103
957817
362209
482353
441919
960879
782178
314044
24939
975840
101095
611935
158494
270920
676499
870606
428334
564792
171517
331948
364484
373074
330065
997021
544963
172913
700547
573753
753171
515621
659121
71196
111753
788251
770773
684122
279029
764252
290659
825232
32519
425260
274373
224469
942302
807890
203377
855696
22767
251320
443235
959075
512974
567656
966140
622789
361500
143862
333943
74990
746702
951677
345348
902187
726805
776065
643139
719121
208495
443892
909342
885710
465226
433812
265603
282459
103056
524721
469821
781454
524628
353612
297710
455883
537687
703195
956267
312218
294646
729770
150900
349845
18932
242139
972686
619128
785696
118350
138879
553499
619555
438875
385382
18747
814824
472956
730868
207028
131112
604360
941195
499723
662033
494938
836465
929191
630482
736016
940208
95328
845445
55215
725070
603312
663226
850980
209892
243847
205212
793574
418910
775098
92099
569079
577358
691035
174229
61192
136044
710307
231321
47612
773166
93516
256794
589189
109632
670332
537332
559723
509537
730651
359998
318123
66522
181765
810004
716284
523227
64219
876671
444013
349043
137780
280387
597481
925483
293170
428806
369501
232576
23727
572888
996528
101692
626005
232163
345329
879024
623756
684208
425743
763600
560527
72659
493121
212971
426904
883829
554950
189893
443002
94396
774150
787283
520589
7449
944408
368722
108995
296045
7133
457796
845785
796377
423177
473544
411946
351904
642370
286804
17501
868219
550240
863186
644415
155962
20757
34709
930795
53970
789222
773879
503654
364423
17559
909264
886983
697527
720677
966997
662803
210176
951597
419850
790759
552399
729386
544741
520654
759558
745628
269697
439475
543241
747331
480315
75568
198950
158986
60461
417476
103902
385921
936837
853220
786196
337987
470273
658920
273937
945399
68425
408230
924338
338865
561896
622300
813807
711864
148457
736006
732680
622435
525962
977488
187150
412188
82207
222886
175883
836870
288006
443879
879823
317499
260419
731255
520152
847982
556344
443827
591197
951856
952706
925824
572151
750606
427250
471612
252268
150871
598118
264342
753626
353851
129796
1338
361661