166016
731298
315253
322436
922505
550685
537872
879895
130718
613787
938452
541895
231637
799433
471006
798363
688525
269772
514205
185114
597774
618233
382988
908373
336526
337518
461180
160014
120912
269515
809098
318724
555239
854544
206001
716828
978201
786005
895480
823085
36255
248608
28428
125480
259912
518118
324520
607139
521020
22497
131120
865792
448286
179210
216030
765566
877643
880116
389395
648732
246080
902213
28303
563109
137176
857105
572540
490717
657970
252628
652389
693574
300657
878732
572612
120399
423005
442161
973240
849178
370982
686674
847509
110249
666633
63310
140182
147044
465868
730091
32109
693001
613027
85910
80251
593904
437813
616375
429020
780858