151024
796277
255346
135743
155056
660372
718119
240986
405664
665749
74789
628864
957615
991252
154829
977931
630268
615160
615832
245060
196850
607848
649996
849778
321483
425902
752394
81155
526069
384102
94660
678358
571089
491938
209549
351459
870104
420382
277385
563592
125912
854554
118083
496497
479389
771674
419165
256418
522731
264438
828002
780836
56486
768286
601464
353994
335060
728110
402865
836510
202875
110250
986816
397677
149029
997974
687624
960300
577218
837301
615568
573830
456044
547036
924819
667779
788997
822193
825397
587094
255292
594821
418959
665987
827311
189708
729515
732715
976555
222709
114251
134837
489166
829034
343268
789531
29517
298918
464616
886094
934738
3565
595393
714951
62782
820781
113945
651372
95372
635567
151894
156314
89237
543162
981987
724565
21168
892100
517738
630346
83633
371222
584094
265148
361874
229819
797876
863955
593072
516068
191857
765630
658988
357339
959774
483200
499186
946274
277785
6750
997142
840936
639046
938148
233754
662759
298146
419279
39308
952669
44664
369754
489484
980324
307500
952168
594412
610736
813492
263818
113520
696741
727143
736750
425844
852115
716589
33061
54381
840143
541142
371279
740167
537647
852744
121445
413294
13857
716816
794403
445545
290024
78553
645648
964000
492148
757178
695723
894398
497502
924137
28724
507185
48701
484749
844180
885518
598183
797170
201450
770706
853448
608406
191090
154564
180120
60832
2324
168630
566460
41456
652615
739882
340219
120593
122272
3984
513243
347531
939579
75437
586072
262934
375108
686680
8768
808744
582883
630495
685102
501423
758082
827974
636832
753051
472444
980335
17207
478802
829155
215189
177420
727815
740270
923506
170218
720101
382909
599745
95083
335973
844235
357598
692466
346559
234351
6409
18242
947900
353487
407497
377913
602218
460321
225965
660845
393258
818655
741678
500834
28451
112967
829424
694308
136409
970380
244135
999559
287192
365468
334358
769593
959242
438223
447219
411969
792616
643561
829031
485334
923085
375372
733553
978014
818150
850557
735914
362178
413702
422097
140707
601962
384022
988467
194346
149914
966634
268501
732716
192168
628398
247985
492020
467033
474239
922427
65554
720088
679062
57893
150934
421714
94367
413710
756091
254001
396520
956168
633890
494130
655221
825412
548915
710309
694832
942365
674984
887297
294205
5373
207909
41889
45164
42224
48127
476319
499272
901955
773085
479115
934668
901080
479484
913225
587893
127689
517132
889988
31987
84855
735864
521235
765113
768622
821827
506790
431859
526902
183821
553452
921047
339897
817206
257093
638933
382476
570329
483935
808872
640220
857145
173871
306126
553846
122106
584846
906132
749042
945158
405806
542603
620669
280080
832567
117207
125570
309493
288898
492581
251381
378046
376369
132284
377788
398658
42793
15597
989753
583081
589869
232805
789624
868043
200216
323489
678642
243510
546998
881536
799996
832847
323584
201652
431759
529359
868403
478098
24372
771951
817868
495178
66444
979487
277986
380144
691513
961007
914527
490872
684013
777745
304028
204865
660813
283893
284633
940360
367809
883796
754326
944381
76123
928009
675408
957682
246113
253401
130971
488432
57209
908755
651480
651108
222576
540819
368660
374967
8742
951712
142462
15163
235290
202549
715906
899521
517582
340317
103750
74311
628055
293751
878528
570510
799427
75801
241010
793994
573606
349265
108547
177779
739523
244423
965947
957881
819476
105534
179419
521364
909239
512569
443607
17593
730165
363514
964849
338472
828591
21542
806003
403810
753767
132932
110025
526905
552680
990500
159225
329151
628755
21724
116351
425376
862344
693358
347081
2892
500717
994053
341131
859596
206622
366622
336960
714806
162673
239812
916287
797628
544740
52851
929462
65374
552998
468574
375557
526080
704126
496780
818553
785878
479644
938269
501731
421755
224827
29739
619604
440289
453743
450892
34168
803043
240464
300211
517837
626359
187715
693750
269374
602239
882402
767018
705440
509118
396871
702698
131784
998439
809658
949623
539718
4753
903220
943993
217091
494472
325328
455140
613043
209725
136909
319862
237814
897245
336898
21596
738513
103935
484447
344244
739779
157046
648667
357614
562055
254534
605311
881804
993062
724404
923599
738184
570037
989814
113936
430996
371570
98250
334587
587452
416695
428131
664700
292904
462745
375037
343079
582013
995488
681618
412984
351268
673890
462693
490693
489954
275198
549947
237954
254886
869810
715305
788849
255714
902490
884489
845924
38737
601414
456646
994736
998486
767414
376215
985392
376261
87028
667849
682995
9787
190350
792820
150275
532967
803567
350799
719763
847980
188634
121504
639620
246751
104578
888652
680916
18859
308488
446732
432419
172436
419089
597056
382179
852760
115779
870557
233244
191921
240605
294851
454426
252152
809841
824618
602932
106339
948670
656250
608505
522415
597870
923961
5432
875865
504232
57566
902380
932870
842515
150725
82114
270658
799337
906428
629001
898725
603059
50554
840437
496402
424102
224623
243472
199321
268826
702263
60862
80700
696611
591784
262827
367567
621390
144522
53331
325880
337146
649190
963949
960918
429648
75191
120053
374590
456544
531262
344725
593889
69401
583665
405295
273161
414501
65619
784009
499906
599519
582175
235414
856469
742258
739678
836189
101296
882831
430488
297992
608865
357322
639143
128523
37441
990354
450982
647471
577326
613771
880073
127418
713200
5514
481735
640381
336701
166764
663729
916474
974935
91027
689574
816303
927699
139454
435039
965764
988086
164164
631590
464844
898552
211757
509284
798459
418282
164525
158807
460517
127667
44862
35554
840559
476854
117337
8574
724052
830415
838800
143119
940630
855933
791499
846353
863999
822618
82077
60529
34578
683524
706306
569912
407379
308128
325687
643554
11120
274869
958326
239053
806155
413939
320781
654733
266661
645015
605274
911196
797288
817894
845093
903215
620496
72534
91418
980067
622776
246028
727521
118230
524733
727296
160604
938963
779025
50622
269180
296165
293982
627077
121089
868108
331540
282194
452940
295182
173841
164663
834402
840420
635052
833380
550015
280981
197726
462279
489620
872225
300046
198096
615136
598483
360120
164877
89638
164921
77497
847605
536208
161392
948153
618240
477728
314073
935989
38195
486031
712872
791848
881466
588420
702683
142805
231341
87922
12743
89844
415477
120334
502157
200950
105672
898156
354796
791159
301391
184309
946097
90880
818601
903175
319497
822261
194249
278633
489783
783713
816507
487849
167840
86556
156612
649173
142723
27543
371302
594002
681415
15172
474946
815772
466669
796516
668376
366810
95845
719982
100522
997533
303612
618073
200576
36405
366002
449351
863172
184944
419818
702798
247821
874160
217850
992995
65017
607080
212194
130469
405555
725427
414234
286276
370836
962448
93380
630732
848037
284926
481665
18578
199235
779760
114080
74617
286491
744494
498864
772257
604245
787656
174006
326701