114741
956727
184290
132062
725095
238110
541037
490738
813464
31643
738031
245705
860516
702346
295134
980427
325217
894410
889543
457467
50016
998288
76514
38874
944018
136040
132288
775289
663878
272202
409696
588191
269392
672149
725730
865426
485894
420970
275859
523078
109540
856104
706215
237855
816463
109695
920516
28133
25270
109811
308090
457475
763541
163439
495441
636028
93140
140355
796156
837739
854092
453692
453993
501620
865641
4639
998586
57421
784042
870530
31245
925347
663493
18950
14775
366634
141032
240884
472080
714500
857563
342003
372648
470285
350209
984100
529304
25793
202110
981530
887858
697803
872946
373497
263706
535915
926626
247594
436654
117378
907256
841144
490465
279613
689953
104202
75557
924188
28820
242429
936966
659422
40051
494173
608660
194955
259145
955393
674617
356317
731636
261952
815401
850700
131676
996179
881590
578229
47457
102281
502467
426406
209939
953825
891089
975432
388314
444423
905973
833193
163190
662126
493034
991846
600993
655238
171267
519282
256657
197210
951097
346949
363226
736842
316066
736355
684783
254240
820483
887111
82633
838608
527356
629484
959392
748881
781857
109433
347158
627730
225322
712135
833907
682907
770048
767184
414731
657473
15863
293301
987836
848197
514395
475179
162452
241354
937443
476292
957199
506290
881731
562326
932925
975956
419037
165770
531906
909211
541207
202307
836407
54974
821384
813928
225647
884503
791627
986960
109716
927011
643574
538953
628143
877397
195749
590277
17222
702295
339503
544098
480543
779486
303290
4180
493667
62376
109355
785841
987998
739477
791733
951769
925283
66911
510867
670912
586509
758392
52369
387674
656031
565247
686723
706914
915853
826462
997785
277190
256404
943554
414283
242098
511108
283320
684974
463927
251550
137377
934953
790808
448472
348626
445505
770225
873533
56138
49999
547781
149169
750544
955604
733794
727058
206761
3811
820531
725435
158835
321020
98082
896290
961697
841081
209704
656929
674964
825121
1906
10130
744018
209051
676593
398675
408421
612604
489215
381160
730771
188033
248041
382976
122869
804568
265501
355088
526390
614489
215985
152604
703018
375442
551437
747284
642440
491967
254327
190363
595974
367129
987705
231138
559183
693445
663601
309939
876964
271341
266805
242250
879244
441964
630304
482333
727993
219619
363134
328381
588217
242153
38736
9493
702805
159263
457852
533966
398218
240096
664916
631381
58657
808344
589825
569908
736685
777964
533452
156509
716449
252631
178120
112006
123339
661333
896352
735085
700849
10743
686521
849469
876422
500311
16067
249737
412553
171814
645153
842677
763003
552929
364402
852852
940283
867874
872764
26603
672319
109203
252981
151541
346993
404285
525165
423168
917604
412350
785243
61780
547249
508825
661826