851147
590669
917257
81656
934108
374683
249726
663580
376012
161113
428174
946278
164391
784829
344129
524717
802168
27926
606789
66382
59687
150661
874595
516144
74365
402523
200724
396914
553220
188433
368749
136500
832010
33950
707573
854847
551876
32185
187863
212178
412558
958059
813426
607370
779152
61007
295694
867820
431293
140457
154346
406162
587061
383201
758449
178417
765066
234907
431370
451011
289312
984308
347214
39637
41582
861850
492309
948207
391329
993352
610153
58075
320031
296285
514652
306452
236520
575256
287542
201484
78681
562290
53894
981594
796171
755032
345753
266623
103384
995268
81737
327635
845053
65655
244269
285521
194907
293845
110254
579708
775768
33628
88761
910060
763491
791746
723152
631032
844500
602539
526204
290177
368177
213124
573661
602969
480525
550911
396513
325007
466634
161131
187859
770264
660224
299119
543179
374044
113142
309475
450116
473050
119757
635978
528906
422456
110781
799472
693394
877099
567030
231517
935012
242367
144040
917875
170867
965123
302878
765289
608525
483477
211397
242724
942189
31878
596107
153071
273262
677545
395491
203991
64090
20157
933797
693670
510881
814196
343185
650426
860901
114975
78260
765120
603058
772409
21795
483538
706443
31885
591460
356011
860447
584772
357229
342275
695771
378767
224516
221388
93977
492205
571845
945479
419190
97561
265794
426755
418689
165012
784132
546995
771726
569994
950704
897643
292715
316836
832837
644663
906794
363561
443906
856
759581
343313
664997
530268
930336
910888
121613
329240
890256
429212
20097
140677
652058
114979
902921
835829
678894
130571
224250
113648
859665
863583
261264
90031
238098
844979
129779
226804
912532
645645
397084
811332
7242
244848
629649
264131
883650
662598
417804
322474
980632
240361
716986
900391
216267
168718
42975
205969
433260
752974
602838
57157
708018
281746
167606
336162
616555
811419
618257
276703
74253
160556
953686
902148
781419
59540
31126
467275
759235
372764
221603
406292
967412
787209
15252
601023
745676
558094
46246
82538
805247
755601
249213
580103
191797
224088
164040
865688
598522
449936
584066
377738
737177
493306
674708
466987
387970
30450
654423
937994
7592
149726
692024
651178
905320
575471
90805
741922
842979
792215
271364
944340
567596
966023
680466
740424
784349
680227
176936
499492
815684
209285
828522
448458
436347
565739
612346
742670
732885
740862
149561
451410
773556
191168
592493
564480
824760
14737
801726
666148
920786
443421
57051
799588
822006
706917
475450
244124
580911
17577
274236
294554
211276
948719
82798
791795
949880
486451
727020
348800
357416
689708
256928
740345
735277
980598
75048
280172
573545
112608
962582
213529
98718
105556
591633
413805
759778
733279
574360
20505
551983
182045
345319
874127
308695
373442
832370
947481
213716
794695
775630
679317
647101
349615
361839
103825
370965
87796
691340
945087
366078
377811
481503
433365
22219
649841
641032
42308
303731
686696
269009
845010
997280
275507
329548
80022
91175
648050
267609
507728
872403
389145
667588
604130
54618
612923
545291
508975
453745
798703
855932
625231
879931
288540
650941
164012
384540
487463
99110
761916
798381
677685
135048
260955
745864
964447
898833
212100
587202
249906
30023
572587
847992
883359
677618
673595
45570
753030
611095
124327
908869
381977
85470
375855
281893
838960
177301
188465
337751
744233
232973
274537
810324
254266
556770
868999
458729
879829
786969
302444
485227
98614
150050
266688
741193
744204
289852
698482
672570
126530
831223
575437
95253
864872
820949
347956
30335
749059
135306
126010
476094
958317
979555
440800
133484
596714
808323
660780
422856
266377
893127
198754
781159
343668
264139
412002
250632
758868
767878
283741
643332
939747
929169
435701
285860
282255
927749
222065
25293
687240
628545
579737
388246
624615
355403
89332
682554
549498
596686
40412
669737
590384
712001
845947
193529
362782
441641
98468
326265
735787
356084
835856
213286
821470
134342
602995
703223
820482
778770
933178
436755
156276
603678
471076
134755
713161
852328
137850
525889
846686
291879
471916
167119
44093
923626
409674
127781
98280
519901
57819
922658
214022
821419
360478
506787
878311
409085
297051
590290
728758
48031
337444
142294
6458
141892
81133
425192
648648
44384
120709
159430
821705
553523
781808
531456
361444
891622
983587
22703
22408
754830
668
937349
792087
528333
864475
564736
621682
975639
942656
999929
478173
538322
751746
548569
415887
453079
246345
622378
780313
82582
832042
116299
598000
95574
87613
2878
595801
288409
720283
664220
793520
175901
560569
847208
850772
886847
64604
566080
344690
819515
739000
554351
73773
784718
722473
669344
628775
445372
875405
929965
600367
15406
506172
268374
378503
461875
963300
137102
176336
47079
996934
430382
737428
191217
783111
366349
157040
366502
20724
448679
370652
558219
631189
792377
810521
659447
928812
554671
677238
964695
104139
21557
230782
415307
15503
849066
830465
874478
67132
243507
442749
54708
553654
954668
535977
929708
352794
416504
698399
785316
788215
514745
718820
802731
386157
297307
84181
719921
119008
558347
795695
478859
608152
304134
978746
830995
671096
298892
340179
92781
137240
507443
589461
655972
601154
204119
544547
284338
103302
118959
365653
197342
445882
239419
190781
851648
38034
151001
129749
139872
697495
891127
335110
595197
782343
41251
676823
62057
557066
283199
977520
796369
933260
309648
244746
898203
482875
590261
931254
208808
10847
582580
447878
735097
495888
580272
423132
394413
634137
168567
363853
318248
992168
881400
853489
957328
463726
692306
222602
808433
885913
499975
846734
625856
996651
778959
302738
423229
241015
364041
543189
297009
405496
131660
492135
756247
802702
169820
713652
547223
637846
106424
654705
38509
492644
266896
255266
942761
939360
111572
190469
593167
534842
241576
630687
616606
906123
189300
841312
878638
253386
108951
914485
968818
469351
944315
877291
108702
355015
198275
460923
865314
246557
650978
163318
403795
899490
63045
656014
837739
693808
930608
322750
961895
890432
681127
37719
290447
835390
746562
63912
361362
806854
34532
550474
520399
796094
196101
850693
249008
533968
957290
279330
269681
850178
668086
46863
773439
46323
429659
67112
198459
278196
349481
27560
184541
5120
396487
376555
271093
573338
546815
7135
184461
676226
302642
839
780843
943059
287149
213547
831987
302460
975828
760224
433832
822937
945723
962223
991699
181933
212372
34661
238588
984190
45954
239671
102933
160141
684300
582863
328631
846513
277229
304951
970563
188751
186824
528993
215083
724536
966968
534544
317193
188191
718918
908455
405101
619253
164724
202764
68788
190691
867958
614713
435859
155939
493504
320799
866163
27708
144314
857527
725687
751192
539281
685990
3097
326787
813479
54091
404210
399490
830186
914089
850392
449422
591106
257772
463969
72108
231908
635290
637766
558506
195204
524759
615907
208824
11751
773844
557147
821408
824854
854678
796441
258851
594542
912991
675249
217970
703445
918203
684644
116870
677255
858536
874434
419996
306574
177954
54442
962768
37520
499147
510893
277077
351554
442228
287889
449679
94907
578315
994354
143949
449251
768865
343682
445670
503818
520725
523760
728943
764565
697186
615655
320726
475027
737731
851629
938974
113005
148223
919724
505591
378812
743892
913742
108153
191669
413828
424641
989373
505343
274294
71898
659608
523557
168203
334101
893557
434151
126911
647867
962958
862635
385783
540316
798471
338897
672685
780924
90343
996580
516724
505162
326195
955116
392618
720651
720681
924448
666618
494614
456854
677880
602187
693048
143892
8865
177609
927991
553572
130250
894414
713076
795620
65372
757228
40234
336108
409158
235481
375635
27339
609909
160888
788521
67289
496355
894784
15113
638905
59271
340619
520116
289198
372842
636285
209392
227094
5722
309903
225420
558854
651895
501047
503616
928964
177322
384502
418290
336731
167158
964861
421525
41439
148390
372221
573740
873405
381286
922954
167853
96062
187054
525035
805568
470296
672537
212480
100582
416945
806932
326864
863159
401841
373874
522287
379844
303810
784283
65032
205979
242215
63909
177677
860840
715958
145723
485368
728376
19635
454585
838908
559961
313483
50522
601549
143006
165674
128393
398857
512575
658553
224083
2881
877148
897463
55678
92648
415138
161267
654067
161751
51591
754660
137558
46971
605743
873381
570678
117148
237360
550095
366368
989194
536307
5429
481998
538406
818417
904054
865981
940298
618205
362755
537180
663830
415713
804974
853600
979992
306944
11562
744884
576535
182042
442789
459662
204861
12302
607295
261277
986334
298553
315109
594207
121001
873181
374735
499598
426154
29918
138706
258938
484345
221797
520802
783410
79491
652903
6824
271772
134706
65408
121212
857508
58236
245561
148095
119377
350405
985769
559000
889139
572338
234615
697993
405817
176523
927165
915949
467167
931468
590408
741072
593476
526345
349628
450987
348889
902267
101652
895226
88310
422890
541576
907516
91271
463225
309767
710535
389283
996745
524388
278725
614077
707467
413965
256911
53299
822118
43509
545764
281796
90753
74772
168517
850847
423277
84420
402673
637910
270130
127052
930232
834865
997941
504250
14911
362079
710275
142505
592079
592648
288636
149218
896921
268861
138910
504415
892810
489809
741485
351403
737159
592385
407356
735205
753670
898638
806747
124067
504840
143276
308702
310386
307382
571411
307077
268988
135127
207922
909965
131715
787116
537859
279378
288841
847465
234233
860767
219538
579600
219671
532820
982273
850027
692954
903027
344736
282341
250966
450183
846011
441221
208607
215793
111403
215112
828894
154512
810352
25563
656387
704780
37112
532594
687001
441664
229948
900936
458549
30273
463114
136755
187272
664335
707677
432803
348884
374872
325224
274807
466427
535203
644914
953595
511859
957663
315930
365250
781718
14025
877244
885916
961430
979956
413612
952181
440654
121464
342943
668042
4147
170425
351850
400648
799401
353875
287650
884099
232498
122911
352610
875792
402369
953957
448938
718847
855277
351518
716324
564216
686209
849124
689603
318577
820400
523384
317508
467465
58726
95024
906135
27588
287417
793275
734294
601828
502718
474194
532979
889120
487800
981245
181233
160387
74220
945215
287305
857956
192912
857824
708077
975550
483489
215317
23720
679979
427604
252493
200740
463298
311972
716058
270342
89993
9098
538554
555316
559257
11019
29506
398070
895949
224683
656294
912698
434214
149119
315495
552817
498623
317408
242521
86552
37607
86588
255504
977041
532064
138950
841127
538863
14515
187789
649708
105745
823726
483947
85803
684069
80508
603988
494166
271374
719455
625934
532174
65568
851404
266623
863120
570376
388066
915170
916351
661769
523529
28180
690057
539809
968355
358667
331641
228874
219634
293989
33177
440092
897158
889566
614530
652943
760672
428572
853442
329119
734121
761701
168680
122312
223048
542768
616238
605745
461348
829849
725828
720485
674614
79981
503797
427964
556489
69797
277816
688024
465105
964016
968406
295499
797798
849193
554226
343638
372763
519016
408314
217421
358015
140660
848169
197206
561712
32022
44854
82192
656086
14345
806876
110095
606787
396301
627655
173830
639013
103130
258520
657086
525478
478386
245205
665666
388960
417295
817008
2461
205888
884924
380466
85115
249590
197568
684228
410413
718294
758133
217626
655624
584590
338294
471869
464173
274116
112886
29811
445346
734284
82606
503948
868127
496003
340398
494540
26278
423691
399125
934576
268169
60323
605404
215903
526735
188065
1164
910062
219505
983887
735568
932688
242879
419680
535013
675673
755488
607309
757357
56237
753910
877393
461987
310857
220512
528445
446057
88621
218521
463416
556734
579685
143486
26839
605707
688755
39724
437717
800348
794075
424455
5999
76204
727819
97816
154271
938521
900644
88782
307378
958326
827881
678181
930376
401535
152131
435876
464744
112039
856686
865792
786558
247054
540996
201182
119154
472655
187364
515702
861157
921525
957183
908051
382346
53901
380991
36791
140063
72598
267795
951835
716167
220821
370907
705427
446918
735941
91693
737680
208472
546924
678402
163520
571054
815625
82433
995472
559814
887146
349605
187473
581926
406106
578957
206392
19956
737974
322976
711936
967285
251936
968794
542762
505568
549453
156408
941668
957278
618746
730236
427976
994145
245884
794845
202171
230366
4148
174159
609846
951912
677216
429546
799393
683498
515535
391033
978331
41025
682669
573026
452054
9076
198844
924141
71968
731025
654244
602098
472060
291365
872481
652516
521455
41495
665114
546164
147030
441633
80978
304291
344820
104236
873719
366183
782538
719240
976472
592057
337695
650309
87412
972153
216735
986800
672045
827583
205728
416301
553244
918079
106431
387438
80702
307352
342121
395021
532299
375865
500214
810956
469095
416944
672943
258598
935601
132561
333104
644305
642554
66239
502697
967507
496720
4890
19966
650942
529272
900357
549839
339018
241465
685650
258705
557197
771285
840141
111835
762969
756947
163682
572285
812594
678775
45483
686539
970602
75924
434138
783031
493084
379960
941696
373532
755777
585349
984056
81431
384818
932767
933554
496912
863802
44033
139935
760535
269207
341610
554294
436073
541582
107574
825058
781393
718120
155975
702920
8939
810828
593954
974968
939268
60346
787798
34159
394461
180641
450390
725894
963662
472926
825064
654780
989832
656083
944438
440283
194355
937759
656770
63561
945078
289727
874295
820973
514836
963009
468122
173179
518579
399328
889759
138526
747961
327937
240408
630465
795023
14089
857800
39163
273351
873881
162134
382932
838170
665511
786333
193528
807818
164666
324256
269495
217766
519617
363675
901687
687340
921425
340213
353847
503880
64314
1233
916224
992699
411524
731779
575658
697495
221899
93984
449864
479334
108916
900462
392817
48875
251659
450426
546796
849536
986491
674377
480759