805061
136903
723566
599816
77730
890848
915334
127600
957
79670
457699
255319
956251
822724
376764
801768
869843
496154
389066
278602
363954
501138
228343
650345
294334
342954
992309
54303
340888
742211
561068
467454
551546
204853
490827
150652
342304
978573
782848
181308
996356
43556
337922
946613
396225
165085
258571
171841
564825
54266
298596
661892
798674
480347
114264
351351
601659
857813
855882
956176
731340
500907
274723
922768
602795
50860
789539
208553
196491
2536
759449
2953
476207
475856
832174
536647
509133
72553
696155
211881
330509
619373
296698
142287
105072
776318
161018
177088
256142
909832
804397
957072
228279
271986
803260
443562
857659
592320
907258
951680
506438
209736
275477
95948
11619
250702
433129
918721
900449
17087
361070
58643
152723
362694
642962
949152
977201
422159
422626
137465
987
878614
196129
425745
898238
21419
366395
617346
790159
905412
751059
885238
743861
387646
824249
184888
653059
813426
695031
763607
580579
233904
996938
663604
195086
909979
298158
684969
513463
25249
340306
442006
795591
599380
849515
996937
745603
865642
680293
507849
944011
282446
195700
411648
492732
412512
396232
486274
58612
119632
870174
549886
628725
37266
64691
394112
282594
935550
212627
132960
952039
849224
514896
843211
245238
992791
994191
538795
401260
140483
60669
93878
291666
703408
35103
536528
587262
525954
992454
399902
791386
976444
806176
776552
210940
787128
869803
487210
604277
237701
990789
522360
614182
978840
749536
689739
365195
549617
713489
500524
585371
762956
846087
13499
199688
463551
762648
968668
590305
179830
213687
584767
403992
488137
656578
975819
504861
437815
749816
777831
794984
677506
542792
803876
771414
87526
267972
914890
159403
307063
940341
604094
282358
307606
497735
937165
676882
411407
791269
519319
772232
707539
445216
455642
528658
2061
597512
71706
44027
639458
358301
926827
948834
246154
406623
284699
818717
189702
301250
153150
951801
934653
166654
530646
239072
310327
339522
311583
359572
728373
567752
444533
462935
79914
313604
162275
238061
60826
226870
728137
903481
650382
460063
792553
364612
413937
508304
208270
659037
963083
751901
693913
48602
736919
451377
852841
240572
352130
458299
118054
746929
286019
545094
792491
551474
840401
91879
858445
640717
854790
322383
820812
821309
122382
306432
851350
771893
58699
912669
922546
139068
702921
808282
824911
636849
954969
592978
961898
610992
337676
407927
66966
591693
159438
114467
504555
613565
288348
344014
969997
420053
844323
511129
316824
96042
664247
103558
859685
838166
806764
790219
698684
114588
650005
636411
751190
628387
435798
18852
305997
393887
37416
459000
388514
639053
587497
976995
939563
382940
743454
615931
850839
320617
588038
781590
663583
616227
474395
962677
852619
58574
306152
145629
850782
952611
630466
440198
550944
511188
862116
420909
976198
535660
406251
652420
896063
4565
703594
278922
922909
268787
25643
333109
856158
94318
518787
710922
298071
920590
522833
557839
547452
508415
559443
762329
22414
695795
971236
631871
223265
407718
251798
559023
316297
68605
34984
431326
194785
834824
131556
317403
578615
217063
179608
261053
803607
713928
278446
698299
952819
37518
31146
134810
600044
912845
58112
686721
512575
408946
694608
468904
543823
944448
370687
327023
749387
231605
992755
76875
326459
123531
933802
526043
555372
166938
767608
74265
884406
726490
65883
429803
213031
904199
821948
260121
619150
161117
558277
568730
579109
344387
570201
670343
921244
393796
996788
502897
628350
753976
220513
173326
846978
908417
810194
932942
290289
720305
439647
586188
478766
292233
478302
283999
354087
336156
999067
568465
680599
588947
141556
738215
650741
969289
446036
532319
185340
208982
261322
794232
303064
11561
413573
458731
340010
41807
747246
996599
993656
118992
39202
636698
806772
912440
398475
387291
848423
805363
78938
504964
50426
640018
884642
203118
483873
811882
371604
572020
990501
667803
161299
920714
244236
280558
357107
155878
108646
792984
885331
365276
606007
787867
633492
509767
130748
261068
440757
806179
316316
703343
354637
778360
342444
910078
330340
121841
744351
104201
516397
121803
281737
556471
632612
155369
933006
961706
750720
688836
525227
122305
836246
981503
829024
120247
366730
525016
793081
221672
279474
258491
917112
412852
390985
710961
433825
602876
632716
975349
566690
341834
494900
484455
696028
380621
860049
353818
192722
869505
616768
847048
689965
303469
218761
208165
743209
541766
917783
257552
92960
642545
765012
445158
413297
250086
392545
266801
945933
139760
372911
115390
21918
509392
741757
5900
673491
132738
729582
925920
286476
459095
66950
400438
296799
54017
611841
750673
433989
653037
231760
415348
743845
199051
177009
515433
576890
862633
95145
591038
221539
377341
179873
848912
595591
837441
522330
774463
340322
586745
870415
230017
103985
634512
136294
678418
611830
144800
340306
469897
368104
134417
692488
730438
588091
941465
912411
538184
621511
14305
883126
580379
514456
11528
439990
192942
541713
127040
509794
590402
748733
181718
904711
40383
48820
43664
589876
985441
887910
615791
998287
252815
65863
442132
863251
605772
310551
499071
376039
172038
303820
694898
750235
611916
773663
458804
328001
518493
148720
252913
186918
241884
339607
916415
803436
888223
818760
921979
215173
111270
826402
209234
968654
94056
556372
455836
472198
710473
540140
518818
77097
276201
821694
649536
813293
204886
959981
923878
443160
217761
593945
554360
690492
502158
729445
800213
835408
410469
213539
775605
636205
63333
311583
89004
65762
751512
324869
662795
449652
977922
852272
662117
157109
818227
800015
847407
407871
873532
989942
559041
733966
554686
30271
19257
800567
786014
301786
765823
367753
702932
639480
456674
547903
959203
421136
777313
272286
129187
330445
679047
824561
872378
191956
417965
476639
140713
334837
271971
351206
429250
793965
744490
158966
342583
908438
839448
306924
723662
992108
367326
546985
517746
641532
783783
537679
690211
578475
795862
17624
234124
581280
856242
123794
640181
746831
892446
682491
557647
510691
585153
852533
924781
34439
427652
890853
321490
368018
726521
200238
812133
458957
194713
315141
530561
713953
38182
810865
98025
497506
106095
615778
475032
329330
709106
597867
345847
142739
29019
899100
826024
812749
792875
361728
47679
225528
681588
903792
427985
413095
631680
76946
467748
546673
73746
470066
99206
7581
299524
921594
569529
850985
639439
663057
306059
691703
879529
949518
310981
638293
190729
818648
365369
757415
137414
261596
770302
709107
642525
718505
248377
320137
226001
15979
156113
454477
243949
995330
895876
544675
879333
54718
79256
567797
339227
660665
343081
120419
19389
986833
468897
674696
722251
349953
999687
352358
89206
47516
867310
516077
411748
818021
815309
634349
752081
956621
988591
197141
576655
787146
547137
585063
143085
731408
101065
533690
30966
629806
857846
69931
111889
681096
507602
940897
873862
345965
800147
127804
951008
121812
42513
985690
656749
802936
71379
914565
152418
293517
330882
484604
254811
428893
761919
597981
44481
549444
581840
273772
935109
820868
711925
94786
326088
600134
510233
630484
705245
791918
966564
193503
110566
722649
184877
368365
176731
282742
872397
681095
85545
874686
812687
213304
721782
133713
401923
450617
917507
863535
719026
620222
589931
62287
152171
726812
146440
426271
285756
377429
383925
523033
489468
736130
520109
49407
684805
572059
814546
375859
363328
530342
186186
53173
545689
892794
379332
251065
523665
620591
78809
983972
767473
910821
253389
589027
529628
618925
682676
718952
778878
899927
365425
17346
622049
124120
693530
293656
650654
55640
136759
560194
57392
968726
827625
468741
644516
716793
587304
170280
395628
108788
655141
413431
748244
492820
329550
92500
363596
631977
738352
729268
686563
708623
98870
587261
198101
903896
414031
579195
381755
734999
172718
99705
902304
413387
899179
105218
341556
53159
543303
977396
454362
925178
155724
503997
539548
953856
208595
733749
976318
57412
412575
589976
55664
71984
967143
744350
374300
887155
508529
676857
839776
36173
725530
821483
271702
395834
249394
692353
986510
160057
333252
156143
752029
340407
884147
54217
516815
560093
680447
796316
309303
913779
205671
975655
185256
46063
432361
446521
571324
711326
397925
693800
82257
59310
323808
919787
623572
965078
726115
899669
286965
157538
861955
140335
924666
514142
997052
620720
58543
905054
212919
916827
859323
248233
429099
589301
928335
245056
736031
67490
904695
876622
99661
570268
923411
307885
294371
659662
83871
810066
136995
260371
270189
388823
536298
230534
455669
569060
984141
540933
437763
831096
352543
438919
763342
544601
701071
700823
396329
290710
353582
536045
330834
870710
587919
870951
40744
77823
893959
107497
664442
999844
35796
599822
387835
938892
795738
911177
172561
41595
729544
637661
808204
496159
957210
181365
133940
750905
393591
577376
997563
806310
683450
942893
282833
220938
57038
612768
596375
830104
627314
793870
857067
475711
781980
448794
119842
510068
813690
630092
875475
98456
510867
314635
379856
262215
584204
107511
961904
249917
870855
253029
329480
220324
228902
768248
923320
568766
993517
321816
663905
288683
591557
788882
992628
775576
458781
641164
41382
651140
242411
396707
780672
777072
95953
203107
852754
728995
677338
212706
589447
63639
875299
870137
986580
81923
596182
380768
501514
769862
347474
963237
842956
587309
974247
324233
296538
314081
679037
347319
389003
565488
383508
842658
161177
573558
293669
781178
458390
40359
360424
280330
626685
935420
770415
327345
738468
218872
599855
634
360077
532758
316447
812827
293723
494481
577722
795079
323745
25743
569630
644848
638870
501675
565462
68380
122597
825694
20661
962403
161249
917705
160665
84739
111702
162337
218639
433887
623610
341879
53653
123290
882627
468707
228666
136140
122706
236364
176994
275936
704461
531159
774502
851978
67850
141290
430424
566567
706854
541532
952932
173490
696886
318843
305681
201184
761045
370617
330471
435930
216989
524019
766635
956373
672817
712799
685830
227599
377782
528658
158660
932711
458785
698924
570871
103961
359403
987489
362620
317142
614754
186532
595285
466684
90265
987442
303286
909815
12864
943224
346779
500147
558734
675681
610390
62589
255834
54400
772647
838837
557961
10199
26051
981490
367330
665218
4023
757618
126910
914307
407782
24508
289179
171051
870190
88533
76047
627937
225705
157594
931545
874130
596111
151104
256659
280117
856953
270502
946051
540729
362368
967060
346962
983630
381636
59795
394388
249101
200713
104232
481797
553157
236091
42670
453589
878115
869778
501583
450074
742077
825616
679711
199333
470971
566952
51413
537199
288034
169529
274918
688049
138814
619895
65344
697938
41452
644843
981088
68987
956289
635729
943312
100871
454555
210591
279105
723734
6018
381989
509632
420928
352570
709455
113496
773223
739111
320392
317445
84710
527517
151353
185040
580134
837892
633583
449420
625679
64548
116315
130667
951194
182419
577074
301181
371141
570680
368309
48135
576544
771323
161611
254140
310917
839307
506058
722779
694245
744907
501396
661476
443644
83674
292638
147768
952998
744765
211916
740876
480780
7980
6520
597641
121718
135606
582418
173956
772229
964113
154017
739541
843192
8450
975464
216086
224427
15525
412707
245562
12961
144026
559664
585735
561910
964684
312139
402417
581815
364895
743474
154005
833165
575605
778087
497358
174996
991197
10644
833592
630601
837402
484936
371263
141090
260491
490592
866978
196536
414651
834625
319434
481824
172615
667201
788417
348055
253928
445861
541393
904411
98461
738117
8378
837590
747382
223564
62606
751925
602302
650076
641965
980568
886918
469966
186265
313698
21322
773079
514613
727215
882499
983622
899487
781989
352584
427241
334182
82212
195682
581327
6058
470999
987563
78633
830351
855660
613729
151242
761757
641504
56972
492622
42488
313459
846730
688790
904567
292923
550708
695281
961506
763093
765679
373974
868429
902518
528913
149069
840395
226399
603373
986158
886673
269167
358269
241026
98537
298194
644331
675590
414607
840343
856572
428365
928940
949920
422169
478341
633900
936626
36924
986386
841726
64813
503475
473686
737320
832021
333652
463250
976900
441422
299518
202342
539290
443943
968519
839732
963739
953037
198599
17635
753400
181088
293632
249599
708189
751330
929768
713726
435534
837771
38037
642334
319452
185467
717829
122153
793219
173767
269382
953690
112355
748404
845512
149274
924953
762306
214397
174179
907194
435103
986922
106182
850732
500477
999950
862727
321888
519741
810539
309094
32367
141386
950581
593529
302416
89347
190422
619572
17332
138640
317468
228235
110590
831510
270400
359790
700450
989125
325908
518515
562585
572814
289928
41810
639806
859954
759576
554889
962057
155190
849622
500384
623141
267763
756879
535687
180591
545289
566813
197211
417357
494260
682121
457031
789865
838135
703962
843207
613129
589300
941247
896328
607181
112989
128532
976172
817924
658757
910292
403049
65770
632336
654812
946129
387970
610761
119896
632940
530700
160338
686028
479553
548580
342902
59265
284020
113911
483803
845258
342985
196322
275923
964913
729350
914857
133201
126595
723255
744208
479416
108085
25227
749017
570959
652146
642844
198107
724113
567426
933132
764220
573537
669912
458123
129035
920987
459448
369716
45884
105478
466307
861655
154369
368293
608096
873042
32961
805293
487881
851352
204215
825744
239
252179
872490
789304
464267
76710
755396
482831
245827
73611
421074
388155
866869
940828
614487
645607
137314
627245
35981
19581
234874
292950
597305
28656
229248
9806
182698
95285
502105
88754
783246
397009
424951
75814
62896
771405
34781
255250
713938
216263
377550
731918
694242
714979
744662
414872
31005
182622
107828
638722
721021
246658
892514
386601
30560
857846
905987
461791
936183
552813
132584
13930
106535
418111
584959
387238
915263
313492
135385
909893
551574
718140
288214
817911
796289
519453
317488
581413
734639
925316
89184
379350
355809
187932
111472
591412
547144
722492
807199
877673
384316
553306
878250
288356
524631
604061
969725
573304
85356
986257
971830
676643
5351
875444
588434
508907
360579
63533
38454
74852
846946
265692
261404
23759
292940
119436
896152
459933
905670
104645
231046
371729
144846
407679
939282
493955
280114
369776
447844
968192
661194
129030
852518
349519
289496
108849
539635
928143
880634
536919
128221
501052
297481
923499
837147
510992
259794
56280
179790
800581
810863
101207
508590
373369
697729
48672
853333
611307
217611
903100
657064
549026
261166
986873
276062
112109
197501
431991
960174
215301
53372
332064
983513
143822
796858
2485
382801
257148
233032
499907
227333
358675
916373
462132
606026
157895
142439
329985
853607
553409
746232
64901
466429
584643
58411
634285
761361
456354
215657
289612
831800
273074
676829
737483
309214
408577
645704
653438
598962
241145
77569
522769
422833
375721
742669
213025
945358
891485
249879
352999
632123
340201
25164
309007
154263
979333
80853
623591
998516
497682
906226
145330
446403
291323
549872
947805
624671
581430
310662
431753
753075
976490
750354
866823
26568
644907
702763
963682
87214
488224
936226
308181
955654
910406
368986
272605
338155
20685
659521
321833
160507
428320
269354
135727
351237
78082
246537
73880
813713
161940
418058
745435
604166
19699
268622
183208
316668
314046
75715
153850
50335
432309
96798
56655
621436
959677
261688
288372
104427
920512
446850
652217
731929
948721
956391
121221
219953
586413
572221
182210
983463
609405
63654
95736
947041
462840
890121
867512
151426
831877
538920
83054
493203
346878
312799
964826
814608
481457
753912
887192
627981
210816
485165
942299
884035
353512
429243
385016
38459
280798
796383
72798
628502
662805
860208
212004
230327
217437
247128
617979
432461
125477
680880
328579
16000
724257
336311
126329
190967
817798
436207
516941
867716
416498
779733
13201
817773
948394
422075
467214
249304
215739
567107
184433
293138
492545
497338
691747
663164
962374
535822
458486
955858
306562
621806
398458
422809
108481
579005
935152
943205
380194
631986
539286
556100
132155
471054
218977
234890
834138
447163
359561
243578
888486
183934
303806
702542
556645
941081
436792
977508
301399
979584
549868
811333
256063
549301
452506
38738
700865
346370
268099
108813
11174
846355
442553
166209
375613
28077
883598
809744
890717
21327
319022
680535
320325
938083
271241
490111
706980
629409
78312
293539
133684
765889
982369
456793
123136
394586
545766
856479
385159
526620
763703
828772
336057
434663
45176
369136
214750
73349
917021
691056
95830
452875
394817
801890
493755
843655
621078
681113
483618
889190
230647
862701
783041
551461
807386
922691
284202
842034
587169
999413
914101
574175
645071
880605
853565
879745
653591
919811
834560
65579
214416
488033
625322
898178
770502
541135
18219
50685
153258
837967
142852
283708
733993
110071
111266
597633
632089
306231
183713
126415
689808
366982
908017
366045
57423
613166
532950
452407
857884
935088
361161
875762
750829
966293
771644
913354
688704
496722
439163
969306
857800
576278
487790
632566
660481
70708
168123
153832
322533
748200
85896
98054
399927
531208
720478
549037
47676
606728
568233
800732
765513
698346
511580
475439
557112
548288
709617
824629
190900
412831
520910
206577
515764
128034
399939
642026
439941
576280
727344
53039
335039
216011
806340
977579
219417
462638
181408
498208
26009
931042
737049
667908
774691
307301
582236
100277
195059
72599
334956
528409
537958
360490
591112
698070
358770
791910
9832
527851
683639
221207
712101
326441
770541
867476
805496
542098
908924
409324
887130
446028
869482
481518
851211
342658
14766
848341
779567
140248
826404
390414
728082
208136
831258
942632
342668
4958
568519
979799
248512
248588
545947
242597
735422
193579
860978
671734
680265
353807
862434
605238
557170
673733
474931
815265
360931
172779
31918
28526
856632
857964
650190
155481
108935
415448
929043
846668
213568
551132
867574
535977
554416
476642
849399
179703
948320
104392
309458
512806
730074
67189
848
778880
166923
357022
19321
843246
436292
171028
887143
137893
575514
349959
417653
549355
835310
35419
432535
192074
642439
411365
302980
365071
764891
336386
878477
832703
421101
993236
513425
164760
659408
164186
286089
229695
598025
539371
603967
793355
882258
258959
368732
51180
992059
401530
479006
167417
924908
714214
65384
421718
549189
392331
801011
587390
359334
76286
191523
582771
865098
166564
608884
749503
67406
251601
401363
417253
64592
596161
638921
578665
400114
832049
551634
174329
566398
584539
195148
225719
686308
621773
90187
890084
142302
926309
751241
650218
886964
508075
232187
913350
985691
500683
495742
66192
975801
949997
921136
569192
991748
538995
643932
18367
166088
479118
281997
750527
161223
667005
979395
543064
390010
127844
667395
511592
369462
610565
459849
966470
484586
863581
57113
456236
110341
142365
618804
788798
78516
632259
65509
703803
186377
163669
240506
333055
403575
441274
132496
725490
251386
363765
802248
942033
368531
845758
604118
622167
727537
10367
115896
378503
422380
869544
634243
173465
415210
35887
762584
149759
225828
917160
205942
383954
107331
652796
527849
139870
592676
676105
930017
972294
86651
300822
129949
163606
836435
687665
725190
319139
846707
754855
561432
927265
92508
240096
388155
933185
394096
985620
503664
8132
983021
914478
275495
591329
231638
858555
231661
623887
287794
792207
884930
977328
516718
386165
973257
364250
557661
607632
568728
243330
237728
831122
672687
54151
378593
452632
930502
868505
122169
94113
774975
789380
423602
806890
799611
77277
134630
654567
720456
176647
605254
621663
96504
500258
351159
394277
788237
675666
298198
519726
122192
512423
395100
589396
545089
918894
762333
974054
259496
646675
49450
121257
153034
424113
480663
568944
740215
284920
600663
516947
245696
858106
122755
917583
790727
597010
348921
473466
101743
732529
93345
805857
497393
358150
645131
528192
674896
601098
614772
90525
889765
390437
105448
284353
60884
576704
696321
637268
18847
133416
480461
560020
114841
162203
677774
885809
319794
747571
226395
252425
276337
295596
685859
482235
580609
783956
251793
888682
493730
803342
675660
834768
353152
156866
529750
11964
792097
487333
365780
717865
598391
20640
677164
317565
473749
703967
996042
358043
992127
183289
713278
33125
228826
842807
7615
86417
687042
475523
202067
767398
30522
503343
430022
582292
80830
904862
784855
40558
97653
907667
79475
381125
760194
40852
617369
44130
669178
726586
88156
733727
147696
417112
823239
968482
222827
321158
635930
575799
543225
280841
478003
750730
246493
74976
25672
483518
787171
667309
325777
563052
332245
329855
241602
506491
710854
35256
112502
761880
704267
366496
254247
497938
547529
555077
41562
810005
451434
284812
842456
44801
502698
746905
328406
100455
981197
5526
55222
342816
620467
695524
902822
171081
261571
792796
986727
933086
711429
890240
156136
762098
561548
483716
78800
155208
975824
581810
662171
320082
955546
710334
231196
355395
893400
971238
478176
715795
349584
336517
9843
686287
364466
161206
204796
398234
108934
818207
974659
829188
307396
504993
948115
303172
880578
119386
647995
641237
188936
590805
754222
25323
103359
198159
838282
233489
114696
379239
17142
875425
455786
896993
466724
792799
374051
26902
166198
442546
968479
152892
197885
12927
597382
621262
534492
959459
470384
420440
855307
634189
109684
505057
49143
216311
85406
883892
304519
631487
29630
299981
128442
723302
106973
711325
46380
495524
627147
859514
869559
588069
104916
477286
85494
828324
668049
806138
576165
35811
980314
904048
282468
474692
303129
677066
104411
870151
388986
219489
607799
105761
459646
49613
980049
403637
491119
585006
554608
266865
929006
812309
857061
354760
234344
469267
652373
939847
67751
362395
831443
51222
569220
25686
168683
821902
763067
946500
355068
754033
673687
464265
319229
558410
425484
747804
521248
70498
756707
610247
894291
786460
330832
99035
422819
183918
913567
866932
977595
362172
446349
228325
636491
723
249395
636031
20612
500030
430941
708035
409279
935241
855225
980386
968189
314064
686763
674476
311433
481154
490941
587933
227258
178104
569972
152897
765397
466412
688510
304896
146319
728599
168391
903242
648751
522859
614378
839583
892370
113642
992772
306043
747976
439457
8613
368989
865692
659077
896928
810547
933746
562152
681666
467492
258824
664344
306207
114105
768159
590101
671240
247657
618995
860076
125144
427903
719077
812724
823278
513194
142778
271652
22965
955809
152188
446352
316126
345393
454910
297534
991471
17060
859261
879273
192245
317584
386850
602577
961365
747577
476325
395453
876097
147428
416907
605583
552710
292473
281551
636802
1665
938899
895327
96450
857073
638760
632573
535335
547176
356816
381638
622480
387740
816563
281552
211032
458522
151188
38892
709880
642458
558388
881738
937785
729709
182692
447612
983123
81683
915755
35539
995239
768169
63951
40806
923478
196991
262596
439473
435900
1224
619054
379353
936653
221802
231125
630733
91466
313206
346916
193993
800159
864370
755614
142708
886620
980369
221214
999529
461262
145732
51977
694483
722426
759401
227986
942642
769589
92258
57065
156922
442595
498945
281217
874202
70218
527711
33276
345306
227538
679500
441078
223389
160987
290656
577451
922246
198971
461168
429190
343735
221138
268892
317895
863413
480268
895046
197263
619496
311987
170141
587467
393534
236463
254679
558459
535406
882587
937469
693854
454298
114756
712288
483260
850445
475456
175785
882959
965156
684457
350606
555791
635722
493621
646369
582041
564956
108019
863298
84283
695979
864868
594677
3806
459231
403828
411598
411025
414776
161235
192585
873582
900848
880245
841270
795371
462205
383714
505361
137791
760818
753146
639792
831150
826245
327881
120405
23347
443115
750339
91747
574473
248864
252188
339886
5783
802371
877894
941803
322102
613405
888264
372550
258720
610690
938488
294355
261494
89232
40469
256028
52077
157396
695491
548056
605143
421197
951459
933309
535562
517448
538126
389549
489199
486826
743535
773707
396265
301900
561338
594673
7519
21120
518413
771386
227880
334771
260065
973946
504850
606251
344877
738893
775823
349167
824855
374093
17853
185157
627159
359197
251984
680406
916779
911522
303007
874734
337073
458002
514119
319904
871716
373668
773312
66758
944949
138279
961018
753126
2117
944303
210035
215537
682749
775209
197400
847973
635787
99280
541653
308434
68729
243704
514107
777785
494507
55176
382733
477007
491125
808325
641063
674594
435159
930569
805132
992147
156886
951826
346890
418305
366264
108278
201548
602054
824795
308404
217788
474971
759474
426535
424147
452375
255261
226196
411518
334228
217956
32482
148142
261874
497169
420713
287869
857333
800999
37218
589176
784074
387842
509311
914445
280167
40268
109588
667602
371344
337177
364722
676975
172981
33056
734869
68138
676408
484247
451699
700301
345485
355306
792820
52534
722811
72535
807297
36347
653759
239273
491062
330359
15503
152462
762161
464566
697404
677847
809996
271033
708208
115405
999271
837862
388183
235306
273246
796111
374171
176187
30746
939869
911943
904784
751491
452185
879117
78172
282579
711638
976227
944688
647238
371199
279367
709071
835629
274809
514084
249645
606498
274676
736397
12297
74326
391507
886886
583332
466374
35381
509601
983260
956237
361120
775398
392426
902098
263050
593676
619637
742177
44867
714820
585104
188248
222402
727830
279063
163832
971786
557507
981409
839771
651960
680840
7522
506692
568940
363652
764832
230866
469522
509297
165904
637391
469388
148046
382669
603685
539006
818909
625972
657648
313269
119816
543902
716399
45108
556959
437819
570643
976541
266492
294151
362746
564793
181832
20268
347317
356068
295190
345844
50501
479640
676845
175337
603301
574932
575523
156172
333505
837352
61796
426286
349316
405280
398930
55918
100175
744842
113223
484367
802437
232038
257333
135284
880323
473834
829999
230779
846317
135279
454784
648628
192676
133691
492345
118461
725459
796588
124873
871547
81833
473149
973316
189751
573281
732280
198854
619026
898108
98872
494449
760550
490321
340122
889361
377147
449210
648768
114849
45027
768496
110017
607079
423283
840561
465648
433914
912350
995421
607432
377636
377967
745121
593521
895330
428707
353738
245169
334280
684832
314555
848114
256257
720022
244090
529643
898996
704625
585380
82030
299779
150008
955905
90638
928813
734789
595378
819051
488147
255713
534023
369948
976792
289659
612141
657143
695393
397893
129476
748544
48380
174060
651215
887851
580253
561202
914053
615823
517059
439337
662468
547818
874169
597710
232101
546891
609912
382143
927082
898656
895145
806298
57620
413212
946121
966004
430226
151940
624422
975027
145683
836055
193734
787401
643388
972056
64038
159117
180790
659961
105504
434679
950494
450086
415590
528760
396832
956267
729578
147380
380702
435522
736
207965
961417
34173
883547
237165
950035
816076
266068
986560
610875
508908
304458
108363
971847
173
489347
881341
214672
783901
310128
391088
782007
266774
447342
408396
431605
66145
730985
642105
763793
625606
826907
840062
572394
622706
155826
166139
632180
97154
607056
498431
713600
513650
908908
83335
594035
268445
728341
866324
761432
37680
699991
176743
71122
946543
804214
967516
246634
419107
621911
304033
122247
567327
233087
900113
921211
194414
869106
72689
865081
951196
748285
617413
306149
395805
151824
679184
767236
820061
562627
636775
715731
938276
537273
666609
796467
738213
477218
74301
285825
144868
453850
219968
148164
505347
344687
110698
101952
432743
775424
430179
730215
592395
187840
126631
29807
723745
885978
918075
858367
792544
156783
691786
88066
643311
288570
70561
386078
5420
417493
827268
993279
695257
945300
353515
892429
138723
605199
439516
765308
851409
85886
122406
376705
484550
712060
213431
943586
446642
393390
253339
813030
282203
91773
368593
557804
279492
44607
681740
582552
637495
302835
644291
235944
747700
736363
828149
491108
186230
997444
796477
683252
786270
154385
638733
845196
766911
440278
547786
823426
553477
59696
609988
574719
885698
274898
715792
354132
840598
66922
728452
177444
151227
877858
507663
653183
84459
500098
451506
549392
16046
372018
809375
930796
56579
969885
47468
148234
954410
863154
969396
801362
931532
390660
413451
934350
13384
638545
701595
272189
240220
628512
129952
774982
650475
191363
656060
348042
156720
103420
360439
604754
499904
141116
60247
557479
488373
231815
874840
218177
39613
681843
878153
675159
715261
236558
766595
9813
559651
650079
368134
468076
548487
661317
741297
908675
894909
825597
112414
989067
9977
75711
939992
313072
480671
366983
400314
523115
623591
619569
794917
497140
934442
26301
396829
237781
96267
489523
33216
123162
861380
545120
804453
905381
285452
632254
665613
670878
579426
120817
429768
900999
90489
741422
248680
164909
13440
313846
758298
57850
709581
63360
839590
74344
797285
441717
753475
15696
656362
472405
118871
144288
300834
19127
130955
64235
349408
709741
990024
146203
984337
457158
436560
886145
798565
529581
913915
375693
56535
361774
478284
253785
874331
823641
223279
465503
52708
450303
239825
223244
481871
735193
158172
526572
909231
962505
204430
883652
681717
642424
7221
455998
705404
335582
716233
714495
824815
12703
239397
822421
66840
384019
150948
597260
745605
539166
334868
292447
976409
201342
36570
27724
382764
673764
448482
547392
65696
752121
948992
835570
886721
477441
475176
573964
656536
646941
406406
213699
494861
122602
109691
736008
110454
100743
523381
281750
92288
116341
278954
153836
38200
663895
614641
63253
860343
909016
208317
855074
647848
135403
374902
813946
653559
925486
329782
752840
766808
772840
412253
511442
602673
644657
943249
374762
681445
150961
869589
912381
876926
70848
35269
977864
999542
587629
552427
320747
826914
619162
614850
220694
826812
56389
125189
737312
198475
663521
370226
656822
15537
260130
841312
41200
964945
790872
279098
969855
101339
886131
890519
441987
494005
579749
879991
49721
514375
940901
732765
123154
877795
566991
698820
47262
764816
656104
357311
704743
378226
218880
560816
170459
63575
908976
401572
504160
398688
51395
320778
102860
273866
234801
754638
629613
321304
698438
130903
906562
517215
953442
86681
123981
380717
982169
936791
214592
957207
182202
538169
643284
438430
241965
109317
945977
608189
918198
570045
725352
354450
288342
270549
937044
373286
870672
922768
214206
973339
189961
350646
5352
918321
865225
298676
358369
666613
851102
733520
452607
58822
556575
123207
410667
851269
974798
194436
561686
112153
444183
12031
916874
619931
362805
137201
782619
855269
935348
727919
898172
318834
970129
841130
323630
216946
730877
927938
252050
37805
963712
248834
246560
354769
917627
697916
807728
886234
42758
149698
935158
60188
700727
999806
868043
482992
684036
595759
679270
48505
900992
837505
791401
814738
263105
563335
504215
388950
217699
974743
780964
295819
269669
885698
754341
2987
755120
388974
144231
655761
442168
165650
831131
589629
956091
598350
477231
677636
808167
575525
149111
970775
347417
823384
632458
957101
274687
380960
645418
757904
269918
477255
974299
119297
605999
155491
608532
182857
536037
319536
198035
475678
851082
350345
689611
779246
620039
39811
210617
593162
762882
932710
966933
242098
552034
130633
339427
179321
674158
115017
667880
9749
603027
520805
215354
92357
217796
433401
894065
917471
439356
785109
211322
118773
135903
471674
483273
181475
228094
708400
549806
880760
617849
433159
748033
189631
543295
252264
919672
834537
12082
151190
65303
289048
31653
695815
271366
321418
199367
345753
945214
252896
65497
571699
763805
997642
246619
508921
378714
529170
999429
248619
235538
388673
232049
819675
938881
115057
646870
720905
709260
43633
463022
210972
428026
922446
176569
33599
572099
898692
564955
596502
769153
692865
738337
380060
199363
724306
177057
853467
557825
783853
193855
571334
434857
782234
181452
574966
625368
753726
364488
790080
520356
241861
602312
28399
899542
707371
70643
874467
413621
986856
338022
491077
903293
408694
396344
392229
478703
919232
411863
867763
195842
776744
238673
663063
867895
139637
929007
900013
292938
314520
680124
997856
503812
492953
344227
550306
758701
344291
45814
311813
280031
586856
368203
932089
317430
835442
363713
591331
3684
626056
954848
60758
83169
125881
40158
842160
792703
781640
625918
289939
920667
293235
346003
452799
501488
83618
12323
780553
483909
885161
35366
855930
541319
992314
36014
465223
749681
814378
874144
543784
384039
844894
745952
556183
116451
458578
999499
687398
884294
946181
253342
907069
863696
833989
530548
838767
564715
336466
571180
598713
8418
423538
673577
320982
850927
57873
201586
862402
119921
383314
507322
201
273852
769462
757691
373514
720843
681063
376891
413453
586192
762338
748209
35134
298540
347775
380736
272838
27898
219679
473954
709
359494
219121
876064
513453
952156
892512
557501
369598
795258
466077
698163
573146
437863
528324
414805
772868
141533
200622
680211
533241
258081
69202
600284
199851
874996
679064
77214
365718
715553
691452
671337
52289
37751
31259
86705
914835
86161
79390
225650
812048
612881
693504
289582
521006
665515
146301
726098
59736
346333
96792
114423
901758
861373
985033
851588
50519
832810
660354
222064
167988
155428
775773
203621
427970
813048
534052
587008
296604
390548
836988
339957
11275
107769
738030
158032
739547
718605
140819
739478
937307
699408
310492
826634
14064
375463
452156
116107
391638
390356
469490
719322
704373
539527
922038
52282
982939
162445
325951
504752
911196
317799
994223
193258
928707
948726
616284
849852
408628
577617
691260
192837
220512
115257
298540
826352
233827
366372
852253
936470
844733
147125
54812
988161
426539
11341
128700
443852
73953
288251
439201
754278
935399
142415
103084
984501
735565
259148
701502
806743
166732
15995
25003
488131
712123
663708
640701
348558
694250
638904
760930
775370
692895
274578
363059
734217
966507
413563
318049
27775
494951
581893
738110
806853
136912
938831
267110
195514
576636
531648
540424
569348
169593
113359
762004
377652
891521
687870
177539
499528
325787
622950
641854
762185
35408
557294
504300
439125
932488
231189
442331
408439
801922
765999
973770
876338
695213
66285
721872
469981
645861
911060
412717
53608
480397
841936
672300
489852
314565
111458
969969
221569
876360
908724
261925
976249
863461
353293
399482
539017
299672
478751
357341
649304
95877
580414
923832
385872
278288
320683
484128
56578
217435
71311
792994
936038
409501
42883
293925
985600
211676
37068
502204
475101
476615
319908
46027
779644
609458
470067
168786
190410
778030
397405
492763
549446
129668
433844
705084
817156
855438
429902
269322
885133
178035
107826
457242
464611
767485
312300
283893
668450
378777
952064
542871
994369
524714
848315
538340
843256
133769
763557
198824
823164
644254
448978
708233
957606
709396
246615
974860
938866
118780
216090
157632
756002
710784
860291
491851
443970
936897
55119
989327
643591
782800
61891
282232
38481
305478
28349
548516
483984
537921
267301
787120
248130
263291
283395
946139
793242
615880
742699
599578
352252
738924
683155
299448
933541
996694
218245
979750
129896
471805
801519
490022
947155
943702
976280
676624
134320
59887
140269
110080
531687
62379
659002
47197
519169
943194
323188
619206
621447
689908
900146
983194
964937
163955
287612
467492
49018
937034
569596
621858
298105
868869
527698
344817
756907
514686
941123
487254
200323
788921
435025
803563
89059
745373
479269
423652
447964
381456
968553
860221
516626
502957
334450
411842
749179
899749
36507
230138
342214
925871
35757
2929
771352
62445
598906
71009
540593
89885
808777
624316
341997
475064
122475
408217
337575
166315
949420
337016
709688
706287
903141
277619
381917
642631
454766
123780
879286
137365
317746
324205
728811
774362
398747
694600
990057
960393
938859
484203
752970
824710
135788
120055
381139
70848
864832
271294
621911
466599
894290
602126
281336
429516
889581
769438
73741
681685
389547
846484
735263
927193
524805
681649
173774
70750
363978
166362
270161
187564
886827
32836
52251
218253
117171
890810
638552
872356
647955
653070
227606
938664
264091
361818
856449
994427
829253
359474
982087
147307
750444
509992
769242
830980
28314
786554
890516
593999
965950
533724
326516
968108
862844
411358
581574
192007
484575
193403
483169
208826
92458
756733
306378
474175
957516
826831
592502
267920
730033
444641
514029
173981
780085
558194
721802
924393
811187
555197
460511
941122
858684
885378
647029
633691
589796
586351
573681
846983
822774
837803
971154
902740
528199
635904
174550
384258
884136
80098
416444
693023
872885
679008
353125
320128
141898
854630
184724
891934
966997
513708
549780
430154
716359
192831
165049
786894
738084
199402
249534
66210
366395
577793
898573
209544
221167
885129
981150
242373
171443
523719
113847
771260
598996
170916
301905
872104
191920
669882
29979
439669
960004
113277
258392
863996
969635
766344
717091
155929
578115
866563
974739
730219
633202
774255
976761
429736
200230
240718
461702
164634
447665
135602
878090
238074
99539
996640
253079
893735
474409
747103
217860
865731
133956
826595
34125
118955
717589
580753
249752
490065
55364
403631
128146
745207
152095
203754
774072
516937
785327
350082
159794
367512
269223
205270
388441
182575
793270
830919
358297
246868
503228
547276
405938
817820
47960
316434
88344
881579
8032
958286
877371
244488
840554
751776
293665
331353
445895
754213
362094
325631
780944
33177
341894
908240
173016
362983
602889
180461
968385
410384
776573
422848
479594
507187
518922
790229
61126
901822
474142
406417
678984
441394
721585
756819
384186
541580
680610
992997
76141
651413
244608
403934
272907
647048
739686
990040
807944
186139
661630
953034
201527
826412
38502
279617
648441
960777
988527
840576
711568
645404
666690
905712
699345
473521
536221
213061
364408
808358
318203
265328
106197
23534
474642
909690
123173
524225
920246
162628
305724
33572
87067
621144
269981
421968
670007
106091
74796
622274
601414
980657
795130
189342
354919
280157
972608
400705
114084
654260
753704
280482
994959
659277
913796
160035
505223
71591
67937
30586
352922
473063
600118
38902
963652
838060
259255
550577
817430
10385
254983
183633
500786
303358
918346
212410
120947
775915
672472
699348
60841
158131
599053
335348
586689
481040
101757
10473
326340
322681
579141
17190
202166
897429
567229
651911
61406
66330
516681
553729
132134
315207
918927
506475
148888
300026
587586
701027
298120
721071
41501
622942
219985
257621
35372
593744
835063
620878
627332
894004
786540
331716
682131
571448
751662
17187
81490
535177
743053
864374
643799
502326
623754
178977
798086
895619
573979
430264
805160
292429
978444
770107
205332
427797
563007
338224
594185
116458
841812
412763
578782
932471
553572
870427
732944
645927
201574
231076
376379
943344
527412
604500
524068
189251
903784
126004
486387
581582
61856
300430
717950
333676
904290
358630
64383
599467
279704
821270
33000
755639
882684
12361
785037
210535
619407
513236
439168
372004
933570
728044
967995
875890
305592
298760
487477
918684
266979
998612
430295
55744
648203
192654
256648
725364
640301
920833
455845
690900
72064
391388
656140
624746
289875
35183
294615
692088
568210
656513
487591
865636
181671
126544
72662
359681
664380
921638
575886
415734
744863
622100
364728
327053
957375
686222
925644
350362
662291
29794
622087
612229
40730
526294
541819
723255
981245
523742
465600
765597
101264
853943
964488
234332
268983
842147
398096
857873
542309
807873
847155
245379
448000
87880
878105
482344
972833
15008
903628
705488
111863
686045
400299
15922
997066
939929
809719
130898
247325
109484
310410
676555
292142
569546
88360
396350
603095
990714
814126
906711
443862
867247
329063
155513
331306
618629
70398
586438
572244
680793
942029
347148
147901
110725
653140
198991
851446
909687
794821
422063
283225
889260
935291
941686
968015
665038
611403
297344
400876
117992
847923
362311
757428
685186
561072
511051
477057
986206
144107
500314
928828
769933
508755
860033
218504
72558
420614
35151
107007
66052
196328
100674
625492
78323
750934
330129
82840
239447
337205
357461
41112
530178
91492
293589
409379
695056
171408
717548
990249
256871
186341
391897
906302
329680
213410
672483
158718
817517
345669
424039
331531
451862
230950
804288
621298
377876
777824
179217
987756
399289
758121
348594
630208
803738
466371
197748
72838
301675
591051
539667
575174
860341
465583
844791
91134
742198
641341
878567
594242
48661
435478
901195
251134
658432
212225
12315
384343
119140
271772
793578
242416
250184
939693
469385
875593
543367
916950
83929
581761
240040
384807
187121
789756
18843
305102
12455
916511
511059
691177
4927
170936
861498
867516
568878
756667
649558
650558
458057
848487
572918
829710
244239
388936
720920
942979
752271
8661
704731
830176
10232
997817
41883
588454
33851
817583
147182
889284
952095
907270
463674
452010
268001
639364
893041
229435
253061
80999
662379
197537
110269
759046
617438
979194
218357
685015
837884
10288
446265
531786
681706
14694
70660
366226
64472
728398
235494
532163
481985
424599
3984
467478
46081
747588
63423
699722
393678
934552
628419
503461
377876
274477
858539
147353
55345
84645
785295
930497
701130
837879
986490
531210
540168
406379
220978
157103
496435
912801
529124
595228
165609
4554
219697
985204
353786
507578
756495
767214
414627
391254
856925
28954
135526
381736
349960
455554
641794
770001
115219
605931
394452
546654
972166
395771
918154
300595
136245
814004
860416
925347
767787
200094
624633
796578
64692
701955
451195
256786
992260
981460
16327
380729
292551
659625
803123
190356
267974
497510
990630
337988
793907
620921
146160
256167
829457
487039
137987
663682
743746
20678
139922
37658
317166
979885
952069
645474
973581
546472
779926
725774
372050
103648
526987
770374
248629
222967
305232
249078
507803
618985
577200
927810
442915
505294
874800
840279
384655
247996
468424
298205
983821
689481
755839
406088
990818
593518
904290
867982
761522
249543
823008
801459
198702
657718
920197
919167
700506
727080
388561
571793
244985
210287
70197
349326
485016
562895
116393
835186
703989
295828
82412
793094
697034
955424
814297
343794
592825
313027
581539
463914
920981
906819
505133
664516
973770
508347
660937
836970
214379
272351
849738
258603
351446
803741
341895
655660
182278
82655
591343
561787
778357
469613
648516
942020
641132
539056
73398
85980
770088
968529
690461
485691
192875
339008
299729
881223
577884
166609
637929
519435
647899
457600
581775
448262
221029
719829
807421
777824
950241
348771
414486
236919
507397
247658
199715
946648
765160
631324
181288
685130
602852
796413
326690
406212
539431
220195
6688
551294
137687
499741
662523
233060
658719
440752
148340
951399
426203
134652
860648
28590
232156
453438
297650
462443
528472
734191
21405
120840
998897
532809
796612
915775
472160
96105
117449
128777
456830
814223
204206
991918
608623
168579
988499
845051
566571
395859
627660
117010
333290
310519
737246
570267
812844
712469
911703
670488
279586
15711
398535
830679
848508
396698
365854
440064
83792
437242
655268
962638
656867
250282
83855
379675
978904
18151
431108
972499
827059
657356
402477
412427
32520
600680
925299
784426
176260
367115
790168
815749
587095
988576
381940
353673
56573
209780
168587
302993
547112
577301
357127
240600
539340
955605
763542
543112
287430
195950
990690
888945
506154
809727
383145
687509
226599
748021
970362
121888
655513
117701
294219
769205
258411
170709
897465
653667
486567
909882
699484
884662
668892
864220
680134
902250
98859
725494
500057
680507
713838
125242
559170
217559
882756
398993
562326
701365
303293
957888
442567
403711
404575
681830
766403
213611
330323
337378
808873
493160
653487
610513
834600
985971
178145
29365
148150
301000
556980
270577
993962
162870
966146
304176
163831
767243
404791
105958
519174
300591
144509
650415
134639
438925
384457
282515
98579
887596
322306
886379
388952
428636
864457
707229
654530
985803
35113
916418
898475
329591
526877
532201
914207
843902
740536
992629
744918
220753
936885
541281
771470
958151
374107
150500
585477
740430
752844
226287
103056
815164
80043
282004
326171
659651
587240
796864
699006
648003
89514
855337
810552
383866
354264
507779
711306
389782
60483
561323
84978
482091
263475
535015
44546
316608
956684
893765
220189
41284
915356
378527
716174
269342
754756
777472
976005
760930
461441
191073
296623
967135
535511
815628
383665
128661
376409
713442
101184
181316
40855
375864
624864
875935
883492
466203
2614
641056
686018
151924
332044
360117
784045
630663
521442
917464
660161
863317
180523
300924
472200
177314
391403
114979
421604
73873
582186
520204
37269
222059
125013
719562
145832
343038
496882
6320
158589
701410
700670
341801
540851
790487
713574
383268
795634
846346
686878
20716
977812
347062
528864
827029
766577
357799
960836
425810
218885
46107
848056
761444
404352
920321
690397
505709
904491
377571
993663
369251
622130
556959
695022
890400
995730
513168
711357
879701
136991
381261
91095
946143
209266
191559
858937
220914
148783
801302
283599
162289
313391
797965
793391
415776
861838
628617
74092
555249
923986
629257
156056
271738
223478
173879
259930
190984
35667
171333
217383
530765
148586
918387
961696
602100
542032
17325
945288
420501
767158
593040
478625
607556
589524
621581
445858
486404
885298
185254
258902
870041
105683
597846
894867
504763
700350
178189
262870
959399
838442
494745
698552
112847
131397
942304
669711
284273
929633
330826
460900
995717
865532
942715
763020
970639
970282
388350
559717
137749
927265
779005
911983
995627
511713
8300
133508
610090
886462
188486
694965
106687
448139
403696
809923
258399
553829
78009
970935
477848
85465
900419
798110
705347
340787
592507
79461
748886
917732
321283
159500
898838
900750
147890
680970
471017
918128
155569
549886
613577
729001
428998
376397
934165
828906
356909
268124
20801
858301
552418
599531
455790
739820
472700
72268
227797
815759
168755
926080
740188
86518
157698
633005
57803
806319
222504
33405
43608
182004
780808
371925
352350
594228
451568
735216
496364
197372
633654
472024
17594
184194
905918
79617
898679
163534
989337
722882
487422
1989
964424
392304
159398
774100
215134
409753
891192
793589
21123
995738
129404
549857
162388
674206
137644
831954
283240
793843
291914
382452
684334
899914
279437
43304
22834
470859
277943
216435
693374
879251
671106
610505
148893
691531
790072
622130
814907
835942
764258
595223
989352
402934
103768
459884
189307
793644
560567
275321
715475
261674
442417
947462
546105
672199
840959
493410
248417
913822
326065
884432
285072
356307
258661
552463
375831
638116
273110
565509
608893
85799
967948
748167
591547
47654
870193
318215
485856
246291
731652
770523
117077
351721
428198
274214
581691
956002
939218
813413
890160
527567
753834
988568
385457
284119
292524
138762
883801
719310
496131
999871
813000
269425
845114
736442
895839
889084
547019
56424
714919
181416
983446
321708
741585
605252
632173
925768
479448
502575
986764
611172
838339
590640
923750
448127
663878
47474
177626
602223
864136
725983
21637
811222
311168
511639
398705
404835
927288
63245
242858
891970
350772
16574
170417
167714
656492
22223
22346
552928
92980
477571
119600
883861
440060
139734
450345
486777
142452
244664
655156
200498
452360
749353
164958
42237
149705
358125
443891
777783
367467
567405
335506
222729
146859
897386
882842
924910
134217
199710
642432
497635
345779
554929
68803
707242
205122
819029
240310
621690
746269
956350
371900
961670
372411
867329
78291
420712
385799
603528
340294
247274
152988
615152
643334
273521
7663
985471
159892
374471
697612
227077
692053
391043
171641
721870
57991
99479
52791
598144
263315
13942
546854
131736
139832
657760
851592
262267
131687
8331
908126
865084
817198
2416
453166
796393
361804
425775
104614
538386
796579
603167
78171
654551
62219
677430
938346
798445
540802
226450
521215
838893
442498
20130
604212
604952
176811
388211
606545
381163
38496
776987
611634
676315
248046
475196
899462
358958
343397
684725
494195
268662
986379
403051
828759
604074
198758
289391
423466
766306
513272
265228
485055
165231
857416
268784
247401
392276
135642
325877
1850
109029
441280
272714
831847
744507
181449
929794
873927
229714
946456
444217
332922
11199
172177
410207
914471
117072
133612
59554
240733
746626
51755
961916
319387
747417
805032
290838
273835
619552
179656
203799
959528
468349
340300
207182
976737
859056
190662
133496
820502
771752
5416
839982
561823
735170
618423
633198
892588
30047
844063
603716
302183
303584
556577
11156
55478
225857
303976
223943
554396
83279
585017
833680
426687
880775
237191
587738
640132
832781
12262
171152
844246
150277
239128
884168
933062
831570
806084
720589
619725
119785
616324
5895
894380
462417
606749
515529
48244
729017
587658
619895
237154
572725
200241
881490
626786
373143
768375
840418
494452
577766
552367
243135
784364
630782
649773
639291
244435
163523
548793
454639
966316
227331
867871
491169
77841
438568
167588
364751
602875
47382
328083
809562
226079
309351
301621
772882
385398
313024
86366
20570
763094
926736
632996
704952
862588
773349
588779
402363
497771
973994
284636
631241
640045
233345
523188
318660
249592
597753
245880
629337
47724
188908
397575
756453
258361
565496
658695
823043
206878
833880
149057
336566
308620
810974
89609
606704
616041
591951
231574
634109
912368
105307
703600
166031
49333
495863
684743
276774
225158
774297
414303
357724
897197
221327
492009
82250
322131
498493
289966
365531
909183
430001
724196
441003
980475
314597
706915
441499
725591
289744
686641
512820
600711
977961
99705
37685
628583
557689
922779
267770
156639
140507
946909
453259
846434
110419
710206
679103
58320
164041
199723
752715
591356
535393
465355
453228
349575
216183
375029
295596
645035
828540
931649
396819
262740
332200
993404
908334
334312
479707
958453
109045
748200
983380
176692
405595
405038
165260
380362
715895
215510
614192
870532
838858
610106
141626
55929
265708
898645
596075
665667
821976
125769
459815
129162
133584
575099
441452
413244
228334
21276
214896
834969
874697
693187
614103
496938
585600
362614
995790
522513
943846
376328
338119
318588
269386
339996
850577
424627
65377
632135
709011
112337
164691
91348
802468
540496
408287
500833
408650
996861
887339
603942
804494
580170
2860
310550
603128
100994
525486
926045
208173
492631
330688
736842
173025
741207
769152
8135
646010
643453
138814
363907
857027
910564
59472
891184
365769
368215
520754
810408
450774
398403
833367
999851
65799
259022
296144
213571
148044
784064
566232
557768
514364
197343
543226
902784
139603
341658
818655
312478
420169
799067
474168
202475
364175
322111
15940
871426
841065
843938
587390
555893
364387
770003
434407
792910
4017
66599
335019
752751
832423
130601
588339
132955
514065
588399
725766
960781
682224
295176
780188
81926
317330
62993
967041
132261
813132
982887
28898
841326
231127
499510
171512
789165
848581
196848
546382
358451
911966
392730
333360
367103
935707
247360
175282
764985
87102
211401
512474
664535
833676
728805
732075
752738
250600
251554
135695
726995
187406
431198
18400
307735
2984
428759
371347
135154
623376
722654
519873
610111
448547
247274
145299
480662
166782
136777
762186
400774
294680
452530
531817
961409
915452
456885
628927
337687
850145
551955
309397
540891
308136
23338
249840
768610
562033
987337
918211
158185
856473
648866
847796
692118
568596
853277
524937
889175
13988
975753
217199
633447
407412
904941
595879
117615
900947
246717
359309
727881
519248
352552
809734
566559
758254
167630
966470
94770
913156
228431
85180
99703
836404
234943
653722
809755
464197
920885
824772
757416
871648
773123
473492
670400
540324
433151
218248
536645
92198
290816
162121
101787
856392
592101
703192
436101
68532
233231
518295
36076
28662
645742
154994
958142
84852
861689
533736
521587
710218
187255
12410
361387
946566
997947
77614
231284
251133
873453
529344
339815
845064
143938
718374
954353
865055
729549
481279
688943
809231
457263
572567
332211
435931
70570
247513
293028
584557
759188
526354
169858
519415
735335
158686
800902
359275
750005
174001
470567
941715
883257
389508
607353
993485
30216
143833
880496
333287
879974
795565
652035
492691
494004
631354
882476
962823
621447
157350
952971
962740
230485
599499
739946
718112
317001
727716
711772
959842
541366
151120
731902
641082
975527
997638
865247
2058
596
565846
945980
66421
374834
702040
33956
545043
478754
885427
683706
284558
29897
649163
142361
920924
243647
167432
890706
700633
651296
822016
432016
985599
528961
462144
523293
428037
120381
83132
167229
268626
976749
921168
845368
904029
619189
378610
131382
245475
635643
309815
147330
530243
214963
534206
183025
456761
781206
124733
446556
784181
276081
647782
782152
302615
96602
754421
742311
980618
80829
626073
553335
89786
161620
756220
614665
942835
889589
868273
618652
28952
916485
324601
184552
854396
168458
949810
778102
881312
878111
942941
929644
993418
145856
647818
299495
587198
371653
657122
89409
765211
962860
324241
5490
325461
787407
509966
210
609291
265396
844488
113212
207429
830723
148335
383247
355531
56274
354716
938190
726436
933404
833309
200935
49258
946513
658401
537489
58438
869127
812284
731278
58126
205326
294040
779664
726392
844641
21241
160248
872697
180663
787755
644281
309246
691961
487754
207707
606918
663119
563822
893340
800474
808532
874097
108657
81706
738024
831902
786346
601734
710691
662135
250419
384821
496742
714467
365878
960694
534222
616818
859230
922448
560386
380623
93623
778520
539244
730817
388209
18047
118725
760413
634627
199445
584904
236684
114861
416094
568776
550645
407765
443343
683677
414406
713939
758886
66490
221348
46792
786979
282330
38381
962089
436774
446489
634022
408730
900262
991263
796166
398837
226507
803959
867934
539689
15593
206206
408931
641919
468890
581366
557466
623672
830391
907706
280286
61267
273267
902924
662865
411179
926548
863818
335773
904892
217486
469824
748390
239046
699965
258966
453198
994314
451390
185578
931940
13361
386987
649145
968298
749964
913138
122742
691969
304566
196498
177789
341299
258262
425841
411297
121693
818817
114844
186593
50103
661692
96091
550266
836929
57183
232432
254614
43852
482260
197228
830882
894307
794047
891631
658813
450324
50616
855354
247692
327134
859059
751090
529514
819640
541313
960756
384125
782076
689455
819279
733540
977583
40588
591458
57292
736493
539657
583443
113954
798901
858232
115689
703842
893967
758839
668167
365326
152406
533414
798406
226683
248102
57619
685166
415301
362978
42295
346000
444067
96226
455770
169026
534613
190520
345169
257080
780410
778718
883560
456891
396606
883005
905114
152393
771952
378140
328957
364746
981425
483875
497723
583146
996104
878475
343034
669911
233555
700005
52573
734041
831960
344707
791332
453064
312826
57287
659503
41519
647495
583366
29920
376636
379438
419800
24477
720672
861838
772798
472053
461641
512169
996657
979098
665081
161911
563267
304012
102595
305367
957620
602455
205858
281825
398036
855410
993718
807574
715663
851337
560476
998265
877338
757589
539240
184759
631289
966886
323970
407361
578090
755778
225818
382074
766001
346536
337097
331212
355969
439277
128966
785877
767108
614280
818177
946687
388615
525353
457631
75630
283525
68035
545555
925778
303183
200171
732373
361244
153493
457688
623426
250253
343123
998218
719120
623401
419098
747016
319916
29963
156601
666562
249394
23186
450185
567188
32200
156665
649298
31339
574936
67589
719133
179650
688296
173079
155159
651718
871383
554401
884639
107288
52214
464053
131117
969584
307584
530937
677278
269983
233208
530359
837536
671149
381406
819217
124854
506592
429197
162449
529576
480606
844916
280095
386059
132970
530094
810444
301032
409930
699649
662474
944204
831369
260592
746942
962028
207129
322493
877934
415282
573584
48895
133525
458664
868499
505947
170838
891136
212496
807586
711053
412989
529317
584455
421888
136898
154590
492667
722484
416949
875419
74407
278108
197200
843024
525957
288813
131076
332263
124444
500429
783177
616384
810646
460009
797383
304536
606527
945637
805786
261575
83228
541551
226630
296739
962982
417261
781495
995779
692770
908564
924403
106718
867294
288410
987422
351057
320650
788995
988393
546303
351856
24472
845337
752722
335569
228279
837103
653664
322910
423491
2297
502826
54863
294843
53749
812606
961956
808872
524893
960956
544630
789296
174868
278517
934009
87817
370539
313839
34065
752007
692688
628421
219661
510805
798419
195179
861956
877506
472470
670800
479435
870899
730705
139548
456400
925175
852928
1112
255446
981624
208041
494317
146637
97420
918285
432133
796813
687723
974379
284878
434287
646523
876971
530461
740808
78920
641006
677167
901251
776463
271215
159370
549914
464761
313750
257602
390705
198629
116825
903767
466191
785886
1871
582780
906681
389228
84627
809074
879789
569734
908113
928403
898488
276965
321008
539371
645108
128435
487644
449921
715938
407522
969071
975091
775135
732570
186363
796479
533894
569482
735606
118750
473571
79904
616707
135306
17167
656723
136729
280609
358829
50141
462162
12194
186623
403847
888658
585556
253606
958108
818194
94085
550708
907839
54024
94768
86127
342041
786101
515704
270181
12714
414410
479121
966247
540737
219768
694910
37859
429511
481491
974900
146146
28277
595362
717598
114714
322021
184517
955322
17585
884038
371587
502176
293327
651050
403760
491939
163678
923514
43255
985808
564513
103561
517514
718611
661166
943429
515171
225146
459209
689994
256117
65553
5855
638544
860020
328683
353180
942405
410046
312770
431337
951734
425828
420918
535941
349670
692313
855537
950783
725441
754614
992876
733069
700394
179112
768714
218189
839537
982967
196578
824469
82080
270835
77850
156920
606452
114237
689518
412184
864297
808175
60368
707683
49263
820521
968234
582444
969080
817209
984575
39718
753587
975142
549423
16959
358291
840793
199961
690263
409544
215273
100571
864987
482255
810306
519925
785154
926565
90353
687755
817444
180119
921870
8969
827250
97909
816581
710113
692758
776676
481347
960431
257320
423187
326011
638974
21065
280518
924818
941668
930848
459918
574957
426568
128879
994969
558804
449860
264593
924325
430531
924581
636562
525456
506573
419215
736043
611212
600366
359294
502104
235310
475243
158695
26776
949541
902312
795901
374337
66119
515846
662223
922429
561351
820598
66702
139237
146883
547615
335021
902392
25338
800488
861921
515959
861531
609442
737928
112993
945976
304853
353958
997318
450138
983206
391434
960330
447790
515361
353551
451449
995420
243881
297022
349697
266232
570361
20369
143824
538129
866454
461778
942155
941223
182931
221410
133735
215547
367872
902102
122280
823550
126193
672700
184500
943403
106214
470779
130387
123952
985628
331416
701446
497159
528495
433173
969921
983652
281194
271412
230790
757831
789549
88409
509022
595633
765498
860621
614071
506291
7516
141663
702933
92129
277428
78565
444534
178854
441441
353888
636935
789617
901067
284925
390588
349773
56972
227384
999056
900943
968828
736347
683033
723944
985880
17572
813190
368731
295822
417413
422969
713160
977832
447941
555771
275686
782866
919492
449120
668815
911178
225563
467832
984245
844323
114402
246511
384434
303605
664267
745986
693566
606628
999659
116830
254650
78668
657241
393303
663593
292742
817071
709185
908414
901594
122670
504111
265807
11521
521342
862790
896297
33941
744018
975548
708542
85335
353002
836723
503994
570332
831474
975084
150707
134422
152840
826409
129471
419835
304987
552868
274719
561108
227438
159205
436632
47460
763772
551812
381922
985779
555574
441915
950586
59446
609832
646759
59794
742812
995577
815707
752745
584887
149713
837025
105589
662533
256981
76302
283835
664667
953422
189377
627521
530029
746023
682936
924700
198268
527893
347790
607139
559964
515857
599573
814340
996705
265345
717324
765684
476518
224757
553533
538562
267449
586892
76982
346885
802150
687095
403425
140532
45087
449813
659843
205460
574597
986046
678861
700620
493333
280667
347874
610708
210610
751090
334694
462284
473290
80768
302143
685481
66664
161599
534956
651146
440342
147271
843774
769449
190893
289297
448694
427436
959483
13334
711997
397211
513871
590678
744378
683117
666467
23732
448532
462459
860135
862078
528964
127766
102182
88971
17557
307828
589527
611581
590971
171013
189890
122727
260045
538852
726477
615944
347425
132137
261155
171892
131779
596891
576000
31763
253009
908994
807067
176771
219830
199259
246831
14361
673409
733733
548968
174277
634977
470617
832999
318803
31679
305398
269426
939150
44344
495226
799355
940927
132918
688108
830603
540243
907434
142550
670411
787674
507624
80337
935151
587244
577566
468984
811903
353062
479090
622399
622980
260882
612600
855452
53643
52005
546189
180323
605400
281313
992339
87279
396971
803867
51657
421692
428200
599447
528133
573138
545381
805647
760529
4188
262997
558674
734496
673687
583755
817545
401131
998374
683246
118806
789165
24322
842872
395029
422071
945102
746538
394628
928176
931144
723344
916223
87917
524956
732588
703140
995433
141971
219970
539477
776865
764648
41791
57563
878159
59451
193799
770664
530496
990623
486618
104053
857684
779918
687458
369098
760786
865724
95963
534556
31333
95624
43103
949136
367287
674895
724877
150558
289385
714075
883093
526416
264876
787449
192995
258986
291327
338152
373158
380644
399109
624109
285308
869139
99330
617220
417148
46950
234674
763377
955551
789131
633606
881460
622603
395761
638780
145818
742206
970025
612889
370992
452500
121190
849478
957075
171892
917987
133637
804963
450077
268515
669070
214038
464713
269460
217418
433320
183099
711373
3435
860080
418666
336566
456998
294286
960906
602759
250318
698881
877107
703785
607054
530261
764400
383672
945411
757177
386919
694122
116788
955055
491744
522633
767919
833308
979699
527452
693185
295807
388818
489252
172177
67582
558769
174082
739993
142428
536078
39798
170114
735879
529888
99522
279388
543438
775840
443820
624631
561648
465646
105571
939040
145104
348706
11449
826235
653508
167664
108943
529082
83852
504759
882830
343543
683359
400998
314513
255668
697569
357707
156448
50476
8178
790458
607000
517461
455968
946774
151078
383285
687356
560191
469106
547870
74122
376408
834456
626696
293714
425459
53521
546569
187859
31644
874608
293171
399063
804095
872393
930762
594722
969334
895340
723040
426372
554931
265039
733647
376398
732999
586569
33747
310113
531980
502331
678274
54370
59317
333001
822760
657289
910256
304518
202243
336537
831093
962158
59352
879594
27183
264972
127664
196962
936963
54332
834546
908738
922625
622539
29918
680412
29862
506938
267299
593251
110539
9890
251934
454426
763118
141169
168817
129327
326300
9362
311291
325921
343351
282923
966713
491099
821353
106496
592761
748517
107622
76021
881334
395824
778775
337264
140885
20431
439400
69213
505403
130373
447983
552075
470281
965049
520311
698419
601717
941958
997225
466713
321990
228655
81110
989068
286123
312176
558948
250119
198521
25327
935762
137210
933440
387473
755753
292322
380552
751785
422849
905556
421613
666124
229293
811866
833812
553536
780356
965812
170249
736787
860749
945856
79287
858055
167046
392180
861315
97771
953041
268359
155717
159493
579708
927343
659299
96939
249195
619334
720140
517296
727524
675270
653966
516668
47479
944371
888021
175477
291336
22232
463169
876953
814330
636521
557666
457710
278266
841671
600659
42640
396389
270499
666544
92009
535
47034
72757
258240
943441
43070
967732
764776
313542
737749
286130
948056
948994
493882
281119
305819
429816
798786
819761
505374
499558
470969
534044
515047
216231
758571
157680
693733
276117
772990
982478
650338
994520
546492
646088
452500
391888
551023
177109
939283
875035
15269
420909
639846
178627
522259
130119
63798
178567
373078
555309
189092
372100
625556
942520
284086
720064
566529
91182
916844
940564
521278
321268
188849
966387
763931
628977
473069
459483
744189
929474
190071
24726
362267
136979
524840
578285
625058
215072
804363
487082
238137
452745
473328
759433
861855
907531
46624
519803
647408
730465
626666
674582
168390
933942
468572
414108
140347
635397
471246
918245
603981
556943
170520
523948
542683
505272
943011
767028
191692
481663
721693
312661
131215
785560
472582
655079
129020
138728
886375
600329
161369
36508
603811
777935
3065
318375
550758
474630
883328
501846
460922
486692
685633
173521
287352
626961
491784
374128
975323
393228
102387
241143
886512
142396
517115
155952
306026
664148
842192
906147
979538
188897
87779
135541
9819
652147
567357
550171
347987
181157
221708
511609
669238
375115
695039
33371
206365
568824
859014
344910
91731
749737
120124
325788
909960
32210
402465
184355
635359
907394
971200
926161
103970
469685
516143
266815
505493
637622
356469
989030
836264
461231
796678
177794
664390
856527
361257
827393
709322
36758
64250
40
208017
846720
752076
908995
459498
224907
935334
759495
563306
789159
485166
409478
828317
54650
27044
49933
99926
597581
662789
357149
342888
133782
323600
104965
911213
310754
921380
856152
774659
432223
504264
772432
762455
945603
806021
764543
434073
219869
335790
459950
634575
723830
894848
725588
501510
83299
2980
133684
21090
415786
796497
389332
946263
163343
292174
762389
169328
261498
639445
493940
107469
985670
854355
583708
332138
34344
383564
190501
925913
68922
611804
150701
66642
46307
732632
621713
111521
693221
61907
33609
480637
855555
352253
724318
115001
109453
937317
884936
122836
50057
650271
12840
344235
694720
520192
640158
818189
247458
117382
372296
423343
443991
958933
136728
730166
593571
548508
829265
853298
570484
224470
30942
747691
972811
237997
367823
262739
702405
411896
850992
950682
305797
288293
894152
608737
729472
570354
30187
621574
678309
263509
377724
283870
479975
174268
556995
875585
855784
556271
126695
238910
838083
818385
678536
214959
766518
946053
11259
124008
999723
935852
524515
775753
602337
94157
369000
971635
14076
982606
865047
871447
717925
619423
172886
382890
487519
139702
400898
962165
765800
83124
116903
531336
89672
214631
270043
904654
735993
906473
340407
143932
381554
859749
303027
309348
8594
469817
929949
64998
340838
723703
835510
127749
786071
813510
204649
647127
859251
737702
601577
847702
705366
185873
650342
302229
695924
71868
112299
221452
544774
180797
167063
558164
512335
737414
884470
472494
211082
560463
71803
116861
595186
790098
246428
718100
523437
289520
4042
698282
813206
98033
431564
564330
986214
266729
126199
149799
772542
576181
662860
341485
336659
238053
583342
2994
625014
633140
887166
794412
145535
523314
101525
787900
193045
951362
48989
483528
408797
309567
937932
283302
911485
400890
328126
454963
645964
110431
922927
736900
2648
705398
438034
717556
445714
554821
553424
332061
869658
52434
737696
656994
3555
768517
46527
715560
883779
3564
252749
674852
288218
103065
334468
527439
834332
305318
570005
314103
169852
535449
543328
760303
539062
357922
269712
285799
954681
748481
815378
28630
853808
590980
764720
930899
977516
586926
730190
572867
445424
209012
302655
225197
525464
452449
887621
810410
27558
384985
965603
536440
76330
466490
699681
887341
695566
153310
979868
821256
451131
116285
867591
759075
378028
756208
593410
875909
315085
488336
429397
187540
196431
311357
64777
722215
802827
39290
886435
14393
56336
123830
810814
655354
879435
653798
400836
205504
365202
450189
756680
445852
213773
674909
716227
972871
297793
892599
360298
432890
883066
220943
666600
208476
334293
737067
515389
272790
124903
227210
690674
911491
250574
853665
792888
889219
431378
781056
397597
377775
678518
650388
948330
736230
210977
89477
223643
258246
966116
345024
163323
329079
982376
435855
67548
865249
221493
692387
169584
551101
87265
441652
129288
890313
187475
931519
294758
724757
674611
121966
859008
56187
807088
720406
238292
82092
300525
103066
217826
678948
64137
307564
201483
607679
279881
836596
837188
725926
851172
610185
180535
608354
282667
215388
530806
371089
400276
309876
612700
762933
741410
199891
825154
419369
654130
384632
460315
644400
921443
372030
719149
350310
365283
197794
378604
323608
573139
235298
530165
162351
390934
74048
661924
62087
390395
216421
709266
494494
473220
634083
25390
830823
430227
577939
760055
837502
43248
150365
23827
916919
987065
350870
346383
61839
272935
912772
465908
827076
449976
446716
112450
133888
291903
412396
811852
981744
952196
810805
680175
531700
748249
576048
809008
708847
611322
939538
44593
439229
826976
488234
913616
600196
106658
968455
905437
557348
455176
610486
179637
598856
872174
605288
415679
293086
123090
253491
514627
604771
445818
902191
684834
600855
65092
433473
71030
189392
943756
913908
20487
544363
140595
779011
718182
882653
655442
870131
222762
927015
769404
176797
497348
738792
882920
869065
78849
442508
258435
463030
972957
781666
881617
142775
526462
72076
14972
30775
144532
783504
38011
708381
941578
645707
863200
448522
330473
197636
656830
131071
514314
656990
218612
381340
693046
5992
787419
481284
653788
215375
969032
879132
687213
702515
278526
257457
698328
213462
678643
49081
121309
628145
929981
485617
992528
707617
838489
967078
644589
289470
996696
339280
130002
725516
66727
817048
741789
930507
261049
800571
263394
656425
851667