226297
150946
764397
201651
672820
759306
454512
248931
670188
879593
696864
368951
238797
894682
297581
330561
94089
228453
700376
420300
291859
795117
642001
904498
941640
856199
187302
149671
216952
11268
213014
612134
892174
651059
176001
901009
418032
835433
49540
643133
111192
223629
640300
934108
378125
380578
109063
746599
19442
510587
409814
785175
568089
428462
534676
926393
303271
368219
906274
563494
51727
50783
994470
886992
138910
284649
250997
375591
884904
257231
753388
546309
853339
589700
528678
318305
656326
174371
387732
181874
494395
791269
242639
732181
767641
509249
302456
26781
32778
917144
246714
656575
300509
301638
461417
381812
168606
991156
688901
677893
568313
218821
990730
560137
965183
22571
751959
612362
700147
896828
565390
231008
782634
137641
226095
714740
854755
82019
739310
978837
234057
732205
198895
354374
912068
576936
628941
144086
136855
774262
397666
350007
739998
244313
610623
262345
681911
635399
969336
404750
384139
573164
941823
668040
293235
80013
733075
332609
778051
560852
466420
79147
900778
291201
190779
17995
821749
915034
814194
229333
599038
62244
830599
299602
926093
829409
754667
863933
914126
532588
508644
220074
370701
837155
615466
666154
151951
97219
944029
332858
73065
495973
925348
929932
550177
368351
612429
7660
616511
908647
692059
45831
206605
318327
573276
925893
634672
333007
975173
116403
6640
982637
15774
207544
900114
385228
664066
267402
22505
351961
558884
860847
714791
590352
621195
471280
106841
332148
590423
496189
449970
283945
600816
949340
653370
901033
180451
495627
333285
118797
603325
468982
747264
840995
354094
79455
830585
680571
575350
102434
177876
676167
758953
961200
220220
966301
615768
263368
36499
693209
12266
532470
207432
729656
97802
87828
871801
174533
262975
769049
676497
946868
367346
475854
625592
222909
753854
299661
928283
907231
927683
360219
821587
806342
418852
328782
877
682083
270744
18689
729809
902126
800809
354941
920939
976171
765076
496202
479301
868999
824708
875890
983428
615305
260657
453381
341795
426280
211607
522053
407378
174215
320735
7781
658999
868914
568412
309677
965361
498509
240834
384282
136151
397319
438658
955067
434301
124641
265087
441030
474506
690958
849432
441333
965291
851795
660047
387333
565407
104511
139617
279037
720083
969595
556147
259916
718594
115592
104597
152166
371885
895541
716946
973955
647412
902888
742593
890813
318140
226081
646333
15270
183571
183638
137768
961996
702933
455225
693836
90111
944117
689358
265279
920007
596689
864605
68193
298924
423270
908715
753413
507699
930813
338892
919350
650512
231778
976460
887976
350121
34927
110471
899029
982996
456455
837325
394087
431908
874371
687285
860035
607981
362554
63785
780530
799824
335607
467744
604442
244334
911623
956603
281824
181875
157201
796628
840840
57981
817520
807048
683171
464390
354023
465858
760768
874122
113217
449712
563427
218483
232334
914069
894514
878290
451079
484815
741263
717292
343406
628883
156428
372631
609245
798909
959669
135418
973336
505773
239903
403840
926787
262895
93954
871949
16716
167455
772186
329136
640301
736251
418403
188497
331802
497679
889165
636703
344575
756377
716741
603634
924851
893356
140307
586982
50003
541971
271571
735152
561273
988906
883878
491243
559391
189332
17930
531535
651258
856748
582627
693816
136824
190503
396126
84068
507541
937822
660066
574420
691233
652164
689013
460971
322946
206071
827526
136963
947338
844164
878856
254980
465377
320764
42123
1247
326600
956625
308944
785769
937911
770591
505808
863967
510868
194494
685114
148628
101649
263416
365646
745411
911343
588479
202326
550795
8968
865607
25486
588285
515546
151250
831461
626860
944860
644845
229176
25040
834924
257828
51498
674635
23980
820313
325478
380139
925769
379061
562206
2903
941086
674189
374845
223638
706083
547091
762538
832447
222508
728318
8204
42521
41072
181730
29856
441779
576320
940007
197923
846164
319905
156637
85162
498952
188853
920818
351090
772358
496402
234207
979477
770887
65223
432281
385283
10281
816305
248083
486536
651596
761513
662431
696981
606833
703797
662198
936951
200732
106282
37073
182760
972745
529906
385237
778992
633855
759042
569682
723457
154855
235475
969451
401152
455820
703373
3846
791424
190967
31331
572706
1648
678711
22319
252150
91060
113698
648327
312687
540014
815700
553734
885429
392757
419717
859901
892157
55940
592268
273221
676264
970422
70785
249816
624184
890520
566167
502336
450653
302736
342995
447736
236231
595055
97541
289698
751760
948299
90634
305284
82027
562583
360622
562669
69629
754822
241051
735263
640120
667272
338384
897264
640797
812518
586960
186662
428011
446848
991587
3932
71690
811857
192565
978136
710796
613209
43591
276887
289722
715825
979929
962592
633194
926382
72375
4624
575992
906864
311980
245553
653895
716977
851139
89287
683497
218636
638573
929948
411113
592294
128918
372547
294761
512760
521999
109985
398263
111242
292597
915638
322781
710704
608363
586769
78658
463234
601750
831215
809208
440963
361226
28310
318150
436187
937688
514684
423664
711685
623927
546595
264593
208823
258149
372666
818091
268918
326975
914355
53068
752387
199005
396249
340064
550607
906940
894213
965742
876973
514429
176682
858939
396523
253227
402840
925300
207587
296886
211167
708777
924259
249156
482802
450827
625120
168397
596415
1927
231464
223747
304731
455070
957385
884445
457606
817183
834468
880610
672494
511966
955363
41959
710422
16417
3448
520361
754003
473362
839828
832759
3806
693605
404299
622959
10333
563819
953505
33886
941100
510139
707359
106376
545798
332406
303904
676210
927221
420335
73151
827999
351643
90403
32008
82733
239534
541048
675299
145176
166004
713806
91948
217984
170067
169301
670761
601320
922805
939550
676845
539919
336746
201821
277554
53954
12229
534341
175951
795729
511275
460406
870116
811132
825438
965030
698266
452961
561354
677017
252457
592616
306184
449405
447777
707364
354853
142508
519273
382238
481981
516329
485468
258860
723634
272894
165156
487832
197476
454119
663284
297048
834651
597071
352080
375165
522695
276078
765168
387651
565994
919882
495294
92247
558804
82086
140356
201306
735538
664458
577806
350453
614054
945148
364083
276106
279845
647708
853590
578846
972559
701815
710833
255305
730977
792894
849682
518104
728558
275387
475323
291586
588886
533182
827330
170480
408837
410786
426354
559296
437014
910075
112336
172174
355941
950030
928684
66065
898792
620640
954762
904542
94853
27188
518105
205204
782665
517435
828148
910539
155788
811751
964843
740295
13312
315036
328399
432804
75759
679298
110473
163377
196721
507075
82504
139801
551566
938382
13473
618135
916766
747699
327227
356407
966878
492530
188605
829494
110947
201344
67955
365365
766049
66278
975249
731035
122954
614743
977818
596009
397334
874127
319872
731625
279695
115072
447286
766657
798158
861347
507770
812677
90470
988128
444352
297090