128991
60245
330617
125542
239276
139332
641875
615192
625202
558668
713852
586967
182906
981063
167414
301799
635141
198094
154908
511014
508306
873811
696752
772595
604412
28126
693072
300985
401727
312610
430088
400091
339803
597819
555072
41406
299473
50311
261654
264173
461898
563998
976903
124525
102871
347183
14534
591454
216851
657400
831087
384523
492581
215265
978389
956046
983714
181366
801207
256099
943695
478400
859218
127943
954948
251647
620688
840268
731883
594949
287326
147772
118952
462513
532507
283368
972051
666247
383788
816972
596896
106985
563436
64992
739040
915700
68161
380861
487456
742330
390858
765610
664047
128407
859508
295811
648510
201266
202156
257605
865504
113042
603502
783032
735280
123290
825596
513017
271825
370915
427179
299363
409168
733172
297816
791386
465255
791840
415671
272052
514203
343101
148555
658627
46788
244732
911922
938691
605037
854698
532504
459549
128401
686914
169100
42838
627526
760748
292719
293399
396022
422230
291592
689369
949767
394606
609589
27629
458140
793465
159485
665125
951477
709523
362880
397026
959026
427651
932047
685435
742901
115706
278232
198791
460836
995049
323898
695560
4942
355388
71735
518324
626341
749814
606087
217697
134249
286378
647625
198028
71654
378259
904021
618629
387860
469329
698732
999739
137820
782144
510865
381536
808186
171127
667505
921272
12861
221914
569341
49540
859436
91997
661657
974341
147843
343765
748076
129263
843483
511484
111064
277100
445287
944577
325252
951497
894426
528522
210900
835201
784230
235847
321658
544804
891616
474676
907558
81828
770111
870827
369177
411516
681412
269731
627287
820286
42547
394185
408187
657719
818175
170617
542820
590080
619779
391001
765261
599844
594093
692434
142523
448937
391925
964844
565711
68733
783307
734470
149499
410623
13135
600302
6097
100838
677818
974947
155895
162194
2970
827684
221431
733037
40122
457396
623155
304317
128352
184749
590198
498570
800303
502206
773541
612134
650285
832643
453332
627934
168799
678783
349877
35708
606801
381689
909163
310325
38002
611440
920316
79862
376603
113531
762469
713030
792944
239234
943496
131351
517855
589587
151553
598767
74438
152418
21334
921710
680177
257120
854476
880315
924544
727414
875862
360143
155943
327454
69929
973853
283536
546270
532459
265117
864923
113955
156233
847924
882501
61878
100456
367042
58022
17053
929075
795463
172692
656848
960531
817586
697062
705110
631869
469448
542099
539389
105316
377006
605560
291698
27472
578707
280312
776514
852295
660796
331325
236782
438183
317933
831133
770404
302805
462513
119001
210144
793360
703751
42495
193503
193119
889833
137583
647675
783977
660153
102714
335464
541539
869771
543718
10505
196835
853833
687438
809712
83476
195079
452902
566833
209794
905764
166173
4833
396757
547609
351451
459120
482779
665377
708394
17888
72318
250181
148081
593953
950356
872387
93210
227787
537365
272602
949013
178039
511656
468277
101110
819963
462806
418418
677370
717887
782048
340237
486055
795840
404203
936109
600337
871777
167385
571019
142072
784489
907572
677051
52943
585694
923076
364697
125080
807995
83008
128593
836970
62480
279393
187274
184340
148535
350801
333936
991132
892334
359427
176732
431392
969686
250332
132515
941406
708551
194446
174648
21839
756622
859782
792254
217582
188612
709820
685166
494870
128012
137831
658850
187465
410536
350739
842300
458957
563768
530570
646773
345328
497873
162863
414150
204717
300406
814891
722476
163943
935606
19070
478300
541650
940833
948471
560259
760433
689704
184831
984504
229561
553744
509519
929537
254741
506259
116098
955007
599811
898195
162500
141495
703707
357435
913322
714109
609648
889461
976604
379263
729039
130177
251053
125291
76901
756857
651083
786430
372157
497054
422354
900395
358758
495133
826235
129764
256562
485732
685425
593351
358555
928604
627140
27496
388737
803202
483254
709495
56975
259941
46643
721166
657787
251070
305054
994650
867051
919527
614215
356067
271285
941818
552505
402105
319039
9095
56175
382013
347846
904177
895142
848905
505978
535205
540237
347069
278469
102200
294233
947943
90156
259997
195253
703182
58510
179648
395927
705883
620426
19777
636846
668645
397886
217296
168823
722711
970666
664353
87407
761536
587890
846348
112867
95415
403906
750917
943395
933225
301644
831411
882453
539137
557613
99054
202021
990450
420397
191386
908442
357668
554085
801243
503876
198392
809083
654771
938129
669818
230089
959039
306048
266530
610332
420171
803821
803143
661080
24333
993930
397473
620025
617157
308526
371641
42804
258671
330119
702447
127932
648865
693932
144168
421280
5127
738829
151954
18257
365369
729356
540245
929282
902070
430948
128087
286696
891776
345991
265260
804129
372819
19654
118297
788849
791299
506218
419075
588263
503473
877024
367865
709022
141673
806736
754331
490335
557852
239566
932261
830436
375285
813865
511324
192759
663641
601442
874707
125369
523904
737783
781914
548863
232939
236380
324996
506391
444417
769803
812052
226472
250378
529074
21315
787575
847751
69451
165169
412998
261547
702346
85030
88663
937722
715567
87107
623182
356797
336059
867401
115124
572063
358207
240005
217496
717352
379407
182231
341648
814035
467798
384990
124829
586957
614532
125187
351532
341645
627042
87198
625977
343690
543365
116872
269390
141982
648865
406718
357482
437173
326069
654766
402172
180273
299428
216034
592654
85406
736100
453574
83839
717005
444367
472343
668265
131727
454807
149674
143585
624207
297047
418326
641948
509581
92292
796032
54254
281011
991938
254785
95086
717461
936467
53366
313654
205642
202794
860195
982727
620193
968542
100356
135433
218818
777914
277810
221359
510883
999729
912559
367353
115555
6766
898958
873747
788551
217866
677570
267227
581518
380567
868609
996672
967346
156249
826068
214662
491582
601812
499774
789413
170247
559297
557638
363473
248968
449370
878499
631893
644254
946516
126212
581657
771356
863021
128377
766274
13836
258203
823745
886264
979971
968100
480112
326083
775328
707083
405821
842510
200673
866728
892966
704846
163105
596305
429120
27132
198514
662004
383839
61054
327571
339015
638941
844836
874958
923350
880459
526989
514417
932219
167090
707754
490086
142444
654532
740762
218033
601262
766436
794677
14406
74280
620239
861861
185413
278994
793765
876142
783827
423756
696728
38733
944086
36171
981680
628926
756620
632494
780664
196824
440521
523055
486920
699924
485387
892853
265776
259947
987643
923461
920574
43037
778115
511769
838701
744653
231110
632713
513130
96521
376192
232038
429444
263720
923452
144422
92655
853069
704940
313145
184244
803336
752040
977210
126649
623515
638662
862657
432040
685145
941266
447317
884863
281642
659946
73599
494132
536236
770873
558841
84995
459892
761102
184581
421781
243442
107928
868379
216590
784882
419840
452794
579252
788863
487779
890144
291831
596130
743787
822869
440929
410952
781385
57569
919387
555521
304080
422941
477785
579109
620465
576871
530403
869137
683535
512879
930305
96847
571518
907182
629059
93780
75997
561207
543594
553634
599501
825829
638070
603726
129037
864436
700237
171804
387188
556076
717957
788422
301770
366008
240846
436252
695746
287701
827007
689413
953752
156134
452539
196835
542659
7524
535360
608724
476888
660466
325004
339285
968699
39118
308844
890370
599938
625828
260002
113657
244263
560829
840050
206044
303786
540500
804617
999924
370369
143369
892171
246579
724605
823215
542391
41234
616315
873024
114681
973209
688451
992816
393293
645565
766144
564766
910347
876899
391836
657511
680339
768899
525176
566805
577173
43752
901637
963829
842813
684435
465410
937990
563322
823551
911122
317133
522154
930624
716793
66758
420
259397
443251
361077
648225
987452
699825
192922
354503
277972
652016
305410
52308
388894
235704
419962
60899
731533
150191
699295
447006
215772
63703
539729
95361
791374
814315
641862
538566
809297
317265
172026
225907
610300
442491
72388
697788
283575
252832
778564
638997
427898
866131
763961
462681
794222
979261
469423
903440
199919
891772
963797
676768
472499
734102
893037
851539
107396
272795
306268
31809
494825
795543
724257
606298
357475
363121
161698
628562
937875
325988
437410
560873
288505
428631
680848
513622
935383
885082
230905
465423
408436
656255
869852
243896
890812
933267
229214
282470
562628
633080
246868
483150
587116
726432
172222
200334
101341
442664
87764
395544
683378
288655
206583
269047
469556
706577
833226
220863
487549
89188
564826
656213
798781
460750
92792
883224
469915
719265
96296
229419
879859
116884
627570
739041
184318
630464
675797
626499
783375
23860
774299
285824
86522
983349
362824
332146
192847
985813
453740
97609
704836
895470
45528
459542
519601
603516
655917
955638
374260
387988
564560
417625
593652
621573
709177
999406
827267
822730
965739
942701
237277
356904
672702
936320
199117
654890
368984
612559
138031
172151
628026
584231
857680
489549
714358
442630
190449
324764
706239
188613
587051
290561
669593
372002
133932
917597
79535
316969
250783
619986
941891
929407
281066
394202
6399
909003
583441
833347
994411
655809
232120
309515
211192
598284
249861
816403
121977
892504
241124
108867
277361
648953
578852
475451
743559
71931
920382
213681
888022
22407
330806
647852
496929
936302
640987
613788
716644
401941
256040
527059
965509
402493
288013
238628
462953
528430
14855
10775
107364
582976
888300
689926
690120
951174
674627
642391
787806
766807
431503
635350
120563
817146
871085
22637
947721
99693
30803
613251
524527
870674
651832
16623
306539
866487
750226
687128
169043
734209
942779
573099
62267
685172
301997
829559
842248
50913
435884
502760
217315
825004
415299
71198
682761
20920
134758
182313
692224
156146
611958
503395
629028
432567
88676
958954
276000
168419
60717
16569
932216
587831
923139
451043
285186
596134
180428
732651
684853
306684
545027
222850
424473
129131
140029
997918
105310
454260
568326
10355
88457
45103
478314
203216
135753
665142
925199
928793
927848
600820
230015
851805
949533
538181
130756
997395
820798
107210
678188
169910
71570
741133
966444
855354
871300
922955
524961
91305
671988
926690
917681
674143
428200
722200
70800
567326
990880
56581
29791
466511
817351
950431
191983
785494
24645
520608
794787
735440
552433
457814
710130
885548
729124
956167
897228
17251
164521
302718
638228
783317
908304
843510
471116
723522
198178
761570
133007
767521
325678
464663
942839
916192
782722
884887
585886
612153
66358
650555
580098
615150
67426
147196
543170
646369
796783
763934
609093
359698
175435
225529
329402
284981
721654
37
694393
871215
919610
521665
145736
572205
593655
260576
88506
835425
936796
47505
485619
604634
207730
648522
649862
462399
389970
246064
378239
543272
741943
20742
79932
317018
626286
482287
810934
875484
353066
10785
509150
615162
275252
747240
204386
461718
281791
415764
843278
777125
152729
347265
490831
254733
993214
483457
889556
435353
970503
917160
605709
385111
975424
595059
934805
262159
172374
253077
988780
657120
365999
180832
897949
993656
331156
669453
858943
92463
349001
175528
784854
897793
276094
891482
379673
572582
219038
329236
615950
288336
58948
337558
149074
573889
359245
120217
274677
777734
983368
274271
996609
772627
93898
371861
316187
698748
594975
91169
593027
949774
689627
420942
568886
232136
478158
499218
476275
882873
841621
255928
192794
479351
785421
477102
383983
294329
897763
397549
749182
980690
820359
391872
675417
310411
575743
114164
299837
773403
5464
872283
3923
643909
487671
421308
84178
114254
106637
53594
579841
728922
408425
136031
517018
215906
173863
729510
243658
799252
739526
937058
517142
864456
161175
791981
707671
933786
884946
582513
814630
732328
889347
14701
817874
133161
948897
758565
752078
232488
775743
271337
870120
110045
203996
899967
829876
279078
863125
334191
801543
656487
976954
828396
549215
211067
239677
617498
696864
1877
495302
694080
931897
717496
365732
598284
508261
171855
374623
903869
38926
543401
19113
925681
982028
506645
336691
941131
529418
302230
695579
330624
622089
280900
658626
618559
171134
651583
616956
360059
352535
996304
105697
677782
311260
626397
619776
767403
265392
816265
776883
573688
243510
74150
632974
453798
801936
140504
606001
837495
758850
762567
78589
558155
621493
205952
697507
585295
465432
34857
313688
991043
169761
504927
403749
961893
231985
274990
722010
182911
118230
377452
835298
548746
850410
231154
516786
919486
949464
506424
277852
386295
512574
590860
213504
770117
500334
509551
475425
500880
109967
624460
310869
384166
214113
896918
804567
631203
725534
918908
800567
910268
825979
726348
682736
207080
223758
480802
302234
556587
333769
204490
575094
209984
485412
879546
32103
22306
882393
463077
663616
824311
846025
185725
226168
124314
917436
38536
193850
875395
125958
972894
628249
322133
503364
398588
228897
840068
866886
954696
446985
955105
9799
527330
141380
806084
439511
627235
98678
848725
25370
916469
550212
802103
481321
155663
711492
895377
880982
831051
547988
850361
139724
957669
209670
469823
917653
469842
763641
944212
22390
525051
600451
991574
625397
864341
318346
782777
798075
777822
154162
326163
590611
906485
322160
546563
489874
899222
255101
450559
336529
756658
623911
367226
13270
743143
332289
920174
650193
910753
614587
165067
838082
804620
917964
820348
488504
730101
683595
342162
920307
165180
142238
507791
82859
386552
468553
88081
695850
15719
508712
514522
516756
632080
591352
961592
121863
19063
372239
995861
347933
679676
986348
184221
357006
969617
163305
641863
454131
773270
49165
498307
857893
268819
328446
712894
348996
728849
654739
790421
521555
568085
568200
366100
650881
951930
538635
921321
623491
382122
325683
226409
774044
647865
468496
258430
138750
187038
857757
499117
849674
376974
204434
124736
407156
358775
966678
636564
230466
478806
652434
256385
835763
140277
844705
836513
516732
956101
568035
531007
566766
395795
964145
908318
628403
327850
208810
348963
541303
348614
570348
334752
89187
174256
21407
154941
708164
582267
124075
766469
791050
685593
289673
210954
817133
170330
274871
373686
454570
319619
830085
405808
645611
619463
182669
523047
970949
114149
173504
255934
830427
212957
254618
207188
38560
187728
500663
194095
8697
792435
340736
783108
665600
648559
907710
227621
967013
980761
317711
685575
68143
919369
918517
558319
309856
675673
119116
813177
62071
98236
170836
310149
400527
599608
890092
636542
971557
884289
950752
152968
622327
737076
644057
136326
500487
592492
386803
530309
170047
280837
996268
867848
740334
386795
433079
874928
940848
737629
786416
552904
773164
428548
929003
782507
659511
344106
6757
560530
211351
886745
271772
907518
371490
349201
332475
154366
547716
340580
678957
122142
806046
366194
987538
143276
999564
90301
255823
521448
128255
538472
606784
656583
799753
891921
872009
621988
254072
403079
63306
67332
428313
84138
339696
464324
871838
5150
597480
845537
736282
981611
425903
408036
458728
208565
142725
20072
151724
583506
577024
176457
364721
964301
909821
850795
641010
843831
531569
460260
795444
622244
773789
771143
721424
333577
429472
86286
301583
80752
947750
134307
609773
854997
953215
791307
224768
177441
88458
127344
632050
803328
85520
128521
227242
907361
816237
233512
218314
39945
689704
75679
56401
621717
673572
219408
127007
109834
255216
54992
364953
442330
373433
404472
512291
726262
480479
600584
554314
782666
225636
436791
786052
315674
457729
913691
205326
866487
667219
945841
809269
718365
542898
542154
54257
540460
215459
106259
623659
295489
630947
713471
871456
268465
508771
993107
255069
665890
223956
154253
691818
16261
776536
194226
854019
376371
945687
38899
885057
873123
708595
116411
169816
517766
596947
771992
637817
283583
588764
99395
982744
886146
748414
243725
541960
741192
855018
344424
64130
602284
166242
57104
713732
715174
393064
171924
253782
392545
296472
409157
329000
484730
418770
500089
939095
842455
263247
776316
993038
497954
552213
858709
984265
254433
911941
306416
816117
35252
518034
696173
943219
159850
620300
85444
552060
490559
617050
245266
714206
780982
319686
389701
230245
169167
91443
905697
650645
383462
22249
933932
652627
279592
989777
602940
321699
459890
988476
768155
370251
373000
169693
7700
801431
589422
140375
918877
778294
128934
483441
192096
641538
292359
720935
892072
811357
854583
963994
252645
706230
668293
222951
330587
358955
994917
513044
482541
512457
535881
961830
323650
316462
181144
327761
322449
28816
598285
161863
427855
726038
756079
524594
234610
820132
85288
583356
291360
628276
804869
247819
416569
276127
766729
711179
655742
463612
768366
753827
49628
111775
822393
456841
852633
465027
829497
892273
888474
934786
625372
406304
291534
341312
760237
368416
581947
378728
331629
631500
687523
890190
562509
122571
834706
776500
927174
864985
235143
827432
731030
186945
403325
128458
824920
465831
893652
235308
536958
163905
647969
889234
630509
113446
622351
149528
510772
639487
2736
574771
735146
659610
612324
233424
347812
534237
187684
724184
48912
491543
522796
446485
870258
225010
915843
933358
570168
659461
630632
793486
924923
438982
164699
620771
263445
973020
502660
623107
65049
682963
849284
909672
254387
258601
629399
240220
976477
702405
520931
135856
986811
745607
277791
807462
607573
228922
313827
500526
36910
187302
381832
158925
58053
635523
305979
505114
63272
14408
528099
796579
311023
395232
275244
414956
451484
642046
700080
633559
749901
718792
893442
435423
626523
295022
135126
34430
977555
372126
176912
271919
501903
742672
470759
635470
779632
561340
780790
494235
103033
450732
164895
380445
810635
426411
355868
851107
561529
803549
573156
798630
412871
404008
335350
258634
341188
573200
24900
470659
84097
420577
307903
223956
575405
19077
377467
760435
919822
49653
595967
813641
50270
709772
244716
926293
209728
104055
336328
724464
638813
805833
424037
78443
371424
837355
78130
314964
833098
696881
371038
313432
190322
784711
650980
910466
570013
947274
559224
447714
445686
998387
270412
973385
738154
419310
142655
654192
956322
499785
298979
922488
358238
819464
517865
748939
272427
497685
446443
212130
193344
568980
556630
134881
438715
617941
918002
67229
10035
356643
67920
197629
353273
531705
483727
645310
636208
768596
707210
233232
945158
413348
573153
846942
508046
907740
122019
415403
647100
757160
408149
723416
895484
646718
266914
357698
335727
572686
279198
931272
154051
384467
967672
82666
50541
163339
999228
984844
897030
282115
840707
289754
856127
499596
949432
747206
39618
979466
344455
506605
948967
887978
563939
599384
588944
280371
196980
682271
350242
151990
441820
89063
494496
342240
418341
701835
515045
663918
537737
720920
204478
642431
766300
868723
320866
600325
87386
322582
357647
487893
901321
608503
237506
840223
115275
338761
695634
815415
506306
985051
178409
169617
596959
268383
819488
264460
75594
459974
778934
668453
827624
625030
681517
474380
494475
524669
463106
997011
891324
688239
749127
297539
712285
575532
641758
179849
173822
889229
388052
716238
23551
684700
351255
936548
270685
462867
768022
496220
287706
233917
32115
863924
252813
846521
763047
825517
41539
947550
587315
704891
948689
544760
823807
878934
876088
899695
535057
248750
892595
470920
403307
551355
976159
448645
181633
908786
206855
65640
365653
446931
896332
527126
176625
622687
578925
110678
964865
960744
200441
250872
339210
655232
1870
809426
871435
605843
571916
275494
6062
935889
578844
133599
624171
869379
339414
14586
282874
126975
474388
851970
282482
284727
448465
331315
162691
765035
244668
233984
650316
369535
194399
729329
563610
115175
966311
803940
1535
798654
726543
553459
524554
252278
275821
665462
45096
969194
128537
319711
943126
117328
187958
454660
777282
927818
110494
607354
357758
931099
378542
600284
307551
185463
882859
762347
19704
217779
432975
452943
298094
33755
287156
275068
805432
935266
875356
523056
636086
142644
408347
744856
940586
551656
387745
139411
978391
943825
346280
924110
599092
885683
249974
856014
595533
752915
621327
801612
310007
991272
298875
653434
854894
617325
96431
759780
547341
405720
666587
243634
362600
196964
213263
535562
247113
466827
663435
654674
14278
647952
780961
167507
697596
465144
994825
533625
162282
958936
98689
373686
797548
334986
849247
491463
596817
776057
889653
577231
755036
270876
833759
845919
750484
64192
733931
17943
721800
47101
388198
381477
186531
272650
410559
538348
305063
137069
193562
573953
101065
555659
919604
199311
540521
43549
418734
727834
661677
626755
959480
153312
936377
598323
971931
164252
606925
624906
865122
991460
758330
711171
17062
975986
221442
172613
579061
456831
683595
489430
370975
129611
564352
469870
811548
393210
378693
326822
118685
614744
18964
248399
942765
343165
432121
833759
551748
301964
188326
553543
471209
236629
660660
114912
256896
344730
531319
748419
105079
370287
674940
848887
315849
234618
793697
684933
256814
715162
939153
763624
496288
916005
165468
631201
758665
7241
522223
940838
918478
338259
655028
992506
627378
814094
750473
942488
202664
177988
390869
791049
241402
434912
833613
57493
675023
434931
562114
44438
938460
934293
859235
816616
357930
389028
476055
146364
87039
652392
344815
635724
625644
252439
391180
796905
29363
60404
170253
613168
279890
750417
254130
61403
914928
133430
531026
567859
14563
56282
614133
791715
774748
244622
896079
879080
73456
855929
245786
925541
579907
945214
460878
7251
401043
683386
95104
379158
829854
244329
672853
456362
218801
763496
117281
421500
603279
184981
386912
343893
638970
145490
583759
932977
800225
212073
671592
686638
364773
252745
289081
826400
645897
2991
133472
551937
512758
259232
283877
804102
676137
436242
368308
606156
769274
520619
276725
488113
171658
456353
57290
178112
328455
434624
812004
721860
569886
936266
49346
358973
255231
333176
811976
660721
935046
393375
514296
594585
87691
245934
568399
316
756167
136147
973502
815002
643681
562238
649411
517950
699220
649086
415140
167351
350591
913223
191368
680160
442698
612948
819826
937306
405231
801385
841434
655771
847532
878962
897642
869024
477252
511303
826322
58430
431404
918545
208392
732182
938905
764486
717344
168103
331108
987920
87619
572350
390038
103243
942607
125512
839126
762157
762891
224840
124972
99329
247877
596451
742769
517772
234506
190105
993813
997264
596418
907278
878093
613934
505765
454278
368023
250662
354462
651568
152683
234171
287866
515609
301696
811250
771277
267969
410743
602296
502242
449995
838824
590435
651804
684365
786888
959569
41133
351240
759732
703789
985266
266353
380700
278224
351210
442286
651022
315267
310418
186268
24030
536931
715934
481357
232880
681437
152789
231759
216546
344665
991817
134503
645080
979572
80242
659421
918821
999973
371495
342129
345362
664705
180920
172331
699215
280537
191338
423312
453556
226305
511312
224688
985714
805420
525378
522973
503514
513331
415485
744054
262282
699316
153943
620769
778288
129367
768925
572951
356668
944876
537035
497688
134118
271664
60646
298240
859673
178927
168442
44466
615547
942019
664492
173232
559385
402810
940731
403341
986164
125590
854103
748921
562850
850413
920478
516668
846819
465649
99823
921470
451585
683594
766445
65282
862050
818911
372946
232243
731118
681780
972461
413207
476887
320365
582201
794080
750473
99569
489692
57121
211376
951786
837497
590174
51360
126568
876658
766908
842214
459109
102653
686679
434793
572323
351073
317618
433531
330802
948238
647177
993090
11598
355863
135171
845821
595748
841997
613124
265845
224373
402553
724318
907459
502420
266869
250215
76664
591625
53223
478309
956460
81624
320667
997734
413990
575388
697660
404077
460517
446604
130991
331590
726025
190943
347597
74939
711585
479308
133307
461343
80722
845611
11879
503879
781920
206071
642720
59673
649436
912180
608658
51516
105642
887853
527837
699759
40878
602327
513874
394870
398035
267922
626058
693294
621111
828877
129954
32514
567030
461064
424406
120374
187858
183157
835769
258464
835452
149496
384206
463031
374850
80142
725127
550276
392340
136905
875735
282997
199156
749945
868470
481872
181242
779751
115505
157125
198593
313211
614507
855324
795634
735613
979060
552461
114218
534392
341251
677614
786763
549690
888019
836807
519324
895673
878168
246337
692638
826704
957213
947133
879980
642086
835196
372290
295181
521584
740601
871694
129178
470540
680955
367821
962822
878734
415591
652840
234383
528600
129626
790196
62656
223010
741571
814667
861984
403290
869148
467320
116475
964645
201667
993548
241418
674371
11321
420749
215297
93776
354293
473870
531190
213862
49638
122138
524521
82144
811844
200970
753332
797498
998162
217014
448016
884372
159346
632392
680193
22933
715108
751020
788831
750956
252509
320035
175491
389362
168960
823415
607690
783148
318715
129545
567049
108908
980481
711622
858253
688214
885279
366904
100429
6848
358333
290937
366447
181875
155316
12482
970739
601487
752326
622817
824384
383882
676222
694409
608265
273048
231973
648643
122140
893031
262494
566723
786567
346306
958431
676501
842279
733781
88140
285686
861966
336912
497714
884479
75536
725028
356764
584956
288746
675626
629974
679515
172048
777571
555516
228672
922002
649050
418365
929654
493930
519590
579314
933951
802276
279627
656277
70540
208234
859328
261407
703240
673963
676812
263810
170318
721704
462858
684992
331452
854939
753227
550182
525215
136644
98010
61225
632077
946833
994138
224603
528338
918313
803660
984394
618370
907797
271149
596534
168878
925451
710908
367340
272049
235289
594778
977091
605610
760618
310345
481202
81860
862392
675287
332813
170224
384911
950036
842906
468532
590842
351486
26388
610141
53900
563454
1531
470864
315660
136203
443542
673343
424190
125677
199047
434679
699274
597148
929481
300181
655436
255559
662792
936153
888119
545456
792028
609042
497830
29556
365476
487225
719553
714280
488635
406426
265992
82655
769690
860013
403583
411593
478282
287875
301494
908278
554179
375324
120244
973944
562982
575829
555072
264165
743060
418622
602251
772795
904873
148810
490941
459551
97241
277728
993946
408958
239077
489806
629649
279380
231097
296669
129249
157195
285157
144255
284200
358139
65526
493797
442058
351440
553905
491245
86778
533833
430379
942841
549352
165789
709896
916827
44487
944120
127630
481964
506938
514211
220261
500476
205402
834305
540781
207459
322726
679733
556092
532534
805384
903969
397618
660117
410752
733194
838843
41698
906735
611415
58081
427276
841794
557816
743051
863817
570745
286180
636311
945122
829331
345018
337871
738344
878488
895881
988426
926084
859971
724331
139298
677996
387017
423756
132941
344370
578250
477000
899098
775286
521555
925427
561098
934204
729038
614706
425673
135576
925767
10630
406471
325318
501403
808937
787448
238870
568831
646609
978148
735428
66794
555537
721707
659302
407136
253727
507801
10814
295581
433264
986850
633007
96730
566847
414138
328461
660734
624685
571475
38477
638180
96451
960564
191259
319493
441875
161075
780107
651714
995452
200463
160167
905809
571531
207020
922215
320385
850110
772395
969022
149995
313637
224229
656337
535991
34274
920389
377731
840200
372303
9151
987819
266053
134398
903729
578663
2821
832475
879636
824394
36630
98606
829471
441008
688171
840509
792824
32627
361183
107151
80407
423862
424298
606602
931578
951326
933151
809150
625279
552545
75487
190971
611425
533686
525534
626332
856977
1964
367887
176935
110704
423959
489519
522764
716007
448741
273963
588491
612516
345294
471343
876979
388337
47914
679949
657925
573874
585628
843910
666423
531707
751468
317047
419604
21452
624371
776482
808256
147114
924783
686872
640666
240923
414006
227649
204026
318589
557896
477256
60250
756163
493629
873829
662096
753549
203677
649800
428857
256483
578510
413791
593266
923983
497064
845828
103296
269332
241637
377990
451471
988302
751092
102674
562968
866727
798636
208831
82011
113971
443869
410739
527884
790761
893315
321908
927946
870975
655508
352719
804746
420833
470969
456863
796050
476877
285977
115258
647138
700430
691792
557502
769197
904018
209726
809715
788676
110634
842492
595165
595028
163743
610730
969633
992646
12267
419812
478097
104452
492187
29459
968790
163164
89407
956127
678009
733629
489738
958850
988942
132317
630285
621432
895101
432125
287819
292307
709614
875524
652088
740778
41936
170568
160531
587761
385991
67116
425949
648741
33904
854819
337844
730142
452754
459731
245265
991622
493154
500500
471131
446376
370610
650775
827685
950626
805048
460516
106379
519093
316279
526587
83876
93115
644684
740380
179300
307640
791447
681442
327697
819208
377604
320715
670496
474680
38837
57107
826284
135793
443982
941949
783122
215056
811548
753075
371499
236433
83427
839685
257703
340009
201282
218573
819586
472114
129669
701811
940966
506177
948487
773709
646365
745555
35522
732830
746289
963558
705845
104383
370275
235045
694256
798940
54340
187195
92031
431189
688498
182793
969393
528388
973491
896306
721348
284126
941095
312147
702510
387378
166637
983568
408394
386127
854357
131914
177694
546883
345277
201261
827973
110589
693066
916773
186046
584980
816197
197104
165775
214497
513999
548046
690775
608838
621954
753878
89903
477394
178854
762019
787388
13309
25933
305451
935829
876174
155596
671663
864331
330524
893206
143118
556953
134000
799222
335349
812137
812874
875177
372465
660161
349755
549845
2597
203144
509487
776810
677079
476025
608077
668692
955940
326307
38199
675930
300052
745626
788268
339862
582408
905726
306509
432977
802640
4389
649213
760314
338137
797416
247777
261123
248132
706759
512518
45209
194897
249722
107810
882942
759738
316629
691443
423172
797468
838102
164164
861479
642320
104334
520270
718280
23961
913898
65019
351106
135989
188126
931910
342187
335510
514669
281214
107817
223339
294935
635240
42030
505943
712862
585732
606481
80323
139703
454248
63114
579983
782794
133641
638858
717795
678566
134169
855989
304676
516741
383178
855741
772483
164342
284912
214236
74543
91117
815044
946030
169578
988451
783172
510568
142905
220971
165048
232505
910517
182547
683664
747323
636479
554867
652330
128086
377233
764437
314415
484082
68911
665792
828189
209686
554939
538147
232863
678754
600360
482075
978968
576037
447303
230561
597886
796764
855869
46995
13731
427016
669974
455645
735888
493290
760498
298244
722250
421278
650845
845583
215734
881681
789181
688274
467672
362145
507812
61784
394679
178512
670214
655468
710813
221795
138692
364932
952122
312541
575462
844107
97640
850323
81640
117898
789642
983532
852587
768434
486477
486967
353292
385096
746000
764329
690386
47213
716448
171953
33409
676745
37212
742650
387915
988756
104952
813629
42086
892224
361565
86976
157241
123910
137708
167406
171376
781132
971939
311956
141679
212592
345
746806
615586
495092
320355
93452
913331
35142
388633
996828
84949
610794
241266
243509
676541
613190
237964
683397
529649
860746
902281
560408
883449
990074
545235
524141
239217
740441
646975
928438
181056
616883
612431
648237
758691
971016
50386
163214
757475
470224
984294
586677
51365
951599
199774
10004
36896
421431
795134
61136
68585
976404
819683
723065
816810
261656
44416
904164
289393
421220
577282
294503
517348
37167
173909
393201
94035
7350
920896
837379
581222
678784
17900
179407
520821
275277
677378
415467
660598
735067
76082
343922
605585
395796
963279
111096
780880
270103
658519
271719
562802
431905
666257
769915
486943
813336
824975
760918
229237
892532
852691
998144
781440
512970
97678
868095
17609
686135
536771
658511
828933
439269
317579
969983
745646
754941
141873
434536
676079
529577
350589
758666
750265
800708
220110
792132
267187
317921
740448
923184
39118
417973
334702
144985
430518
687522
661233
334169
807076
944032
73606
551060
84560
424522
395501
65035
565188
332099
173741
193501
487692
146371
707670
670177
53514
719938
176735
737624
55014
170111
837997
419154
887202
586413
811317
205472
25355
569915
945720
204786
353803
68350
221933
597516
303452
299262
909373
341033
448471
929882
955368
24428
80491
487192
632389
403775
796137
572429
403046
43339
565755
918629
576345
671698
381685
263312
737163
914348
344835
420426
385352
325276
364162
480516
731742
982990
23340
122164
613343
989167
943851
956854
610692
772905
201678
266397
561710
219770
914969
465563
991944
624496
914102
673672
3529
663235
800138
29458
452502
51726
968291
889346
603204
204844
318605
557735
602555
885355
25220
823585
615286
668656
610627
195724
142566
492775
786811
761286
372918
539492
34143
14687
45994
421723
109596
724060
58657
120440
310310
878504
529849
700508
353390
709400
52369
279221
333616
339737
587241
663673
334888
64889
151270
228159
983844
287374
877299
237242
957685
380934
555137
447762
354175
568717
460718
277217
319792
717909
156420
243975
630733
246533
104728
264810
607720
932736
865875
411981
284462
64976
402829
984908
26589
885039
415573
588401
947922
836082
731533
998262
806848
42963
264306
788568
189117
848665
325434
554709
133494
599590
861590
725058
552835
919260
612247
638411
368853
461229
355949
761863
355724
925247
397066
147126
185061
817784
64164
488219
777297
328683
206810
666864
874081
354782
127342
497675
253340
413879
709232
892235
304243
855491
977084
12734
419212
591395
540506
36115
698234
637716
172995
725238
401678
584345
216323
955470
382279
697991
806458
162895
553188
93165
919036
109052
507610
471966
315288
913981
178146
475804
999094
378584
813993
352546
722009
547855
947051
434446
524421
40534
861530
581481
695674
375408
87288
431508
634910
376357
828932
905874
56056
598498
312784
620268
724824
229933
753777
375557
980117
491331
196241
284730
368431
731727
515167
969205
741523
731401
40421
382095
521788
828137
828473
101023
949878
558791
551629
147940
189
482833
909794
980234
735173
587688
476441
408157
350035
604375
745898
826503
411464
390960
605101
537031
536126
966341
60182
466353
173963
761408
882302
711451
878819
479904
371740
318379
922330
742672
655698
459067
904518
956134
975588
55142
236162
877877
490947
686450
713296
161295
588872
739034
40662
408986
398204
617014
721417
612365
925716
85257
295079
335048
113594
21735
314398
634766
336262
517889
272266
617952
301707
199887
342172
263926
969678
600216
340502
702620
463378
114273
202674
983528
226639
649392
197410
431700
126080
310203
85491
775484
659035
287346
957899
88501
677404
476134
859217
678599
409467
961236
470443
198729
951228
82386
707554
780312
343973
49749
942051
823603
298441
906717
163679
514166
387139
217981
779153
644145
507007
155018
107295
912165
382578
835488
642394
90
299369
859340
909856
145184
192767
123161
401633
284448
600361
776058
180286
295069
907755
866257
178701
955853
342765
935322
791353
492942
346600
245111
927815
299207
685755
43864
995123
832156
324378
533446
464313
14861
731366
29069
910703
332588
708567
893444
329039
131449
921045
206842
16979
366555
220454
263935
335609
768957
114434
191564
815462
750019
451203
720144
946279
141864
758328
848151
744978
415542
672153
143321
630283
599712
435028
52445
830690
615167
692166
486984
805850
552487
990213
136454
778949
31142
597210
497364
738571
722457
539468
355175
8009
344298
843607
482364
26005
41129
559228
194621
973088
655366
100402
706445
466549
3625
675834
285424
849630
807470
351888
65434
981413
480384
54269
960147
303096
356305
756490
261059
837222
411827
691791
78304
483846
330198
979561
300784
181686
728095
518473
396413
493313
865761
326825
296981
279514
546554
56986
686139
610437
354572
495866
517870
370901
286679
12225
268499
255888
932016
237114
686977
376494
944864
105550
956265
503488
32476
382075
598368
160558
643548
428324
953675
766809
666585
636099
375206
822623
482600
333050
38577
909884
123374
381766
338551
568653
721023
868756
725756
365104
140376
300718
518274
561672
116084
107278
697784
291037
531278
54867
627904
911584
473461
214353
339739
416716
682629
302147
926324
725863
506311
310555
861126
308072
373159
678458
663722
679730
350862
742396
646784
783742
879900
989162
717498
606040
225987
138643
498176
485120
877251
394996
775939
160113
408509
648916
193314
713214
986615
912365
813426
400791
767851
995652
290862
660075
425228
568858
634427
54888
105494
687035
792469
582621
2640
20211
349148
494145
698337
131744
579317
219405
294860
986787
769310
313476
829834
68976
828946
705363
805827
655749
850581
842770
498600
246968
619997
246186
511792
932008
140381
514833
640556
872341
59951
858801
402185
99788
413020
774824
244194
940411
965259
639912
952256
509411
591493
766397
398703
36331
800673
127087
972541
643792
57361
72253
309138
740922
324423
660810
774887
248106
53381
296148
970405
446672
195072
70814
552858
359930
402864
602544
20186
791334
908279
666357
784752
74808
785195
406530
637824
387719
555010
80758
56314
450001
764313
407868
352381
442255
744417
783597
477254
419236
776358
780819
404563
504174
112253
342537
896024
311423
364874
612286
71901
693094
1515
124888
401202
97510
915717
356276
654928
939912
333353
527628
305486
813004
769058
862194
355324
387003
224733
672761
330528
992920
798325
751218
235723
152629
523995
124692
95830
922145
165151
337077
446
28543
556509
222965
462233
692914
420550
209082
103284
970228
98314
941397
270540
623686
892383
885699
483237
519746
939569
377104
133513
719628
630374
395990
600992
71015
792268
308644
625705
177379
224290
648378
816019
974260
85568
297520
723130
927583
652452
854837
219073
770253
160409
866741
785736
912386
552261
200660
490698
130727
693264
670232
364246
545795
551341
423139
356328
364040
89542
599709
322404
282186
944584
484400
981934
619722
81736
454317
483176
310577
374160
734348
546633
622168
795979
26512
952727
250948
868680
15945
737793
92527
856814
932403
762011
391745
512509
407676
444342
742878
232636
440867
656347
796697
186117
19516
743780
44358
289129
447888
281400
38700
283073
781025
224225
782873
310738
981066
678668
89424
590172
364485
525852
180254
312831
176583
215978
816075
590347
795526
693533
551915
440675
646938
485859
60628
951820
441729
485513
930793
16151
969021
933373
868309
667433
275288
88477
890708
767524
270856
634555
56683
165620
723501
847408
511416
536312
287542
192858
693860
827210
560228
921587
703476
536941
170919
593103
838143
474258
80036
115954
685050
710151
754584
781707
2671
928957
386198
175825
863628
355892
45740
251705
162968
670469
888228
775825
683776
167499
52326
569276
552400
940207
999547
659402
295037
303759
384556
736627
415455
93131
747401
802353
158332
640364
425029
934775
926014
335088
625790
173457
252679
458614
242971
203865
966363
263746
481231
949011
32892
236910
240250
290598
920787
934382
282990
244600
781578
248574
236366
289380
951478
599914
48083
636251
261298
424057
791400
588308
704071
637687
441589
685489
86919
131102
284602
313008
608505
597601
329681
176458
620334
366100
88725
147051
49586
263931
73826
281039
797726
875885
309426
589558
19595
307812
96806
973443
343457
13796
340966
786167
878477
404998
754527
481348
173649
539361
774507
104273
428661
724947
478223
460490
308891
104241
224157
278176
899056
701513
934714
75364
953278
952144
625786
844219
664095
72493
875239
960959
752461
691425
708705
943859
278612
670993
667743
592096
791976
680049
165779
621072
283539
959631
422636
853414
953990
822201
86773
245528
144657
271948
775131
701195
376622
923675
677707
614922
647736
70840
745594
738146
322041
425058
843774
713116
394592
363403
637146
774488
5202
608132
591255
954754
608983
718343
724365
696180
329269
160673
241473
480872
451098
24826
49704
589400
715186
549570
362122
503284
17753
497786
19778
406527
556202
200092
514658
60167
151350
81832
198387
437439
784785
332173
435481
67130
89286
798704
584213
529414
266474
552155
676261
171811
632846
289733
645510
484383
302030
883834
821785
967631
477446
570215
169315
190124
578533
294980
254575
750471
792921
458334
737358
968938
753130
380736
782399
360269
35683
286269
993129
65842
202474
329693
117509
6558
763057
254050
873112
606324
877573
472501
673310
12527
141636
932594
156227
782779
359531
14669
998410
530801
716877
678751
849809
329133
221600
454673
473643
375630
503282
636067
293101
253322
685881
811354
620229
519659
5447
990660
113859
244842
961116
769193
658235
434534
483222
336976
757507
918657
323523
303403
610840
783192
771799
808544
646365
240093
814649
201460
591619
854930
19063
128342
667972
431971
774427
167686
789640
133345
525397
939040
767147
395095
195735
347401
99222
679243
696320
273780
206794
227858
619120
946002
753147
712720
603002
926548
744793
609036
585399
657182
585897
512108
531959
368009
338706
65553
810195
35989
375860
348881
91294
738154
723123
341645
441082
912969
779282
770863
832262
778836
698809
569922
671157
517686
477721
654318
10362
30512
174950
933774
972063
810561
177219
3504
39413
158322
910588
534248
151014
48379
787308
215313
624294
963669
586303
448290
839560
433437
338706
467560
705005
871074
760055
914085
141463
438731
357460
397061
707227
685160
905579
72441
794869
318291
133748
674547
436022
32706
522982
567100
247000
688429
173460
268341
118194
413206
522740
732136
15942
165690
767996
358538
667512
2962
933222
115663
491226
843078
662994
496682
189538
572847
865545
348256
290045
760647
145055
537352
973244
480944
249139
154081
156909
283613
262801
426448
958661
66977
341750
127284
348472
414930
131059
350375
190251
174297
876906
592020
952193
584473
623861
867184
555090
721338
586919
796567
439034
630161
117418
959427
457549
997038
135047
712299
442344
587969
384581
291766
547171
210921
619432
278042
406114
446683
900762
382550
728907
607787
811752
639944
230290
376698
835619
33643
818543
568765
793447
903537
949233
409637