552656
734737
185667
154874
282511
761060
2832
175246
111424
425315
445266
758968
866323
189891
651714
843533
731773
992912
632861
59764
873278
186450
390645
12756
16447
159419
215395
995230
383124
648777
809431
183348
830818
358846
425808
844532
775578
966778
387943
834470
748771
905650
630405
910014
553430
449615
440628
110797
937955
615781
234003
611723
465425
643534
956580
567673
738850
381219
375615
977782
600532
67222
38441
544160
369092
717551
574656
781541
514158
408225
96589
590821
217295
140040
677692
555269
216491
735618
33319
763475
490666
510951
868174
135313
874654
85414
184931
386976
646048
490813
458370
235595
398168
440916
510782
813612
431322
340663
394647
507647
313005
78639
654791
578689
589672
825979
32699
192004
279862
756976
411103
146514
584440
5610
816146
316027
879881
607790
126905
788670
815133
844190
295471
295504
4802
931543
372314
437451
27209
530411
618201
569270
957758
731766
367769
987437
762962
248735
857607
504941
58074
410349
346976
2430
303792
609795
655076
285373
323831
677754
477097
285189
821885
852057
14219
375738
648825
46835
26753
428017
316211
709470
919819
571199
448131
680075
388487
218077
840689
319431
68067
894965
273468
377741
12461
229708
832438
318085
472455
716235
463180
657181
474678
293355
600292
445763
115609
106876
920351
437692
890998
859219
868222
566180
611120
745614
668448
638850
435989
840133
323497
358663
724692
20559
920255
365667
898635
455150
651822
964933
543103
559192
493035
46701
488805
417315
850742
774127
901981
267276
768920
273030
753790
693539
908364
313618
382412
261911
939898
63663
3462
181722
203038
818420
193948
355440
511176
178501
433406
678362
914812
277333
956304
652185
78777
741116
703034
301025
869527
774897
904731
405596
721993
156196
766941
970327
483970
582331
669091
699021
65525
501030
765151
850638
446196
814945
49217
184076
219642
400518
396618
181122
259652
235852
320447
651009
316953
38112
229240
151833
541483
813598
824984
92256
967958
684524
138007
678946
681093
41395
195386
611365
191540
46907
472996
888663
415247
116258
2886
188246
208250
297657
194931
639708
864490
747452
934158
87878
448816
723819
738788
964415
106774
647945
630934
443533
12770
99504
422831
574968
148728
202191
659284
839058
194075
654850
84825
177000
547540
358860
866032
667715
598059
909748
287356
854939
876754
77625
936836
881625
355746
428018
908739
735944
770684
655879
978844
307287
652049
867526
35882
295693
705278
401443
882229
944458
398607
650127
284162
187509
101925
300851
22786
900999
9778
42313
535978
750579
632160
176087
474722
106801
421777
925385
614231
414310
989442
774699
725291
335794
163977
129216
876812
255189
285437
385217
747170
294846
824820
642549
780642
403314
132007
238825
128512
460374
713010
572749
641921
571225
281272
278123
879086
952768
112612
771781
223332
419343
500938
89353
115913
491281
301291
432179
76697
355013
936599
719359
248542
820517
182381
547146
616510
19795
944382
10245
159150
863203
347408
950420
637317
152319
140286
170569
310891
523451
372669
919287
736176
929782
776761
393462
712569
151145
275165
266931
474964
572559
672050
702769
36269
968049
490271
3552
24794
445773
914511
159576
717073
981282
317296
462066
331705
102235
900311
995075
933917
572373
804032
731702
26557
997967
539251
719621
480639
64109
865219
49748
699651
783337
373681
590762
235220
747223
930669
485004
522489
19667
205820
140856
204460
15433
790901
43963
814434
892960
691685
199664
38025
169540
728850
298901
927824
724622
150813
326091
549343
807954
841536
810602
429288
9926
67831
968446
275029
5834
293692
773347
391905
911384
813738
716728
285891
548234
242243
571971
42308
960962
490445
765921
272626
597945
419159
700712
872173
646888
264473
750875
197598
843468
963769
778953
290824
839450
701610
754306
413622
347199
656687
58231
946068
500818
160126
361197
636698
162009
630335
18462
385123
683957
281715
395180
183132
116523
144754
216834
439639
539279
732237
289481
480191
808335
455762
838148
873766
849497
775981
902857
336507
628394
719787
467741
764055
196788
816410
989674
562294
814827
219149
185247
740099
851501
48892
839525
955723
370956
166471
904505
427796
689529
258331
23722
497735
54414
410093
230513
511176
137143
126500
835624
449766
330110
728851
255913
579566
314355
424292
12868
321498
3764
34896
303388
153255
560543
715978
126366
530500
318097
285883
475039
798438
972889
277544
725138
84920
424958
282609
163746
595120
889129
946355
440370
183421
311025
734540
872623
237532
523393
712446
750670
418954
464168
218797
110887
976980
506685
235842
509614
275786
569325
405810
217994
759442
270499
225625
923923
299160
177106
218752
700717
109923
87842
342589
896763
988483
466484
373370
108610
173159
93908
645390
333404
52491
525370
827847
960790
83598
380285
180681
863462
579873
58197
679951
256908
43740
398795
936656
819779
458347
242431
502590
66916
314341
643989
396264
70296
24253
869822
821376
286392
704273
908830
250102
832259
947808
387935
432962
276347
66073
429330
994753
704668
36622
349053
222391
623738
519687
801221
850739
227446
142515
116409
903056
143196
59769
730488
108631
52764
310381
752577
596802
460900
584479
757205
25756
778966
511629
835339
517956
552939
494712
774320
683920
141092
64852
368024
340813
410152
835032
136518
544869
593087
999350
536883
528410
474281
773733
190207
753134
16284
601881
418289
273765
567897
16788
362156
63906
78186
757718
605553
355758
772474
161008
889931
298264
546832
605239
356763
198774
123050
490387
374592
459657
816434
128055
307810
676031
462559
595755
366940
342353
664811
892421
93316
77645
261996
895350
623832
751790
341842
100416
360582
136423
266428
959237
322327
753407
130935
636539
666810
296021
84244
429948
10985
883845
241892
267066
526458
157731
463186
694864
657412
369956
802974
542451
678508
522269
571634
925895
662539
604323
452642
306574
701437
572369
638533
657083
507849
444903
716330
965541
227624
214351
99769
479959
501492
200060
135272
43780
243311
71339
227990
125016
100972
602187
731335
937513
339805
281657
243645
203212
142267
293668
647663
60292
395532
657296
488937
271318
827348
234038
830591
189176
953370
50696
657007
984295
749973
35537
420690
93528
139892
596859
152575
58374
945031
307883
144509
418538
195917
718022
486562
889353
779930
291159
765708
973479
67749
65865
230715
496025
958124
644942
235850
512120
307012
377378
391432
607922
267264
412458
262839
560698
704701
304310
839521
942047
862665
890854
888401
160570
132334
546216
338101
963330
167710
125023
112846
660154
554876
576223
773265
121417
199877
662037
959838
703850
737753
275140
81178
402874
899626
417706
294955
148974
878016
355329
530191
934567
244070
58913
220313
905246
392308
252546
13130
202362
846522
766816
8072
67265
468998
231415
232637
923434
261779
960814
576783
362128
857550
278864
878519
42115
810053
486709
143105
70073
580335
732799
368991
462050
558418
329856
444521
994521
196053
551929
679605
554742
78114
248125
685519
25856
64503
490933
57813
740160
958154
353404
793202
414065
909207
43242
650933
832275
447367
977774
628877
861726
356862
495061
503523
472340
658753
139495
436244
454383
71491
115760
960265
744250
933707
275164
269237
222268
92035
990332
183915
920910
365279
700197
767194
407246
588007
953847
944614
926956
219107
589435
301091
202274
905635
927334
500848
743424
386216
737595
737326
183589
442162
534348
247836
364298
663015
106336
810193
487800
923357
519920
954196
413082
952196
36236
379803
391277
507763
294619
606623
704467
864781
904767
613208
143559
41808
266775
566938
438891
986490
653150
893132
323198
665047
190320
196929
719977
732652
42157
977588
697720
950586
480694
846949
770726
558191
98261
658122
818321
602158
491577
160308
895180
787641
778718
913408
856787
323577
324747
696693
783065
825579
594741
877505
731134
521766
111873
94859
578076
628556
949223
877812
799425
517965
592050
742256
317239
507795
615588
117754
419582
235918
814838
577721
520475
668572
564988
629421
633161
368979
166375
45397
950478
983215
174948
340705
474025
512531
286051
409167
148647
40381
76402
429605
384533
29899
462279
993674
262480
859876
485276
773376
453624
636805
287669
34241
836035
136616
891581
716982
495598
448786
170958
263438
944206
80186
847824
330945
718404
701585
239289
279458
39950
646386
421426
997658
193915
526120
123418
268678
326839
957782
194787
683119
290372
553799
955738
445730
217545
590803
472133
368428
646980
802986
247781
503412
335708
983296
957851
969717
828498
365397
725159
407958
477653
731232
226187
837159
911924
14871
814414
448762
934190
146270
194332
448476
7205
301513
814347
20591
50737
693072
433208
370469
947729
586190
818320
390491
993533
842358
583723
437199
59607
610579
679378
803200
850239
567801
669601
123809
795462
724173
114184
847353
9914
560558
934955
411546
33311
965375
808425
594363
80191
881683
62906
336565
164505
249203
986546
279638
91765
357646
559010
591334
425367
892670
700254
595380
165842
501107
689176
82203
526835
209214
35563
618198
118878
343804
438068
807805
224375
542109
196187
430172
762487
653840
755311
72110
862686
320589
991983
894331
172743
510206
156838
733451
546135
890187
829102
352006
318927
861632
320276
183337
483202
697949
436444
350759
790240
740475
432603
485402
436464
757334
730819
965220
430940
836091
278140
232487
553638
304271
334508
637660
940473
940857
467801
654740
383834
475757
954214
465225
653949
548054
393018
538592
262516
940000
162878
888766
829378
265311
572676
710788
275534
654943
624069
277864
628211
140297
687171
695665
387636
428078
763661
997519
624653
759347
572705
731156
278052
748185
383979
941331
953311
472104
165100
846484
11599
842808
770998
852145
169481
715484
288275
475472
470038
608875
778822
631548
799552
223724
661993
711330
748749
442909
776181
526054
591752
682080
310432
266464
384954
423235
527201
425463
689592
607403
246863
52247
625174
349468
915495
833042
677561
578470
618348
954513
229834
492207
319913
321076
441351
903898
939474
215502
780915
821906
625225
880502
592110
403765
840636
498187
548255
736287
906091
915912
669389
514897
462279
945728
165261
398142
702454
426038
81878
577458
709620
335323
581040
621471
942995
13988
257483
106502
201251
503432
815980
526590
739692
987347
541506
363044
768856
335338
409495
540192
629294
458908
6818
857807
682041
537504
635193
443282
388615
801649
919203
899891
814157
961731
719884
668975
627048
263456
320018
288164
993534
486244
863740
689368
720643
202449
651338
774755
164567
660944
48487
627579
262989
304069
906875
909530
396359
20493
621149
640206
816061
630359
923622
628956
919964
717532
375200
605074
386955
745212
41502
592296
133640
371254
840421
215826
780529
692612
576904
507109
592607
882705
346705
84835
129325
720216
876571
181861
259862
731802
124797
591460
454972
33596
115041
407267
429381
790714
91826
157501
684064
535180
798771
126983
246950
442388
408237
565025
595995
813120
718081
807262
4819
244674
880859
1357
970225
657385
680519
849956
56075
412636
328861
658440
534633
16051
165720
689020
921452
193522
169797
849699
327756
660195
433751
845107
594362
584399
167831
737016
316068
59544
799736
773698
194135
543670
539401
112365
685694
520140
142531
912075
437768
435750
37442
965616
717096
343186
48273
355161
478454
16024
877278
588921
871475
656727
693196
513826
161001
685181
298279
405644
787697
629986
924659
676998
527118
417410
603805
280630
306679
565077
920595
146062
734067
167437
631023
388238
506268
801963
59790
269871
645445
762559
933760
702515
114232
369978
192600
998855
100824
69297
131746
520209
583845
77937
455284
190940
951518
455609
683613
591645
9729
82584
931643
767906
886254
107748
49065
749014
650602
553940
963924
330867
372222
29243
652527
654788
645631
375457
868093
892822
729897
907712
175691
823483
216229
575576
400640
210362
438890
653871
501772
575126
947967
817257
298750
919737
97503
321855
901746
30973
732149
773471
58151
493720
71942
460576
33263
113953
398254
26465
788991
556547
522754
109693
553382
805885
52501
653228
599387
291923
29270
83001
599151
105365
705622
754331
464481
827209
545896
362227
576592
250231
298273
960033
358987
28370
825663
112515
284996
732350
276262
222156
7396
86146
722821
190908
924664
837644
581592
647361
440776
132571
147398
123114
823944
9677
372650
628420
310312
269957
745967
514643
925190
377656
630676
535663
294147
593045
23695
996536
462707
407566
824078
638007
448302
45896
276056
270866
694212
959131
187282
173804
767245
572806
4638
429527
838365
708530
308318
118390
507607
786849
137046
306100
624665
404083
638831
952987
930901
278741
250968
513810
50623
446150
422215
389430
58786
192327
476766
752211
445326
979999
498856
695039
27500
284808
370562
110611
344818
276346
172054
509831
292913
161617
156611
81833
792203
970781
907097
284602
678659
118278
576512
103077
913901
567962
39544
576028
193924
545845
2042
390993
948634
785548
86462
145423
898666
887254
815766
22962
263945
305047
414328
396489
958459
643274
573145
229766
85026
143466
604596
773984
109522
49565
21545
327686
589439
67837
578115
611839
196376
322757
494866
434338
945389
272021
668151
166831
224330
228642
520574
762185
828392
253693
714661
365649
348729
381502
918459
925024
471650
202509
424868
802336
704005
147212
111545
561864
618043
366948
643596
148786
663649
214827
150281
698138
87434
955959
467637
617874
162722
744286
352748
399506
280738
330627
787891
39535
211299
597775
201738
357773
158459
159374
333328
263777
217161
476115
246975
313829
303235
973688
204360
588900
209115
333890
163084
520949
490766
235684
144948
989252
41481
121946
149805
879627
300728
779510
9027
39521
652588
33848
315993
997929
734695
333461
871875
216875
234503
951066
165248
705791
262477
906602
366167
378725
42762
236131
543436
274034
162085
102047
293695
64101
536715
72599
243874
716504
687155
627169
679125
108754
62861
37914
83232
810809
42694
508894
802700
524517
856890
473588
734430
138639
499383
278599
717041
587880
263466
493455
825071
640902
985641
640143
415468
760889
760924
904247
306399
601404
101641
929705
516413
116103
782778
345496
23156
333185
306188
616141
177537
62163
846551
217988
999790
856472
848373
492403
771627
302064
539377
779882
358024
951668
783886
82389
179597
913220
814897
259231
389111
243003
583723
429489
175567
144516
699160
348263
691974
728877
51333
594676
667579
306256
204397
999875
49502
657082
629137
780698
270339
411154
594392
369260
404160
718919
879064
147511
530057
471100
961971
33470
736858
701584
338590
34526
438861
200905
579773
890704
714891
894684
57706
363642
15967
118235
598997
764210
399974
11451
469509
432464
332771
358849
822461
513582
150511
401353
924217
71359
819341
865523
952407
13769
657820
930666
778451
602048
232485
124498
713643
291008
912084
893326
198753
278567
194820
66219
938143
913677
156531
347052
689332
921634
852437
860018
9789
910178
929412
209864
515295
770359
749524
358025
589104
226795
100869
125934
486837
876487
416338
651064
31942
190541
841638
331254
919630
193039
203950
29620
593071
729323
675081
606720
644162
997220
671580
697242
24636
119197
116675
334327
82604
195892
825442
852082
390880
280568
92057
771088
115623
292617
923286
94894
889650
136779
117124
231433
200276
752710
57121
155178
125801
791133
488109
46060
452178
247273
974014
256875
785182
185714
772400
447883
652484
427146
565626
217634
729869
360453
366109
223299
214094
554264
732981
601256
351251
975949
929842
687675
780440
896672
841568
388161
467376
732410
840482
389028
960521
493191
573565
626267
22663
107382
910224
331512
916812
888204
514082
820493
93913
49061
481428
283964
901198
767561
846645
327002
219597
507559
180404
505919
156285
451185
895472
915629
856490
982355
786412
245851
428106
420945
854046
649501
978715
853116
24806
996721
265127
528400
18908
638504
71465
70701
367170
379438
674250
165680
13208
679545
549764
142638
157711
600074
952680
557580
877909
230883
214906
75198
622095
881030
59194
642010
906341
265253
720254
256408
226934
629931
324986
707753
127149
771685
552994
55024
175019
806159
422950
846753
876324
381815
455132
274805
696454
662224
583420
257927
538515
430102
217860
980238
592080
80152
286140
154744
382421
384935
872212
139551
604165
231193
399529
45674
50264
284410
171238
996291
595732
265617
612551
103280
356379
242762
431161
589648
12829
430789
450654
234997
895981
613818
317612
96536
767793
112070
870197
333565
644596
889431
935105
567204
770838
558257
511383
458409
7459
892506
245403
477113
414976
45480
90577
601201
518785
851941
905984
766804
567832
553180
203313
389865
469097
618691
527382
686767
232505
626372
816904
475198
984516
878698
85865
461692
512813
150500
278377
708792
894352
884281
840291
489702
664756
261641
611751
281272
128220
234364
374099
989525
412540
915593
280026
24760
596489
272357
478567
877608
503849
711622
495066
716111
719178
843730
949040
478458
334158
789033
428290
112044
976676
435532
969636
890783
301554
877224
502830
110104
754542
43907
207831
363301
273548
828930
733052
732726
161746
11284
918209
295510
197383
823487
733838
859844
422089
222213
498427
883506
902334
356786
694470
172121
376611
191173
45185
231991
192640
847929
561993
37159
852092
815086
51888
174683
375117
1977
598332
539703
988999
570757
28809
621837
894998
939044
476233
993777
802503
360182
347308
50745
911680
847348
703323
53971
35088
240858
600797
995011
530977
880815
483677
735991
717706
204338
961091
993736
295809
436130
448446
786127
192942
939754
861347
365154
352474
548264
443439
277418
497798
726553
620072
346850
525272
675682
373474
371886
48497
263101
549726
751254
492890
450238
681485
616861
709532
93441
990386
231170
849262
172787
844517
646482
35785
486073
466739
520168
911896
453440
453667
193091
350411
246242
826900
956162
38859
39474
339522
264702
899592
743268
815015
340740
4205
812764
989374
656302
828213
460433
691554
924636
32151
733342
199957
839316
869469
215525
944285
378420
89683
725920
621001
164368
565210
238982
254418
903788
155868
778581
207580
917911
193626
163842
9436
262946
101984
442747
826323
367228
689690
981845
447736
77803
94401
673495
994099
687785
584814
815842
188550
421849
82063
117947
241478
702308
63991
509431
843079
789813
98959
670658
966231
307213
576106
850315
972192
832131
921079
885136
304689
782236
696847
886081
230998
581442
29422
764756
750499
207141
596863
932773
651344
106475
282640
697223
140926
174165
458789
977579
129560
303471
234536
675819
261973
839923
802942
952884
355161
381116
308980
832718
122171
897570
831704
87178
263137
334454
350117
577671
12296
59099
337174
871136
154976
441535
848219
125877
644628
812469
836777
173013
126823
932081
533804
231941
248314
283231
573976
724015
65898
713184
614557
496682
626390
646625
417529
569698
968702
495962
121383
535652
49543
49505
282293
436873
916827
360616
662259
521916
976045
313881
262087
73257
334618
417228
546782
982659
783019
106659
289981
709810
727479
765955
457909
972696
532261
46703
599605
988607
994767
159362
409209
657953
465475
558281
521889
458770
461667
404603
411996
350606
826412
547606
409347
773275
105875
52886
278274
457882
329803
45972
703857
786288
995108
327162
321281
351243
230221
64607
344977
69331
941178
419075
437216
707823
763681
447272
379421
241
712606
196619
63195
218463
902454
17086
12256
662559
176248
534563
576797
768766
528319
630343
109751
298781
536725
93208
604739
470648
878066
851716
997329
255508
59426
310192
94367
742405
552580
318610
23407
799833
682350
196076
866803
893413
965102
882214
476580
367978
614955
715782
778289
706147
83051
381902
164757
307885
157806
263282
372097
316243
632695
697908
96121
607861
341866
75422
764603
969685
841617
414491
98521
336383
212280
859187
475816
711186
42553
604002
210065
204206
357010
530067
509956
467900
902258
560318
412045
971220
171923
927195
692415
193039
18304
740481
521932
467115
514168
304928
474935
909076
523819
834775
412704
770069
246433
431411
299710
142491
167034
345989
214892
259105
124048
689439
199834
691645
777848
30699
469284
253767
464552
472423
155391
831969
499890
522753
36879
302632
869038
952522
816407
506230
335607
781530
709512
181072
218700
728129
165306
779123
442518
965413
782584
248310
90056
32061
295541
534620
125986
94761
304029
519288
802641
432043
949639
916797
676849
176838
118534
521314
35890
224753
183519
2414
35672
670456
300244
592933
523996
63600
182495
480847
28592
48533
582267
808545
223136
744514
607003
222411
556052
92491
272510
966685
255666
639290
565786
60950
198240
619621
607157
200587
42727
797288
851923
209073
126515
400069
944842
515527
102647
70036
883697
392162
291757
313704
302327
592854
535675
716865
874704
128510
114801
934375
696329
685801
829743
502889
709629
623265
879908
176690
875360
945177
444785
518660
858232
602354
245995
291540
76204
821802
945215
795778
633589
734306
807473
444148
103665
869962
977853
739662