892126
733425
1480
860466
857163
281004
43037
283156
389562
988838
125200
139174
591960
86304
1904
812437
321058
616647
220292
84194
553728
76521
903103
190377
477451
259796
945170
866511
550128
972621
103452
634439
636012
525546
900861
653249
805175
656717
261064
329905
811261
998269
195926
857079
947207
714146
792759
870192
42617
99805
358532
967705
539252
944834
418576
643611
619675
308083
472701
356023
631859
894618
359722
251662
446564
976706
99978
399118
541916
539730
304720
315893
593555
386408
191046
516227
495657
455822
592189
152896
171371
414492
217631
82535
914932
770922
250016
357294
871792
5359
459475
547507
905596
593595
49369
788100
466857
345165
526580
69643
698464
435282
232249
891092
857503
38715
471908
810109
546465
364665
216518
987193
170716
853144
507225
523200
555428
136949
914740
620759
113325
331357
49497
520631
521646
874244
61164
105885
109280
162207
798591
922030
873957
114078
596296
88708
226566
47241
61236
282329
406037
497718
487060
243534
916529
548836
178230
574617
410216
215800
324623
462410
249271
149777
545684
555384
5036
453834
340391
911052
638892
842699
613550
439849
700561
687564
361280
520247
633195
310504
906937
831627
156968
218906
944621
384052
252366
125142
251641
745701
878180
170054
959093
125690
849969
354335
912517
76777
107420
743136
658447
592646
168626
453415
1287
22322
963143
926128
185701
407777
227443
468394
444600
240839
567421
85944
207764
172063
376470
792897
701607
357016
748092
279284
372074
31132
607295
286171
670323
945341
693025
49307
413479
816383
808150
380934
272844
909244
763306
987229
203644
973176
750786
815845
291701
438914
389114
644580
69518
72451
351470
603000
618244
849446
381396
668309
134451
57508
799943
870105
537440
351594
433183
622414
7667
621610
453499
412027
316290
789051
705440
837415
400136
533742
175483
969771
724148
786862
883842
708467
656094
960851
445881
211537
908372
967043
108049
894589
143187
792709
575018
473197
496721
736164
953145
58509
739191
756476
697669
844444
654189
995364
872396
953443
354893
471159
998466
161938
382649
613121
575097
742584
3912
491011
631004
415390
210587
144547
864661
907649
202446
718196
304143
260139
126282
601309
820181
480941
852600
385576
767513
10171
168080
550185
594257
77028
645327
841417
513340
637932
565191
256494
260931
568775
502416
672841
327866
487604
479068
416251
365829
998452
102185
748708
141399
976615
838223
446218
918550
339841
554809
682979
130651
280045
362608
246528
490389
372606
552531
472534
285965
231118
429219
842153
866372
723893
336955
272150
956728
348648
167260
398718
164933
735275
1446
738251
786601
327604
479716
659104
731168
244574
607742
215969
710446
29894
100433
643100
500795
253190
491932
670546
928280
108108
263569
146982
8032
205462
346508
322977
605817
635532
596639
794848
346234
176953
727371
308635
384999
881767
613132
402258
589911
414359
82828
763221
221942
989914
393143
967600
59943
805455
648814
798834
141121
591098
539285
583513
816507
190077
332423
945244
469922
574133
23465
586261
910214
654387
411612
742408
501493
956309
387468
519316
570975
390785
979557
341941
501401
751805
244710
448435
743549
39534
469325
661930
186094
733483
611954
822263
987321
400958
298352
791356
637142
618551
210750
132561
306575
345772
9755
67527
525624
609680
23400
468186
104156
655918
620367
800242
636664
430211
903777
202198
123232
548726
807294
566446
430208
390581
817389
81715
736830
219309
108492
896245
900218
24485
378081
475272
340343
485496
158158
853580
405779
967597
791523
694424
194482
995957
942286
520387
993017
612736
364717
935118
61430
314044
344772
382705
934045
109035
506250
958592
306798
542943
593374
992826
497778
255061
623959
679471
545763
203244
528249
101643
879595
336768
251395
128386
710597
999399
950437
138202
72576
496968
695758
651216
214178
951379
282852
87272
563625
544032
86477
507540
988397
905064
524906
329024
912865
542682
562468
667512
966008
611227
354718
296631
98980
586525
852938
541069
965369
522779
166423
536876
203760
185262
1416
305231
974152
201615
240800
920646
694856
48042
37370
893795
113119
274907
235189
982907
568683
610375
628684
188569
982424
70681
75651
167749
653217
736408
445821
991020
265138
487138
173163
726124
195118
264648
375519
396862
654284
667141
909118
58561
958044
401819
800660
131743
628520
183948
875650
548574
647029
869298
16658
894725
553
26619
597483
578728
568454
426117
954976
875219
169428
60306
252706
28431
688414
544488
390422
477075
529874
987528
525377
767627
411468
265992
839456
494589
640876
533967
869013
934622
189475
710317
802491
873008
120269
701717
639194
609814
123513
75064
127606
162230
464580
137214
924290
216073
992418
13859
125874
628418
219390
163500
522222
721752
500282
644101
894306
657074
444559
148921
648754
17006
870296
17037
183627
316686
277162
227641
832149
253184
772891
309828
929988
556361
651620
369531
320654
308045
746785
22093
734071
373757
858357
836422
350984
155741
764618
131622
956190
698609
681846
557726
846110
920835
84857
60326
870534
848724
851683
282686
735647
332829
238930
761087
433998
360448
599001
264412
850122
964944
354045
162683
478953
591738
160985
199722
288147
794126
333025
209151
534743
617454
825923
102609
26204
542097
709737
130636
692719
141108
69659
519669
673532
5151
227522
481275
869784
426256
487559
963382
82491
961990
503322
314943
409803
697131
693135
447595
737555
649886
844962
707108
479890
541789
925147
147558
159152
247372
661965
682643
291724
964324
164920
532852
551920
33083
476494
764429
749926
130539
76947
606684
633252
260002