986572
889400
125646
472350
467263
484485
286713
601742
462005
483110
863363
216264
823908
477271
555088
474474
170078
858265
274539
746015
220331
344493
520310
276526
844050
415918
87420
625053
880503
800716
802787
901247
713246
95841
3901
687841
868366
706737
359421
205197
385680
254531
469830
833657
703831
700566
456351
462991
496441
542978
975171
914074
213723
26861
536854
442570
692844
638118
89521
163428
541384
803681
478814
996617
174396
120911
392479
996960
328297
345178
1897
537059
198785
777274
63342
39811
5935
289527
126744
628665
401235
373499
913
860330
302187
880659
980799
297910
287053
618434
944909
665822
285072
481090
598373
621391
979915
725208
903930
12431
999733
767826
914049
629187
28267
374816
52991
156378
350801
841101
392253
684186
375888
490648
85913
664453
418493
422643
668535
414439
249305
926295
371028
686271
43637
422466
301179
584520
454766
609678
723856
111971
19542
305711
64649
620130
550259
279113
798845
140851
893537
594604
589204
410663
207378
632877
79519
169566
104886
703138
374593
794513
82486
878713
689034
302396
228505
91125
854820
251494
260042
287687
536230
875790
711921
289925
253638
584436
255613
381385
543723
188609
887619
236713
739105
714515
511744
826446
124198
65961
31866
289011
659041
410600
85253
426748
225906
357640
569506
303984
214308
592990
503298
64917
258559
608262
760168
608743
254523
894508
869100
849780
204751
629111
652827
44055
379302
845140
569276
799631
95987
773274
709358
539515
80475
919455
161325
263412
963601
613847
163507
541255
886336
199779
635963
803533
172129
208830
23520
526633
566124
78847
180452
323038
380971
930379
303565
177547
314537
933403
72426
470339
598346
346598
975476
113037
536436
103339
689487
731317
340587
6941
768816
337293
192891
685610
519896
506755
829390
806954
35198
957920
613597
892705
159882
454683
253443
579377
332222
125016
409837
854431
11887
641408
898414
82943
841201
734013
244143
551167
901842
664338
104196
427406
694716
337814
290521
507303
19390
687691
291019
99134
178212
2335
140563
15941
198018
516862
570589
907163
952912
935826
337015
829458
442671
769304
383973
733403
465482
190752
495825
615760
642904
996321
478879
669278
551229
601782
334239
721869
474896
911417
303644
449966
829816
967931
566865
636256
754223
805661
173179
822654
431080
800014
427914
802921
551885
973217
897393
833901
2593
560713
472604
963858
218693
172981
385281
871234
12246
987906
168144
611794
185843
703073
741828
826094
412636
655879
988379
953958
841910
269578
506466
40207
559019
484831
834090
271191
992046
117549
106647
157993
612636
150349
931094
951289
143038
527073
811694
28076
438891
334862
742448
730983
128010
694615
376265
363379
283638
1815
593398
506698
503994
743259
188310
313921
51835
435930
407707
559505
999733
36689
302362
837315
795229
309567
366787
270776
457510
325946
883498
125138
614368
242477
540867
916995
327162
39471
69741
799664
46120
724352
851877
768577
863712
535202
113499
387784
769214
768658
339809
263115
328839
513057
715584
120431
566218
248180
984741
163267
850466
782356
19577
277671
691865
32179
734414
593112
950887
614908
717557
606169
281304
199317
539500
700030
878155
71668
97716
665112
726806
87515
134273
234744
518215
233905
228875
701218
695942
857791
376002
483664
94998
286724
884830
395039
933818
857461
410964
683866
442228
459604
66660
337314
539432
693995
50959
572087
150816
861861
475943
142885
966121
581258
77502
441933
392154
17749
608128
718351