896389
310116
457320
444909
341391
434982
660036
749199
435552
598905
529166
57906
896129
787579
894017
970630
670524
858390
276008
628054
190974
848635
571722
128137
646360
227199
77377
846100
126688
923022
533161
144192
718388
819152
951411
893651
903134
420054
995161
960094
952595
203201
975148
601698
340438
553008
449289
363680
369658
540323
156074
667516
109060
419825
973464
341261
516398
709410
100670
25348
363272
612650
191258
84726
336314
894531
145356
885575
782884
10149
274449
626805
160550
823333
90313
85886
833339
584551
265908
233199
597568
101121
809659
334475
491539
264750
19435
614420
530390
309420
690428
681464
384147
137651
734160
490011
117818
953554
46903
779581
492613
659175
683951
89864
889980
420858
913321
663481
780244
483382
353542
255592
904563
106054
957473
538101
270607
460809
837445
7569
567220
124145
575295
65254
391076
761405
931983
580900
136984
395280
718392
621546
594277
428910
369463
155981
756218
834068
607120
182855
324934
467633
180803
288127
515830
912836
380766
363440
812828
570643
474732
577273
942891
617605
463563
902529
23391
167965
316955
982725
856185
95251
992850
169408
378984
759313
402797
881974
607044
630791
208193
369628
27123
284971
502768
987175
881006
1680
779895
923439
509470
146658
790243
920896
136416
946748
603555
749758
520744
40870
89273
836146
880705
911662
812363
102261
178
597089
584598
376631
93053
371942
237314
467949
913153
438712
264272
425429
102015
932991
348079
167783
789881
595529
538030
347993
91062
216105
847501
143
580835
884908
165868
712478
626067
42933
472677
802428
671847
624372
341877
649733
37129
583623
880917
50284
92562
396973
745959
966268
889804
733027
802188
331850
103505
46429
448978
518842
218322
115682
705995
223466
235700
126980
662968
108030
836116
782267
842916
903305
353451
812958
298574
217364
442957
787133
223295
286607
198732
697117
753401
784274
333945
776401
514256
211662
128714
383025
954578
357332
297367
618490
4065
607297
743103
590722
325346
102662
235815
738070
524238
763024
532578
242161
104358
950616
400749
8603
343747
898440
428113
516893
434507
512072
135723
325468
845312
595301
532040
762842
810930
914654
757098
512260
495125
19402
176360
119416
552877
335721
100209
771480
16293
801989
330800
595076
387392
196932
50252
575479
850087
572301
370823
624512
205408
115093
817606
919386
449119
618437
503279
980266
462903
958282
337326
56214
625577
982200
512915
768893
373789
760668
605269
79638
371695
282588
354426
369384
899936
981325
859214
294499
244397
541650
923472
344474
370045
376299
650925
936414
745523
145505
742884
218808
373923
28108
969032
406594
610146
104896
774180
534242
917111
782482
382328
479716
694765
789258
868450
962803
435082
611047
155352
334772
790554
111881
575122
255168
782820
543423