618515
782569
507651
595585
21026
161864
817997
128144
246235
404386
853145
436708
486467
765492
180398
571115
442987
710504
408771
225681
192344
407070
534072
56454
844603
594607
171582
465024
587484
906512
454447
503222
898914
10922
329993
233701
680221
257040
221516
93301
813171
866631
539716
549269
176279
94039
325784
612823
469306
193150
387255
580193
289572
475988
648100
708217
779690
225188
76114
399716
823576
731371
473534
873268
206026
266485
620887
222717
370919
375470
749463
233604
414053
471138
84368
316927
728857
350953
248000
445009
286708
919426
642855
29944
878286
96155
542958
271984
768404
617029
514793
623428
123950
194970
961463
662934
263078
296561
37915
855900
243495
612247
920410
388421
558671
150310
430037
505536
743035
768604
307892
558860
500685
873104
18671
274376
566872
958569
819773
588085
887491
644200
974592
765344
859047
865941
411556
419179
310028
927101
834545
473488
624355
180298
275700
78979
908552
216219
348214
982856
386496
568535
4549
877664
269103
109278
434646
810392
191014
505360
849019
819823
932331
334368
283248
588288
550679
716634
233214
43427
237346
610556
884550
526165
180971
239481
935110
353089
473248
470966
525860
344520
623314
353056
593477
164037
560988
427217
36987
120828
103733
883892
451191
423198
738221
104150
821176
739703
224568
639723
495085
323794
969811
223727
956424
888539
336924
975692
402513
879872
56628
567024
902321
790022
691495
746853
954756
677154
665317
293217
597574
112931
715429
150867
827459
366636
751673
244467
983379
752623
12885
214805
918225
717317
100296
115617
237790
422617
936941
929963
621546
294488
953164
617597
256241
248684
830511
288586
711208
79969
949805
13451
163379
806839
283917
726422
740341
600713
851694
655892
891370
296654
6789
725004
119262
382176
773556
405284
109819
791285
161935
577564
281272
792861
894223
56966
42475
755638
258842
572491
596559
596444
869698
156824
955876
274053
954466
98235
944361
777882
421079
834003
355079
678946
358967
423569
103561
459923
820020
529689
171640
521780
694042
157105
371845
976407
244353
750844
479006
77798
401515
639983
73603
418777
226555
227819
520455
825916
49839
775625
866717
222201
667704
104735
84767
595176
636171
50480
8387
607708
139581
41552
514760
319169
131662
749639
990170
946757
447574
356726
883857
589843
367644
621255
202370
364629
677044
589354
125839
452089
610335
493652
537942
149059
195806
109731
152948
130516
421760
599045
96072
780507
335378
657202
247472
629826
654500
607759
395574
650488
723666
934240
262004
400189
677966
626882
758282
784347
491729
635631
413497
509028
183822
667221
772570
134901
827280
541693
706292
10618
168236
332505
997174
263347
597594
554427
269273
454907
938599
734707
315465
473847
14462
805502
142296
726964
242384
889422
600326
718194
563857
214988
297056
658458
865780
95182
599799
836958
672965
129737
927548
102585
299785
50634
203648
953532
837239
920327
295274
413830
321386
713466
500998
87478
180129
665463
664358
523990
587502
155015
289213
303573
668149
302749
111717
55856
589341
914432
944157
962968
453933
874738
247453
165949
564817
606342
812001
892872
69942
749165
130620
57744
216706
785873
532737
541149
445465
942263
915518
356756
334169
324989
955541
432256
969588
924079
13670
788919
665323
804017
556161
490911
72780
534689
806649
853650
638501
672274
516465
49907
49739
890219
194899
433016
779862
181708
876322
608477
96183
407583
517710
528394
925011
347459
417964
657608
782210
326833
629505
566046