302414
473790
360400
181047
982498
588508
113776
986604
398720
822077
399816
723530
538737
310343
511892
803491
164813
521962
295497
633792
377693
670206
799095
829258
459851
656804
802998
353254
894871
410646
650854
123049
835698
461712
949944
982856
451716
599368
129322
847325
523103
504235
548961
248912
370615
314097
838385
484475
709946
186875
409892
49587
302038
57476
639327
73514
334177
950352
36442
23411
311454
405921
837256
33266
864131
806516
842421
831231
283700
646324
998445
388435
788866
79823
172733
93009
492452
404515
808759
464984
791169
486265
664271
170877
432439
519397
633307
371211
825911
928677
731870
239844
262086
666649
687489
830945
576377
637314
214481
337572
454216
485908
979582
185253
11257
534620
466718
334623
502478
215337
435037
629076
14932
953069
430932
16581
781160
87485
862622
999190
313721
85021
474975
719462
906038
990345
672592
679915
170744
793457
30800
209810
193913
147518
507015
442953
572060
662544
319070
750891
68511
821378
192441
287783
876726
416891
694910
546386
510376
293166
675040
599014
153451
88442
399977
3002
898433
623899
848386
187095
676479
559888
755999
503385
840870
950012
434036
28790
303377
363506
84928
630766
842990
317628
325058
773840
707375
864349
890887
36727
909701
309382
52669
334191
686913
206667
89038
393501
430286
967678
286140
122216
25054
652490
316553
122219
943127
768314
526111
754332
621423
191260
610830
838493
628017
648357
401500
286410
869321
549431
990113
706759
623737
342189
230124
297400
500669
978939
721673
144778
518546
529626
753227
387553
371454
453443
312711
569695
611231
550014
204046
907678
910312
151253
509123
127080
790394
686211
120573
985811
202916
353846
837312
594338
129610
272362
562690
167721
934830
138873
474168
899904
546129
129370
643801
237649
665471
496571
480404
949634
120770
81970
537146
35693
155844
748479
682383
701783
926664
561318
366939
338240
722711
397371
737603
681993
464505
546992
644487
117858
841837
787304
168990
379686
51962
352314
159448
749040
472986
202695
403165
217271
764913
6908
486386
976229
829298
285330
97824
33576
778149
240389
516779
710507
563742
898210
293409
272908
203211
321091
676633
971370
595254
815144
174205
321136
771023
253748
739858
539987
47263
864987
474038
680229
956954
90027
397569
140355
21221
409447
811716
922632
395989
355817
993458
214752
177823
283340
491374
616892
685659
849193
85409
609891
348555
576225
552888
665953
924376
312947
743489
740195
650238
884318
107495
749501
582842
735596
744493
44582
825213
911571
243794
811794
556181
284781
73190
803179
779833
548862
39277
786363
494455
126956
390422
630363
543916
810161
462541
998998
759210
637270
378226
210545
123807
254609
201348
940421
603728
753559
122116
93087
971720
773395
701678
350058
424621
478348
940699
612778
44006
870357
952943
802318
182427
782760
322770
252260
670999
815189
804505
236770
338883
416264
882050
12820
711111
298187
848666
123643
908502
376137
489718
609945
711822
465418
155285
206047
472136
40571
994887
560054
50219
463236
393162
10313
250160
219314
193205
474813
275748
871029
123373
565883
582956
625767
953700
129430
127835
651133
299687
26121
416329
524426
664064
121352
951021
494793
261239
131484
639531
557596
404497
185754
480279
693088
752598
706439
373537
5254
510298
484238
219172
911730
756406
631542
557236
982005
433337
433138
883486
498635
173732
982077
429192
325002
62572
887852
633030
203179
637291
274675
752623
176758
913774
749591
64220
436037
992707
13298