768446
777106
676914
344811
291630
919949
477618
533571
763285
382268
18436
616284
814346
817721
495027
556999
630516
627284
824314
18787
955341
305969
314710
961291
110473
352955
402871
813023
603215
218376
317584
938414
930726
246155
947854
84861
355115
324016
724709
909878
3262
843800
119749
694768
100477
237809
280491
245335
659048
121520
384660
336376
637284
250030
37005
173356
477787
24605
474855
634974
219072
150437
84038
203258
115120
984095
868440
67379
112820
731565
680482
11697
646179
916019
209973
891670
714212
638583
544320
104172
937682
263121
534207
734316
718904
14990
31825
517485
970939
541927
364520
98408
430935
511449
514458
630564
493506
321249
889940
614722