22088
531808
50837
449151
598701
10375
169690
110532
207628
661119
523876
432297
950187
957723
528122
29908
650839
536189
753290
925843
374701
440818
51453
61189
998196
69033
796902
349671
437928
700238
559892
340159
256850
80904
365702
61662
157778
848139
767358
308054
812543
95642
216942
793017
945253
650205
609231
561097
825325
959514
27281
702785
672026
999123
473965
247871
88879
665853
440790
347148
3055
765848
623565
671882
620092
101295
899412
340473
874657
224878
216122
786533
714219
407899
615061
182192
345266
990835
52302
806071
799221
344162
408918
290212
289891
995293
265847
813264
720310
21792
615301
5266
526330
189567
515891
840297
937836
663019
812737
244098
164541
666500
554771
230438
495670
687445
631262
197058
883637
93168
640123
605396
704341
623591
478622
686384
520236
201508
139552
473901
417389
8870
379383
970926
937070
717273
783368
806352
375109
62416
827283
187117
328651
175393
379725
820107
317570
221469
3211
739813
174931
1898
542746
412051
364976
897343
785003
198040
659224
25276
665835
516488
429880
515108
750001
688660
92911
65656
286737
114100
723690
65777
368526
296815
702126
343577
315372
929802
711285
941830
611618
904587
504239
664500
727598
102824
125033
105982
25795
278289
741451
818489
699806
72471
286012
568109
890614
699319
951520
54513
71954
723527
753153
545698
449012
525948
115659
780223
314931
156054
550513
533284
490598
577704
496558
139809
472060
813640
805606
609911
487017
993423
877035
829614
377595
561101
232091
317782
764427
359436
140390
167000
476174
476607
210413
990327
484491
716296
805126
667689
690279
65315
492444
402572
526556
355314
342579
818055
269384
540645
149258
355390
253282
344133
842201
860977
229255
788126
463482
103666
26930
526855
953956
90369
236363
527055
562450
790854
752086
838470
569538
148265
390540
592037
564825
570321
12551
690651
584355
459576
222614
667125
263929
558888
865649
666600
567099
274836
58502
951358
634045
217877
448625
85275
716095
364544
636683
305195
224019
500000
395865
731563
344291
708629
271270
25232
287947
547720
923883
973143
490082
695945
413610
936042
618966
233352
979546
887980
582773
769965
873276
818210
960712
883476
60684
918717
668058
11176
952851
864776
44886
417819
492697
117162
186254
591231
252664
456153
426200
430340
820236
640924
406995
833423
211015
152186
459015
814579
372129
927172
914411
637838
1388
522684
57472
346691
830789
273953
672730
237839
222694
26520
798398
534026
116441
982392
445223
523516
697287
585522
241827
911322
181615
388700
187034
184220
69682
944408
835439
825724
982410
368229
129983
240268
355099
207298
560711
733620
61922
89210
895266
475527
346378
92945
60399
764930
527837
270025
27089
23136
225880
540945
410960
413597
854487
892683
656029
183749
785391
741112
604658
896631
300826
246339
122584
835835
429837
29735
287746
471741
739558
129085
398167
752934
545537
523430
409613
775830
460842
35729
261616
151808
491052
602921
892803
272289
349960
532766
671997
453918
724674
773135
494964
821305
242517
302673
629912
274927
288326
498079
768469
475890
248981
700190
647324
273214
184784
762315
18364
869082
854787
297923
378282
648941
167050
908334
42847
356283
735815
213513
612512
234170
993582
322575
525785
231829
402749
639236
454755
10876
860617
7262
793829
29862
975604
558544
899798
778468
952123
798324
728288
6691
715692
871124
619424
612030
766580
546196
130186
1598
478678
182400
516586
758575
163320
482670
658949
532448
861464
391632