765582
450667
80569
99098
841657
204421
851036
499180
342174
204040
476821
356647
101120
569824
403659
826674
158890
106861
37244
135021
596560
867519
138670
554054
113940
856753
387645
972122
537060
431199
993043
30597
483840
28165
659638
885448
195417
447669
617084
246358
934997
936500
974041
186235
120431
474418
402137
332137
242300
759269
168489
420129
785352
306433
48847
679098
232095
763030
163386
618129
391975
550661
728179
352142
747371
89056
470963
719886
527666
152350
746959
885490
696654
843767
347855
118084
145905
747298
987036
597057
945976
678057
485399
323591
565708
969061
46214
940700
284318
715740
25129
707800
310607
885619
773483
999729
389938
407377
389620
604001