538743
310997
61792
368548
598982
726983
843624
314907
659120
410721
741384
755693
820994
854046
937680
436839
922323
330952
263736
628095
89029
179603
776559
887421
115946
574486
412815
736007
81027
30950
19250
556487
625763
222161
819614
447867
48498
127028
134619
278104
801229
571066
329958
777884
227403
485873
727166
209263
792283
335754
810459
136053
52937
418669
230974
822835
177759
691383
800355
253211
554472
488145
646228
816309
631824
514542
859992
313324
245287
106465
945352
973363
88836
933016
825793
113426
612486
156089
405365
617041
909302
239191
639196
808703
759496
968529
555081
401503
468416
26311
66135
66096
830898
113018
625858
981208
786721
315007
4689
461356
765321
716128
684657
165854
981305
814287
978078
541380
802455
820872
445306
817601
421959
229122
492544
233938
529383
677265
182418
588471
620978
933659
253230
155195
927812
510452
410431
943714
591036
564313
818640
259951
431421
889606
185563
523343
6927
720244
256512
665061
442212
804467
657425
850355
642036
373791
463498
318498
974537
752322
793118
373230
732695
27910
749356
638320
265795
563349
12880
722057
50948
514191
218134
525864
150055
904487
251786
376633
19372
462619
569451
119595
891854
700685
192190
830619
753312
517507
608830
381026
290451
810104
397872
877752
414740
724188
711573
389827
45458
814895
986617
544704
525405
100789
172009
179981
643626
66775
67458
581392
665459
168342
59555
198408
584955
740268
677892
814638
814319
243713
271648
743239
962024
307079
861710
894665
80782
474418
184686
367975
55190
802071
607678
993275
287211
354528
368460
533327
565355
98666
852166
197384
773384
985723
751469
26032
139471
489827
202728
717791
149701
810798
11573
724548
592109
159618
740218
237653
870311
120796
844474
908561
873523
42594
641251
585902
82002
424676
622019
167589
444237
265843
797467
818134
468623
778846
891468
829720
250541
951238
366638
805793
322950
573533
309504
749263
496454
392511
620985
776721
457988
493932
689341
504629
51339
260514
114283
869902
982902
640339
49939
897217
881781
175432
314117
521772
792044
839442
622789
208308
852282
639784
177434
82474
530455
344546
429061
275482
486742
459857
293839
514607
268810
128313
200187
454342
623301
559596
737883
85709
341179
866051
217663
907800
873158
797116
946312
152192
365827
717803
222106
467192
675929
899230
598448
956205
125978
954002
889097
803865
518145
496523
393600
733605
710107
222420
219769
798713
631811
639123
982967
242017
254598
828360
857483
812509
216613
703970
243815
123269
208760
103870
835217
434199
462511
777405
776947
319263
17396
905920
772751
257153
910508
372803
871631
667174
842077
716179
751226
454529
496554
441133
93123
278525
327993
573493
138044
564677
432821
987408
752040
135151
50287
663838
224813
825222
120927
720471
120296
102066
259273
10689
582171
21318
852283
65163
939905
405478
483379
96713
286787
924563
363869
519949
365187
156245
16953
92254
56085
223044
419675
457240
894605
799154
793932
123168
468403
770616
507854
147841
438419
527772
935933
532456
831665
677596
707025
379256
327514
64090
755264
321419
212246
719331
334400
679622
850682
100829
100202
526936
764570
24077
166074
934095
555611
305539
544883
625239
701029
629730
702112
976591
901304
907152
789428
247305
833686
526966
988179
570782
624158
350132
577130
953004
388793
454245
605177
399086
808621
93578
284145
480054
670223
856021
103031
376009
456277
385428
590728
434519
840842
129720
351800
26517
160922
264642
687059
663481
190541
354569
38308
122386
256209
489706
731411
26305
876015
43852
588073
976151
128224
162638
968816
519565
754873
523664
415670
130074
878465
897371
724336
497141
326755
792494
64954
211175
739134
824806
186620
923467
929882
757640
56489
549221
164214
291118
618273
479901
668733
604173
877302
557335
921238
470943
662348
655088
411482
963889
737818
403798
600801
158987
774605
117060
740853
620535
872971
387545
580008
846320
588372
129748
796866
425960
150277
942318
112978
249270
775863
352212
738533
550235
193284
788416
665941
8111
458729
76019
856825
153837
676679
475985
567226
419608
610180
685848
188165
70856
90383
279102
319068
479892
502976
705255
353608
953117
932061
860736
121321
302197
123065
124155
474669
819947
208246
834471
422623
242612
294892
377003
509783
551608
105634
94623
29776
627062
416441
462662
881302
804180
476329
57516
913182
326535
971554
79385
620848
502171
492820
510575
138879
981599
706186
244517
495065
162353
831857
733216
731577
796130
656631
561643
658874
713221
32399
97939
678502
139225
183825
924194
417069
336720
694269
677622
176689
987067
487264
703036
494206
649301
887567
403598
777175
862697
462480
318247
340331
846560
829529
274431
968103
627243
645616
951816
382821
409417
555441
222467
860098
605813
731054
99391
421453
238256
524336
158447
907098
475494
216156
643943
349815
401984
194417
139187
771382
375365
905838
510164
472489
206125
547921
474328
929068
270020
978873
391572
309404
467768
395757
134273
783654
369791
874293
55921
853882
945383
857574
748332
917021
492795
21436
511019
744670
42319
954527
247664
980000
816489
182152
578880
287510
120460
776893
575999
909198
418402
734904
971110
209124
49221
164070
679907
815127
333354
33099
404109
163512
990250
89986
487041
975806
597294
170658
638878
953527
628535
87549
640603
762393
338056
210370
609792
367159
978864
300418
899527
427151
761720
261199
914512
394432
264421
72576
327803
693528
729066
113106
723686
490315
909869
200361
168323
402689
268148
460788
405140
986054
707180
867822
606150
214373
103766
193216
476391
130190
967118
198403
28870
474036
35194
115812
503910
372020
544587
349409
829406
868527
806515
211056
335056
849016
21859
646142
215812
857065
250943
895380
4128
54992
330657
827030
411334
363399
937735
501030
837130
402721
803994
223013
168526
509824
903324
784793
265532
915140
32045
744810
554400
923294
653049
661959
313504
906882
429825
139302
893976
845691
508997
361384
124438
942808
154635
652186
63855
189124
43599
801368
24124
387956
833032
827788
287925
785977
25554
368276
610408
807221
659900
190978
627413
791722
86640
457661
717097
97198
895163
560388
530517
557819
744185
309011
246411
270307
4318
591838
981
185312
313827
685626
369297
358857
211403
983835
664525
63137
856720
107832
155195
489162
669615
906443
157073
773463
944461
360372
868224
391999
324036
850685
942990
188332
137935
12984
359826
343603
324366
275845
454284
198047
258485
221296
906014
397350
708759
34359
953003
687741
375051
366120
242955
90503
981240
333993
750184
925096
894531
485714
168952
926841
349713
9844
40407
752340
145403
738749
137984
288590
228494
625139
454055
674500
877051
583006
671671
438222
766690
852611
333027
867473
799669
866058
915115
520881
288972
490433
700013
503843
544965
162489
388261
735776
784790
587982
530947
387765
444401
490053
244584
632951
916370
593294
796988
416917
731432
863912
124142
97926
586398
489123
117705
18209
301060
480385
83376
657931
271007
84470
943350
983626
174409
549391
195676
952824
332294
766895
739240
985876
68325
792307
384414
953651
141136
63479
169886
165396
445680
711154
322713
553360
58751
704125
375217
760752
315499
280753
414445
628185
812132
562797
593557
574626
243715
691959
970544
476486
617622
935738
176920
571445
563020
410157
134007
808453
109626
126293
334752
71429
472327
10848
870028
656498
173498
21938
723695
341891
754334
588158
120374
602655
856976
473354
889568
217071
496101
336468
472182
649805
381242
372179
641000
265563
393049
166230
65158
183857
367812
284041
953559
131054
220002
429847
709722
968175
205443
957993
328599
836062
784530
282891
527136
620002
472214
240432
590057
209332
805860
53260
785665
17938
704805
901663
549164
128908
855552
177746
870431
390587
668004
813882
892632
443345
833203
941625
12119
674892
59662
996739
851324
804037
504057
83134
228670
87909
277803
191555
848965
793910
779061
280514
30374
388695
234508
145794
900985
71306
759861
227013
75863
762920
272204
442953
166709
493940
144048
372459
464664
843020
164750
193127
985844
215867
901129
762938
273893
181228
734339
610664
117961
312313
390219
63002
475000
134114
470563
330591
828896
92698
647404
33427
206594
34490
851696
600605
9795
747545
465484
800914
290672
72371
721336
943223
848465
667333
413941
109923
69992
983739
832146
395907
784967
285121
985434
227639
833547
794998
86621
102106
840504
688511
646553
110304
859826
903480
142917
80728
971222
618308
687291
912208
516211
552581
400512
411095
217257
540519
356017
404125
900444
10327
989323
907255
68564
257170
386902
835775
967796
795672
217199
836505
781460
939263
449521
588624
394238
725219
846719
313886
105794
461755
278961
467530
383542
937095
913881
157548
330254
941541
138289
734668
897683
956419
515042
836969
681155
338991
134963
457813
287110
625227
938572
186429
744392
444444
22310
76551
10359
943233
218514
467796
254555
879168
915490
401189
365516
554556
824
941465
696853
33347
127849
223124
408484
860548
700045
688124
937322
127838
125862
789981
587413
965459
168618
925612
378279
777115
822254
67625
382003
680405
418161
608541
903284
461784
238979
745283
973706
699432
901840
657603
533394
145668
336141
84697
650464
912412
890622
955861
957980
841312
674465
609787
5750
416116
596603
513418
111175
331840
199548
286618
776774
101283
550737
370014
164323
880135
497863
731274
167491
965711
634647
897934
983001
214638
841938
628799
343070
353937
386026
753175
221612
732476
5402
491859
28476
134131
162739
153851
191610
824142
888132
616766
596802
254640
499750
36923
270714
511313
34529
941084
7820
274294
690942
394717
639486
195778
11051
679211
564271
796903
188548
270247
596848
364725
750916
960585
33276
37459
731207
345569
257814
954379
262331
481017
990334
367038
353123
685079
710031
796921
552455
445791
395576
74272
313916
825492
404565
675847
901771
253759
581737
280736
27969
31144
885626
37326
844435
854081
335753
890200
985899
573539
176557
403001
2963
804655
916235
100308
687037
218903
935924
204356
682668
797621
538267
492626
418435
81561
387505
908992
983400
794400
524191
779586
885845
663935
716895
103436
388155
608607
933368
83142
650451
491683
828052
408477
627330
915589
730303
129203
56999
498910
621246
337014
427845
558596
664842
304974
673736
931085
916072
84464
556854
173170
863718
769680
761459
821007
532660
987827
883632
270663
623132
713826
127218
600005
807647
192954
428667
91421
708142
297441
85143
301008
70658
745939
873028
264238
272600
887450
810558
145686
524492
149468
521063
634073
352721
376782
225040
129149
957259
548039
501799
978590
783945
747567
682557
608942
557218
3286
279473
397020
57131
642977
467326
431187
142098
857695
257631
309465
622234
407865
992667
505304
340147
732744
259696
576250
771829
682049
539680
387949
95481
167947
297746
73734
212564
739633
83751
167361
700785
901683
295259
266983
544842
354487
994707
704712
778691
54621
314057
302248
542947
481648
445520
717494
774319
74232
455430
854839
517989
829996
406998
699842
377426
678404
752359
262884
427984
409453
43877
343203
587808
851606
976618
444000
903968
80744
44168
917206
663976
485778
516661
339455
576903
165185
182036
829461
382741
218991
991836
726901
101621
40147
150695
430240
266794
428534
422233
377564
127570
390438
791275
918712
426242
324355
48211
14956
951808
465526
17810
876446
389463
350402
950169
848577
211739
799474
887385
423704
546553
86386
233766
511257
582074
904442
818183
484844
32276
380325
883740
700946
693357
766432
94124
405603
41517
880766
874187
450096
518974
192039
251300
844295
261859
108273
317353
671764
1458
838343
64404
920868
551983
836229
944408
311621
101447
359398
523881
515146
898726
223061
170917
858923
588469
332831
540445
554696
388787
724554
635908
92750
994543
350975
518451
908531
688032
31778
435351
330203
932001
363458
690872
84444
614347
175596
646246
388255
167409
172954
161538
892061
646962
412937
285478
762441
548991
677032
462514
905613
11242
681708
406260
750252
229478
997952
226675
59142
101537
201242
740441
563514
551291
649321
137402
665381
562401
897195
487877
240073
968971
622426
521734
189514
240526
977798
357269
761169
633246
369086
378335
314579
415204
184232
666126
768108
638264
772976
470296
416549
532283
940061
92129
435029
664084
513151
277070
764899
532421
292997
136487
655401
761385
7275
745704
305332
901068
50832
105765
652200
452071
553445
979415
685824
358582
196290
619334
525492
11640
356435
709333
778739
717763
13231
840421
810192
274945
2185
594023
788153
995595
962943
143490
185761
963872
451088
53533
190208
563521
751147
402953
965488
354605
167266
151950
66616
376244
177405
433425
126566
109307
503467
691679
385749
275659
494612
741464
368142
226837
94793
196410
214219
122182
917149
368521
392087
293763
538381
455832
181265
878018
276954
71863
718799
762372
461688
544314
945886
513074
889951
376993
480424
29139
849470
582505
355887
614248
685007
718126
888309
858917
91845
279227
793406
864524
942371
360240
128429
129831
306022
608975
910988
140641
829282
917283
802215
942529
829547
618893
465559
548676
760042
784748
864284
611095
744911
886120
921060
126190
280741
854492
815464
654276
87297
844317
691702
213295
523604
730091
81737
264863
971360
817332
402516
640115
264647
828607
315806
929399
707135
381051
286406
44222
664482
435493
104232
977368
57506
542352
366552
349041
691162
333396
903563
128902
514559
550165
611606
16004
415477
646383
251022
567295
916862
48251
707598
96844
578253
212993
733078
950587
945913
396218
915664
397300
303821
339584
755567
845613
774780
684564
253552
827397
926770
91532
39939
906816
1029
335191
147522
707104
88906
157806
846111
32092
254852
610393
632797
870719
697912
500635
854069
1376
741916
647612
656473
620794
772525
841201
155412
429351
737504
284777
731664
909054
218032
803126
991666
487365
585814
458262
830112
83989
605527
153630
60386
60809
805367
426562
688230
744930
879563
529411
551517
211131
420652
165749
437316
776931
944200
679148
220221
922140
591762
878659
264987
308207
819289
261064
554301
551530
761975
25287
274385
674488
236576
316850
197690
745371
719514
322730
961036
707464
609739
805420
437492
168670
975918
884123
524917
422789
504864
813413
17421
307295
839191
79509
964534
20910
347121
955765
139144
705666
110890
318558
598523
535772
993192
517790
673227
962789
261233
558724
793140
79684
142332
355466
257693
876128
235173
397472
822801
456242
186809
308369
81960
267717
334769
753876
752452
589325
852860
600562
410039
117090
401397
677582
946434
677463
450228
782422
15801
342779
423872
375109
932802
158956
411490
390034
722556
80018
458709
880824
667771
293503
814041
399971
506994
35745
973990
84276
583530
685538
625790
854833
227886
619804
575387
149964
601161
850748
932424
733838
129575
111730
352332
585504
810585
855506
546113
943734
628
459722
16322
911129
793817
512512
933826
70543
328526
245000
187322
613672
662027
109567
403450
960936
710098
97607
616417
661068
12725
543455
543144
993979
40827
744157
50968
414026
485341
196171
956700
71532
230507
996956
916017
966005
114060
376969
292537
3785
69730
304013
74991
726117
134028
394361
90613
160649
81413
631668
657610
51841
220586
373843
39127
738383
420568
555921
27880
280055
165555
404139
343928
793511
211396
268059
57381
276032
382714
695406
413954
367493
160977
739140
603787
239967
193360
21220
238195
861898
606956
598458
234202
955552
576074
43182
547803
564032
141218
137633
545089
311771
786239
845574
344985
111771
497763
917275
206178
1327
544263
142659
21857
943799
166719
412098
189457
273737
277500
307604
547192
330270
865708
179306
579157
320669
186492
268802
97910
510209
609149
82658
354150
839721
259300
937776
199746
455740
287084
85553
209964
81782
413590
981788
499673
799700
528336
550170
824774
773592
677044
676445
747016
901881
589863
951130
579776
994667
913890
824996
509036
523270
516813
784230
684827
586453
844871
120445
760377
585150
129922
503984
549384
477001
657804
150285
808880
141582
342760
807649
946029
378880
137051
728659
818982
819152
811906
561757
391838
601151
611872
564392
676227
427267
17910
749188
973924
450645
999883
624961
880512
306965
14859
928300
516025
145307
76300
714025
346344
710043
820587
787114
943306
400244
970069
180809
208663
587925
675682
264392
616627
994252
531547
383650
82685
436589
740380
726093
43398
274715
543829
339471
984348
878902
693994
434234
275012
797985
215227
332678
776773
391406
387517
657353
958241
554025
95623
638677
834335
473854
391657
987630
651843
842823
834679
333158
772960
109046
189731
702808
469572
370460
269064
570109
368145
63380
932355
955822
972395
7054
633020
445686
418573
983995
726915
34899
194742
972754
624085
654218
698754
3774
987005
199204
605395
20836
406807
220104
70574
357332
153712
783862
819874
544523
155721
767197
975970
417122
514234
102810
858100
539224
663860
84175
892226
919479
982047
674779
648014
357477
399714
716539
584451
991881
748928
788925
415782
513111
163103
610268
207083
999034
268389
904573
178788
751069
841851
729349
195284
747543
75315
900885
388258
945264
799494
305315
485609
884244
735926
326774
215724
922515
506322
977213
548583
316179
717528
778061
502657
61843
719604
68470
277341
685148
749095
457664
992271
309702
51011
223495
192172
804772
855250
196528
310394
55437
987223
768967
749126
814088
797996
400887
358293
63827
248458
327845
952242
539856
649896
178729
623974
942925
524474
183273
491718
981614
733722
723924
234086
848697