158911
80061
571674
322441
358087
976391
900266
303899
920966
24353
909534
859266
827467
647145
313946
228565
892644
796974
987454
534172
460001
342480
797815
183923
875248
954419
811058
472536
500519
141215
403244
296721
533089
289912
748902
85885
561727
841108
858932
330357
849168
893054
362739
373854
911371
963463
13722
527374
255545
627715
755946
131288
230256
495079
873663
648438
275001
789757
15689
881042
383635
215297
291796
345585
574865
511580
835074
125756
585758
403450
274075
659180
142049
172618
199867
390098
896187
108945
245226
135169
919725
492204
353352
618713
659415
464032
544743
959536
249627
434975
930035
196894
305120
27546
897484
757093
531635
212093
8756
530491
49415
527500
871332
268982
606237
334744
697977
424851
632383
784861
320716
622179
490790
42043
368735
173011
669499
316879
784178
825302
572218
63406
919990
63153
657843
981182
968601
316643
123563
547952
214272
457710
484255
55453
751763
534278
501544
654716
210353
488405
497274
961278
372420
434793
760710
545990
362928
997563
767360
100680
902693
410589
927547
962749
550101
412351
556143
947392
174143
842909
32221
146120
220904
484681
584201
170883
794923
103632
306406
204811
396328
592396
447056
725767
687192
639622
377011
512737
185089
341189
711497
851295
414276
9399
268544
942561
837524
701947
780537
587062
151489
72969
22253
549658
214002
21439
822698
322512
677298
929097
970043
336792
254945
791979
929894
288142
615243
126958
656143
234783
979477
64805
318778
125288
904467
706778
883246
872812
631671
260634
905332
797554
450021
426778
143551
200633
816417
724613
884453
966681
738474
966755
295052
551928
900512
144359
310688
530213
238816
531797
126272
191444
369584
596046
603832
515767
551894
582713
12137
356981
541251
199888
292485
993673
105581
262020
886583
473210
60090
555662
751711
739506
495384
897748
643195
507262
429417
685236
934881
227937
33180
581551
861416
601877
168983
268405
280359
370719
234192
487305
659605
987150
856187
534480
628112
448271
594525
459260
549049
694960
565952
225359
801340
513135
357119
102158
869741
442110
496129
837957
409614
236822
385666
677681
799725
26549
269517
531981
725930
168246
705414
129020
472151
282699
82339
704719
30904
48793
582139
144628
170153
865519
412343
315388
7391
848996
85925
751495
97350
511885
176683
840591
622026
349720
525272
773197
467570
314953
670678
195915
472230
388622
906876
897735
392465
112896
85568
373057
801313
982649
305354
128354
414571
232652
826211
851593
540012
851493
491468
408754
620395
320126
796075
638405
556666
666939
924768
713017
367642
667172
71862
993379
897150
428796
316790
33567
282152
417538
168725
302297
291696
387587
462413
513529
671203
180122
595529
972585
149704
935046
805881
910596
746942
194342
206662
147100
719233
671443
466207
706664
445835
812762
154866
563784
540439
981013
433335
850615
869377
346085
339750
181132
286409
61709
155081
504365
199734
809454
690028
984593
268055
409819
259376
789807
189412
176408
30463
243080
908484
234612
144345
231118
418344
950656
429261
339312
235668
519275
296516
986371
567038
211195
996344
276558
150031
491306
272386
417394
263046
997019
152208
773300
57340
111607
983796
849065
941954
822185
254362
928253
176230
810738
598866
778591
210261
839081
251659
463116
153178
668179
659809
156983
328452
344410
899853
914
969190
905646
541371
441212
987320
595957
843833
340295
78491
752304
920523
373092
255546
133931
370971
672814
4684
176544
635469
289167
58165
32042
407857
899283
339212
810401
782354
840071
177336
249878
918571
174989
331699
329452
986681
370240
109873
80721
233772
245566
358873
314520
736183
41174
969010
334645
806983
161487
220953
294036
477648
42835
985838
880278
417922
156215
133327
962089
158363
77864
291644
340098
92950
820211
648346
982458
508097
930416
3731
820098
590380
821772
791002
748548
677309
249138
68556
840600
962593
505174
226994
652960
654493
818142
715043
64321
306050
332589
402119
403262
30591
240588
408886
609970
51984
679607
308222
258410
866900
300930
622659
858269
411453
581990
185793
648073
301985
876972
21486
945003
22061
470517
770491
867417
586488
830371
563896
473792
707829
580520
945559
125174
390083
263017
105416
703547
169759
653390
566020
116561
371961
325993
624806
807989
997092
144512
238515
679161
863014
367801
822074
314303
375343
625825
162007
170324
709223
518104
296657
135142
376864
956701
39779
483619
531051
390322
528024
402736
171270
479660
426383
856387
974643
988057
965854
219102
390948
573133
312787
118825
19025
252491
393366
162922
261804
21261
582122
162019
458604
691057
928402
354824
963398
821568
119760
701915
320955
495195
450440
763430
282186
9604
874692
17364
383557
923910
219857
575533
497089
430722
842950
48749
517223
469272
217508
658879
57703
818094
736729
456731
114125
911840
899359
139833
872171
881156
212930
579824
960310
838872
749438
902512
56813
949835
294214
563864
784372
849380
787809
251253
499839
764627
234351
207640
916649
678035
191178
654995
302117
354104
569608
164944
150795
820762
302236
55693
261460
456862
447260
986744
843233
370718
722205
948642
651893
846388
524026
129699
30404
896104
382964
676491
426531
125491
512819
466048
217694
336944
225899
552889
399336
256158
904922
659158
900077
47380
60973
558041
55940
430594
826626
175301
71232
988063
954121
931345
196838
150324
521539
744009
438264
20421
887532
299394
144048
165079
79606
927096
466696
741027
786026
8902
477942
956245
663347
691904
621366
261313
449910
761648
846015
221603
113369
330156
551383
850961
798885
513745
256962
263359
18630
387870
472534
128111
518831
470511
367466
234803
91610
264147
913965
404832
426349
256461
959058
287377
459065
411620
562345
744405
244251
35879
506633
634934
363653
290049
551530
689895
990807
114548
295055
344969
494951
646709
584544
951130
301408
442852
135189
595962
816262
69927
917967
374363
816407
852130
797633
868485
254029
599957
331787
520388
47425
652049
415143
643439
217193
832088
68796
135701
65666
873680
291344
99525
497673
291556
103707
476666
364962
327480
877942
48929
997212
24326
631858
817673
378892
423642
400198
700006
458517
839654
228512
71298
445962
806275
323228
976001
290730
285893
557010
460687
103050
39865
296394
743144
343824
210813
955914
259011
130011
779132
823440
206748
456320
8261
821724
610141
349360
390664
281061
32104
23541
969260
948203
95043
210459
563407
729772
384609
162347
938907
983792
989129
989842
587394
626047
499621
201761
983446
696115
283754
770286
539270
93032
187678
379415
36217
467151
747467
351911
236608
813218
829118
946832
886652
213682
882428
775000
692812
169436
972354
819281
673456
246554
369912
456128
352959
603765
243377
908064
704577
851608
518561
432063
676458
650368
533916
616325
265652
526224
589831
592404
687767
266754
604765
450571
639400
266679
251680
24293
39691
675118
716634
853183
878614
369107
904078
501431
950724
428655
736896
359792
517907
350590
859678
475505
782267
778526
967498
533869
112523
999203
162693
887773
508897
941959
435321
925514
478405
864831
487971
450471
206499
319657
733147
700634
208291
188001
414401
371355
76647
878322
949766
994997
818784
39401
921620
793066
831821
605382
274267
850420
541778
91212
543481
410981
42609
589944
598277
965103
551207
525710
389497
977344
769893
578574
571577
343686
450601
623238
588100
146576
172793
915393
488566
914005
196796
703261
869751
698957
901749
608378
737604
735997
627484
157262
501144
272080
626843
829846
134262
394913
656674
890535
965718
539862
258727
928675
317481
728614
439677
118598
763467
45754
964560
514400
108357
88945
81723
495837
710523
928382
232646
520384
118456
17836
993599
909806
607124
200450
527219
566119
419968
228546
90314
687759
529582
683851
314748
562026
725855
357278
300788
117287
902218
791741
808831
810579
916774
148655
612657
682990
944725
109729
501780
927515
87021
527591
687886
761456
115555
324767
845582
722542
82582
651574
550962
463498
56374
698948
548921
237674
579151
113043
64928
92715
325878
109949
594907
116191
463502
866291
694129
17364
194743
542746
473012
686287
749781
357775
1884
430232
962040
210764
8832
492655
219565
964642
203504
911836
903840
510182
416945
150628
207788
128488
904150
778136
186945
35294
645687
676999
718577
640544
210001
557971
842007
704397
471418
418273
275364
259851
11455
712682
720967
225643
521372
972335
83832
5546
704854
808457
798946
749907
535673
651166
169707
436739
736362
918704
253153
540613
949608
812623
870658
646875
136931
186031
474920
191518
489848
987604
935887
566012
775945
552233
492101
127585
43126
308784
270509
79537
935034
674964
251311
72049
920612
785179
608767
180933
65327
91575
877449
653524
360129
764347
465078
629512
103037
885931
379678
972913
898181
506924
763466
572745
192527
759066
98532
949202
600354
715321
983550
335900
240558
46531
102459
613986
82566
266591
190430
705428
608379
146547
764717
443824
864342
959504
427265
167241
846129
820556
521453
882026
104626
777133
753033
677012
861989
508865
664858
138786
605685
871755
542303
169102
284807
470232
116218
184396
725236
238127
814393
459860
708385
329190
22337
303101
662524
48721
360534
743493
313364
753494
274121
549869
336085
288284
484095
745281
871327
944034
219289
864693
109059
484908
615109
66219
508826
8599
155873
631442
622081
78606
969927
497512
435316
279253
393017
774751
669638
196227
343722
257502
496954
651149
320231
611230
468674
686972
485025
366005
907921
619200
865303
806448
727071
940383
241892
929880
68281
604678
402466
2327
643201
835072
90170
270197
602889
358724
287818
127163
246024
790184
872369
176248
943991
566324
815866
187617
911883
739474
950882
883987
806863
114593
271559
461813
450397
212584
452976
461945
28025
854183
708915
752385
608649
799561
392519
853918
409397
887863
66855
379187
997207
373382
332446
389112
969631
446992
660341
323355
477510
310432
556599
605632
978925
846535
84190
875177
515154
545867
258652
891889
483757
737279
897159
778227
30125
161646
972705
699976
444554
129137
603843
265004
672071
895840
683046
56130
126150
997605
514446
83950
400327
320940
852628
47712
755327
111223
591950
110833
152337
550541
234973
864037
326827
142994
289234
598545
391680
387378
999421
620630
935005
179127
581972
938699
228266
867643
187965
609913
891712
47351
472569
673023
859873
238521
657836
677142
613144
325620
993613
402287
499310
847985
898534
604089
165062
902308
148680
260862
286102
59545
162639
398317
257730
673741
975501
716338
995991
670170
160022
365633
418784
3658
999720
629746
555880
513804
485812
726983
284814
567043
303757
177289
807614
581564
357356
760847
141457
195640
774110
428640
959491
509736
575307
113072
241165
335991
458915
204935
910879
832961
950502
801023
763900
230881
457040
175660
850225
516391
484768
85206
813683
179049
893508
758881
361876
280432
554531
592654
105122
305492
666630
677978
875036
977122
674020
609860
734226
369785
387336
109164
976088
952628
984033
731863
13542
579649
892198
27535
413455
97296
508964
645223
428252
774120
571557
909469
629637
399827
337022
214552
32907
390650
251318
974672
70517
879179
893198
684108
930341
761686
188146
752007
113621
642807
776954
386412
891380
874094
549085
294209
568663
905291
605619
827296
427870
786308
980004
567263
154980
18025
731699
804625
901410
540142
90785
909926
567713
805351
436351
792685
959385
748819
323859
724090
957419
577103
844518
891683
876088
967980
478889
166500
943708
460634
149697
496290
756299
838915
981430
843981
199430
177076
915699
740254
809657
816054
849019
567360
157300
459131
657321
162955
816388
809204
280673
534379
453933
497663
780889
397023
669703
726014
419518
298653
435251
564483
394180
83028
299320
341991
164557
927497
192061
994682
459445
340707
421349
157844
616504
665026
104835
486602
251201
361865
943672
432701
481103
102140
790000
349452
940550
322117
241973
704873
841808
630033
30190
720393
217262
69271
223033
708661
537375
467769
214304
903486
714923
441539
370362
275533
436556
779664
781281
57176
473466
681355
215179
185457
287698
250259
259015
60025
194402
307704
774294
243057
165971
61858
291748
604081
219635
709010
970785
383025
953311
96640
6529
596100
574730
608034
822284
240869
389164
460430
763682
527018
587017
565558
606927
202133
963548
359955
454407
183370
803616
29085
16126
86938
759292
796214
866470
610685
535049
146086
497030
552287
881473
332801
976628
646609
696517
147749
999215
230880
163466
326752
311323
756547
984610
337966
106137
906221
625763
706719
368706
803715
949942
424919
220865
589160
489597
759024
41418
574195
56354
670010
61691
88706
589817
555234
566861
837800
327121
827504
442358
551170
285852
55658
312031
928871
342968
486742
51773
223549
802905
892253
754511
819752
122133
272459
428786
443230
609036
5427
289572
956822
244018
433520
679699
659423
835899
8966
367969
164877
461282
324070
303287
66318
869397
418640
87619
734874
681216
250003
33871
507529
821876
957616
5503
972478
583988
530909
780391
310593
709980
856293
61639
628779
480943
308332
229156
98810
225275
781200
911683
479493
501931
928364
111365
459081
953513
658934
734874
895713
836525
661128
289699
343124
896871
76028
233960
769800
789701
194736
758579
278229
11233
984425
337159
889077
460683
686291
763712
981399
77486
875174
210504
875666
516705
950629
798771
674679
913996
918336
809336
51967
745973
541210
142349
742435
564134
410533
384670
573003
593405
882408
330409
463454
650960
101090
36473
854712
56570
967753
803708
490042
155911
156267
623043
297786
734392
830070
718039
350491
365171
37139
479218
55608
309130
369772
870753
571834
753382
682126
545332
227145
922383
836970
213918
449247
440731
272118
773744
411000
806002
380913
544109
288422
839802
944899
852169
694273
833827
141698
204611
78011
295952
919953
538460
144977
573216
102627
302002
17885
237721
706525
260670
689800
80945
211098
946406
612062
946424
219848
725568
177466
973733
586479
910373
885024
447611
30738
268717
491433
341911
45998
844492
199257
116249