857442
92636
175095
654946
926909
532420
592005
127487
669751
184182
342537
889695
794908
68289
841010
525020
792210
226311
12553
899230
995235
231832
375623
835205
879961
429675
270657
39919
286850
976891
258751
613926
443987
45052
826410
167081
174761
902264
546147
286165
978091
74891
943472
205488
446666
616759
212817
464147
31274
182309
389617
448881
293083
973689
382712
957575
485248
2448
198013
970274
55760
319577
993049
94088
897979
17933
543383
717508
932196
746124
702279
908818
107405
24469
248113
578018
655441
821218
938535
627468
504266
552414
457780
962705
32338
188804
855024
96394
792743
79445
996853
148464
390632
87093
773804
960071
559036
618019
902784
976935
998162
66196
826357
118888
246082
178986
570961
386921
742354
974166
205048
468093
455894
893959
846934
694196
592175
397581
620724
703745
778227
624975
248046
576717
222189
880933
41084
181783
267387
645395
408172
466758
633558
618403
594672
438733
605615
718110
785747
89721
711220
505702
455
6362
4977
846195
830363
692299
300180
635944
205192
736288
448841
958545
614570
331756
415108
318844
753356
482796
657692
732593
539292
401876
473620
569231
935486
693683
574710
675652
128956
1797
572185
996712
781466
19797
426049
902071
406023
413965
19685
336489
606000
742556
166539
535088
796527
585218
628048
746509
993377
27643
602244
681040
849750
504965
996721
713066
91041
329040
614845
536624
643662
636418
206309
413486
740659
790564
91497
552038
231583
106732
99015
124708
201328
939751
616607
536127
997377
767619
298101
623342
528512
374006
734677
687620
44061
912655
618449
442825
487710
973015
286246
901687
783503
451683
774525
207502
742487
21433
463245
221588
409766
742813
267869
173997
278923
218103
875623
981010
68386
748514
131736
644337
459754
947987
894133
301281
619317
53156
662231
732033
64888
576124
244247
157036
336834
222941
954948
767450
506314
145738
137425
973270
676513
821331
993740
959383
18630
330942
706249
969214
66200
323732
334621
568747
406950
980485
944262
269756
839075
197561
569704
484644
190005
312884
817010
113571
765740
109540
789983
703719
811024
420298
611545
675391
472147
427715
138296
315320
258981
299762
369703
475414
37670
973516
831591
235761
651895
352192
316461
50921
919017
819073
53031
249159
417815
314673
971869
135153
577808
575979
525298
903370
946668
314221
235465
33316
800896
520993
720964
179618
717356
201222
214119
955503
185105
574912
643739
803349
850336
383352
444303
796027
544846
273073
708985
816830
319459
942889
961146
268842
112754
392935
796960
32021
253091
295144
499333
734616
71532
798368
368020
576043
830686
103727
264236
243740
226075
966817
935516
755884
283622
597538
53006
964870
954771
219709
418369
314972
188509
278799
323887
315168
616534
459980
973965
257180
905593
911341
210993
227887
275419
787701
934285
544677
762304
738783
70617
940721
846218
691302
506383
971402
711949
848432
143888
445535
1406
367320
10980
53559
751369
637334
985311
31209
508289
773582
816223
385781
722162
526002
821041
295294
982162
484564
810323
147429
833110
67211
141972
608835
954146
849217
115992
655746
538328
35096
964664
724313
778258
991095
748614
415970
336426
330293
875693
561113
836662
765856
287927
288563
283153
190761
473833
611608
803476
282608
820489
872255
766052
449320
473472
778661
389093
583015
155802
885418
254029
598477
740137
625608
611155
223502
557257
535728
596613
388061
32511
712003
347193
108726
170043
189610
39835
556936
657085
260498
609254
95678
486356
726983
871278
193577
788992
377324
332569
59404
154233
435541
227438
122755
643465
585665
679685
152656
593684
402935
10846
694275
705656
842875
320846
52358
828175
759085
735380
213442
257297
590143
793610
864434
135703
215505
815671
709250
912058
582251
976513
177315
791770
700182
159936
168878
756731
12631
68973
725170
110281
854793
520633
882780
11324
115222
121722
778050
812246
587474
331072
356748
115657
542452
711366
647167
540407
872753
561988
619303
170833
417015
222498
710305
971616
512259
434246
794690
755746
180447
804302
391527
105228
577595
109082
261979
588975
323943
770624
507422
62517
881259
277667
756696
342602
517828
615454
480666
981655
910971
408729
928204
677097
223522
924862
788729
145584
408622
162502
823604
387940
627308
479597
555941
270914
280226
704388
436083
257908
188099
391333
920400
496463
703629
644800
505308
943542
902851
444628
145399
66076
228546
454330
117286
893990
170627
615835
201888
564718
409196
61378
185398
419748
251475
221580
317790
694991
977232
287356
51867
709617
672893
264491
165962
201993
305804
275420
708618
974322
362438
981294
511433
681769
562844
456426
811368
757612
377451
3517
39946
301501
175889
543295
620030
213574
231782
862257
984838
957782
508826
257990
693252
167049
640681
459864
763456
913414
454333
732859
281624
491490
729504
375983
559749
221603
169115
435567
921989
21983
138544
755622
802987
811266
234609
151041
355455
806957
743612
381663
459795
884220
170452
358950
737891
145056
311196
919599
63975
740907
45234
723873
817081
261227
560997
492891
16990
331949
381781
157643
812851
576099
280102
572444
137270
487200
93408
790220
213869
752127
532262
9883
751478
208484
899409
54303
237677
112346
305513
923637
53235
84636
66943
896082
557409
485103
553066
269239
247369
412332
865308
7939
458213
213276
134368
192738
653087
114299
227506
625251
241020
228831
216379
828264
908390
23986
250919
399734
401492
770971
597349
489772
812632
318716
301050
13265
309637
964372
328258
281222
241658
287684
780165
129434
107152
110958
612402
525308
435228
571641
287483
904011
84065
48369
416076
219210
207701
949836
931241
851695
716366
302727
531747
221274
740041
208879
568054
119523
143319
732028
179970
807436
248869
566104
572964
920022
457126
344573
895025
295279
987871
466299
461774
446024
605070
996313
225583
462341
537720
598995
989418
502606
768974
585922
267447
154563
977851
1882
31047
499532
384333
123405
319741
713358
119485
587468
99917
473849
849757
308077
320240
267006
970205
146408
996929
928478
79545
419259
896119
859102
813763
508206
180544
385815
91080
509873
802998
923625
51682
379425
626176
111311
940698
249129
918280
186126
840439
122949
505300
669000
910503
874210
692611
14381
366473
416929
68390
548369
245077
248379
445049
94936
809513
624319
954941
141197
254384
743414
361139
924498
814449
436647
518327
945906
506034
521078
714742
388498
585414
698087
916877
297415
825018
592256
436287
333185
348632
863501
776339
835300
902294
234301
507976
456951
152607
703338
102518
750517
440251
84790
873283
960001
470301
172304
232638
696055
480585
97046
387035
28510
120416
601365
863627
906553
928585
174571
169976
586364
704254
264526
328538
807708
718768
102437
371833
772799
833816
76564
506687
600723
873308
200149
404025
721019
2009
356353
262186
900835
286227
633135
72140
586676
241014
65395
445028
487075
513992
471560
60160
175012
924334
127688
930000
410557
912280
985047
610655
976117
651529
551456
651564
682411
115462
525175
126697
780738
129179
40030
835151
562810
399044
281891
582044
753242
917695
166311
386155
650249
468844
219065
145326
589437
758237
798368
23177
198347
809984
708343
673422
171164
398758
745011
140625
632576
674735
555329
140840
458140
153556
926986
256257
914111
939409
834648
736992
941203
21933
732242
197171
906095
487
241507
405715
520521
526655
757881
973337
848649
417758
807274
525531
611448
305571
617265
419586
781719
703434
717461
487881
743501
433275
223402
276884
465720
685293
978801
427051
813156
923893
133530
251345
496665
902959
107307
804101
420366
385351
362808
300692
920956
930853
591570
20313
759310
805811
822845
674259
659700
298572
793560
426977
929623
646082
578081
137564
74855
388364
26321
889105
178256
990986
598371
65561
977226
748023
462067
137495
835791
346922
937665
226894
897000
640265
775956
29853
841249
141002
458875
416280
989595
440679
696943
490819
984960
197854
370708
606445
746513
898850
495582
64999
190427
990753
730321
335840
90952
69171
526624
729054
543953
736988
726903
833691
982737
394878
579860
887610
804341
92318
434704
465828
140304
600272
996796
670787
83403
969154
122790
206491
34873
76835
713467
691456
47497
361902
747462
789816
620437
214999
756503
545389
42583
892048
102143
117711
224506
779448
169271
753860
964622
229601
270688
465613
550806
950012
213413
447478
712444
658020
191356
340537
178853
675843
303500
118321
926174
36837
792617
794230
983669
999319
535418
703129
776933
840827
374012
912125
935913
77291
339167
547664
860337
157640
584206
726437
547762
146398
829068
565040
199640
911733
232506
317661
804823
234871
759669
178701
319839
517881
30620
746669
126958
504296
644655
204661
204991
194577
630290
482426
759008
785292
54449
448817
444321
410310
553790
342401
298280
364330
200407
872899
686626
218348
816898
532121
814420
204338
324506
852840
906511
988638
332995
156915
423938
294780
250136
161237
762922
537221
760423
825563
232420
429966
944018
515388
997602
727504
423318
513781
992508
417556
957544
205637
939678
456379
880507
674434
486688
949671
822046
16599
459891
228106
618883
159707
773430
687561
116315
376078
956200
475404
22684
643186
379321
550309
293604
158660
669561
496282
984311
812502
775858
386705
82661
199434
287697
236951
745543
193133
601790
21516
122087
532717
584910
10863
463231
619000
539854
562626
403162
218611
449088
253785
765015
665428
318690
367237
318797
446237
33641
705623
843592
884214
361997
594835
279088
113957
716862
355059
591114
10668
877172
238164
297688
746815
332836
473538
779484
663648
954126
98523
140923
407769
377907
546594
270268
936213
961828
587106
838703
197148
40694
320124
891050
27562
362770
57872
52591
107178
288937
615044
945001
718932
908932
649076
479381
940640
91833
189366
736830
879973
259001
17032
771617
733587
433735
716313
140655
63561
601347
538992
549936
806996
53284
428925
618180
562885
847941
602682
148548
97390
520022
765182
559752
512569
909299
794270
951682
255460
651409
888896
751944
288604
151381
497213
982767
458933
848767
797682
355666
13188
265283
380644
995570
544986
924792
133709
283896
339741
621865
139911
603221
496388
148362
708372
473418
503790
465669
197640
364548
990944
666225
470548
297055
723482
747044
788079
960715
274004
119391
14242
352844
187226
832872
507377
454555
933825
865141
760993
734890
321285
729988
55403
281733
529857
509767
469115
709332
807689
513981
836005
768893
792423
490012
912037
233446
733489
678826
170513
517912
512707
567532
405725
363775
177055
850037
258570
526093
150557
96607
911597
687743
438288
133208
174616
964728
461623
556820
240359
905801
590813
529888
260329
218002
409870
957911
118824
444929
49782
684525
134167
123449
307351
253160
537047
191183
735846
851823
212645
699886
510275
747195
605476
149210
421908
161130
9155
307281
405117
649202
899211
3086
243069
287090
176328
709351
181736
924452
804241
513110
575741
942703
256437
807572
456163
594266
383555
175841
941573
155610
165174
104993
3463
435980
9019
330976
455139
616830
478177
510006
555045
438759
471708
245830
127359
218999
226294
175968
672265
782665
979603
143558
779097
832822
8991
969420
908988
952451
232470
833496
161486
743034
408047
211849
399867
194134
192294
571765
803026
209559
297445
378762
424515
42038
66446
340886
968885
641907
197607
818209
550022
771530
704931
248248
351968
992323
70153
575109
351348
278825
695171
419993
43542
612690
110021
712908
275189
45213
756184
819324
294261
540859
72194
933041
567787
791203
306324
996001
691380
868905
432464
583183
940019
199145
31412
713485
560485
667229
113895
226339
341282
438095
382847
297224
923762
254248
416557
905485
833225
921126
849222
799641
683425
451308
443182
468367
824818
239731
745507
515788
23825
734366
729700
788364
827746
36012
393788
275052
509499
490503
751854
619338
191703
429433
562174
292680
293236
560638
749146
285936
552714
721012
309028
753
479080
986095
387485
814536
18732
360937
751791
327610
488670
525526
284310
507325
675177
907670
5165
627895
966072
102980
206673
423390
340137
769195
572468
212670
517553
763545
307584
933465
15180
254859
644389
827432
70750
172167
703297
302592
142379
903177
759723
433936
676912
808277
315292
746823
703132
359339
21883
675730
712494
522201
334596
643
947628
966634
706516
381837
328445
552252
189971
883243
720996
813679
952638
864801
805401
930554
969616
91163
612294
356119
734412
23537
453723
692767
116714
542604
869262
167088
227163
498850
941746
419210
830331
94557
17715
899833
205715
467162
404332
954157
846471
641996
537381
42661
834274
985793
559020
734858
853436
234237
848206
302616
875270
845634
803762
411447
280754
140913
963347
273832
615617
363722
568024
757722
133994
228816
130130
480861
980516
197448
755793
45806
118097
143839
69219
22640
857351
763755
897963
470332
859131
912074
50777
767183
915980
259239
737867
984098
991145
484251
979968
935383
849377
65263
226869
759503
847366
303808
439838
123032
248956
818235
814402
941956
478435
528456
759923
203605
182622
663492
95145
588180
876288
116134
304891
302912
344275
176259
904825
515428
259652
750124
575784
844162
647790
827253
124955
617643
525185
190993
545514
530096
416847
154777
130258
967986
23923
163307
817001
448406
993182
988399
572475
329621
620671
849973
750342
336624
152526
901818
519247
677760
945526
873930
771488
979307
565085
953663
612190
732275
73873
106599
205130
352936
457808
246916
936404
306558
52596
553580
965783
895801
248377
285905
616374
826949
37164
882267
208913
572578
540851
162673
223459
891708
554483
797783
287419
147032
767009
38129
956308
112427
623401
532262
535443
971973
502260
526624
772894
631402
5850
626991
995156
580865
176804
763725
683052
274342
981372
466748
878829
719834
52915
934732
200071
561114
467823
514169
574797
854925
64624
440689
552336
267606
941181
816882
346009
376010
893551
280018
461378
411579
933273
742808
625
325683
511826
811592
427826
459325
830498
581565
322096
794524
246021
360558
120464
71391
852958
737426
546027
719884
528827
420768
301861
265529
286401
423536
120622
35963
2100
553917
622997
72053
738725
43020
164676
223890
727801
533797
775132
396685
503697
233664
264494
131309
277531
564092
23826
293071
971381
239240
418856
660955
394745
922980
714601
344985
355433
243138
584233
875036
441272
699718
546795
242972
596659
240301
620000
140770
757194
387209
163518
224924
280895
249898
41274
165968
58282
555353
352225
463213
847910
557246
808664
364157
965084
502817
441390
211191
602282
651277
917275
815538
590319
623441
732248
643251
84277
100960
202842
160039
290172
731992
60268
819628
612831
485983
306472
247305
256934
483306
530705
473919
592103
138711
483664
826551
319705
454202
333258
722778
715510
148149
522778
356736
519052
25921
586096
372992
483937
815625
969093
46182
555073
618613
938426
636674
664166
751108
2380
318301
904002
495058
703414
505991
760811
439097
204708
139596
56867
626004
611791
392069
568323
127199
989945
729354
252292
767418
858695
742085
252330
130316
149558
784289
230414
389444
974395
206946
429574
19579
43580
593871
330483
524982
400292
684170
823846
70151
940583
155520
873391
440402
951122
826043
481732
775917
643213
48404
337931
967649
881841
638470
274372
979726
155392
906527
870486
65706
985925
991695
33844
358122
326537
107875
738860
43001
6959
561163
154444
706661
553453
556503
562033
371289
605799
366145
836973
719813
124265
689827
271124
968602
800833
47049
702116
201009
186231
125025
200846
549003
829035
209551
88613
721971
322953
773085
625058
314560
616106
459728
122834
173559
761674
806869
913180
435213
613794
734170
902899
118665
723042
469242
901972
229000
255181
362960
29308
815194
888496
136941
770794
91850
617088
704036
233100
819451
31375
277698
734665
685166
100331
839771
230954
742624
318035
377279
131878
527888
947287
262540
750984
571359
807115
240733
921343
434383
602599
986336
463554
872750
452862
186886
795869
615500
529625
200979
796893
525223
643376
560213
916
729448
664580
974449
317578
158598
269148
564504
995648
642441
803994
875929
810466
571113
189368
101521
10056
153301
428132
195069
239785
899471
958134
965040
357341
714996
632650
57376
130380
714841
986239
506394
337080
973842
554635
553174
386341
776780
946616
870629
44001
678490
199102
395654
700403
122125
855678
631129
582564
676411
243737
815403
427556
4642
572523
648176
824411
609639
132071
498254
410062
746103
582096
355413
155881
130958
343314
240781
406063
11798
137467
108649
639547
871335
377625
209879
734577
4717
147248
769145
30471
819944
858520
170541
196009
811532
484977
727304
633422
747976
442373
795938
340437
779940
65336
262667
63451
711363
274606
32796
250332
414216
437305
34792
995394
557269
978301
364688
415887
169199
623075
596661
240420
526525
553910
245321
376428
762735
726621
76351
289768
260092
237493
904609
716311
297155
347275
55423
313025
179731
218227
148613
707488
25606
266375
609126
976044
362760
338048
242996
341954
229173
507882
952530
62768
397665
380423
743361
227743
313265
689539
291094
726813
293350
284238
619020
848966
3770
426523
661494
433167
135587
165749
171725
15407
779700
2937
528167
511723
795171
391348
991369
714684
214373
787481
724371
407454
474549
677599
811225
885176
753204
568373
269139
371171
450155
774243
606762
336408
285036
495679
247090
132091
842198
820808
309623
983038
796470
975778
607792
720819
904522
415854
822097
777394
743074
373253
556156
519587
983200
330002
655063
946409
114334
982921
27449
532268