367403
129755
198951
51027
17298
511362
710016
369795
633216
55892
967393
504593
46582
43284
185111
980028
482311
537856
681309
501614
363216
812595
808046
573782
499430
867683
8326
182478
393616
474439
102694
239635
956146
840891
236802
542493
269232
691502
531739
587627
164908
281090
370495
697728
289020
621786
426811
568597
11856
991906
996713
524446
15760
616904
928455
481569
641065
265116
463127
863542
103892
384782
596078
485595
512870
323895
148397
731394
206501
120684
598034
182458
308939
330104
861761
228521
559127
360478
642011
86642
406733
834494
656749
87465
88054
560019
55862
48982
896029
798762
594176
51308
140723
654589
679047
950386
360143
568340
239574
524207
185936
102277
474844
232049
894532
424846
930212
185387
81506
165213
23470
78565
85401
597080
96867
507965
757001
432567
306288
320324
921001
859497
175502
374034
409253
839208
441244
371631
858258
97037
893997
227408
558271
683943
279688
770925
517393
465240
969110
455424
561229
401229
24753
139519
727183
24537
498799
941221
432174
90272
281418
625270
893537
977634
585078
977898
65120
55419
198447
147573
914020
888886
972568
985945
208179
861746
612330
10092
111000
514577
737872
725383
786382
659752
353396
697639
906063
123004
314968
943976
420854
783060
124259
923595
208360
433275
391741
652970
241991
873040
610742
244297
739534
551725
462838
471721
344310
34246
735437
806776
767892
534860
73981
732648
480601
774592
214070
46268
974468
457736
42909
287909
843071
734157
824808
399901
423649
116667
192101
209193
29106
456529
50677
352960
861000
745188
378427
822062
539333
706609
5251
384138
810960
372164
854901
766215
405612
88754
801747
626183
197063
700955
249679
23115
796642
969189
775713
308343
457327
638546
697455
102357
698813
956584
221436
297014
377492
853550
908432
828200
19973
444703
552245
301007
114734
991979
209995
417661
713770
971031
44860
557822
134534
429702
846271
791581
772211
395291
577942
67356
33353
690497
70708
310074
184106
151744
24995
689440
469758
908583
816847
373748
207050
79198
211794
671608
676671
964567
982434
582128
550596
582608
598472
423510
277384
173693
612030
390665
318285
130198
96440
604383
378007
655299
513277
457758
806171
339993
680291
839966
159002
762404
91972
123176
505520
159674
704833
635281
438448
200315
441113
709296
907321
893667
87433
299687
929715
713161
969066
586567
956276
81357
765801
950599
166183
467279
102012
194600
251916
480358
91383
912297
315674
510331
845829
460286
344511
658718
68527
76217
357248
935079
242565
304361
723420
949983
599554
39131
343024
626717
6668
177812
345541
775021
145924
85637
717676
722665
876110
819544
801519
584516
465621
331345
918261
163729
463577
676692
467367
926026
336929
593177
727050
965544
642876
679009
239153
389530
428761
803191
99987
89198
755718
308722
698416
435354
727685
32319
443469
39935
174024
157265
805958
358387
181801
440448
562076
572866
2924
410294
471679
892505
471649
719222
749916
134571
959597
952397
598105
209082
68267
844005
748248
919515
713104
32894
445261
313532
988593
201379
542028
670170
220381
684143
414557
93747
908340
408604
218044
599763
843545
333756
599334
524374
542516
391440
357284
66549
283662
302125
699724
780811
453729
536735
684211
878511
616138
126676
149496
266844
698461
986188
945585
357405
962897
904243
552524
809818
971432
387693
241494
541046
586491
92980
776544
527269
158241
670670
281254
152746
441295
465216
301859
118894
456420
661787
286830
216808
466965
152646
672641
587794
475067
607485
516431
448982
159289
975289
148487
644878
973215
919706
630950
800798
203605
495587
903895
300338
147084
711232
375880
786665
205932
489089
373303
396108
626384
937043
301391
472660
806981
773086
589352
83204
589817
208103
493202
255898
714187
584641
612034
497859
659934
593971
536912
813406
436937
949390
396378
140350
487515
980650
188454
849388
760130
732539
696327
710439
185610
800082
473311
519805
241244
313458
852465
403313
23411
197690
187171
663162
266054
75273
561255
919947
40108
954376
20656
216421
448159
150870
973431
695791
488881
729381
780800
444935
407483
116713
719222
101678
271187
440411
431919
865316
212891
575884
708033
620879
771508
847443
928535
990140
24093
821749
800277
256189
752691
656604
63014
273402
717976
23657
698981
670966
222065
710542
800562
885610
534535
626085
658837
818023
428474
81691
824248
197453
27550
902619
860363
60282
400386
134829
262706
100914
855167
856196
546808
37087
685236
875348
823168
546771
195541
907002
271476
780105
200158
149633
802490
927357
822695
59433
853121
832685
354261
513960
698824
183513
127755
489529
887059
376624
852610
838315
396596
764627
620711
744288
909670
620208
842062
961549
147436
820665
697872
994256
563933
951459
309115
964269
819733
255107
710151
30816
363657
610484
889934
875864
139458
517684
617358
949569
904056
884834
502694
882092
894912
265837
763645
711214
616342
81779
462413
349615
328064
273786
559263
21344
413970
781407
988425
233900
185126
218134
103784
220551
828204
124455
264640
686880
149028
218896
35947
126255
480665
138763
462765
930804
626440
264870
145287
17661
990500
358289
388629
714651
112014
902252
530697
205246
663846
238553
661771
919544
602481
815403
341080
876188
563238
122445
588450
129547
783275
178669
383257
157148
804607
760294
138230
234273
960338
908169
132272
585789
179551
638097
684305
379683
959753
192452
929263
432469
450506
617828
417698
833508
467871
930925
402048
563490
916485
643719
595523
581688
534589
958971
393585
787322
97054
518434
33437
722226
212421
188650
933461
875205
632179
3025
502454
972887
554039
43893
37571
697526
745610
744595
940271
859121
440926
819105
371132
167404
869467
785561
637270
398637
965797
840065
60204
932849
277671
658425
807337
349021
341452
556046
186858
8942
825877
319964
203676
334815
558717
942056
753160
791414
145582
428748
689747
420454
266117
840095
149123
143042
890038
719871
925520
945470
593955
118359
409776
494267
879648
480838
579156
688375
895434
777266
796521
149436
244493
382478
724318
675621
627501
381243
487920
240086
911644
168812
333234
202049
844048
445148
415077
16658
34920
959772
25680
879225
24134
654263
526770
420063
214746
170680
484049
778088
207893
46743
19481
124501
605761
302400
194641
982287
662768
537432
317499
492931
259854
106051
425353
118647
552742
411965
838226
136620
302249
876209
599904
681136
333213
670039
827869
20150
788332
876493
478772
214773
844173
346786
802652
303305
338850
151436
806982
675852
324343
191129
380723
361251
901148
228559
338909
534914
818934
330049
539895
674392
234107
464552
400253
438853
703664
797646
586392
529336
964422
39455
397343
498580
297720
57930
369746
722350
311893
852768
933917
518635
788292
900217
529005
706734
831379
825373
445548
735165
939355
336058
805411
875506
769065
361194
511861
878671
307341
376603
706702
920809
880713
972482
256705
627923
936376
819293
58186
461444
809533
322653
496429
771464
755709
422807
225762
379935
371352
190567
546428
643096
152027
99155
46024
560542
344723
110157
846100
647757
439275
1830
748624
969611
613631
689331
812392
944207
198663
638920
406025
269681
760459
862029
582069
600902
711504
390093
695829
408749
456870
577354
552875
791503
957548
56359
10816
876101
250245
679692
883740
846379
901455
321507
201856
566109
593362
983701
364192
226555
40076
254141
488852
441416
214948
798109
313120
736476
433195
229202
324872
436891
178765
402193
417054
542016
690382
897895
248614
295786
228901
228879
668119
810126
636622
84919
10384
279483
268898
758333
811812
36533
629371
741919
506715
942243
72398
375990
964762
377897
749693
336045
308802
412368
572945
698885
312629
554820
340147
302551
819911
871175
330606
124230
48301
142140
612058
440315
346900
171189
23069
604113
960541
312879
294852
379201
621026
784969
58874
900251
333237
352293
550097
498168
553191
525961
660426
822676
65431
508386
622908
923026
258772
732800
14458
206291
172246
995341
953373
482754
637208
858448
337589
629174
76913
216227
720665
753274
41483
655592
954644
126554
354012
521433
42477
567605
822683
399696
737377
404360
834116
69194
302460
621280
784754
841121
501279
306243
229969
604654
328295
51957
834645
827715
208091
537996
694375
223835
393080
122112
362980
789280
71715
903249
969942
438954
262667
383729
140411
525325
915155
554378
40834
111462
761624
953888
764816
987503
376150
12503
446705
69235
580460
780161
944494
998155
809165
960508
668948
474312
296786
24729
152521
96342
981380
62972
249435
257588
833050
946105
437409
952799
910344
316924
551894
186869
823529
907391
425235
45197
440955
687325
326078
384696
613200
389971
798394
535126
409401
31190
484891
362341
861177
141532
786136
538210
491747
564246
754618
886386
971353
837337
452028
228749
84799
374041
108422
244287
822906
883649
813521
470309
816916
733405
143257
725336
523331
242207
78759
913650
536426
218177
810365
383412
156644
404669
535791
753412
875288
883088
159497
397948
749432
895926
879346
584959
735678
999726
7030
599504
927377
935190
10330
52784
297136
110478
688127
976363
984944
133759
593190
231891
391942
402354
303100
228543
340861
358385
906308
933552
346371
654603
118125
685647
602060
139117
770588
376842
635487
264032
30480
154950
708740
250561
591376
917377
949134
101924
258451
516123
883195
345441
798886
774633
516766
206465
666055
129008
355073
769371
222275
949281
788800
564593
382763
370859
85719
935750
182536
771920
822116
487168
628347
869426
964262
889684
339349
774631
967385
331364
903029
248324
198090
939835
577064
826753
705871
574209
953085
451067
870390
487115
464961
726280
733359
491154
172047
960185
887390
429116
76943
688297
638878
943599
347680
477829
787966
769203
205825
421858
775864
29268
914872
884269
138277
309152
257370
736703
173421
599345
124604
540686
484073
554256
359231
871232
585344
896277
789150
252680
83337
209806
469951
983139
24550
816153
513673
460879
891923
897839
523185
494109
380577
549552
574357
475072
524837
973074
892292
229981
967815
604792
853247
818269
165822
566933
710457
547801
102109
467454
489946
997079
647900
238560
831499
891148
53410
400115
160322
264844
177536
861738
466525
465152
972106
136181
142396
193897
425068
626614
781576
972611
636720
471730
579540
123382
954067
285139
991436
602608
120599
9274
601174
799026
212284
19123
734741
713039
725276
557336
211095
771270
556833
559825
765569
898454
778146
939771
103597
368172
36276
437962
246639
384619
142116
218705
817556
309482
902257
493069
179302
941205
534893
585028
888605
278296
73347
21095
755462
754017
5549
420330
909589
16706
23757
189156
666588
948151
166044
284189
659433
761827
819569
596339
654982
703508
25332
830724
710586
88639
275148
109476
842440
154057
523740
908312
175201
476026
452388
352781
621485
512253
115247
346377
500203
162428
975449
480268
144312
110026
995339
183157
471399
107512
883636
109849
694609
297737
822086
338365
836800
126269
995093
548020
477401
392513
28103
984625
209285
511938
3940
684044
612093
117363
71045
121623
158794
714169
783545
182530
363841
222491
220298
106853
654183
888828
618548
853326
898433
230197
727522
146870
264910
385854
338329
327619
95815
494785
478692
2970
782698
491567
574554
419157
207438
18879
475318
415185
173345
991843
615458
799499
392564
717554
742462
998508
18825
372552
579535
866194
418698
71684
511251
615253
859836
723673
881271
932802
61306
361927
773508
477462
98970
663490
211591
119653
987957
924734
556174
483250
374631
849276
505674
574264
162067
121804
513176
541015
565882
890865
620786
900310
51389
964380
682393
885399
838371
733526
696794
924060
176406
583806
505379
638920
391481
826548
422011
177178
783785
989729
457500
123176
816877
643926
677033
724805
680055
807384
886135
673527
228597
373576
279231
217821
510645
935330
904608
961167
574842
841464
800529
298199
19466
315083
439500
76478
791622
987076
681161
736342
74171
254018
778994
877594
708428
456615
112026
929340
492259
992966
219919
358055
866056
130351
408331
639013
953176
459913
661144
37486
656775
650510
847147
98687
531577
401189
240973
629181
446966
266126
191565
867571
636889
331577
366209
488513
592409
561252
374078
61678
394353
994733
730536
596077
506355
882940
61869
840164
752676
275325
169868
79467
190561
535392
76651
276011
853476
754299
452343
527586
889426
56701
891714
989957
447656
348689
350591
601415
777391
144563
678841
176572
393869
727349
593956
695134
839765
47399
627740
901394
524236
444050
548314
651494
357119
487265
510663
798027
412467
979312
721143
785367
653421
430971
714852
544112
829541
132412
439516
719365
18057
275813
215480
745068
922109
454940
298656
785432
961896
266323
211736
104518
398759
667341
228711
996331
217558
208437
398715
10310
259329
249825
277426
840916
144041
797508
97767
915017
852385
649061
456333
407103
445861
126538
717966
139856
296060
792068
248152
586446
366860
191067
271338
980898
547376
848696
623035
364224
768845
457102
914536
246505
655235
434110
661309
448941
755212
808510
739581
604876
982210
692684
130397
745153
749696
440268
286360
370626
430308
954710
613546
423520
190434
513976
499506
609292
955855
907331
38034
592000
249466
642057
102344
688683
908664
471092
700510
822071
237855
517026
610537
655966
980636
823536
137115
33921
606557
252252
458106
69416
798953
261233
436058
494470
703227
250611
958464
163709
449020
841659
840281
932169
695091
667437
73131
477686
462314
996324
737888
22459
318056
784184
210790
323488
54294
556558
387980
747799
362204
859191
529320
725963
647521
883370
979569
386183
53842
271974
463493
711255
965162
42769
871201
132030
744237
27438
450958
73485
230018
217964
108981
603377
565226
936417
79193
998421
254239
799853
570614
739264
961830
38956
126076
173058
454879
847199
333159
841219
262041
86736
216719
259994
80456
857897
112119
762764
693935
151042
69235
865528
183657
42752
869546
500826
510269
672690
552091
380372
125367
543163
938803
692980
130719
520324
25698
321894
645152
284116
263648
774417
461908
873464