421026
333821
440415
294651
404048
60219
349189
277013
871393
734999
636088
488269
183018
938555
820124
407804
983680
32443
334195
939070
430590
80622
98352
267034
624612
697571
124778
734729
284892
434690
439084
925221
920409
143489
500393
557488
740952
417471
82317
22909
487944
389696
557294
214398
930374
965126
525537
182444
756545
644424
92137
503757
19261
101586
280331
116197
534579
604664
928573
904187
670741
624056
39612
769606
278958
854315
980861
710965
510184
374376
266555
876760
984872
906742
183215
296558
676563
573611
376798
230667
367092
564901
82060
435302
536822
236452
791374
447741
645003
755651
244029
998629
539375
386897
6599
709297
538823
105296
420639
257150
332067
529546
176532
805978
233891
553418
369471
517199
925557
68414
724759
482447
193980
533799
401055
834493
191244
833850
305150
73430
205970
140951
126191
549242
42065
727587
885263
211483
49543
439428
578771
36289
79470
104888
491932
381495
555294
476562
650147
870229
999247
301139
895759
768299
301885
706721
107366
431111
83620
982630
756447
35492
884971
634824
602965
685423
961501
943744
986328
430134
588370
278938
899614
402416
656492
660808
820951
172323
322045
305442
984094
343734
756230
642750
597195
107731
927386
204328
902373
614456
941474
474622
737717
47579
114361
261035
725238
119224
410167
516350
496872
756856
163531
291494
330819
704319
769026
130956
503497
115858
453348
192077
544308
636260
639805
223634
972879
732476
740729
792782
970977
156484
845673
539604
628035
455344
682850
381331
341651
934280
892356
491503
46465
526484
686296
176636
686983
879076
978067
369305
886901
540345
408696
841511
201002
810131
705817
477733
246239
4568
625277
796842
853021
402078
758173
283645
483727
916309
600265
581268
561906
568212
504360
749736
248424
259518
227868
72113
817132
449041
6532
271491
430432
130379
587739
463173
145859
263864
496061
954570
46014
905693
651082
431437
309597
668283
396195
317902
275867
475456
886226
962499
977430
763023
661830
152509
278113
157418
308603
896793
383288
115066
845176
506590
282318
126332
779698
97722
562819
256071
891534
886292
123569
454077
696964
431309
900262
143374
972639
672537
824044
484004
632097
616051
217731
578159
350851
576258
681072
585677
92185
633606
344750
40596
399444
306814
267331
434112
855073
414042
989102
748468
393008
506264
367164
241710
201295
164542
973370
27596
348340
737587
593349
593781
372377
502073
616957
887910
422530
954442
28888
326105
259290
679887
602515
542675
131643
834935
699715
387083
219469
398074
722761
636850
250630
704427
273251
800995
495887
429683
720160
591977
403399
168815
703980
594791
376544
125032
797897
6888
542119
429163
157726
365956
720802
621381
898473
761259
178642
675037
672081
581841
346200
544494
502231
530102
151668
917855
100266
706193
432104
383936
485337
478808
467515
271459
738659
746607
570457
935509
268074
799850
436376
354168
607430
841793
977813
106366
842038
768143
366781
384644
751410
751687
136424
391176
617948
753652
110111
743625
28500
471594
910206
991418
847083
567374
387637
218146
344431
502015
574440
43795
96804
305120
958966
694852
486676
200068
451991
528974
126142
301364
898527
653823
20202
713951
939807
7455
779612
450015
496171
401341
969767
119076
282677
216948
502616
885119
654616
973631
115923
789901
756465
438070
957180
424126
35880
246949
728012
767169
299212
394375
936067
193934
354588
427556
557436
387727
206499
472324
62684
936492
333051
434319
448548
91441
209841
707202
53991
182174
716233
373840
240277
592268
885656
638291
216309
673591
716304
383021
416113
732396
226265
9536
64011
591568
204249
347653
362798
885450
930454
142925
996063
94542
668211
711378
616594
318791
840407
217401
501337
133089
316523
911719
390839
80496
866305
985469
652115
454784
717970
101297
505928
573114
470688
339466
667417
897455
343738
59832
589890
191236
756766
494733
729001
565370
146488
85532
757236
696089
927945
492653
54580
456633
472419
324570
29694
627501
6800
562889
407707
770956
627027
53253
515925
147549
522054
672699
314802
407902
175522
676815
288125
331313
814941
333785
371903
460836
723118
33152
21261
648348
723244
476592
397883
408093
574804
757371
246382
248311
499881
458378
219471
690768
461558
775421
225692
909643
653551
903207
995480
609619
454006
368223
486307
745670
634425
868036
449060
880576
127672
302865
103458
557954
482468
392921
527282
640575
610531
825695
718027
145475
725233
854740
915445
96384
471392
677933
315936
373303
260416
719649
613009
913151
384729
524732
137719
53685
47701
863331
427164
9857
402491
126693
150711
894080
587670
121529
106462
275283
894388
91098
558488
421252
443274
879484
89297
693904
850613
459305
980135
986133
296091
378365
893473
819033
973616
401850
152191
602740
364948
44041
937516
860124
159322
408206
643472
687883
799460
643750
75586
569743
569194
566912
837979
992749
811289
766357
142693
406579
104600
892421
511283
867033
646053
383695
195722
69139
47966
17837
60733
829046
216156
578314
590358
204740
41274
440225
508784
95318
671091
585971
418530
180517
550441
701925
508054
288308
578178
874291
405175
834142
813421
102165
794888
502328
730179
202989
801874
877922
76552
949481
348918
466863
213840
389755
868448
739182
255806
214002
141276
403861
127400
832373
542914
925769
206358
263644
931661
983309
846825
436395
687818
389252
82457
83436
875180
658596
264791
888936
593404
919929
694161
931073
4589
53587
570644
455599
743566
756558
862091
61717
172056
159548
139749
883199
655015
854897
31573
150395
949382
582634
466035
133649
463459
722074
971136
776224
943905
901203
384070
416470
272908
528013
927134
285835
87144
250519
701067
447675
823202
145687
711172
603038
760040
639807
984080
700390
714772
687183
56201
299220
387203
75264
342914
13112
317189
887380
478085
381059
173421
780472
568309
149002
807943
713234
705106
676890
576553
8557
294427
974322
638434
871806
526030
959585
500368
962963
340235
233341
934734
524823
699479
875453
264009
886468
581051
616372
154228
963301
53452
747882
299410
525447
669894
182745
616752
715580
590098
272449
825717
516875
822887
1576
625489
845239
216204
626290
887955
641642
229116
497432
375447
98494
973282
74440
244380
934825
859267
550617
194420
732738
216699
456234
818964
601524
876959
369430
845259
990846
693698
67029
194448
480164
422611
457074
634036
756342
717859
290532
430838
191098
921925
914444
84789
58360
966670
819402
20032
405091
734268
204540
625993
365471
87091
550613
3705
579443
323810
53589
385949
761037
393349
296746
737725
244268
340803
45923
580109
651246
748279
791821
253245
632374
170892
74924
751979
993849
262081
875224
256696
756710
798348
390513
627704
711983
183195
352704
44611
998969
573621
619051
602473
419164
753087
396181
239106
701335
788571
700240
821986
186451
438635
898431
479276
664850
830323
278797
36350
949812
730652
21892
51402
931814
433941
746059
468484
499879
487892
961471
495543
511224
166139
200940
148979
497568
128917
598376
651233
527001
261567
240652
823
977051
913891
388112
426438
700930
446304
497922
312688
24286
62982
62115
438840
635351
782973
865374
557234
240123
298757
960933
848473
950310
233879
690538
142335
105101
609451
560056
979615
778855
717395
122411
604238
721912
816389
298578
743312
504699
138614
796767
91335
207915
777121
888585
375431
945518
84134
902719
86468
35870
507472
685000
923757
781686
85231
938363
298258
764310
92132
48216
508095
663411
867963
40642
190893
357086
129394
580186
742606
241775
902232
880697
469319
625102
576465
516233
870586
94429
290358
807745
528000
3013
435673
624571
359414
963484
241574
766451
936687
782896
129316
848158
951239
376947
779547
38437
560023
953475
656912
951100
711044
649492
331884
782243
576370
565884
472315
977913
981206
350170
119632
483640
722474
142372
165253
104273
948153
53772
637535
662501
565530
639631
57105
118429
79225
500378
489687
892326
294544
838937
639939
474764
512758
101917
700757
191346
150094
501288
870786
250476
535136
199896
222487
126265
951748
405358
621303
905248
557050
894267
111744
185125
784599
257382
730508
869096
622490
886236
62612
582363
700061
621268
545326
19742
456935
278846
396855
309113
753182
176839
908043
109685
587034
183371
462705
518807
539732
596824
371540
772026
894973
56347
224236
698120
604395
290602
639484
985045
197934
779565
661492
137688
470273
762666
540150
925510
687900
245995
393397
443661
276390
951181
298938
531882
348488
413096
249281
991079
337949
987734
276480
316404
379013
150946
266247
815841
797657
398031
631298
19766
514873
849154
895708
821424
75328
956940
622334
903448
192281
106456
847925
547712
828843
532974
368562
860957
588912
293921
399850
817980
870371
830427
19614
838115
815960
96963
465845
497733
182117
980808
948357
756192
184318
354573
315760
436343
516831
894705
502187
340007
361314
161466
898970
661801
463152
28317
15447
685603
190548
896556
153490
184491
781227
67356
226706
509785
731832
737202
712986
17479
190740
356746
970470
668840
160834
387076
732244
839042
936609
92939
943968
187913
719290
511619
42376
521241
91641
386447
152014
449168
592505
145020
264028
335110
556536
360653
563201
896939
418346
282019
669722
614011
85737
47177
690828
734752
336777
664538
584365
509476
755658
432655
538242
324944
174439
749161
221539
363046
335499
90551
716923
122616
839843
76229
13804
577252
417806
413281
551567
620269
790961
231307
47001
853622
394664
271032
380057
465885
416279
400259
132509
74289
954270
277297
450612
984402
337835
123423
464591
184036
597737
443082
393601
420783
168854
815419
53222
985430
456754
578317
203231
542258
316691
607836
299323
255691
22997
264076
598449
970163
196335
725811
216714
172926
431394
397348
986779
169505
44618
601113
719152
780646
36375
801852
835269
238345
582933
787218
644397
606579
203815
210757
435862
226896
786194
570828
871524
211279
588789
223609
298169
619509
258455
220446
937302
761182
86937
377565
133979
106770
394186
177739
332138
338048
696025
90496
596138
341658
513701
577150
468967
202636
110641
921916
272535
989146
704691
471694
896120
34517
786635
529266
789972
779257
649169
412793
737894
921062
401543
379471
16855
716025
345517
436714
79969
572039
670516
325131
569109
763957
956362
545140
134327
625079
146260
929191
309895
53987
43514
740950
24539
855921
686299
203756
799911
111826
774882
36278
475999
493609
739312
386480
780659
152106
511353
843240
40057
100110
842155
768209
129641
292912
108552
56743
662273
563207
823573
439225