66753
278664
831619
549420
810867
915162
291000
115408
435189
60215
664585
123812
121824
94329
10940
739046
800738
734594
670779
607907
686502
240052
58376
784189
520402
493320
467406
400606
980458
487631
767698
716538
566290
347971
999944
431802
902448
458185
716098
647818
776176
666886
384068
601280
189729
473307
922802
276199
195069
469950
702058
669928
459781
285046
150382
811732
741451
707187
818106
71441
537161
604807
563317
546782
817263
153157
962306
579396
832698
617781
290485
319579
706560
721776
419299
482870
957640
826014
299986
125868
763413
50122
946191
213956
529092
973151
824031
461052
914059
912002
341325
442614
766561
81675
232866
772928
487037
409377
7603
349758
369334
583024
983636
406390
116873
664778
747370
790136
956729
174807
174815
696808
333393
403130
83950
40361
111557
796995
770206
726312
146999
191434
441099
422722
917077
494830
286495
369939
857567
440426
591264
498332
817606
658577
38500
619536
364848
257382
521055
785403
213528
601626
212893
410832
95507
245282
996171
191821
402093
202996
232047
756045
711346
992095
390328
443882
975944
652485
943855
274380
331129
259062
694285
824211
755279
222569
680103
659805
589144
705241
630533
683956
829257
614074
838032
98775
152127
724886
440809
827043
558625
266249
945942
51998
807968
316373
846487
395873
941984
576867
905367
641311
203313
402327
671998
96277
736246
524686
338851
853008
176742
439
26783
634582
577713
274251
790973
459122
15354
12010
541581
507424
526851
854483
853655
136848
686631
587648
614381
699546
569600
473116
552090
296383
26856
34786
432502
681432
737309
360595
417755
896350
707582
519635
326450
801493
518258
766753
314662
981
272296
739634
960827
795062
609912
990248
523639
203671
367976
446068
332350
770763
645964
491909
453756
314274
275461
323115
457658
34959
220777
619277
90708
719099
150979
841923
276482
198245
856305
82257
93458
664180
166508
874497
269494
296411
812197
826076
794425
201575
233482
831172
634445
238056
961447
60337
952577
275961
565738
78598
22926
729454
293055
124943
775504
421402
506586
109978
238610
721146
237138
205679
531458
727490
863210
922989
1348
533633
411692
530434
898274
1203
734639
446022
170656
583523
107575
555573
244525
201403
113723
187335
5046
91178
511745
548078
441685
811056
246182
388907
344295
836553
123706
870862
137596
73843
565255
632136
584167
745246
888243
786670
519476
349232
388347
508172
521337
988402
870111
965028
765317
644698
782237
242946
339510
727797
370517
349437
822055
116529
716363
437580
538694
984004
385739
368898
798915
678269
476391
992935
275300
547173
433180
71925
431029
33553
538707
365804
518749
601863
286147
405650
73868
399243
944563
614155
869649
16389
432477
989392
328200
585360
145838
412239
713328
665953
260267
955679
193307
871058
902701
738783
457854
941322
494733
777962
255272
288395
241498
884344
11856
465432
74311
662420
458695
979841
291810
551349
623500
358924
10495
72124
738878
36802
424307
597065
407660
769683
72508
182266
992329
503527
815806
597186
72059
282690
290344
301281
548178
861074
13173
312709
972822
56856
598159
4221
558137
583985
620110
309782
286059
521920
110493
304212
435788
619962
740669
34319
435837
445006
877219
988007
399695
209135
619645
552933
890909
44927
805715
753135
458550
449497
186184
272872
563122
711611
104575
666082
154470
411855
397978
828096
582962
488852
405341
871725
85175
977134
541873
214131
631398
443078
344069
585657
734580
148959
248207
28060
800169
28087
440624
540712
580056
637781
128822
327155
606761
376438
626171
477974
629010
47246
895274
809033
604836
298621
857250
599002
30337
841551
514610
49418
582572
298416
563460
174660
965049
917931
15895
360698
537123
397533
494309
437406
574396
784378
38691
636154
892287
175099
675047
643629
492993
484643
255843
68035
265094
364077
632399
107695
613616
778708
142373
459496
936467
586494
514630
930077
835364
804614
347898
200725
917327
132324
813973
818599
889191
990076
182453
645331
463672
724416
469735
313084
546744
348034
190249
87811
763804
874713
918794
110337
627528
41967
932526
369632
177502
959142
585006
303319
910712
211749
648732
916864
454704
886531
315555
59479
214300
371342
94733
443985
739991
942391
600671
239830
147322
788574
102751
873501
897578
581302
552694
449443
375243
55381
218736
639432
425683
288219
719135
696646
666745
626556
181599
724366
633163
645547
700341
843649
581919
962596
805073
669256
173025
410390
614387
100880
686220
541292
576746
595557
532148
795511
228150
9514
598591
879994
568015
21619
872628
168849
455359
769599
496555
39230
536874
824149
891684
860753
494766
502969
721460
472884
991333
468043
119194
358224
68935
515901
44720
111584
712685
533231
633533
58896
318896
472681
244327
921809
795824
951540
139334
851068
370033
250005
893267
492960
78687
426023
744575
862826
704306
300884
443744
671472
710188
553008
282118
686938
573439
827378
775660
120749
700557
642255
560010
772149
897799
45365
516168
139599
618486
432481
140876
178192
762328
344221
353844
565781
947938
652569
327776
753385
470437
296037
476198
980684
988683
898249
918569
32742
233472
449026
975428
363080
270637
135705
585631
330202
885023
381408
765092
396263
880966
849804
167180
888194
99418
717354
105683
983955
174232
327104
982218
124353
792618
534913
712907
410238
960165
430955
615046
966762
47852
942529
489914
989285
705842
107296
11584
668532
746588
57985
116353
924494
389252
135626
725448
954500
29274
909201
38066
781644
795173
674990
67010
157545
606183
988283
817553
600696
573855
395434
311394
686872
260328
178884
170452
368759
117887
586106
312880
609654
936098
247977
967459
805176
350803
25839
115013
773452
375868
967332
809239
846836
437420
909048
587660
650066
56063
620455
921086
143022
38108
229467
829633
845350
244440
907934
332885
594547
801401
182777
389237
777427
952277
912430
837324
207257
517720
249423
992775
874829
832803
32250
936325
726145
617682
244658
472364
321841
126422
882202
90517
589013
33537
531280
198887
384967
696097
216291
168513
634444
884547
781619
47505
958721
525209
189476
890178
542244
709046
581182
860370
511739
672053
394404
766529
750436
923706
766255
48869
147067
498832
271079
892443
770529
241586
186013
550936
510895
842981
942504
554397
739255
410434
242426
810313
98291
385682
819678
974152
314765
232017
990288
221801
708170
922197
895737
111054
902996
366152
207173
267516
902370
602833
733667
244050
744198
315922
968344
262807
671059
190602
947904
102956
850024
460314
468323
538016
610206
777700
767856
203810
149386
133391
168601
728209
349423
405159
476042
727600
975811
610466
646279
706613
771612
25853
233313
293440
463159
561733
337300
120937
123237
572594
442816
807154
876883
27694
326722
89436
420596
37747
881327
122773
186445
800657
474924
247822
533980
497167
678317
432875
115558
994089
568904
611412
683740
148216
159797
718249
303209
279856
190885
248722
59675
221315
652091
826868
395115
450594
707371
17919
777899
851811
810030
992036
366731