218418
928106
455336
106243
668317
833948
882284
158141
365933
65877
36278
883870
504887
816104
996559
8133
35064
588929
574712
103406
225271
450458
867095
961729
692422
644311
330956
228149
123046
470016
110754
291039
16010
760856
637538
214107
574772
435550
251521
985045
927868
554143
154809
264565
521263
810998
830837
332965
336724
850210
835429
818048
962122
747586
445298
514968
339661
633263
406731
534884
875863
446838
483486
600388
37859
788913
899939
825715
702797
271489
515090
664584
256085
530665
177717
409065
753794
692298
422552
635789
508003
535991
571228
196843
382384
971444
757675
75716
316496
274064
345413
809802
382132
902108
905721
17644
134048
750855
964720
653375
974922
119511
406052
579018
70747
794502
498926
240558
183250
915063
488636
998448
856776
875731
659808
828133
53518
853829
222854
890233
94002
495566
387966
797211
962977
785477
988535
494856
749606
277679
42061
262579
948752
197942
246585
514126
523186
211274
575847
361528
911876
234705
241701
844163
831399
716812
144695
458720
508934
314759
23367
447594
380888
774524
683193
980171
992833
682310
546717
546831
463640
49341
491518
238467
124932
25074
207639
889609
40447
85768
872613
754812
460285
704365
308696
929082
637541
435508
954723
455442
160766
753169
50355
160523
972581
31152
55868
956175
342458
134770
354798
39923
857691
572037
780359
472612
351112
285726
406850
165743
130726
241366
52077
527532
177567
562398
825176
523848
538790
150304
373161
225262
277656
503092
877581
158802
464830
455228
378185
981338
355119
338397
433262
590825
880275
906714
284459
926408
292674
537998
808572
651763
505994
384582
831360
530942
768079
948025
447017
854050
8013
815845
253005
819368
900218
550023
670105
969777
89991
619061
704612
104799
712260
923292
704865
676900
56995
51026
902511
351269
195668
763671
864075
170378
518352
78317
798757
506789
866034
892625
825168
926908
660607
750037
400146
692021
821510
478171
991451
147933
868771
455600
297491
759060
832349
881858
886796
938265
713199
141695
610903
616238
683812
242444
84658
574952
528027
934815
312415
109589
694058
975674
161360
551433
456735
623557
219069
61639
537890
161542
29080
504137
466422
523391
710360
554989
61086
777380
432818
27900
558556
924791
701095
959703
651476
851586
805878
573760
68752
64496
844017
873666
318621
616073
743213
195774
299922
169929
559123
393940
330288
202267
849171
185834
749925
169399
82169
114524
460203
582805
743959
718912
153358
431948
23074
201364
452362
271180
401049
505031
879378
777204
51424
670560
858605
250129
880427
103439
708411
5172
725205
3663
635990
629103
455249
291508
147732
396908
489207
297366
518440
120489
232960
174298
867560
88020
394957
139930
569705
385854
587745
320944
412742
310399
551024
45796
552384
693991
500239
763055
79103
651676
787146
360108
198007
277781
457876
466906
194150
343858
89689
308752
748537
328373
853488
793982
270606
410209
600428
780251
967701
821037
314386
71472
432783
973285
582564
111425
516408
7198
594908
22547
24258
606228
569844
962207
504950
947874
901026
388369
294527
688284
260642
103101
337218
29004
417707
871519
883173
73224
937859
648077
218801
995821
223470
531771
768786
350586
373698
703467
460411
377163
263062
171311
555494
161327
360345
819292
459449
339625
928446
875085
256837
278656
625557
505233
615783
106755
862261
213618
294289
213085
840918
32355
501539
408464
113147
9285
223283
373201
847948
676886
126828
184640
184833
666806
118546
852419
812027
664919
755299
636478
443181
306689
527705
371185
878135
274624
100045
573421
753555
634731
385653
96948
730728
929617
505038
503916
524476
581825
957205
866752
548743
949110
686830
410260
658146
731037
860840
462178
114782
645573
130328
416630
25330
186146
194849
248642
176652
468990
481686
591071
421320
963517
823222
868065
743294
203339
269462
61397
810678
64420
126812
65113
906870
713791
795175
320152
68796
656856
717132
265185
845960
873241
877052
759332
653649
524324
177601
707784
301719
554687
410983
481387
102552
695453
492471
271223
721180
27141
835038
843870
397483
603361
448813
118194
691295
886758
85306
492642
921684
49562
309731
444117
505531
289351
451059
582108
391054
755386
216540
313816
351966
365496
943524
979688
328200
549758
364445
2380
276678
124724
376076
251227
911009
155629
148076
466589
901508
591389
486795
640390
273132
98456
117713
517392
862844
523395
566112
303539
455726
702809
985815
621572
170403
488092
810993
188007
385626
796374
305483
940658
824895
162826
78147
202656
111195
406204
670012
308591
712426
105114
303165
708183
855178
979910
911673
552807
922191
513857
903337
573437
870579
879989
553622
549281
857771
234271
159731
674751
893013
618071
801382
520895
851853
71741
598375
440963
627358
890882
324609
385020
926229
714512
242870
249833
888370
675927
588288
425326
699960
91125
627249
459405
785764
874177
30779
235395
49274
719733
727820
240705
31290
406133
592530
53957
734258
355328
719836
196885
466605
655090
760545
372760
58505
515187
563481
244241
233702
891520
172297
828152
104250
969876
195740
151735
575746
679474
920301
662462
212883
947858
620770
962435
855311
280485
158066
122201
532658
975751
589062
242668
938828
52801
821885
530711
767817
669303
750794
27042
782124
100148
185592
295259
142426
990864
911502
157391
27667
949628
204110
84198
711035
549098
747735
156760
262550
805019
274538
406352
146963
711366
598601
756571
740095
565090
718523
568909
17690
542481
958317
628720
986951
877289
314547
526250
231132
837599
669291
463274
820634
330706
294274
899470
432950
525362
987152
949653
41046
345611
841823
652924
700055
507570
434441
642039
518027
373258
546495
704653
65664
978227
687334
940880
346427
558289
346331
173624
416004
165940
608152
188572
547227
615465
943406
231372
673992
486492
660082
20941
156624
41576
783540
589426
349188
849853
768490
559699
595571
820781
801900
941805
184767
706451
907225
125462
865677
217056
919831
481435
13974
45059
894071
239096
542299
108404
699446
920498
552949
735134
504031
986133
955850
34279
149327
881990
488988
97117
50513
512132
595003
727934
499431
53439
244763
987620
514474
819412
534208
354571
480136
386341
779733
778625
858541
967058
384796
649001
835965
354134
709056
33003
52605
84864
739079
243771
357009
557131
120611
451653
977824
174173
351143
13490
964372
754969
927703
70874
904893
229473
880920
908230
792917
921003
43846
651808
332958
316478
461605
943738
212392
29770
20591
764599
64686
826594
216523
918938
767456
113111
776031
725865
515388
63410
110332
750845
131093
129677
934072
11689
211574
891598
799385
69125
335328
112577
276909
542166
306222
392273
949687
39963
191514
118051
152260
462198
195928
139152
334427
284725
137696
382845
608466
843773
789897
201496
567677
884050
64081
695664
692418
114181
525241
869553
195912
354747
410317
150843
658062
907285
294529
129439
696728
141249
970551
210998
509699
48413
432350
278301
951546
864771
504820
733584
907137
171957
239915
33890
739119
639910
985450
790614
674041
732963
231274
199902
326120
5981
268289
149549
553196
119955
485308
869563
69131
15520
420452
455189
637234
989086
184483
370973
885740
450166
628033
501797
458032
938118
319879
742308
573652
887405
943236
499859
662112
921654
459949
579943
372542
606814
625119
562923
579277
761859
207809
488377
247572
711980
920517
615509
506387
647407
529165
203173
425333
259971
83498
601297
263587
642595
9215
430067
949426
644122
698756
516731
593148
218929
973479
498274
808844
577395
965516
711753
931187
748442
79733
397934
391799
968920
733949
229513
182251
646467
726335
27081
47066
780573
629908
693606
977565
975743
679096
700131
377292
758946
476750
448098
385617
732170
362490
510179
972376
889808
177324
62747
425507
314186
931453
263341
834745
381273
149809
404935
896958
334926
432541
325404
696926
698681
579682
237241
378723
211920
444183
40646
186343
578233
549061
84892
340899
195125
548491
439293
906981
42728
905762
970292
839520
894473
86139
397898
629533
226338
878469
191458
599120
744772
58634
431410
728517
29515
473593
648286
494265
174729
322942
86835
318790
820946
844621
699580
113142
970340
595774
822212
995896
487728
754963
335018
705519
449609
253973
970906
125800
598312
795227
981165
328612
750298
856876
557151
986068
436743
473596
19753
762083
646175
784851
821179
155885
469986
131339
145112
22541
91020
443768
632205
734099
569180
791202
77583
243733
587328
847661
442928
800796
200991
610394
999614
452864
588354
799398
906296
963214
682208
150288
723310
261029
830724
269688
519156
855072
323421
838755
111618
682797
18722
785307
925739
356156
79328
795315
78328
37972
94753
912041
715617
316031
867514
665508
505447
990118
226994
473500
998929
590071
783754
348312
184257
659842
714222
544659
182321
848995
529206
67064
151888
873882
636697
28877
604595
636215
777903
849516
513914
333552
850592
925931
476288
665173
901807
74269
884414
147034
29981
833714
630013
710547
721083
282873
604277
103295
157583
837382
716935
888443
943330
458927
799188
663576
410021
308656
682552
994438
428797
189742
979943
306863
630450
348889
453282
612896
467183
440554
451925
328802
687927
68812
523472
57127
947813
230551
693920
751584
689117
617399
149001
501867
856981
551979
617379
421482
748666
29481
151311
841007
513856
425120
755860
662867
776009
393045
218905
224998
378417
568303
346241
592512
576116
292878
718047
497654
451581
277
967316
485865
129739
473672
937676
776824
416322
346961
147153
950997
21004
172189
867338
95733
332906
441187
143253
818721
306395
539845
288700
107690
522727
970511
384918
958585
764488
187804
550653
263236
554934
449559
530279
70813
400462
156959
455907
910821
705630
323844
882674
513757
802959
323182
521600
76061
199151
121182
495485
62493
729883
445388
62621
934384
488006
180782
175400
132753
617832
666074
855166
415446
362373
748162
365227
516033
130072
750879
569443
51382
294108
222633
177050
619206
875704
209666
597506
11625
151621
12722
902498
585419
494013
459853
382672
452733
499841
249521
672523
184204
368262
484972
856823
360047
784670
301498
756661
443545
510495
942443
834014
69039
511474
853923
80093
575828
262777
991804
477158
410847
795678
67270
17879
71022
136053
19182
383401
909972
500365
879164
375698
954414
794264
652150
667579
534611
340148
839714
533593
686825
435989
35753
790891
5076
252625
543319
752078
323850
113864
733503
535808
119490
529774
324988
475695
706827
359287
650834
56957
474873
19550
972978
103827
683770
584593
109660
640607
142662
115004
617439
99691
765109
308272
967036
880603
354090
863920
121961
646275
513261
209752
473521
802851
133143
416619
803192
64064
622118
456823
531676
111007
463537
221031
273848
377185
172661
547109
915010
580470
159821
755305
975444
665919
171008
707235
128264
520452
733876
205697
165372
816527
445057
634077
409781
160099
618017
87751
330207
972124
460867
759338
463730
475812
176254
125917
802161
827983
709411
567880
380556
41364
222955
748849
234982
819945
82447
760290
94001
702074
808375
247353
131252
59013
708746
229772
971438
106581
849188
129014
935637
146584
668134
266819
852983
718623
989158
272756
481794
250611
49031
62383
709919
899278
954852
836806
666616
396157
306150
246498
771290
818192
16181
289611
810998
211770
650379
673239
716738
609676
611876
499438
735101
885193
460690
755190
818639
427365
540589
293855
81550
196895
609767
78860
880157
946808
590141
100764
242671
453518
161801
13781
903721
944026
101172
784749
261926
575810
569546
235124
151316
490076
618278
143585
51259
23425
125580
844919
240030
148809
721301
993171
730234
694696
367621
246613
380715
925412
520376
630505
915118
782962
597755
130929
482177
995053
546808
267664
922407
206578
779593
289622
627016
245914
34605
859331
833076
292693
421144
766522
286792
296031
759396
955012
394345
995170
739750
154429
354734
318696
656732
932575
709786
940859
829186
738216
542470
175900
649027
303147
175005
261596
880461
510385
390081
188697
311101
6281
795020
788120
789625
669811
533873
28604
494621
523493
864000
959713
329357
894072
793352
877464
744554
534066
862358
681215
560608
247280
320604
338299
74587
707504
870510
153045
247577
684153
677157
305838
638619
985959
468966
607840
123189
760855
559805
618419
361861
345515
603362
508281
175808
1210
66974
709575
979176
163671
254343
142864
796250
305020
376679
211935
156099
204628
940219
403696
544051
825442
313495
984044
420745
13585
8743
150912
505038
204696
482640
337305
145758
349897
756468
609278
735425
273975
25877
650633
57241
62530
825425
820931
816563
296065
494667
478939
927231
709258
649002
111555
154589
425312
6139
557416
627213
145274
194802
37708
405833
182828
240782
797569
182895
191925
533914
461635
465621
276388
470479
781235
45633
133991
449303
744236
677169
969009
583532
721284
639892
339015
518367
830433
257180
321320
622965
552885
260971
596823
936812
688919
789802
36550
517147
330687
531321
199457
75063
636702
107008
235763
60146
545176
136868
92345
622397
502367
292182
954050
870574
760877
858053
308351
243133
895709
365555
479533
133993
374823
804645
997787
878264
559735
323316
983322
88091
818920
136705
784449
821935
412322
568838
755802
787872
694092
320199
319661
165096
995056
654439
789926
547062
323499
648022
165733
794473
649677
927656
201507
505851
170643
35393
577404
819131
483582
362349
566173
364722
499663
769612
323338
401319
583074
94186
923660
246335
251300
357421
368758
833980
965811
91047
587539
287846
546385
796300
396398
98311
340995
460285
243326
774863
102860
80771
612843
632984
703745
75095
192449
130052
837193
573853
19184
887747
430003
832241
971069
976177
302068
707098
239689
266716
839611
721244
490300
157859
940467
542122
819278
801977
211157
608951
974066
204105
285798
195821
711199
675124
530900
925239
307516
664758
269033
385977
683623
738214
813674
370207
140130
187420
835791
720787
106138
452397
763102
851464
836566
359889
647206
501108
447608
263398
189653
972826
348211
873805
259574
781189
706634