577575
551229
423827
514073
122706
572581
909025
103011
139984
111511
44772
686615
403822
775394
988923
877690
705403
857381
716755
221160
874664
582534
37017
737504
400135
865484
927881
991530
698870
301786
329637
481761
698773
809353
853570
323809
905010
857121
151356
530125
514566
635571
831242
706045
248025
435925
445228
14083
109504
238779
465729
416345
433415
723886
63157
560424
561129
857644
644183
885303
178172
38045
595848
260206
386154
272813
781903
744006
306329
66378
221194
136336
264684
641404
706559
699614
864995
84827
430097
91538
991198
406770
580110
182785
537727
107247
904229
896323
264108
956867
117493
477721
477748
955484
137984
119036
74569
364668
570686
841854
712043
276662
382926
112159
743782
278661
115464
6575
909041
82761
290157
218074
916152
146847
646912
913621
94452
745051
666286
458532
848693
904805
565544
165381
926209
45293
93649
80508
162263
200780
631123
313852
47500
168185
783180
458863
794583
462756
584358
50786
251688
473778
417477
886288
843250
117718
87385
224010
347978
645320
864531
648064
226535
939877
178484
667502
634441
850851
289088
508837
324599
82159
341458
943988
672545
82149
326089
207220
799395
369003
766816
762925
714538
155435
48028
670120
469553
826155
570014
236242
882149
701066
806360
467210
758887
280793
942812
589192
229999
624211
377616
168745
325710
96891
390718
278619
246412
115985
450504
974305
369455
566448
899640
429379
560797
584455
77430
887894
649753
869745
589651
952483
234537
5108
1985
445879
127768
767827
34213
765959
188376
758224
55557
801085
997567
926274
610460
972451
788466
671502
838413
665579
866079
696709
698740
127896
650788
406938
177943
169677
82893
65470
569083
973296
675578
5082
769619
649531
942559
174760
684628
131295
117414
112239
130212
244756
4399
695129
134448
605954
447671
557554
90716
449605
462742
308863
502038
851553
388834
395193
769220
409154
40882
748069
94043
434606
698173
18449
286481
994185
307488
227629
167274
463620
802110
97091
796143
526628
68865
575380
791614
304682
631423
996561
301498
943460
718841
624882
564770
55952
137917
923575
486527
201576
946027
856121
219703
290447
926868
136748
252608
348694
673598
424948
674158
689003
104452
973792
181740
144926
754650
466503
696137
928145
326767
185534
83306
605372
661675
140979
20062
312987
203671
430825
822863
84468
892252
318736
394259
617928
966436
457152
614946
493142
651613
982994
376930
30534
172700
656795
104095
222521
743518
396550
5398
315306
650153
859085
105392
854401
634833
545044
410124
133108
638998
61666
850293
264410
80747
197244
937651
45966
120977
768672
322493
544380
494818
935387
863884
131723
54762
83783
675914
304615
766896
418277
940457
844906
883922
759762
337681
979110
498190
371881
497201
697937
3549
556534
664247
761038
682937
127506
170074
559060
470656
467552
690772
41469
157297
135714
793006
575597
941139
90041
506291
91741
966516
389367
39814
823491
897935
659426
36624
126112
979847
203464
128785
794085
238160
804218
292568
906307
101549
968166
546574
326734
335315
410965
731948
80013
54893
734589
790348
959584
8185
947460
237149
366222
393231
633298
93937
417195
705090
935121
436785
724770
634399
25220
833520
239077
748882
479105
909276
842734
724393
749516
957777
136944
710192
196114
225095
73695
754362
559743
793388
817049
858241
793660
386125
304879
967589
967944
313069
280404
49168
434354
471736
377313
861947
963824
471377
861315
638665
21216
480392
311490
461777
959128
585767
207982
441337
181419
104939
630120
979709
101371
927120
512842
880207
274806
779846
887092
545881
778351
692159
146420
864926
58393
913258
766865
788158
893602
647226
652020
795800
119082
714463
21236
874762
513630
409750
87997
987604
965813
656156
21148
30362
655239
374206
567273
952264
143941
391756
852624
29712
679257
125419
892990
450382
733083
474442
965478
106957
842668
727725
889453
450147
535411
994213
692344
505271
485490
168736
31119
340579
191876
542492
702126
180
430773
425015
954088
417870
458558
835747
205753
966573
450715
750709
759142
929606
803339
749340
309139
144012
234980
490798
336993
684238
984656
547486
812673
411517
744872
588490
395802
47436
708971
92401
40083
891952
457178
292802
826877
469319
250036
649871
720096
775701
112521
396385
200417
427689
560445
247333
189132
6750
997532
443843
93380
895805
706196
82959
3332
356224
160275
549144
3409
973489
158334
484894
443646
532721
134410
272290
186779
706453
890427
268565
440700
915883
461047
937842
928097
634330
611270
231335
279559
667751
921705
872622
353290
698836
802004
279611
546933
36643
812361
968014
68072
36856
303697
642856
414501
966364
131226
114330
978615
717406
833000
366712
899391
711252
490169
142061
423324
948799
929338
36264
393782
69260
536927
879028
950887
841463
171811
191910
623943
261706
217500
655791
119507
297283
914681
91986
804345
32532
248220
743983
644675
834500
115534
794109
614813
151731
307299
970902
831429
595258
133355
322156
580814
193777
525906
313049
748304
915210
81941
828885
129775
7450
113569
404289
849927
918968
813962
330976
26097
520958
824164
678309
623285
814061
204674
365414
338444
737005
802697
888752
683984
286769
29359
291189
432386
123065
299350
530081
258039
277297
142335
975946
330785
321463
673708
982150
601078
69306
895447
912598
601407
897661
9224
303935
854079
724091
21271
887673
265150
393253
297534
47169
66481
343303
929370
773961
211719
481480
144958
140560
790162
600784
557492
961676
839376
334532
380433
943874
226326
142573
51508
3320
982552
188278
999707
854339
31831
272212
503009
396154
728103
433408
559704
55627
162780
907488
102847
312363
513105
678404
372384
232105
88148
154123
14537
118300
722353
957798
262308
830459
527450
984948
842294
973963
423216
15053
303216
795955
579568
988634
184501
144107
505405
41121
282025
47507
48965
130719
135474
628064
874003
77134
195983
224241
136689
904774
910609
30528
797560
752512
340025
568883
779062
346357
623152
50642
862010
562021
416285
815892
788478
6003
863719
382610
643762
830957
830087
979357
125601
358890
806280
153003
401602
355340
64478
973612
39901
57894
890336
536571
482008
452599
885988
943088
17054
333651
995894
160274
534763
406434
434292
185769
128054
988610
769545
377970
312122
899592
1540
610924
119523
321188
937492
232912
802834
79394
113954
995421
326221
582605
533323
230097
508166
143470
344249
198387
94534
254130
169117
640141
632246
180265
721035
472440
337482
625771
881073
88399
656010
985941
120437
620358
756735
932977
828139
72723
10614
535668
263984
320906
487219
755104
319014
394246
995510
675402
292876
586563
116259
813238
642360
109321
974096
614302
863412
912259
621872
562001
198963
241774
779926
638648
561262
145453
619305
454581
980512
904057
599075
292068
306266
536437
41221
944067
545347
44127
102811
184110
772336
724259
346215
153539
184860
982154
506157
412324
783876
550479
564314
702042
586786
7250
665042
943447
157059
812902
477141
296852
541191
665669
893133
951129
152757
393251
85558
641819
171960
179359
355818
329535
819834
826646
722632
411389
948828
849234
134144
991519
170703
338528
724542
691049
244306
584319
731313
290579
4552
193588
901879
797106
67637
651259
834343
731445
625365
795032
988090
705098
682585
112395
621078
92768
886015
238049
813433
16776
33932
565863
798975
118389
935209
767482
986127
867746
619928
320314
269480
603986
637009
713181
486468
961971
878525
506719
57446
626204
790670
578135
181829
645365
675769
941477
271509
454710
843153
870536
281006
543560
349825
855180
182747
861831
601254
492128
41218
7209
471431
327110
164651
388536
143154
119587
601582
278715
827764
227446
657789
520883
548788
865893
418956
841281
638316
99379
514457
18405
490181
841358
369179
237473
478927
520645
427467
892667
623578
589335
74761
791330
431283
77223
875309
911976
653822
340299
372203
42542
662253
86851
202146
240861
538330
699206
676993
284368
897991
563128
362454
447695
616495
665529
866805
643575
157384
75095
451713
616693
769240
676195
651674
781489
105777
564513
187555
786695
741963
765785
289134
170608
221564
983178
561223
656319
426326
77694
138842
632392
726237
721273
184705
496731
13539
581835
675310
9582
985218
109957
992626
366744
362486
276936
287143
20794
776853
346169
290176
915128
674027
184400
393515
48357
319478
717520
789344
749757
481531
55121
145098
377675
169219
771321
195598
274027
626933
917641
689340
559722
558417
113747
533265
101257
945542
467850
736230
654881
154097
182001
141305
573344
672820
914422
128983
829873
885678
206488
342178
126330
467292
467394
867396
741375
447116
840124
713265
646436
525561
554423
928530
257039
961032
383558
569747
259948
613534
287340
482954
698634
631324
169488
606850
858274
868216
136653
315876
417720
887417
175142
505153
68571
530382
329303
404991
846214
212556
150790
420573
263209
658371
497496
916964
370817
581115
32992
829164
354915
503696
38451
850568
821465
109671
730839
341455
18403
906508
104026
276744
184223
413226
235518
578161
484867
631398
27346
536940
710
311896
363484
592391
850782
911782
95538
830118
917989
352063
929575
81999
457237
24113
643939
893074
213106
939752
906508
22995
402823
698564
741088
502133
503048
52949
380005
656485
951382
370615
479296
680098
856579
479104
580002
578601
340344
684423
922188
73181
834151
375775
585201
418980
883925
24639
875229
566073
299506
755442
911363
359153
277556
898469
147553
87640
472527
23838
298834
164090
874195
568588
297904
782269
830049
949561
359907
179307
730699
560731
73739
420046
623368
719498
250566
703284
601424
563085
148254
589586
240154
61773
15506
880645
959024
866411
390847
911027
317803
815277
791595
837072
59281
263187
326191
998653
4743
350920
888830
689034
985972
281460
332310
622172
698549
93742
633089
269994
977142
8655
417800
156513
233267
926242
748277
456872
832524
510583
686148
677758
280382
27607
267494
272575
394244
193425
624113
525509
460041
714099
457703
327594
679944
358805
507936
353516
546754
667471
291799
69354
110235
17034
505743
432715
222418
820660
320352
902526
268187
765069
943650
713691
845339
365982
387764
599336
5119
12426
605610
243000
893946
385725
368209
194991
431641
183041
114463
360992
808708
927535
68668
754775
699987
98498
602343
188466
855818
174279
745863
808042
303923
714929
926095
956975
11670
61769
395084
780786
522264
318786
609102
849148
372206
710058
124656
362555
580540
922237
463878
172126
22606
700756
609187
291093
21425
716858
266948
92283
92719
37663
946845
837520
302246
519590
832701
981343
916612
610649
762720
4094
544482
774908
152849
10612
1977
77567
915706
492981
67717
199117
269962
353096
51508
494465
833729
429065
120651
280888
697051
670475
88918
533185
338582
942805
200330
311345
903586
858957
47161
314580
247141
962995
775536
956029
682408
337540
173744
343615
95073
789567
166664
32180
143325
542659
92747
60858
134218
42647
716979
868158
582366
765444
357906
611952
415656
130525
964273
229014
146225
317215
904519
820349
922382
299443
836503
737161
937541
957008
498855
679214
82906
859901
420056
848311
693877
520116
756455
926980
136049
234402
841151
161489
161859
627019
276536
982896
15109
243403
603888
714137
925790
120631
124932
11032
683280
840930
488876
508836
811230
361468
864369
661072
618968
621332
360779
498011
106436
434686
405979
148514
472747
983567
598593
346740
643773
18885
415387
282886
933154
490756
940763
327869
317790
164923
118852
508521
279519
447589
82561
283602
893542
921196
314338
408170
436496
891943
537011
989281
709312
716100
887547
316632
289387
464129
832270
576045
17920
474388
50127
98869
218994
600811
904134
157448
906339
25102
231898
816373
720430
883872
545451
311190
925841
155396
433934
924927
451382
186843
772518
740496
48732
81196
619931
17578
307815
323805
648954
843326
878144
600158
661097
132929
436650
565605
612741
514428
540963
503187
907802
269951
276019
423926
885310
453621
37972
569192
10954
490899
659453
749012
698294
872043
21645
672664
589712
996253
875345
280198
623065
588780
637042
365573
32124
153966
505790
393237
919084
673437
310097
146288
144217
45132
816031
743179
396750
68979
281313
896444
396394
708011
196250
974773
133881
245877
448965
875566
92078
92660
836893
612449
216767
166587
267208
668975
821213
674049
26913
870944
321423
680689
538529
927816
310250
941598
777961
641732
380527
334996
559278
810340
978881
659721
72193
433571
576513
413043
641786
266001
573448
725747
292480
453713
844928
394415
369336
242558
344927
444093
701896
433641
338177
392314
616007
251902
60642
839163
989443
210565
953461
786971
755565
523460
292771
244084
488485
151553
187107
858153
604254
623076
990706
790367
563694
495483
287152
162379
766837
899416
220183
125158
755239
75989
86552
745982
169911
637304
997203
765158
21473
58481
403379
459022
259860
51840
534437
487917
475579
325939
269619
602778
33191
720205
435777
297850
725403
525443
646562
25684
558131
504800
670680
230017
385265
239112
101542
811391
683557
306265
237588
765668
945081
563629
314559
854127
371158
41468
385178
198394
530615
113887
345349
73100
568840
114287
727752
495115
797370
344460
139308
340366
499238
969401
403318
756688
281435
322597
97537
845121
942214
289349
986039
355127
200573
440476
427499
321283
836904
4060
954902
530334
512012
590502
655213
6337
260597
165166
754011
465747
403008
935354
528928
480829
491202
836041
502085
772122
687961
203856
617467
385994
408397
664159
560528
188006
837537
462179
498125
261453
400572
115268
417966
341853
114799
879471
773310
974270
898339
667438
327951
503960
735200
207026
293331
953316
816060
404723
761115
393504
951774
768302
140905
256668
908526
146509
938227
988722
187547
531109
374967
453203
34120
193241
318837
14779
184852
1883
164814
880134
460612
581715
181239
741597
858447
826840
502042
238345
92102
516507
845897
948648
133151
577699
399839
23996
281565
782770
339125
23776
169245
421127
428606
494551
597118
83005
118976
63421
417646
283217
306095
268831
879374
960001
152552
711526
867137
693775
393351
430958
297814
293988
762853
468597
166095
516626
415025
463726
371726
190898
680810
381173
411675
220844
362614
880862
729812
894165
250018
691750
994034
125683
363639
479691
634163
519579
830965
98679
929194
950779
145391
126295
645919
606004
411778
228491
597732
962655
994739
418550
368693
190065
620452
922868
395531
997689
794995
878827
74749
356998
120752
204347
665939
175205
304376
612559
466601
280199
493938
813013
120445
186946
961574
135690
526101
390830
839093
365934
230287
549104
150329
824023
590023
593427
598778
299234
706974
875538
770185
323908
863149
966450
983229
234942
197319
435532
81159
401839
957027
398824
532660
511747
177070
244293
88320
997129
748780
932534
410449
867747
440199
484198
843351
833495
94710
905852
758653
349122
949643
38809
427084
311979
313497
179134
785373
410485
255039
842379
831417
289391
286870
649443
41167
730950
38771
985451
990544
152730
857561
636080
4267
150573
981566
848360
198560
823480
222584
86672
545539
463832
63556
764597
728464
847141
747699
45391
915429
898211
687730
170247
667296
601618
830452
485978
23637
982752
277310
443925
714156
502335
742734
566272
968022
624336
270505
29655
564842
79806
964864
250099
502688
885736
171390
512072
346408
318326
199345
730823
383848
224717
221842
948324
766417
761885
383475
299314
732764
43671
315780
255402
471719
722236
937921
420042
833830
718737
833724
588314
943879
586223
744194
561481
460774
938103
249901
745590
929258
964770
674118
636428
413370
625206
62036
192709
832096
58068
835397
322831
11832
208558
631352
987979
931476
410967
988837
99058
862192
376243
688938
259410
946636
173645
91251
907703
275116
640519
41284
142117
302568
104876
385958
695616
81008
632034
974188
213134
174304
158011
864032
568533
447740
702954
101583
884255
245896
803986
734126
395548
894087
204346
242344
999078
19470
288221
665413
763423
440963
869983
658872
819766
855351
968409
579973
15113
106590
62613
141901
654245
225511
16597
623095
58856
978684
948669
306119
718168
93426
11152
245740
514879
930795
895913
5368
583583
54627
172014
511334
452609
325824
883708
950671
278572
259373
10967
45578
438486
926484
603756
127723
193608
79784
968318
605420
149261
204318
794549
238570
240918
251323
822912
31110
493869
969032
459170
815340
91284
441827
205408
245680
746234
556656
769926
558484
815961
224108
877905
579750
920495
731746
398652
595334
535254
847542
643818
170886
565506
957150
215852
979882
987351
261681
478960
447246
19301
933783
754439
507623
60993
338528
341457
578849
66433
307506
875591
53032
89107
580890
348581
894787
174138
514435
390002
375514
213478
799172
490669
523032
317488
79187
122262
792683
129327
117655
615702
67688
823481
201436
190092
883084
316474
83936
770292
611102
481898
928970
802358
15024
500270
856634
769161
558596
143885
430779
183554
835466
226637
644821
197501
890183
183594
447232
954854
323154
971378
547698
674341
762809
939840
453273
978212
685568
819282
489957
727550
158089
177609
41148
425989
70735
725822
617809
267696
60236
825084
39695
789471
739515
921629
357615
7885
843448
802372
708905
191505
46531
209780
88582
905361
944483
480907
132692
189443
866151
254495
318708
335073
305032
412532
874061
821225
827434
271062
206563
526158
6209
203865
664514
861694
799312
964011
695508
937041
245709
560659
967314
901195
284513
378632
469143
699854
665803
499184
81488
550367
18276
144244
218768
207379
120573
351932
313792
8341
120804
697420
174836
109975
140806
314362
379544
714259
331246
804939
438345
76157
911084
63722
205888
827399
928848
453700
562921
898320
481173
352579
475666
627114
143836
714532
698495
696518
213645
483447
527002
746879
872162
329267
321799
384319
866943
24243
657622
365842
213817
125137
467474
242501
847479
158173
548022
651194
704118
904891
429503
622539
194150
701782
391261
686105
106482
257157
910915
706480
64477
907768
938333
765528
904839
84062
560097
438843
819984
904855
93439
295854
788691
390161
789490
298910
144211
216769
904056
816152
38580
95808
826654
954100
431072
914112
800501
424671
644810
859369
573793
629636
35087
245780
269839
71895
690488
880227
640134
599166
680412
476859
238807
6747
192547
349983
304431
884474
24485
394218
256843
983892
572336
746408
811146
586942
4329
746450
132574
895153
811145
563237
283036
565302
284745
936670
286132
567598
152665
201044
899386
593979
686665
893297
644514
421775
148939
551758
387275
200143
59279
79467
949106
567779
240846
808136
810375
908317
68707
820194
748380
880643
617363
310989
732346
882363
234093
152490
281422
259602
818573
556422
738945
178088
354106
998160
432357
834236
609199
444084
24587
689168
898935
900760
158449
282809
995761
820402
717272
602821
747251
375300
12596
817032
524555
967221
555133
227525
548705
972877
690531
391350
740664
813261
190494
312953
828755
404137
557411
175831
337012
461731
953778
485041
362368
443525
694284
518921
133822
228603
619523
37674
419390
947147
214313
264821
688790
512625
425514
492106
638600
307035
376374
653775
472063
260157
759574
581152
159736
913170
116832
705683
956478
120113
521030
976294
364109
455624
145928
599688
164952
536311
388554
334592
929510
609931
183104
443582
116119
412693
363333
864701
160837
690342
204939
636241
975366
122474
744813
929426
879437
890783
447009
181989
362096
639280
992777
269604
297092
830834
836264
668201
419236
229690
484593
608444
72273
306392
237307
218070
344755
543477
298258
653074
587134
17541
165927
69935
650672
360808
898855
260100
764022
630371
521961
323521
559534
126709
585856
867869
802312
981593
577520
301729
644038
758104
105150
827089
482018
744071
213280
728754
363534
874084
190740
191933
127382
314057
813581
729438
68066
723595
565255
252969
836247
24114
401724
819162
450078
191508
49327
566727
863420
88080
683557
139108
692832
803300
33203
132339
249852
279788
957683
506694
279563
255288
673680
774642
881712
640136
736833
577682
564607
312038
124371
617333
483221
289248
916574
627301
529505
248225
219673
631445
837254
252908
398730
524326
498521
801012
410582
938710
912133
403354
835318
585669
803918
252291
538378
899749
381170
157013
415047
183550
931307
784719
496973
90844
881874
550019
270420
274198
530653
604912
938372
741307
391049
368640
66915
940826
425875
554906
563880
140462
781088
758565
249071
745828
584636
861595
773894
992395
644351
38469
554020
252055
480972
590872
375097
286738
23027
278764
978145
540320
849590
757141
713906
665325
310185
87136
586292
880245
424818
717420
304624
743599
97776
279778
142689
721879
259640
559442
548808
826071
237115
93483
774875
525265
107907
294295
928861
804235
10460
403377
271177
14840
144399
178852
811560
221791
147210
919969
251458
403754
79195
781180
961841
279117
461787
218596
966608
961041
356968
816125
680979
66428
946378
652508
364977
730399
924727
540382
534843
285436
507633
12261
255248
619857
70413
573872
669417
1862
323152
891606
397648
752302
70834
970015