671882
838002
299584
991634
906495
537477
901075
540971
528561
20809
730525
347452
135882
976602
73824
665465
911941
768590
582667
472165
284145
701835
603150
920640
162644
43779
199436
836685
352492
244430
785775
901311
996945
833827
605909
189631
629622
554226
758439
344413
611918
487456
669451
571280
748363
639839
624431
907563
946049
246377
139078
791199
830634
206042
866640
53863
738562
707176
801361
469268
215571
488064
975395
48757
668555
956989
160871
332258
378696
989959
331287
993637
629238
545542
630007
476166
250640
2882
517802
344242
724546
298905
927969
341895
380015
290843
110446
183551
407246
840774
307127
65782
232687
581977
962758
709209
767324
454999
33788
512301
991387
169114
706725
80313
123663
264592
810471
968338
503549
7831
376597
691073
457709
297393
49505
379858
30759
513060
659757
937788
502044
373297
581826
579752
16743
467950
720282
821984
438888
758594
851095
425877
572304
451453
444375
293388
626236
273746
345695
362983
349624
237617
172532
735756
714404
443973
450440
222900
82868
406663
261202
782290
283921
634749
100534
338973
423901
131731
315492
323132
374227
615380
921341
90702
135117
228741
462831
345107
764576
311326
406945
79674
470690
474278
172234
822407
909964
284970
104221
466208
316218
663321
680606
347381
533583
537791
739224
682762
941557
303004
400359
213987
551234
839905
618416
29771
338102
302918
849585
392576
388385
895178
184755
78590
61793
365064
791068
296102
57033
326003
771169
409931
324446
499950
225944
376154
645819
587275
32171
890787
600020
781277
381417
526280
201367
389307
856054
923905
113454
67476
16099
722505
486305
750570
307288
844776
63257
421869
194862
453278
30656
843573
884377
113961
587715
216730
904579
421171
386105
681779
539572
916380
895005
867882
921260
598623
455799
604473
336915
762403
259226
586691
325383
153504
799494
777105
76309
178604
594605
808359
358660
485090
514579
184003
917578
338093
986574
589297
54754
711414
182125
710606
485429
927784
815605
71063
990005
282268
478279
776748
958345
880806
637597
896295
97442
995899
161139
387667
73261
468862
44738
878667
840673
57445
658023
807921
846008
371020
54691
255175
996922
251414
463099
491821
734580
39420
817664
786359
764488
523636
113961
363818
829214
143934
688604
332820
440056
16525
885516
804613
681060
321105
913019
954734
45962
171421
282849
887508
187365
744698
287141
548848
224719
25223
181192
989414
843764
981899
968033
766432
208232
294361
443202
563847
155989
917919
648314
404510
653645
26443
628276
760698
975998
701337
208509
986018
656259
758462
219427
485759
70359
641322
540408
814719
197540
465278
766262
806093
33594
863946
517885
213349
819291
963521
596599
473366
60018
154812
467996
338072
847012
55399
681809
124551
888192
820492
567404
284348
614928
555962
389138
902982
850641
316497
586050
619658
992894
607853
262698
20596
365384
938477
679607
882329
706019
468319
278762
152491
362170
815242
470437
617944
127171
985687
611014
28991
412012
115996
59434
304655
696308
750342
368403
154366
885143
313123
723364
57891
174818
931658
514057
849714
995492
9639
701939
69585
732613
959655
102401
273883
782320
469052
289018
685040
98156
903565
585783
276726
52361
6846
647070
886385
179253
835095
281096
516667
206638
527955
578436
341024
587473
883015
366261
491288
26962
98733
697750
480801
508933
213453
114782
613625
40792
135879
27583
177077
254051
910079
890376
347009
673752
131301
268266
540789
170453
752672
139799
173264
905753
552534
831366
964051
201298
567834
565780
922748
726100
78131
482628
532766
31846
582277
716263
805721
989111
787359
572247
746620
844526
67680
580445
163315
297823
972550
251890
846062
868441
833109
933667
26449
994972
997600
326093
320017
433384
744630
643656
429682
238256
400556
388128
953882
72749
647300
705791
709584
60944
187383
738470
2455
52815
806244
480474
945633
107425
450645
95067
110386
575492
820266
426767
673490
849275
124580
493950
243502
167574
853520
847350
893708
962857
247309
634895
948649
216607
894204
685769
139250
752359
812228
635473
995995
260684
595711
230755
372830
529954
287941
834825
469843
264668
440083
310593
288296
226875
198935
159804
2750
52577
378970
803715
973921
264132
837258
876661
79265
777981
154851
142955
787345
487680
723194
120636
314652
396902
947302
642076
247871
43622
955275
101791
58022
633123
925636
910428
412135
317535
412204
694636
802389
81549
313930
517202
563970
677571
638423
526132
162133
656014
589228
437767
347267
449248
806540
281930
236589
568932
648652
198057
989462
932146
391643
349953
512384
874078
535154
82371
68194
403691
460505
518002
153031
998749
375954
230022
946501
779116
354790
447987
528665
746260
818699
855171
509980
792778
678511
297760
525156
261769
556452
283438
757370
344137
788264
768469
395699
33169
608591
696924
268845
483748
593615
495984
882280
340503
873768
101189
968510
837506
135854
401044
137472
324181
214005
113026
479151
375682
375895
808481
702932
721880
394084
560015
175228
784560
597095
820476
78164
338176
617169
345930
879453
57228
451333
590925
816395
532157
293119
583985
266880
613002
45025
265787
698016
691155
269148
513768
975376
321932
162615
861553
30864
490070
74047
650288
366898
9001
87372
45724
796215
276654
267819
537969
293125
970218
272301
570155
266886
906772
49419
433008
31199
651847
12404
635533
31179
86482
646390
357337
824148
681645
219972
204854
967022
86727
803370
419701
106672
186490
773770
326681
557551
97888
986129
215220
109177
710079
955516
352046
122347
328863
476033
115301
333104
916413
817499
94830
990358
345560
856181
775416
771278
280040
354802
186321
330432
362350
484887
533891
570441
465127
778134
163734
706514
128154
552312
242425
8078
858577
461605
829307
228879
354340
495699
530932
25606
721776
556297
377857
103125
627815
477391
532587
176403
275585
205748
1769
362779
484113
901500
98172
913297
67890
30116
217656
401075
379488
148370
700963
81047
641443
583134
525814
957511
897381
913143
39552
692597
746341
752755
279466
322461
87044
692343
477717
286774
940221
820287
65375
76948
587698
294411
219205
415389
464225
15847
410211
201125
586229
976533
89622
585065
858361
505624
116226
413029
884455
37984
345455
553874
512415
921933
929870
465856
964339
747681
315098
872779
985247
827975
244698
85181
581526
724346
485379
356096
751671
234708
873785
182846
567774
739828
10358
439959
621975
319370
328196
509694
513390
830722
688612
616560
457186
679434
207505
182226
721528
697346
123934
992807
821867
566207
185660
1515
99905
728636
402072
521870
564216
302238
295649
419088
790176
406498
564519
569141
960962
772902
576543
557542
532286
444433
828803
683940
244723
433311
162710
802921
629910
620428
648517
668893
203877
89628
502057
421938
124918
826693
876457
958748
223401
826555
274749
214768
515580
156694
299469
891224
519549
460897
176247
231921
927258
224129
982896
94337
995412
589568
514178
491608
235986
251957
820403
77250
805010
230162
55046
93285
789946
837706