94478
362743
14101
638026
322336
945306
644371
410613
486297
287161
788700
350056
780146
468942
392979
437007
570638
284403
845960
813428
156676
977666
549701
2279
500154
793995
574663
176902
325036
431345
520970
493166
444812
869985
35645
349566
123716
490992
337877
793733
305495
325968
110782
814600
918053
48815
655339
642865
815885
199917
480590
900886
442541
204919
236644
123365
431620
567813
84328
355562
895417
746412
413799
772541
308085
160032
202931
564811
698411
627914
137649
187391
767351
723522
773134
529676
647204
38186
882318
265689
98504
149286
271045
783626
160906
529211
388446
110888
718148
275651
254616
126636
225539
622602
294225
243757
611755
246665
412795
921379
758136
687805
804395
520407
824287
265698
94608
516841
644178
808721
731520
13117
589219
595315
660014
575428
602944
889057
850168
312034
884892
547226
265181
664385
997743
715296
848012
432690
980435
894447
124567
36859
314703
82715
589446
343233
568945
687109
754952
419859
766420
784825
99269
42384
753090
720871
823823
282999
807154
643644
454070
974729
979762
839197
10042
784285
954208
116672
449755
408768
392722
436455
946765
174406
527702
874553
591304
834482
281427
7614
83963
699517
841294
935798
267616
851718
603401
315607
514731
399639
240325
688546
418780
177488
177257
184033
154420
412723
322235
286463
504836
299339
631114
998467
399392
778233
334062
679659
665587
413148
90600
583393
994412
457372
64931
485980
876694
144020
168604
678422
113286
76186
7389
711973
140077
654124
965412
622457
797453
843960
909539
980401
134793
974279
652385
518618
848405
653512
412030
101188
662924
534837
56723
385475
620704
630244
294840
977151
889387
411564
234271
768056
658341
3506
874141
915163
827695
771471
559561
152505
104011
500383
160445
525738
627823
897385
685626
75389
361070
597926
894312
300314
220246
995568
900858
574583
117657
682824
854192
745139
348643
427588
167286
983890
119818
970387
171690
422358
984676
918318
317435
427574
124146
930974
529260
159870
232697
697060
668984
462018
668081
128584
931984
291456
527191
34049
573824
754385
681373
318205
360687
617868
159809
360783
629509
678520
230907
969459
840807
860587
732752
981950
446493
487427
32580
214950
749141
846848
619692
452843
93953
167357
399394
176930
974875
376329
31441
876124
955592
521062
697519
588407
870874
60317
181963
91009
177456
333244
948540
691076
129080
890670
980281
137778
228949
41973
72199
152686
901788
862662
717645
119476
90231
54081
688451
460775
451756
589451
537417
594038
106808
207626
177108
571881
277973
508220
795203
820878
496731
367220
87760
401722
395267
424371
370785
471870
473606
82335
917566
378152
415332
636386
767070
699507
336384
443362
755802
693516
617960
544088
505539
989633
872755
342799
221583
901960
959747
763131
776942
52074
875306
740340
35322
694027
697257
14798
688525
269398
550804
848469
742446
324041
863057
811050
716707
520730
890943
347829
90026
52229
835507
609797
450498
596147
653917
468172
906212
894984
516361
412720
235919
890249
246146
509903
55425
333864
970897
743634
44673
521518
588771
607724
674649
395844
592200
331440
287074
360286
718487
692749
542647
933893
20656
39463
703627
383807
659802
88146
996567
594780
921802
926893
757100
100192
730309
860889
289126
233800
927004
667157
324289
359803
769431
404408
569349
711183
866157
529609
508253
91828
168878
718206
954950
35905
491267
493328
372387
551321
551374
363703
795885
253305
314347
230087
636999
38626
455064
573671
829551
138077