675540
525963
229259
710451
543046
875828
582418
509284
814645
962778
286831
689481
412644
673416
796516
981349
64526
119635
231210
369343
109284
551478
941438
701134
730610
251534
908882
199361
321887
733422
289572
878504
61459
53920
484012
656962
346867
390969
142255
272548
419591
249624
874353
665346
207677
117563
40455
753885
11271
634493
16650
915273
829151
540400
908072
468762
259498
750675
131412
229162
169914
623536
277534
35850
100334
164437
886877
276867
355508
870316
944008
766215
560239
66681
982308
575097
512627
200176
825752
289942
970989
425329
429148
5374
143392
601057
509904
42787
757962
199590
679273
884365
143077
248702
252230
616775
88457
209469
45856
786538
753967
460577
543968
323011
623760
172371
467147
406372
233707
654717
800472
153860
85670
786882
955427
965907
550860
961503
608826
408351
533365
613212
987155
944028
61827
707438
81824
234131
339080
905068
730811
763562
420997
33068
972860
89868
35406
786298
663658
689716
609673
639220
363726
108507
710101
626821
456739
491068
520903
205692
971049
897088
506575
231688
246489
32652
705465
709458
394162
461667
94223
116983
826354
895736
977117
972833
758496
18452
102029
269697
192646
672672
389680
20330
180157
206672
872541
235981
296480
79084
71732
269709
865954
860028
433084
823166
383548
762768
865450
57343
885182
372841
584131
662001
651399
987207
845144
722771
536272
815952
758832
489468
283298
26394
877380
778932
685032
954581
335716
43375
450655
400152
3319
612966
123689
491782
643551
122835
96129
699229
750331
931402
358026
506331
394438
357423
132480
676173
90909
530264
891215
918069
59293
731520
253954
277591
805099
122596
739988
740320
254669
522941
663139
279540
592053
979163
615362
195027
365726
528667
697517
887014
895439
908869
463576
98156
915581
831556
990880
729852
309198
79618
591651
905910
280887
232288
442155
674890
557894
850447
148549
497892
304124
568718
2032
259699
874514
783168
708337
259797
853212
96937
117123
266145
5963
917125
459116
609680
550861
353413
136363
469256
387983
327015
570766
43207
675874
390384
809440
329576
874875
490249
387710
989013
500821
21747
75275
515914
942065
767529
791289
403201
324541
696337
512200
199168
984659
84766
217484
587643
621208
456133
525670
581926
638021
57753
946965
126620
837890
14661
962725
274405
671470
942630
101189
255143
495356
149059
182
579884
275511
637737
545440
722060
643685
945511
199743
336695
565898
134243
385146
401825
28612
226776
293012
770122
415187
874925
112251
136233
262651
736050
948542
829493
953410
61049
972252
399823
591700
208975
679415
802383
221383
516182
481768
538665
196408
440000
101356
530107
395988
515754
659963
216631
936371
193619
992505
336040
657246
746871
924806
584674
942705
488524
333040
820875
949788
287960
325512
345023
138115
615661
281810
656549
828422
858499
642645
77708
187931
50032
573715
213120
138070
49990
283283
840303
920586
494281
883674
733299
815242
567819
584056
84668
738057
186534
120254
171547
207007
579542
912077
597677
194796
575536
415177
780258
440151
221315
20397
618089
5616
703946
751993
732410
957876
83210
69958
357119
40366
641358
845241
990048
633914
728253
381014
295082
748133
438869
505196
345179
385456
484742
685294
826700
605619
388333
700194
342779
680351
459691
205682
861428
486620
177058
664416
663452
648529
314700
267159
88154
895617
52535
560924
226
72018
665761
810979
503648
459626
393580
850750
64189
598834
996541
79985
966544
313916
605559
421792
666852
514753
292304
301865
389922
930435
817100
23311
624475
619857
234654
853003
851380
570857
145496
71879
333615
842743
105482
528805
6418
412028
233791
113849
494966
456202
41168
413080
811117
49644
49827
548936
658705
901858
779972
971094
308197
336521
824158
205511
42923
879577
554581
213030
164802
599305
164611
731964
881336
675789
535758
633822
771060
540927
771875
397344
191097
64924
223185
656936
388952
391397
495364
446365
9845
3621
688284
713661
941811
354131
983529
360206
387327
9805
215429
289196
487286
362052
801359
78721
340276
199543
569599
280979
864186
718872
596395
532920
438331
318090
273941
883108
508611
3596
307502
340259
206789
305391
312620
442594
752447
718851
338627
287911
868044
200848
649858
8609
664070
409408
735821
910937
892693
61274
926899
654344
999001
875881
480939
724291
390256
110139
206832
725970
503588
830277
776054
57630
861620
426532
540103
677064
244349
107006
513023
479574
701509
633159
909664
733832
279140
766368
586387
445449
397712
667417
786108
299521
592259
219415
247608
286855
671115
836945
659574
255156
631086
176628
309551
3283
654263
3815
988419
514676
734625
640296
325362
279647
196191
949269
465587
574694
179590
611207
427700
713236
327064
547417
469231
269377
261678
230214
310630
898567
154881
824112
975995
965967
252053
838333
905134
312388
340866
356700
930611
771626
983968
775590
569775
307399
951118
171999
715663
107199
103071
69019
69637
903934
441634
566589
652896
112334
414413
594075
903559
914568
276870
39742
474835
374823
632397
412997
381190
920504
308488
68776
682283
901741
658540
263194
638218
67601
425158
549128
289864
921239
215588
796607
839129
498699
950626
49962
690724
190313
275988
7608
339442
323852
488909
219036
974417
954687
910986
110318
565515
678384
548734
802031
807486
83395
332155
202858
242904
655938
69818
7861
775857
804337
366855
67863
770181
900543
509644
820547
396364
904665
428535
919939
307384
638873
861515
855152
406219
773661
885057
678941
50002
867890
857560
347412
303361
52590
156096
390264
562412
784604
381855
470346
273760
943506
870461
846727
780380
238559
250451
213997
323375
153633
436651
566622
561839
427187
666099
471070
815123
55299
831588
930167
515310
409857
355914
137148
603465
103923
101935
473834
938843
353573
937640
713577
594023
475710
805371
811570
673842
349486
584235
425932
636576
312260
819042
972207
870315
906844
620539
339465
415870
311286
662441
731166
73012
309537
785607
280778
76200
354069
937404
852962
965944
309345
929098
188473
676763
605497
973044
687294
679708
253297
36554
384707
447539
247623
238610
794072
386494
85722
794645
32662
421729
559353
697219
725880
177719
343063
576963
259171
276531
754906
226203
288454
710040
631122
132345
350620
392593
227847
859548
823182
300718
871531
404834
440502
225211
569070
456558
167615
412607
382832
531829
740712
92878
884626
90022
976359
171147
563237
724404
527786
274558
721988
28161
352504
772878
120830
861544
917494
81243
59691
638823
849542
213690
337760
882152
30794
637966
364733
53994
163782
940031
538851
932560
615780
458906
282435
586502
331793
199941
431890
499212
745220
188317
578072
656033
623582
487278
124328
453580
670060
53454
47722
344457
161866
996438
387284
568975
292963
19838
525879
368506
542291
677268
230646
615642
819245
810073
328209
353047
750680
347192
836959
257663
41812
342500
611994
230766
590043
405645
219988
123481
729890
347006
154056
500855
32830
841174
888011
402124
489764
333600
753762
779987