516919
583589
298668
994549
256964
203330
993416
515938
240474
665732
202129
395290
137604
248232
865888
735404
587004
842253
827576
78023
844586
5391
791128
644444
243273
129988
89584
612018
886315
623442
166576
726854
880275
328684
117819
693596
763840
137831
127226
996518
714505
436477
116430
910480
528803
54045
771485
288230
878464
452396
445901
491875
956754
924124
240975
714071
200046
610535
257043
570867
32971
356265
207769
500148
615849
395096
947624
437482
434958
166689
867735
686244
885035
178015
235208
579579
815710
962682
244341
456439
887953
576346
994530
149473
449087
908743
599154
417958
253399
822175
912022
545380
878137
376626
635936
614292
60701
403326
706550
671061
211411
418562
584161
765329
978212
281537
663493
304910
398552
98901
592043
813907
860433
859564
947258
244660
812885
693732
912901
395388
734889
136575
275006
389047
565464
18051
911815
296665
468435
117553
280745
342926
996466
137567
249501
214751
74905
775092
554504
974334
329717
544576
812101
234990
205734
798966
560090
666065
842679
512518
117771
13648
317128
919067
580557
527137
181645
352942
360467
204472
291887
318661
753797
287244
614480
179020
729295
442628
74668
104398
718294
146814
570331
368080
896644
951356
25458
554122
971076
659820
977482
655747
467146
434067
83416
238152
839177
884437
452987
307720
252680
202659
938773
534671
681295
344641
35344
742109
721915
418163
888258
752099
972273
752451
144043
35161
224111
489906
303899
355967
183166
233081
40113
71982
902404
409402
664126
349785
597494
698376
661063
546725
295210
344783
316969
501219
962698
258338
351575
179430
59493
505952
469695
411526
713823
777729
799051
73967
132553
743042
792196
65510
31627
687339
854800
948890
687358
397754
599900
574371
307798
24750
584661
62937
337084
569713
591119
544851
529082
538274
217161
945339
13200
389631
946056
646091
38563
867116
83679
637926
96277
18146
654608
657109
838256
376183
295565
434972
917947
956869
255255
595705
663215
325050
726216
504760
452036
503164
957804
114614
693604
773430
326473
268336
57281
114116
684927
554118
793282
393527
126410
322770
665880
866565
709925
491999
566511
462032
310985
243656
812545
226065
958996
989103
607620
164641
335620
627862
622532
138596
50274
752797
383243
624722
420347
380505
604732
315299
41353
402957
978303
125015
18801
979527
913494
146527
500390
130841
408718
642603
314347
881587
8338
917457
211381
753242
860250
443479
882030
548487
930752
975773
845398
795742
967859
233386
946692
470985
652676
51985
878923
686769
149918
713151
99064
101785
223187
29092
988471
583702
965393
131068
1108
308335
925747
813049
569055
652941
984244
384847
872106
154527
318462
587739
716524
866637
970528
244529
601096
712854
562911
243520
835751
866184
819427
228580
903937
372443
488466
238025
368571
870123
183674
704054
80811
220305
302440
254781
145783
918492
2582
409470
436379
769009
788416
645459
53961
712828
375191
860635
587370
981330
555919
775078
913667
884453
623315
681786
759603
686627
269400
167296
349976
696491
338831
552398
952658
249708
762676
656786
790943
755932
623364
316695
941926
938643
272779
338167
384207
867842
979099
830366
758095
743506
438169
208630
230529
332765
104497
9269
302512
850435
742377
199807
293105
829034
127699
650680
779181
304086
458141
945194
818429
442785
12482
867408
242350
540183
328611
865853
703971
527088
466480
663532
893338
992235
10176
161573
710215
941123
264705
12232
992092
370320
191241
67257
333354
100477
452363
896808
536289
271842
940325
183675
511411
424062
626581
674011
986775
979154
598476
712984
214826
313692
886747
715962
22896
998703
805962
741989
772215
783787
760648
760679
135132
205727
807420
215010
38119
210424
668601
803089
846930
417379
359121
479352
144807
157255
528001
8492
664263
739096
130825
994364
338054
258010
788511
853371
821300
462003
382457
716971
573367
744874
256840
48136
836628
226818
416965
855278
371532
577645
237155
539111
405603
174959
56484
74453
234556
22992
956232
819448
576415
990461
269280
614941
581085
699965
45568
730404
399179
608203
940306
737580
281897
116756
3976
730013
462311
733582
131049
959889
225085
920690
192589
846240
702840
534040
519012
365510
755541
821166
668784
798003
61766
517333
114259
50800
716817
888729
567618
1513
330904
653706
141785
715099
772787
171195
639369
79899
609401
151
857964
908672
321374
21211
916857
467438
209718
372403
562067
912064
331608
463541
636668
103633
779166
769204
488102
395047
298184
439810
121194
597949
78592
120006
612946
770284
2616
667062
49424
127605
7279
11312
803986
659181
683731
215611
24813
834245
993153
446165
36342
20085
165288
637368
640112
557125
79435
230574
890783
443128
969252
554893
35323
165525
619686
676242
224640
497427
158556
396182
68642
466080
926381
126127
737630
990286
380864
873190
809132
916251
725820
196752
151505
733147
423272
763595
408208
624260
468722
915607
573568
206550
726027
99086
501049
241445
405487
185985
992360
605188
584962
698481
207939
491024
98774
482791
857238
430614
386441
380592
313531
615138
610508
796537
871335
947365
525118
926083
920417
317570
774582
533442
21519
916981
195808
440920
788393
886240
555966
830889
271310
421300
967760
466202
735861
691128
81551
396011
840188
999225
779091
916527
128924
968398
313556
44132
442302
417735
822285
997299
702950
339762
305660
7493
586638
295241
709638
84351
540814
440315
516344
20316
701110
839445
812777
182822
338174
854669
582843
881169
979093
761963
24640
216436
170709
995733
165561
916580
444568
855541
147705
833135
156196
210633
714088
534578
595265
23238
746147
128920
470764
88426
237377
279727
733156
515549
632817
320232
901409
261315
328767
203691
565028
330849
467957
872725
178985
28073
887518
520271
525498
498915
690278
147852
40542
602938
851485
30751
442606
448097
521306
70966
649095
359456
980924
925047
973019
669759
912332
483189
718178
372045
892990
104271
906799
982925
135958
846949
298013
6334
747752
149688
655592
160006
936119
876381
444183
112698
876735
84254
292311
358412
662159
785837
260964
205202
67469
232134
785376
490671
427997
166752
71174
955232
1821
500239
433720
820261
103048
99321
796852
99273
80762
842994
968805
327056
803922
347575
811222
434685
841011
295172
279553
574461
477413
981970
792070
530803
248922
490353
968695
210657
634314
940861
271632
743536
769215
895488
983492
967644
102317
495588
901938
323774
204153
430995
256118
743095
748954
330349
582556
227062
942813
253029
188336
675943
246594
770553
328561
885945
637828
871371
790564
783433
535926
215201
207300
10608
54473
233846
853462
458598
411754
347578
287195
593
410056
148333
43487
39534
322803
956179
348015
413915
423776
155797
795816
961918
622409
739764
319977
574998
516593
312874
641834
134620
141317
816735
148646
645909
102686
460997
324404
511927
339044
100304
577972
696181
609356
287125
675876
780969
472833
998142
578578
954909
970977
812136
43692
482870
117086
79193
710579
895230
997445
701153
469646
759821
854171
311052
260795
665682
922339
111616
947680
45635
981373
201786
676032
483615
730281
765664
567433
597596
911848
26306
451593
693107
825411
121521
458369
984836
669221
823292
278994
892070
882531
486852
861972
117711
929756
70971
210182
836509
814844
441533
501151
614079
616538
250250
483907
689603
220737
321312
555857
277884
162060
919665
125273
317071
946027
35718
398187
343898
163778
628656
829899
562562
858416
279462
976448
17816
868973
990848
575051
22440
288396
748623
28597
582493
369056
160535
384897
91412
690555
683882
324801
432507
734673
705377
269701
15590
298172
900026
516718
265582
326937
441417
946848
255750
505167
613340
989910
286939
459184
595312
834319
808231
542007
689673
64230
175699
540273
124210
384063
370951
337337
824145
865053
569487
951068
336294
432657
566827
713947
857632
85837
736243
279758
25500
178903
939493
574437
888699
457625
881229
687306
277342
160277
846159
784802
687873
104245
247828
148083
203377
710528
633231
414112
84715
134569
740587
317839
828499
112898
636435
426027
182798
985806
543133
81157
250172
853811
147860
82133
484117
258638
407712
299679
767263
724257
282708
739953
16137
1831
57044
581577
136423
695241
247393
447891
516875
691881
180675
288719
173628
348123
222674
722449
964566
620531
644576
27810
623998
710521
409414
604676
913215
352697
378890
201491
960006
871543
203178
402119
323894
289088
81416
210582
261097
724508
686705
630838
99780
77408
420235
286016
160246
944992
16155
496880
464589
918081
59761
747145
267957
190955
643504
102422
283661
606942
73022
84746
842471
907356
959940
77641
323356
422404
486946
815808
649546
756415
691123
315183
551148
586387
488952
239751
715284
27605
70115
763245
178311
870843
608642
727134
487797
616528
233670
234094
734931
597696
545712
346729
746455
974099
518615
998362
631824
889335
87704
104681
942431
76533
879770
713439
85717
306054
10684
968070
278443
6015
450718
451372
119320
62823
236873
508358
916371
442153
3644
682032
662053
802148
698132
786066
832489
284960
818710
349023
511843
755292
892700
629559
362299
551107
751387
349548
346965
642556
389517
944546
892878
765088
452607
519824
807060
252935
92729
345571
673442
976763
837765
230081
983511
314190
111006
491178
735730
932424
988662
933691
381868
71736
242980
628109
295218
119531
167401
519098
606718
14011
501661
939455
426961
658943
88827
996925
412303
978144
287174
662362
579126
599563
753046
557957
129724
531906
353474
539030
638981
922318
189803
92243
290174
273231
19107
364175
731545
784307
673913
533164
850597
33285
765858
80642
250697
889245
949766
888024
769501
212598
307812
262735
999268
410076
582946
919071
108394
238404
90421
500728
311543
364534
282025
837642
93869
337893
373453
358112
725891
389343
789951
134759
451486
922335
464912
821069
755785
107328
820115
363781
867025
464844
665031
466599
31872
570163
112798
600243
323124
268759
599273
110262
673306
340228
151075
243269
986700
518461
81943
666662
683525
830321
69230
19023
245181
383565
798553
678790
813990
916523
893783
880103
269697
61864
773795
969476
587101
883603
343294
101350
887149
537600
699732
805490
873733
540157
792142
534695
477233
836764
904243
503236
600562
53423
873467
42375
873942
637330
154738
47119
431986
565602
968838
128163
19199
805772
387757
142475
128463
616704
238325
194972
206698
103747
27561
915922
765257
997732
22365
13269
552302
50694
596119
875038
745054
584220
657562
698931
852349
530932
210384
260878
958980
124202
371219
268892
48545
268285
399832
89185
823915
105534
535480
738680
706623
111844
688604
271800
989692
560509
596805
487923
225433
31743
413878
658712
840926
197757
64446
89656
417413
297397
799590
536613
523502
267590
956595
742838
976313
39614
744152
946600
488964
538769
491835
850975
596737
385511
838626
361866
942706
423692
404282
767716
532164
65995
721924
660118
496581
184212
597212
707833
133700
705882
382376
946874
990276
27066
546649
102871
349532
549717
919201
753670
710766
108926
921329
225396
394882
701263
545261
494186
867646
114646
903151
15436
132356
918509
674165
14524
267176
370215
970088
331739
864460
156198
993482
588591
982746
280522
286907
585760
495262
425732
390311
883997
509502
790152
389455
422748
72470
328417
190259
22014
212980
892254
382233
710992
457517
501034
933117
669038
477914
539514
651158
119170
850611
968735
791680
334570
236358
626875
242762
673912
559187
356368
31582
980755
17223
418996
863049
334202
760531
282465
539367
441897
282601
433769
298156
992212
79571
335814
495569
238160
66543
191055
985817
841873
737483
102151
343870
811790
755865
353488
917053
297857
800079
976125
316347
586570
759390
499845
550098
8051
274444
295378
450621
753038
18928
779897
470556
990971
493834
910149
588643
876166
866748
310892
642789
772781
225769
164579
869433
348350
917865
630861
103942
741471
169382
805518
194225
759272
921174
862399
965727
680042
584725
499386
184873
492691
726046
822100
419100
292009
58021
441514
25257
973556
714517
736212
477360
811257
604833
852599
957731
827104
410057
473271
533530
475383
852331
178441
167667
833551
249155
814886
998884
749124
590145
762267
838367
647259
762118
80829
943904
609092
574394
664251
826198
484798
642572
762124
847980
228441
491975
618311
278578
893463
952206
541137
983597
274860
839476
807280
538743
652133
421434
927294
492628
924069
451366
866938
24723
788489
688188
705849
978590
231021
315356
314234
719838
14728
316023
275158
350093
68851
323247
764182
896665
971783
115467
356511
633010
331299
943379
237064
920817
8269
53134
630476
341476
184688
128790
309851
450042
372803
66133
956811
555912
750411
306654
216875
392117
568950
39722
482360
839816
753832
730093
831401
448140
897556
112724
582309
784158
517376
649502
355605
822355
106794
203028
928915
749512
44745
997286
878273
900935
527340
516772
618487
660498
849727
570389
622164
32400
997485
203064
912373
38353
857631
536725
350596
953856
161953
465278
427240
506916
194854
673895
570650
44690
523938
384735
674648
809331
178517
214186
330034
92974
351976
492541
961665
128754
533616
913046
77623
793121
684175
453109
364946
491676
85305
159674
467819
43815
288532
509724
16363
586233
790521
740611
330460
668259
865560
791620
595101
856218
250936
66039
982960
899363
675355
343029
926126
919514
451199
516723
64666
578014
863937
566774
648786
332956
259741
177138
769377
785591
854992
232131
952754
711377
267614
902407
827743
369145
956848
379094
111016
143153
45973
650398
308672
538138
908649
578720
914688
13630
50195
813761
205567
417082
767528
84046
718777
112838
706733
751439
210859
891235
228857
589574
295745
779488
398073
924549
47015
742344
50573
160617
908284
291051
478480
569078
436069
427015
869686
878544
972862
102547
271950
229972
201130
13545
779686
862289
732363
497870
132813
770343
597837
528159
268339
962746
246621
695513
479341
401234
609784
988036
730325
459218
750814
445373
773455
341970
208229
709343
155750
328348
866985
454861
307220
309376
306273
328479
6560
653204
439885
291495
803042
743372
621707
606623
351586
324849
218185
933616
302943
98625
865045
735393
250539
241892
981905
887834
594163
930438
83586
931348
421341
952213
162439
22816
213002
478617
634406
108496
856507
535466
945026
970374
760591
96851
578025
89431
952874
378050
160842
496859
51250
514152
228548
967764
55155
474931
881113
289080
304994
399525
106881
677916
368127
442001
167643
275839
590099
487218
934334
712753
481113
820968
864622
608670
313593
27728
639978
778235
801903
438910
272546
154700
60491
564314
898182
281615
863889
627540
193274
769289
634112
787845
338854
621290
25392
114340
845417
790367
219860
807649
679597
235829
295008
300385
276821
219557
629188
854231
650836
572992
851669
324092
416215
209592
413837
135914
720034
828616
289961
130970
382201
312321
601649
18168
708532
946546
226324
614880
720950
984948
663537
129464
630327
962639
290482
60458
232124
386572
111187
408956
184104
855193
665921
919629
986413
763410
884381
667694
946907
264434
992735
404186
252761
438741
749591
81108
324273
575529
956559
915420
593604
677041
369869
74893
772959
700981
430901
607894
372902
573834
237770
994195
442797
311545
131541
397639
934438
356367
708190
628088
245620
158657
107095
965863
166814
101561
153561
292203
305503
349313
349509
476521
827098
268747
294349
812274
216106
766234
937035
950521
697560
562577
313615
248879
524518
619798
237686
404029
693640
844131
321717
925277
433266
895081
495157
629270
143884
4385
187225
593170
589571
107248
37595
219357
894457
237877
895892
923644
333468
523571
554074
115880
982228
501142
682051
126822
42006
967460
434568
89860
393942
680129
347525
958642
527641
836894
725661
103610
72040
527808
232123
319005
63072
593705
732019
146700
148519
290661
259654
137472
575481
516914
711556
659766
699936
728460
269900
433738
527746
752789
255215
982895
943892
632286
995315
857225
592045
243861
588276
874471
868917
110923
9316
198560
413564
679647
576690
322185
650983
787084
597257
446352
429893
573645
213039
448696
244479
112873
174094
213937
259438
987870
967824
768211
271111
192366
293027
941367
345201
774528
237468
876274
105783
855541
758327
853679
174937
738953
697981
982376
292413
893281
193278
540801
403907
143223
818686
563137
70006
746206
515564
342957
320478
80180
909325
876291
593778
936100
151480
404048
598250
707733
773178
992878
679859
323891
783193
178974
911420
12504
143094
941694
68910
908438
539852
464486
933240
997091
324885
925605
233415
604130
916683
35283
146709
767178
529419
980179
236057
739445
906262
666344
776988
978055
65522
350192
15084
337017
231342
605696
373225
676097
465218
744606
67964
286048
688596
265429
632872
744263
20439
533177
721656
12711
598798
976247
759128
429396
337839
398232
539968
749397
45986
18002
81867
701642
565352
855179
114918
319482
108761
762603
980132
157753
180934
561628
545581
607666
790653
901345
474711
126423
705194
545680
632781
146658
815898
303597
482859
458438
856411
209701
837548
825399
901440
866724
20667
65043
162625
174035
339813
128427
305982
86321
440240
315442
841700
250829
294341
407617
984873
977438
372360
677765
503473
200319
985288
882822
261202
762313
352082
585236
827189
439439
937696
768016
717331
272560
29871
835220
226847
891357
905902
527040
49667
697896
663954
27746
559362
261252
684486
81025
859644
320095
209152
197063
887120
941721
988783
554568
711771
839903
550289
361331
876319
439081
222368
887380
5056
672780
697644
36355
80871
461308
206468
44269
593929
294242
394894
710332
629378
734550
316086
773606
360987
899385
691523
486351
264427
567730
73733
126812
456729
395075
987435
920533
81151
239239
257457
940662
761706
761034
428342
927699
722174
85061
305579
93413
820918
952948
423464
114548
993610
801366
442329
158563
659817
103809
645653
999955
974886
205087
29711
820981
218223
848649
912421
959024
345911
679934
562070
409323
133622
720511
643217
17399
977478
798475
156392
797084
401262
206706
229923
600895
964348
690393
36593
777005
498187
298441
270266
178374
784420
431667
190159
611592
372353
835140
146115
61239
746029
995681
245331
178086
782663
447872
4416
410085
257701
322530
220542
750920
59988
129200
661061
210959
722494
64881
16196
781815
658213
186278
152821
790620
721035
999683
340107
140041
244596
965642
415113
146078
262787
727877
965100
939229
795138
680223
305992
321233
458813
869279
132337
460955
304205
239682
421904
246938
44274
41013
240725
728694
648346
230956
889035
896010
58110
352610
154055
532715
672492
18669
273338
324313
323103
444669
688806
613058
809802
760049
642925
630957
397620
30677
796741
556233
288956
902652
280904
35155
802110
48182
85288
221598
643150
6575
916736
265346
507297
677668
840453
185379
159180
209602
640731
876317
311396
435293
227140
428297
557700
74250
345267
415279
811692
237401
81215
936712
628486
480818
377587
746222
243077
273035
304706
768866
705830
837827
887640
519674
108121
817438
349067
353765
228792
502558
315312
575580
984693
728250
667978
567719
686483
261949
288414
418697
894219
784190
875938
467466
345679
81272
988947
562719
8810
559877
505318
264823
133446
916284
351574
212068
810824
651619
203164
292196
438102
320979
265853
714316
598200
855015
968701
473680
160092
580064
804977
791665
72883
261657
780594
739011
766906
440481
202094
125530
449363
280378
325976
812881
699345
929005
429567
561590
755923
854280
25405
714773
622727
464182
381574
958496
261136
231929
579552
588088
164930
4934
652657
645466
127434
783548
192244
341225
136811
467907
78342
974867
743907
274109
841117
206819
887468
490348
766679
162979
345118
186656
106800
641068
668785
389914
289870
290508
741409
607747
610935
981202
238570
73474
387490
610360
67635
71422
19755
687022
465927
510192
338015
335359
86462
209315
574903
688162
121978
406219
604514
930272
329037
34624
87611
727900
649912
121109
409050
977476
82319
678425
613510
218643
454008
845930
407560
178432
29778
171248
668507
833286
843505
561405
954943
732305
907400
883711
770156
329026
21472
192480
453604
368991
300804
612538
877537
51034
940671
551354
3694
12732
831613
283920
804114
149934
211983
189904
434791
794980
221002
707304
298824
400615
336015
390078
689896
631869
159972
690790
817408
756470
66753
105661
499936
180374
239144
346341
557031
594970
629931
439965
729742
517545
239185
706811
518942
131480
154259
669641
601794
54746
431233
218938
871031
523011
383554
128647
697247
748919
446392
346283
873333
84083
293186
329719
644059
677815
326491
373970
517904
937935
41440
773073
509245
779517
394158
167407
112558
844037
201321
174825
460446
64917
240090
485561
268011
765582
363696
969004
972456
895155
405159
361890
90257
407085
396614
60642
627161
19000
914754
388568
650464
579566
5312
297964
313089
636782
650744
773503
371591
773545
96565
350852
111871
174601
144249
934521
982376
653949
907965
745601
356423
207461
388885
197408
747607
315351
478322
976018
404190
282956
831490
435464
639131
914731
138610
841664
77148
498863
26195
830144
184940
286455
238426
88750
839912
191210
830722
200719
619506
688004
229132
879386
511487
171266
788902
290936
765516
839142
105450
987995
120302
264679
637501
51960
500806
948153
491288
999010
206290
295092
18339
924164
48801
753955
953597
332923
284255
865196
566808
507470
612366
87
972226
627531
225366
24124
813886
153023
669427
798286
912337
315793
268940
278206
355672
524411
133604
491661
233942
441446
244521
510641
617228
564962
279146
787043
411009
497599
600678
188739
572449
846282
268543
817641
76354
53735
432014
215945
784449
855240
34960
296642
713547
390663
453245
579139
216632
389990
461177
233050
31057
144352
34851
535643
965298
952875
222540
651305
787595
266509
677314
668452
541952
592344
930954
799215
291057
846468
429611
438748
12563
131751
318375
38263
608765
178515
878149
246572
646719
441292
398089
352981
586861
267812
496262
847204
211641
787446
592650
661738
780478
870459
919799
993794
278937
624588
536177
527772
572658
701172
233715
392937
98841
358961
716348
207072
468555
753224
929448
266220
50771
622786
632793
333618
491149
890502
53908
340994
400326
915860
190632
724569
501759
329883
961608
228560
219024
110392
253754
942758
716906
935949
356456
606757
265589
115449
247828
200947
510104
189497
967209
556599
157334
946459
846124
864357
427029
978778
621009
946664
520123
210587
12842
88043
785137
77187
557754
849029
778313
278515
104872
380414
838908
573089
590095
410498
271244
136340
61426
576481
351944
869947
657101
712769
642350
233899
812807
70113
456618
110772
586819
556362
817213
581534
29845
462228
162553
707589
821906
337874
105960
758542
465792
101915
122061
883013
118508
62006
746114
913365
415835
651937
446080
46307
130520
595006
446078
844871
774956
156827
86896
17447
101548
106268
556720
472114
836396
445895
965242
495286
679569
141100
982674
424927
328645
913391
865216
99725
280195
445172
109499
493136
271313
386277
119908
331203
682638
831266
303081
715970
345761
510342
766346
845961
720209
585682
530872
686058
168947
969593
578457
38122
697406
566280
254121
938362
283451
208367
282490
925709
175575
501487
973532
248154
234074
498146
511895
378672
619378
935650
932757
614704
136105
212503
972445
272684
794358
2913
277626
83675
130607
849566
108026
216629
63196
658264
861202
144561
610342
781966
699423
463065
278638
652830
62983
518982
980922
279180
567998
76990
805834
438769
959268
442022
362313
847106
435596
756774
418975
507644
686168
608856
832675
390569
945856
732523
941934
532562
503345
686746
452746
322241
403666
901381
507338
22706
621793
843625
69491
581846
415484
897537
847256
248579
524732
266616
209539
886587
535676
708809
480079
371990
90871
767285
743635
713999
649167
510624
597049
588073
284202
57289
871852
353148
990135
958884
298352
583328
400975
705238
679691
665140
281142
690572
971489
343244
631808
87545
274397
884917
965840
832682
159371
546277
170364
369991
905668
487748
202316
647528
273280
759249
441314
281297
367567
821939
229875
720588
558819
650205
67827
703522
420613
633052
499471
833269
445864
276224
146836
197821
599707
120421
405421
284445
317591
237021
236937
211745
956728
28539
108699
223703
65854
770747
137478
91448
72793
47850
876879
236905
851611
294643
662687
839718
665472
189164
595727
760947
464339
983324
825368
337535
659262
41846
553462
171383
412464
978244
80216
20149
224233
865247
145984
642518
816613
423130
880125
846250
46627
442687
908163
638532
314768
39793
424740
128304
5397
346608
441005
995908
451578
593147
793183
102479
287093
68944
742281
428435
7567
634559
203583
246850
299709
951609
22509
979640
558180
563785
712041
285380
613463
88186
461049
875951
802642
899458
45609
25998
993216
157605
656416
210599
507287
5926
887822
345022
583327
888937
813634
516347
350032
680170
710744
732729
676056
995476
523279
821229
723451
934463
589753
260593
930325
466121
573067
605420
907323
799696
908372
701152
158016
729737
857675
616208
282387
570176
57473
113612
391750
367852
540853
973275
835497
280174
497094
269763
891605
729766
731459
129655
640644
792690
822238
924702
628509
634628
445824
774524
211279
731487
995254
188543
44883
687214
110792
825704
849683
577601
97002
904980
216553
202341
106636
116071
812928
648606
858444
122836
664279
752323
457484
805450
846948
53943
732765
70270
444309
574783
879770
555857
6193
838661
787794
718111
453277
611368
192669
929315
916923
5438
891407
735626
426541
4775
996811
453907
320503
207375
825135
527967
975107
12799
963949
389530
31357
150112
757369
10054
294558
123470
866334
845473
696519
449429
306092
560371
481731
185995
200972
507510
289007
959754
82100
321825
518774
442823
333173
239315
642612
516116
391025
642905
49916
336622
151851
539548
905909
193732
461943
32298
94303
164805
744912
654623
768499
630308
281032
398191
321321
887979
405210
811219
12691
421561
212251
8590
223911
71706
363983
74139
642714
594753
449944
870197
883687
8612
381130
574914
92014
614068
669530
111453
519866
476728
495028
238015
471387
356485
774059
327497
913650
157532
439499
528816
217995
303008
787850
86597
780708
888754
411485
508448
162956
700715
148712
196456
565735
190773
765453
675714
221582
745286
956006
910484
361043
523642
323725
275253
789154
556813
698904
65203
313283
273522
553058
594240
169211
555474
159812
140793
932178
770340
116387
727060
166960
786277
980323
191526
918625
465141
486842
895567
504184
180814
805023
104003
851407
198561
937184
657973
673452
258895
438035
400545
751167
159360
587940
98231
463559
587748
354510
590751
541845
49348
590309
109
400297
443268
293711
409379
585080
145399
682643
213917
410895
465311
98633
992989
234897
962239
525809
526387
632476
27039
99424
468105
918858
508444
14485
208009
472148
252457
209002
877163
833552
909606
218022
966494
728731
240475
929199
710546
944977
746257
835997
533088
889593
971085
267177
858583
81598
801002
400836
297060
803096
696530
64260
67997
600906
709336
275769
222762
477636
593525
872926
872784
963944
117086
629291
648667
674025
319486
852296
822760
251408
737941
640539
969484
245977
824685
258498
123813
970618
196020
573341
456443
705923
335355
658626
356817
815456
123210
575316
153934
537852
678237
262253
841411
604032
404543
640632
202201
496697
448642
11292
339480
407512
876697
81171
318486
39698
272658
166425
319802
438504
329522
174079
312940
836481
756974
501662
134811
466547
193732
71913
859562
431648
772085
847004
752120
271677
709279
850321
913034
476334
851770
480625
571095
282509
918511
243783
780785
515402
228304
260336
794507
131244
884216
528303
580139
357558
652992
559453
569197
471909
425563
935933
834225
526933
918351
260014
978018
738562
195153
850489
445860
869676
44091
475210
154137
184852
359788
955516
666192
728740
839356
575885
324043
967083
46938
38705
434924
340230
15237
908098
833851
337050
580835
878164
938582
600125
507649
305063
899318
802548
480552
961654
954650
353687
377496
166892
62226
390929
561252
252086
685929
109188
73129
874099
819376
372105
589164
625225
341347
393493
243152
588049
315963
721207
907760
991090
333583
61437
284895
949579
603495
3703
683321
617034
280799
277203
527590
208346
54901
314535
447851
995769
895343
234190
806252
841511
33708
461225
184450
103802
283973
973383
56949
814799
222687
64031
456406
160795
354256
713338
182716
487775
646379
673006
187993
334714
13418
979332
886327
804376
299255
830011
461077
934920
454039
589158
677144
527852
332531
873712
704624
507529
930500
498944
547016
666366
689371
589687
492009
595090
522763
431190
723116
753766
622900
55549
811738
208777
284396
236558
151138
229034
462155
588976
767157
332392
938323
924336
181442
959366
980730
103169
432777
928506
687510
245796
708958
643492
869540
306275
28157
634844
180917
213559
212868
635940
798774
668297
12753
635453
876570
842005
81272
119061
204198
556139
70497
617245
954713
146575
660989
604153
41397
900289
607843
302097
489262
981143
787851
288389
10094
95238
261285
616125
33027
285503
441751
412381
421030
765045
660882
976472
386793
346109
254416
82332
784508
571407
781100
638059
436571
971497
986717
45834
177240
621011
885968
613778
192192
827325
337058
512675
442861
632580
935735
852024
439016
186003
338041
67414
769336
552294
817969
392031
447372
511210
23227
17219
361600
98369
721833
226966
980175
816226
651447
378428
612758
327324
264294
146496
153409
964922
184375
245508
143124
400066
864837
410579
134232
97688
446975
912850
689952
479616
465985
290837
937014
182273
570255
524943
274279
933668
189678
626913
158248
681436
589278
391315
31716
186303
790711
150624
800419
15346
334750
496555
688152
626340
964325
946960
117767
938673
948221
92246
550353
280934
375704
302592
570269
584100
482911
738498
18597
298973
654925
98833
291162
692220
306790
991763
151733
621793
768728
5366
515676
844746
394796
386333
684589
285325
990825
684596
169
82241
496326
971620
94720
123005
374089
383906
254453
518328
688448
793634
786605
181264
167195
359338
933978
79206
420708
835777
136062
829734
264669
802758
28703
818468
64693
689500
275718
893730
694566
97731
552371
773230
600174
896834
654688
21160
268583
512064
694256
823393
196421
912627
570356
121119
13868
296431
729946
949310
311148
261920
747891
46129
659034
423123
959519
254821
988364
83886
437720
594758
193520
193856
230359
884826
858121
804723
424486
747788
621064
512222
633027
963204
201155
966583
925806
798385
987220
901286
750928
849576
763089
466164
407240
113254
336675
163938
484115
198577
703749
174102
486614
328349
859867
13937
802955
143147
601324
717244
895110
622540
793150
825280
570659
166211
89805
585140
818318
33128
551143
157905
622511
735112
723431
365250
826864
863914
617356
631223
765676
812013
500405
639129
825141
934797
395195
281560
471682
306692
39915
671135
483700
827981
677662
572713
503683
889411
843127
940909
29961
649384
969401
403573
881323
181059
595330
766477
681568
254880
759720
831510
246239
314619
893551
958266
351273
312183
770852
106362
257264
780873
784664
399779
903715
443442
799548
594783
141975
185577
243734
917799
681107
590678
882526
359766
953528
998651
615415
324121
340171
351086
623885
9987
318561
278721
358279
71741
204774
376386
553257
967194
198345
220125
806090
515977
468679
618784
135660
556772
664019
911767
411645
84901
993695
480086
911657
535735
365514
62613
637466
573354
81830
575349
956493
205569
538276
120929
360082
521574
77279
820176
996256
265918
784129
81446
285394
930582
816598
499066
238594
708476
948779
422835
859905
956139
292706
595595
547504
753502
608470
124405
711550
496069
924069
194395
399806
454037
438302
498560
63779
847226
958536
445957
485723
128232
428173
551047
550022
804751
600642
191013
563026
777133
829780
524447
713973
506429
92688
512026
778821
725389
784206
804096
487863
967981
386107
299332
574194
322563
981634
803779
306063
108668
380759
395718
914736
226077
12576
520548
672122
705335
986048
29444
677872
801017
342144
492865
237
169824
840732
838118
391550
589449
839464
502680
834265
352102
863901
793491
302910
92303
230852
464588
828201
278704
99134
503670
182065
363425
440622
936289
217024
777555
727747
434556
164591
227301
991845
288827
98302
414294
580987
620180
393005
981077
65111
74787
376633
489845
587647
391085
73782
76156
492505
121537
223302
566491
270450
931642
752051
665399
808875
714530
850863
218918
407040
454705
270501
434229
17910
256435
262395
896614
471841
161031
884711
193335
216527
905475
703851
674973
445716
368501
996014
395280
776307
931397
627385
93951
100582
992566
403210
465381
653131
415307
352920
123251
347115
998150
411748
1197
225895
761419
306553
612113
159233
799844
347712
324401
447940
714718
77378
254114
38225
32080
608378
178189
729224
648443
125014
732323
539151
354829
874698
762733
297474
612992
36177
240449
236663
201247
882242
501264
618092
601833
326219
657245
937232
329294
860172
931976
318891
798678
190994
46600
662442
69345
84398
218616
753547
127049
996850
579016
763169
173091
766919
960276
80964
443749
219758
524561
817881
969249
412241
361700
372986
907184
681733
634189
862849
537130
923679
772928
549238
965969
918768
939924
331602
649421
354334
121364
312432
307538
550944
660020
355023
796190
954453
106973
498118
882398
913346
663017
347973
817072
834790
279659
974275
875395
338364
857573
141770
835995
992909
533533
944411
492465
309423
337225
405438
825143
591453
5031
288619
303225
345012
821673
269454
983263
605960
936718
20795
228879
200673
943244
125038
71983
798037
451177
74685
867400
213507
497577
853852
17670
293865
644962
101901
607580
405411
198635
606946
233412
647809
463795
981552
872612
541507
749870
945810
951692
683700
928681
768471
226012
769568
420543
238409
637891
905522
544612
836379
986722
200559
845278
113070
611918
763721
958548
124480
678965
792033
63
330737
613592
821596
700541
837555
574518
588256
244036
758350
580425
762604
680115
637902
1321
108370
521476
448778
572495
418705
101854
162769
467637
650899
612487
469106
787992
213823
735223
245480
863263
36668
318536
174112
75094
57668
984457
589481
275667
999200
134897
481015
445113
616390
784368
19540
91099
463371
595681
260068
127928
100038
265756
537747
482916
728771
837481
776093
24264
777825
363919
977145
357184
341705
204170
308771
183010
545035
698202
841989
759454
591510
940664
737409
8641
221332
406884
38749
706772
848160
157913
121100
218721
356645
837218
919829
825557
158868
727111
753954
156993
935809
394143
556584
310843
636635
342217
107949
341985
231174
742262
968187
334333
241047
101597
14303
61700
43435
78994
965534
247033
330340
143921
786294
255151
73601
142132
433036
10091
199641
751972
631351
328039
921652
264813
12903
145203
302086
903626
97843
998135
184265
947103
353791
445267
577846
51109
398726
384167
161503
575231
83658
437806
951916
20076
904277
502021
911344
326102
341610
666122
689191
612551
350413
664544
124623
929019
531948
629902
882079
636624
164457
73799
806824
6041
181573
317508
199943