841396
698979
861382
133514
68295
434327
982210
306752
560288
708777
18762
641074
802979
268899
529244
86690
355674
322736
354570
74652
561937
577688
140201
433215
213794
285015
181794
184683
136843
110552
501669
6729
259771
42451
949438
617265
558764
230080
898688
798588
846889
410166
609053
28840
787889
194277
298968
204641
584948
689196
565777
715186
715834
879256
352319
715784
748771
387962
419325
790494
285321
671204
851899
716170
331905
129344
364757
695588
3329
35532
791040
493262
25883
514486
994208
743973
444071
428943
267128
360323
934208
487791
286393
824621
89125
381734
491963
13984
517695
483418
38409
598323
975233
588290
234966
647465
756139
972286
977230
921749
134634
107792
611016
228970
765850
892731
728407
249055
895467
287734
540160
655547
469281
450125
496837
413762
67381
244757
715296
721532
708889
501514
969804
745502
177817
212615
841404
749912
441245
799456
546287
828730
456011
795871
113243
48963
187785
345242
614918
919880
100064
699181
442996
972286
402556
386138
512571
222436
467984
188601
3762
243215
120342
165405
566280
464851
762292
292102
162353
781643
103418
554108
650426
599494
875592
103438
121214
370126
14925
356455
392113
353174
462186
425609
562393
34495
549940
320169
790173
530823
110360
494247
90166
205135
259866
856745
121282
363911
36534
619731
427063
276280
404199
164580
125428
614893
131781
885232
614323
346751
248009
732022
552923
631100
187948
930653
785138
391475
166958
523152
753264
719327
630259
958963
560366
51182
547272
750784
457342
597292
836419
912387
291732
73105
51015
261230
426017
784547
751910
771802
697920
556873
107810
892827
523209
127790
674764
381310
465412
737550
618382
509793
609016
867873
116356
614639
774305
898400
432708
930231
293375
419256
101886
917161
175563
701642
438655
467628
750917
173597
998480
178846
394408
524065
568507
600425
333311
887137
62253
133886
5265
473412
492407
62706
831672
299967
56303
172721
929936
713179
813235
383203
812554
14942
485325
264921
397216
813401
638898
433012
771235
26893
668709
692051
480880
790715
158329
757622
870529
411783
948019
34356
695071
865416
450253
607061
989493
133487
621463
911757
528257
648209
136633
881814
492707
391698
512083
100392
762264
631536
996485
242776
540480
23657
365322
307594
918875
794058
318335
189524
271954
23382
264834
653553
450738
733967
3957
193951
238707
63651
842850
258838
334071
347446
934265
261221
39182
516360
126132
845034
212662
284163
171355
53869
524256
864164
365923
760729
494189
711939
61170
16089
898232
117696
675518
238668
680076
805260
644051
703460
775350
799889
994931
133792
934070
379135
41175
612003
227407
381813
402324
383601
665598
639240
172761
239047
876999
799474
701973
611924
983402
176730
122549
423383
800501
154491
809099
795798
274867
141172
313674
852664
339650
382060
903342
314304
176194
604128
245240
807590
168041
966667
676503
769044
561524
186609
290595
690618
191224
715207
869058
322958
497751
475330
543533
608099
29902
829690
432909
627173
986794
650747
748927
259823
776410
437993
558583
818505
722656
188621
460032
43137
194402
509760
744097
383780
150621
741746
698460
149401
624633
870936
426640
384923
451831
68272
614718
571730
145926
629490
367848
777420
510837
261588
682005
378908
582532
804026
941042
824847
935187
970425
104722
644040
492604
226823
25622
619319
324924
811136
757736
595066
532428
644567
32865
109136
611534
78551
702155
669750
312611
468629
535808
254624
632409
558389
361521
6677
961474
734037
929987
223911
939359
116825
360531
402254
903035
956436
702554
44961
770645
262991
640556
341552
764918
866938
499675
633472
381280
681325
696824
363300
430055
292377
135801
127732
336665
212175
1014
12909
61080
955116
744014
93029
119241
135969
19750
116841
111717
535579
565393
94836
764269
143251
621068
997646
182906
161395
217568
624320
6962
881571
149610
823983
919191
729968
435895
594973
14265
843993
995593
486583
456716
213621
400055
450011
13140
467268
989296
793131
685948
169872
119519
596871
92615
731519
71147
812522
289310
971704
18902
546787
116295
323440
448069
355629
90934
162704
275614
797805
858238
97541
615821
712777
981280
151523
932770
217120
384964
105207
608852
980713
375942
245991
435945
565355
747495
840392
804269
271958
496804
627645
156127
343101
240292
258630
842220
858481
37770
974316
86035
24123
62954
662599
404327
761717
349593
869355
501683
111301
147614
834861
787063
188279
999108
779029
743505
704630
809745
387426
542071
595879
609809
771892
489633
966691
574027
226330
577540
855631
240533
987064
685752
853209
828676
154581
598714
941264
933435
139583
127886
777376
847524
853659
919613
117161
172093
47309
380412
78268
395274
563328
147309
68337
844393
766098
339582
389864
685826
892191
98992
594586
115868
890793
78194
42779
266317
297697
257195
730734
978122
757524
96471
200324
132060
102965
592649
291859
174516
862147
454542
685584
921301
338199
561266
105289
193327
745676
645468
630688
596556
500747
74836
547559
311587
112433
541157
906837
9674
480608
861470
258019
518793
804319
308658
524038
778058
18606
133503
607369
562348
377899
183212
589190
467318
145754
89323
801984
230952
6613
691550
475488
709230
552271
491478
954187
975406
678470
168630
951964
178816
132037
171382
29123
58365
302163
783299
469305
56048
860412
881348
240799
527466
667769
137912
466227
456242
356542
743803
185453
230489
335328
107303
416764
592362
609442
469975
57304
189824
263131
802951
971716
665395
468869
73175
364514
559658
330660
755247
870834
786452
526096
756092
545193
359666
807201
717591
710634
299467
798327
484039
397539
368323
23396
597277
770375
228102
263030
219006
86819
413087
451556
288446
915807
703717
678675
646822
87892
682836
117190
726872
133636
280505
42273
227082
209530
334727
690328
297966
475455
943880
745337
30066
681142
77229
276242
815139
877333
499654
260096
160428
969344
635341
770453
664445
184707
763740
213093
128839
889068
369727
555693
247267
841155
293284
892641
965586
433640
541423
354001
740191
749831
448170
438327
122593
617145
584666
921183
934429
648378
176172
307571
773064
531203
991822
580898
777897
797124
762523
260909
839453
324800
640750
150414
193653
929924
475928
605061
282617
434693
199980
616640
91920
376021
912055
459045
709431
360770
567309
894976
977967
95051
202366
5636
510964
583808
91240
542400
671847
884789
597606
233887
776333
206306
673318
388059
649648
270682
872665
143104
995811
321446
17603
93849
647715
650174
853042
668217
225369
63203
507019
96103
294909
752604
871103
70951
988948
764043
350237
4513
557017
27434
417090
883249
270778
977576
223659
182090
769401
561306
302571
7431
467187
979935
290167
626960
685502
732309
34207
96037
249451
194546
712088
598346
280106
540352
849780
428047
791693
126199
428594
518779
944805
78584
309746
76053
794121
513060
232001
142
918453
462679
949650
854222
422798
777861
302606
604697
980611
803567
255874
363486
706640
666497
360055
549212
241116
62923
671455
368561