538693
506675
267983
978779
416669
672777
247406
709069
923969
872013
217590
207008
308385
860349
381548
51983
978220
684744
24977
541247
454544
444014
324785
411629
668765
322483
88472
556918
11847
262399
221348
829762
591818
357717
598070
191054
808744
64814
259522
457109
751374
929202
697926
14171
357973
253138
602520
728278
147172
788420
159831
183481
261810
785692
755843
902622
870697
412676
5609
462543
342566
818904
964919
549488
844125
989280
45870
563277
341082
348523
749237
972092
544674
650500
591497
264623
787960
629844
576018
958168
942907
578836
701201
437625
318252
905196
191478
942791
978318
167917
155278
841210
800486
409768
137242
671092
682658
308841
735803
542539
668886
915219
810377
780085
952289
937433
209090
740495
783470
52950
397983
969866
586711
114634
537346
100402
655459
134002
255244
570588
34992
909891
323788
339308
751916
482562
198610
124608
245885
124931
687713
26557
91649
242428
157826
1844
841135
628805
781237
182704
115036
240238
38467
474014
483482
807292
602031
126362
758651
95170
999883
713234
28723
281497
316390
787481
643547
379772
44579
680138
251410
910914
313253
762327
109566
854392
222502
730093
982896
189466
478055
494213
464294
494382
178882
841482
968362
543038
497435
760098
572567
950128
595701
390940
38651
218883
968544
386164
508248
225064
39888
946565
809541
945979
117130
872844
347058
326748
188727
139860
63496
659247
880091
248644
676143
272236
812639
485825
237161
405731
323658
216513
163611
338512
570638
74158
26604
119958
380991
681842
78918
967324
39518
151525
29946
248129
737492
835473
323584
528125
937850
753566
372060
636565
929429
762399
104347
299130
769247
283447
450237
62655
169216
585513
551149
196918
23708
288508
375275
532966
55046
977735
506954
160746
433042
444446
999701
720873
609415
72025
329933
938605
548723
759293
911182
332898
717337
119306
269136
839213
165318
34913
987464
333031
128258
801103
613294
656245
684449
503546
973338
976133
284409
567910
237832
451751
855981
660709
907258
222725
451176
925081
897084
172417
220774
967463
990467
563818
301228
144314
673647
445402
779032
513009
589232
484846
11475
933030
390788
981475
782242
334620
916382
440906
349084
307716
942243
769255
277302
445356
315789
850412
537146
958597
174322
93837
623126
533263
437599
131008
874513
878755
997790
898067
253400
551965
386904
165353
198199
961060
785491
942866
277987
414103
918299
411782
580276
974933
22591
705406
172143
354281
353523
595824
113601
448528
514387
653669
313481
88553
809031
951544
514828
70073
771073
623341
804748
723415
531875
478123
18674
388154
140606
360407
389288
510301
338486
569743
678339
647116
371265
181440
685150
511183
635214
700325
633858
197744
578
769884
33985
221289
407517
832870
121634
966895
586363
332859
243638
667989
615991
824584
342921
303583
862698
14279
510708
995620
854097
110392
352656
771550
57101
689537
9861
980370
747779
513631
750784
188118
17379
445192
527811
880772
691718
642207
95702
873850
243569
561363
435611
301066
625143
859413
281535
866693
343674
695860
9292
13343
682705
614870
312668
153279
714566
401557
431656
793446
590966
853811
997823
426105
475611
445116
716370
646764
812775
990839
175276
880909
950598
523848
205182
255914
880454
144997
962264
207905
342803
657459
218932
862850
613531
633596
450029
217506
541008
337423
299341
306303
158284
969973
743747
174539
401230
794763
77107
859031
961186
927297
883304
803421
356127
772462
97893
848170
800074
436109
483929
652262
283161
718936
957168
246977
40017
757375
535430
288188
414864
851333
274742
595537
591207
620536
483089
377921
244063
156235
669355
676152
487837
112721
360271
394782
770464
238360
520210
565116
295718
761760
462469
556425
40814
289399
724484
606993
637465
466738
557483
526529
7466
759369
667560
570705
961068
525264
171372
473934
648307
57422
458876
962051
318970
456060
95524
802499
185516
106011
417354
658070
957118
522802
205280
788350
484921
529443
876979
450532
303637
435945
380065
369316
212033
752241
793511
420338
36800
580049
575896
398439
714029
230377
774122
69100
14495
329557
658667
100674
868391
941644
616401
357675
191350
419416
26734
853112
190428
330354
30594
669040
548203
33465
786987
659866
919098
900367
515831
61224
231301
445456
56858
911296
433010
572144
577531
30695
218350
596912
329448
778444
950326
752253
838122
996079
542514
943397
642932
308588
221819
48310
922357
848168
210557
473333
877837
795159
658168
509496
966684
405095
50017
316257
978485
762828
131941
182455
352177
585001
883021
385250
629600
239448
942076
331459
955867
915542
639254
634926
740341
114702
769339
120965
954128
665792
175537
999474
40459
147342
134880
35968
197209
275747
652726
195543
485101
50304
279275
187410
770769
673572
591775
538943
400342
159128
244639
503218
145190
767572
806278
453190
656373
886993
274496
726449
775126
119468
770346
688195
52586
305204
536277
836155
105587
529104
917546
702662
776390
447760
691879
123669
627167
156686
818567
980761
167375
16576
233600
521566
574864
918622
48998
813377
135737
181866
793581
488272
997900
521377
388299
512572
211053
655420
313340
73661
450350
372771
232607
934787
558277
658543
425470
494164
288607
101658
867435
976902
84237
869766
109893
80795
341469
540646
571354
384692
780484
908173
112102
189940
469430
708241
564858
247026
975704
463644
666232
329882
370637
306767
659131
927713
247725
192146
966739
917026
639380
255164
618734
570970
163158
821660
520402
834493
429008
95650
535942
38386
575834
515757
351953
502770
708376
18738
378586
313656
837104
66437
88558
888678
573462
459976
403936
621236
836802
461869
756427
27797
512515
637609
987571
921832
149677
213367
428618
590423
493870
54149
618958
844240
527935
761279
493007
239774
250294
583991
402511
436067
920952
144814
65282
887924
348043
802498
630644
456465
706889
43251
46794
909439
449392
223379
705440
999748
70295
122634
75282
563327
576699
491267
127574
995041
508216
669239
740294
655436
355219
738388
751484
685894
110644
174025
247895
916250
763505
884529
514906
830539
487685
384153
475571
791990
659935
324912
748632
611523
423895
491274
868941
623687
286779
465808
428483
132346
595208
168392
903706
755216
74164
357949
908871
369526
259368
340491
463121
574762
308107
201
350901
895863
251898
642899
392554
730956
696276
513586
769727
456888
758769
492523
333792
735237
266162
309665
971575
83886
139315
308903
688686
36477
547165
286310
518419
307525
305881
700391
617109
582073
613727
747134
156587
634984
950956
978068
680660
653462
326994
760783
463289
161080
82729
690848
954734
453835
159011
20328
657495
133073
423165
285704
319591
435369
791058
688260
955460
986954
774154
838099
818695
197148
621871
592709
395615
181875
153696
966353
682453
834088
157534
664826
32746
854998
855044
827230
79708
622
409747
825371
283975
987576
914091
493534
721193
123366
169750
490889
961406
975574
431423
151808
45322
250853
482112
352401
877877
549674
411609
955710
941264
673046
902140
349031
591477
633446
844164
396888
235597
880194
599110
137453
688876
541622
693952
773726
451094
444362
386927
719595
926757
921535
879164
253477
28034
462633
663126
125782
998737
604836
476123
513870
825769
34868
532783
863883
181440
142717
371056
499652
985062
138459
961856
197650
749992
592095
964737
888892
739349
766823
644895
954397
884573
167769
916934
995956
31956
914940
926965
111880
836758
833266
175146
426614
969157
274966
883389
940184
176942
464494
130889
188436
713290
714573
540485
305534
368992
995528
182448
607595
762632
443794
809515
230163
472586
402807
675616
516322
84772
329138
548640
13019
73770
385579
690699
693289
748360
343056
745512
664580
822307
325326
269525
901052
955678
269036
553304
992294
312121
262532
332179
886112
509267
753376
224918
926337
736592
573485
621647
422754
904469
368350
784476
703556
224368
45152
881345
588444
970325
705269
484725
375234
703748
308080
38359
259314
655430
269388
365822
395068
198549
44072
347821
889102
427867
397987
599718
747740
451539
285008
846997
128425
242380
388950
232941
970741
687756
860839
489361
237059
663259
984936
225158
740659
101544
318419
369703
929381
519360
643771
672438
214682
55175
607555
976554
85060
951408
993949
629462
604023
397491
197432
714475
736172
153581
280727
134948
141730
669779
105277
739538
737055
557396
727876
285828
758293
202955
624718
622162
312799
782110
76754
875846
976106
988598
57624
980584
155889
930011
877504
85669
974240
658922
588412
907291
302042
992822
55773
709316
791702
317561
271883
875708
717732
916021
684175
867504
998094
625964
947146
925029
996057
559480
963401
542050
148203
251464
993648
128380
972358
262711
354706
358588
10162
567306
355491
682990
265785
928390
949189
291593
831052
382956
927358
744118
512836
972435
339595
896191
693058
610592
169742
470805
991223
448995
621858
774206
698047
175505
953871
26073
822888
417818
780505
102607
121298
720167
661555
469848
484014
794034
62353
175271
920040
952833
85979
529395
767201
62528
951101
507299
548053
305914
810139
421718
904988
9716
858018
913164
486732
730150
688186
968628
842619
895895
320791
97490
781026
393235
454895
428876
622493
252556
419142
160210
777934
934347
694436
270313
440738
906513
68905
663250
997740
422030
271991
609755
27053
722173
160973
730113
362165
29338
304500
794304
138274
444929
675409
980346
662983
90149
549531
266943
71785
777833
808999
984447
244643
933662
405600
206857
269161
869402
222930
504127
75113
920177
450277
640153
508493
169747
988902
242130
657693
373890
72641
901618
503874
92461
777995
392249
553317
935790
92860
873317
405558
663773
624058
569953
135433
221007
815312
546250
202842
523823
326205
754974
704817
704822
849577
107459
51809
85194
265843
147186
191210
120305
725733
7102
436414
801904
305673
307141
649825
426180
868117
292529
992553
932860
392513
856875
917989
196849
329209
422430
885722
191587
373486
833443
737896
157682
571591
116942
945676
716726
452534
653140
186431
634171
517221
967448
709691
691100
485710
128209
316829
472954
369706
906200
183910
689882
397249
869971
149851
362649
878112
274490
694093
271244
242345
981379
84275
419000
881028
434926
258547
26538
409908
540655
694655
455541
259012
891507
149980
646150
810143
64656
743294
484261
680639
310926
170512
506058
513982
438924
934416
570714
165320
385873
815446
93437
273138
645808
397364
412636
960867
460823
860601
725244
222192
718196
807888
647026
729734
767619
35270
79234
531008
210553
795049
609432
704601
627142
350283
215650
323963
732619
875686
648
56822
711704
403545
562249
565900
949280
209233
520307
795049
860796
473731
655103
394416
912856
601365
772103
318832
315390
343516
663460
96245
936765
97280
536424
200123
954997
914556
95797
380798
832834
247810
480312
758125
128515
224507
775302
23420
729734
101548
130449
985816
990418
844212
525510
976822
304208
220274
121543
753349
581718
395523
531840
235394
50385
631273
453032
5865
620943
878983
720470
562505
605543
179721
147837
617649
324933
862752
462534
496774
316886
425195
319880
404150
913548
583665
382823
96391
843022
695883
86406
511497
565056
895903
616810
149482
620074
528710
109932
845992
113479
497039
1434
832417
709741
858333
327340
396614
500307
999723
436446
291502
329092
441200
861038
807559
308319
394334
530548
833511
94792
454916
164697
704448
34863
564883
388469
768946
85243
543741
531145
97723
620306
405497
936022
118025
871175
877667
327448
34672
998625
736129
762914
292599
690372
657505
362007
487181
969343
864542
281986
636569
670001
525633
245395
873839
640920
873859
184311
599390
292792
42736
728210
688038
738276
766952
574620
598663
195500
671936
355413
398388
5091
405189
41574
352039
282379
423520
281174
169678
615263
132117
868901
950883
146493
953510
944393
446809
956207
600724
584834
217138
974293
802629
676252
599725
523120
209729
244033
758301
426189
447382
1208
623573
661644
11164
374078
876864
587595
720531
74687
562893
390644
183400
993329
450951
709409
913623
250510
917442
424103
874474
217132
254513
732486
294239
810106
761301
39019
52263
376089
683664
111071
296203
288148
760600
506768
642537
409214
614407
196410
987869
604071
672654
91442
954811
888250
970698
701455
548984
223414
554927
755509
39592
186119
100321
729855
159713
200576
742497
633480
586495
657528
611108
680919
325569
613630
111680
588965
961425
624954
703487
141899
785185
840161
181590
568460
619057
439636
586095
858045
956525
485270
158243
648525
656882
933736
540996
559477
854833
218051
768213
581245
449516
785137
816925
116519
772510
1673
969232
420861
733048
654661
406382
262002
654021
278146
566376
468855
92142
562643
846716
485469
931738
280641
213666
605218
578797
144035
666014
399706
969074
39766
472630
584315
119635
509466
789118
847941
460933
696521
882703
254156
398720
399285
74070
258596
397228
1756
956872
606567
855832
893898
577907
905701
860963
846476
837168
358377
292029
821516
197621
998308
448904
964558
102599
673721
500696
349190
644492
274980
15577
420883
875518
97096
270672
85596
308604
718547
845114
654790
602875
605392
902800
803343
577177
746120
855980
252234
570578
42518
465413
539255
52107
809606
891286
185726
912140
836585
179870
45000
761803
650616
385408
622395
288611
503714
541450
692176
326052
576949
784722
29074
82755
203685
29948
402036
70514
463163
552601
229967
707915
556636
536170
638264
907173
993780
446082
855035
875401
175744
708297
167798
372799
905782
803805
352019
894209
236433
144082
386851
647377
378812
179610
461652
119718
380762
738048
58831
291842
325360
733326
278320
279263
893232
17807
80291
902727
987427
370415
55767
786947
212914
38846
982754
754859
451600
927379
581617
250653
602311
943181
586602
826376
433886
134517
881120
656296
112228
479551
690994
306060
564893
352368
370945
113874
437062
624345
604683
380469
132485
806401
99625
615101
208050
535777
533089
283413
890236
509704
218857
941945
629945
547871
290553
54606
351694
634183
728587
667275
463351
512734
883826
758997
472180
711777
520596
77161
99345
272811
153158
305971
712912
498268
216322
660859
269428
141525
332551
765823
670509
573791
979534
247643
599899
102827
937316
901476
535104
576116
946025
936533
213255
718465
849635
583521
724395
843718
136959
903271
905350
549226
49574
180484
49719
929060
632440
584322
734638
115390
957480
53293
750231
799356
88052
475462
703200
315606
470015
800529
890601
544800
937356
317577
464327
278027
797465
599860
75253
43844
116246
136145
450136
634618
29377
118893
134574
749565
944863
589525
571218
863938
149464
352485
621550
441539
704496
658815
184189
716803
89182
187224
627899
749039
498827
892588
749740
993440
913256
490321
376838
708925
528300
280617
356733
531006
409577
482802
158249
273995
432522
705720
950101
957762
203115
527721
793958
202776
696213
753545
578726
803670
468052
513724
727212
995077
754807
582465
995370
534245
77796
668222
831891
776534
486421
898485
86119
878234
657459
647062
675740
104370
211789
63535
773290
141860
642421
357631
738419
381406
266807
493928
371342
932917
433719
718978
979503
561222
579238
688076
626996
581501
351713
102973
676238
468980
778214
529080
102474
489011
648883
256031
666235
436118
715709
169471
570566
532364
985994
396841
354570
424379
217067
2592
362218
998849
398106
772014
792504
140950
506156
849809
531903
94477
910834
6675
157101
508473
515634
136567
553755
540204
710845
744079
229755
8731
82285
436907
637853
421341
219133
373867
670110
723986
292229
92406
936749
442465
803856
23363
340795
400089
125851
36436
2239
958201
813997
444163
712611
447243
676878
603765
340238
384235
968101
731371
629583
606821
415665
584631
610018
620796
681828
63243
226787
753287
997655
969453
430476
529527
483566
629702
259628
824499
2826
756058
212647
655588
443236
869971
159780
239948
53005
47030
534871
631185
474047
265655
971370
304344
341918
193767
889802
29197
303825
242891
182221
576382
984504
980809
978363
443239
772297
982844
552000
796297
46666
459878
163308
385843
5357
974277
985572
381986
733571
14142
773353
334660
998494
324854
777090
808281
568520
779392
864009
671794
935513
125744
131024
631964
100025
828814
8494
613206
180595
433959
490409
58685
855665
200765
993729
789193
640474
553886
744535
420912
866181
85010
94137
317544
763224
845549
744715
931018
156673
20549
8531
930770
574929
876606
543648
375363
811632
830145
605656
957095
820801
702027
313629
762164
160531
321121
958171
405322
108288
757602
396017
66457
922342
257269
519226
248672
769023
365088
239223
162192
215584
341434
362395
412687
527051
603257
924530
742936
328304
59621
617454
293183
877511
61166
885455
997458
560963
493656
190062
934364
564979
127700
846055
59203
949818
283755
281121
343057
554153
156883
583804
16399
22134
330852
308885
809549
106396
400100
235128
893183
193870
669630
630307
632898
831321
630418
632115
779004
9493
824166
29934
133472
368775
728377
10604
670545
69654
925688
757858
231262
577000
208266
631436
349548
431705
512838
692983
495281
206488
480516
356392
901020
995869
512529
557164
160595
210378
24188
507069
162324
522782
725453
822222
65020
557904
4886
370868
961318
672270
379745
988784
968684
30161
429896
456797
451081
132636
210276
925747
566751
896274
230941
979637
597971
29938
971361
676861
224150
95216
105136
685410
328319
574769
885971
275587
464020
324514
664236
246195
737128
243765
366121
963841
861150
278713
838547
524770
621195
388052
54019
679741
267386
883424
837299
889683
398217
145184
544498
448713
300208
151390
483249
220244
121570
397154
42299
997760
875404
710032
384706
526365
680570
858591
395462
201497
148146
971437
397519
138391
39572
35941
734922
659110
135381
996682
258166
335968
545083
671304
774
133765
513511
280901
592201
170015
798214
813642
953658
623110
132976
30555
474278
180160
465952
594599
394806
953280
450960
692186
852760
548495
351217
462224
931918
742280
171076
70565
845459
539645
638552
893480
524133
270648
864
545966
573748
975004
405296
307458
450853
803753
334420
630138
151555
434270
679053
605349
565187
410872
330217
875488
606002
860377
827774
744904
79549
372996
92163
839625
631005
950085
559114
544853
373597
247981
315230
898225
568393
615419
556469
917929
466549
210199
574162
375588
365479
88247
874426
147922
483490
94116
809040
868929
542095
710295
324303
962831
264074
112061
317604
732794
934023
344730
603430
5779
492640
824714
152051
503698
199292
775010
419624
182978
149085
861492
695484
483997
722501
826417
957626
239154
115142
815593
706137
833538
321829
302127
515641
744555
883754
871320
57788
657916
413575
802082
723455
387879
159202
157552
581236
20628
921793
514611
440605
514002
562833
397285
538727
916648
235795
882799
693729
289674
100708
498795
691863
410535
177703
799875
304207
469663
601489
909880
491999
175826
624400
341311
748649
717972
924953
631430
472117
4220
401741
818516
437033
467804
673031
496846
641703
606923
941252
990357
351363
641565
557808
423629
743008
685044
601097
77817
973350
308400
153586
758530
521890
570370
321302
34839
916537
166814
457143
184429
188042
446542
885010
369383
472096
727716
959537
260690
870672
29896
714701
412487
526005
54447
656541
451763
254470
155884
989695
955636
311697
965280
527554
879577
6294
967502
450126
877836
616963
260681
24881
738188
776071
964494
300102
228114
504852
404910
983108
649493
690998
633444
32160
151401
433419
849093
226592
679299
582366
289749
996990
111319
548452
875445
865205
352994
408530
415738
854570
418116
673625
39642
469754
475589
8064
770112
933724
996984
689692
754559
802611
754812
564589
258210
833203
434975
193048
261090
170541
905758
629565
212273
129464
158920
710644
621363
414654
748928
859625
760972
120544
339169
610385
264084
690055
1916
851464
419751
257672
567612
485001
892058
90035
774251
856201
902728
7225
896845
516144
288522
425207
693930
960757
950788
111267
855018
242260
638748
658578
993816
862959
573830
685411
803593
3903
633339
256524
706134
209717
600329
877759
384900
509105
924099
481976
720325
382878
444696
368358
387800
769384
298753
663795
598859
443611
748564
463858
888288
110745
855414
393252
971918
153207
649389
568423
618846
951862
954452
992636
423862
804953
825255
666739
648627
590951
948990
596213
317423
504959
740119
769646
545826
57683
612876
29717
151204
354051
61539
951257
412240
659030
521220
565609
604101
876567
559429
849696
228806
980362
355746
39244
431297
166794
200136
404826
645485
600768
668048
382879
697868
794818
547785
738565
579216
133445
365614
323792
911642
654784
44791
142156
611997
944928
872843
610133
694753
892577
162578
319426
76708
583248
934185
79983
708123
796122
65455
185958
404310
508175
670012
558954
835137
894329
27826
670047
710214
292307
342891
412441
246928
58088
688785
804927
14251
309706
120461
412956
706887
299115
199704
326594
695772
266011
480237
51035
47719
984030
127263
397069
645266
605801
424646
442761
645361
302905
32917
122609
831720
742480
29447
252771
275115
876302
27128
66663
314910
499432
334672
390257
272667
209799
847194
797907
785681
737983
152883
364482
854601
191274
530269
299586
921412
672929
982067
290033
793281
837910
228279
221038
340891
764369
830343
753124
917966
140229
994095
790646
433562
917390
426391
193865
246592
656458
937245
488936
434985
510993
134014
132376
370918
213714
517037
765689
603282
592075
799494
644438
460820
189156
331356
31369
800257
441897
208174
956174
286046
472547
706489
266914
216451
912914
674151
367639
428698
842120
554277
921847
780295
162660
363794
133331
73826
391914
382419
714919
55839
552764
822787
542507
460367
498615
565832
526072
95871
249517
223105
802773
974782
778170
624219
23134
686397
397509
926147
376336
346767
937301
782005
973555
974927
620621
673651
452772
952864
541318
530450
25662
593039
610119
179055
863845
23254
66915
620862
717743
422970
47408
439554
185646
307667
591519
906265
595742
522988
301181
637103
905384
94080
677765
310291
699537
979877
980575
451174
61954
23621
377529
375535
245108
788294
830657
156748
986680
867531
183164
439108
219488
62996
579526
686647
420301
555841
887910
841590
872342
155124
421453
677999
16786
422419
669100
356161
357123
147885
410671
382510
136031
721396
342041
378798
290428
333608
923709
215072
555991
940949
885334
993628
6528
46643
830788
701667
234726
908587
486435
860984
328955
920313
596234
627784
321219
308844
943709
797444
49983
695243
73360
46800
49264
982098
792248
346963
948426
483546
812879
895343
622391
24982
523844
860875
88132
451641
338045
594571
12780
67381
302506
140193
903935
65247
269383
125373
711919
679598
995694
555168
219255
901283
100886
653518
887273
686786
75564
931810
235602
917054
758540
179899
860875
301490
706652
397012
962527
488460
909253
359026
72724
623556
388111
300342
701336
551498
445529
187282
696522
222270
944241
417496
108705
842777
202710
631854
440189
407913
582279
326750
720200
118713
871303
720266
611272
591119
498480
514109
367685
89934
845489
975580
362961
412348
658214
183291
429049
898718
939474
330828
970567
387776
945980
432562
141936
594385
712099
395699
360033
355690
584414
680332
737377
374063
790997
643679
580322
743630
1558
157768
913194
1381
923989
208525
382233
232320
502979
273331
633686
767551
145673
15789
360026
866134
154081
226480
371736
676591
231953
411618
668168
789674
53318
288624
272015
669892
658505
647103
849101
896213
288608
999098
975298
760179
80259
478538
360413
573877
667897
612068
88483
580050
389712
728123
554553
252071
220661
504727
579854
486039
850613
475134
976039
48716
295953
922766
94408
175900
220407
120556
993020
367368
135587
664599
923970
626782
687698
814550
918484
713150
176350
941392
592404
879801
479739
160122
824214
831573
567948
511402
226884
293485
407843
191883
670450
497077
602644
935401
367359
664028
291892
656044
56228
320650
590323
664034
678556
503305
568979
593973
54512
684160
912516
757883
791454
147801
356254
967212
461541
394756
333562
959279
438128
838613
814446
379661
583197
187017
164450
18631
506152
58214
901523
520386
605880
129408
922660
52448
79110
319895
186716
165931
739622
747166
115905
209771
574708
619671
811022
424983
141660
784153
51859
597608
323205
41523
356650
479112
337819
855787
2001
289898
575351
823711
728873
62707
157166
544077
796042
593941
553587
245166
467777
328253
94697
317053
889063
741795
427145
715221
853407
891774
556781
920248
558443
701658
815287
696620
668587
401665
17184
286271
196660
898582
422113
650348
191305
504066
710903
978710
402361
241349
633431
560625
388628
752878
922350
60864
780427
229798
193683
181944
662179
138790
517836
980676
532630
716361
360442
832226
173190
549627
639010
256746
551390
640401
829976
295471
823624
276211
80138
181822
400004
634036
314086
261060
128940
199618
107049
815116
380353
346873
577990
818149
766512
289554
330479
220193
328487
272632
290114
601658
576719
560955
952211
50512
168421
478045
860114
720846
437688
193418
878361
993770
102593
329829
616725
802570
535258
129278
17678
508740
926877
321120
888980
910014
616218
404870
474696
911605
25588
906861
749380
258265
511576
906052
844968
521940
456603
4224
860226
618155
927728
42636
362137
390333
569027
185886
125718
609257
603892
170533
294608
873101
891955
441310
38450
699241
511988
480902
722315
280289
23055
185770
955506
243681
585592
45722
302548
107931
859350
974460
464668
483180
921025
751996
804541
292700
558685
859233
210975
276612
241166
567931
475683
739402
675542
150392
786389
564616
22994
641815
656237
141451
82254
338228
77698
712887
128640
55617
911436
141064
241192
200533
491156
176691
74306
846814
755706
598251
257124
972595
160611
402751
271802
836484
137533
541408
247452
592563
270128
364993
19209
843643
751458
178135
945475
70414
930791
885056
829382
328189
815108
297472
994918
513681
83422
34022
182788
418551
964996
879629
866924
981655
580246
698110
946703
946437
875792
52723
864344
944400
232119
849014
805548
543801
733918
725736
625283
273470
93909
700382
102046
159379
379631
542630
512996
572082
881263
428647
483997
963017
26766
402726
969034
93138
637228
337445
215198
198273
735249
133158
250845
199574
113310
193549
1552
176146
919380
680931
982434
300038
72000
270007
408731
929158
147394
211871
255670
254461
567353
982556
708832
796955
785870
845659
396432
466089
55129
328664
791037
693308
60659
291421
339457
25032
263385
805097
843016
846412
601209
662379
39860
231403
365981
213677
115537
166811
115121
7054
470768
930678
81714
67112
941858
663982
852277
173136
714770
980318
600337
836539
623104
527227
215723
387709
539990
881449
500252
151789
261864
964010
196161
550565
872653
327985
905886
274150
951380
275477
267311
709720
510181
769377
605389
597870
32630
82440
555322
924392
666278
640885
155401
941490
356090
350273
722733
956394
535089
567998
949916
694847
969733
577840
340959
279413
848577
241499
556153
335684
484282
108728
884913
163232
445227
922625
950142
570836
12465
849899
392591
525704
449567
262324
768116
836897
744959
879314
884844
701319
507174
384203
490315
144962
738035
550370
681480
235965
477284
573999
918497
104813
716692
141000
756587
200331
533397
813019
815482
278205
62246
675102
820328
16467
282833
625373
516294
559596
830436
292914
698205
291065
538633
977747
155423
589209
230788
82885
743535
748324
61001
649519
305034
326020
149240
39113
903568
676157
245622
232371
968051
527180
740393
162786
316475
283501
835663
978869
86643
60791
748156
349350
312115
65187
894382
711260
143307
73706
484878
529948
816393
83532
404870
83552
329128
176044
898105
860352
468757
446680
465059
26509
739295
825703
539855
697021
523578
388796
976943
497792
267439
293799
364251
551153
262692
236650
444969
35176
137283
991384
41189
499628
81418
762649
459565
212294
248239
513227
477036
102576
86702
518019
860849
689772
478192
22193
574443
357298
278809
176545
875011
635521
220719
707614
315670
614359
770914
456177
455694
190268
878204
892807
43292
759288
753446
738608
958163
90788
88020
501700
985828
929950
639822
108448
335282
963862
256860
173838
110545
733125
174798
522691
930272
334142
86501
790017
556800
304412
297825
258333
98032
785435
984424
716571
699591
41603
303760
407605
403533
579775
740425
57915
479797
152588
855274
881300
129595
797325
694742
156322
777238
575163
105675
27267
478299
710713
915591
885684
245422
93125
131415
65745
327077
508939
539261
377336
614906
8980
375677
32331
115373
419675
457540
475795
262068
996288
673590
672322
232096
989270
806738
18449
974606
122839
762180
603976
972550
601591
352648
711004
134963
378517
779702
460594
317759
41934
958830
740738
838347
183596
618208
449687
242248
229756
933880
652210
905909
109821
261733
675342
634229
513844
198853
176319
189388
39581
46575
225140
323126
956
262300
45787
338788
747729
944562
465187
914259
941929
529263
988637
656715
101265
924910
706684
153394
821478
202649
360251
552714
264200
59564
867677
52494
110701
58849
254288
763556
573585
116478
465771
198782
939147
7415
88982
568083
548091
170944
220617
252662
630432
289716
854893
195408
783750
878235
13534
828223
142684
956955
573778
652617
354916
888958
763027
80062
39875
207004
314536
799146
522424
701349
653970
132148
255209
284877
187506
741783
886809
625876
60040
69754
579447
617457
349590
928365
16656
180826
559523
789122
150435
913907
388827
333574
161557
514577
855059
58971
135355
360105
249771
385203
96149
629657
467596
908331
776539
933651
483793
70082
324334
167330
78147
414004
954993
675098
222972
191735
978481
390432
162412
319377
929151
120019
28986
664020
828639
299990
101058
578231
924953
841084
564541
862867
329516
14222
457406
854839
360034
463867
550937
59048
774335
346653
513502
108088
943123
363684
401475
763201
126191
961889
846048
773439
475764
554225
480339
256583
38407
962628
318275
692520
179680
181769
188866
190557
360002
328120
663628
931243
922117
41851
528300
923421
901135
864378
110718
868314
598369
850498
810639
608544
981005
207185
735136
819487
893702
352064
530506
52788
584720
711501
816571
152320
980374
73156
360350
634725
58714
491594
642649
654749
264838
581702
81200
953206
723746
894188
942663
339118
858335
119079
72004
275622
556240
497187
263763
610822
868344
876532
600771
63278
540798
549158
911053
969108
632061
790562
22261
593407
886840
365881
423626
374559
923563
390928
959175
772102
750076
278504
532636
333511
629776
381385
168646
357482
816187
28619
766491
954953
322383
762945
465954
256330
762645
87234
605598
828473
226394
802773
577516
228992
745248
872504
620482
349446
810742
922637
861975
549730
383138
821154
567393
341435
877306
192028
239418
53822
227986
120127
30364
927866
901711
843164
251019
369179
600794
362711
156370
583553
921008
986899
485669
397308
213143
839613
826661
690470
848555
49074
871427
171101
824727
190030
328380
793116
430751
391954
152514
866998
860889
237105
33275
355182
772028
141943
250018
449397
365968
684118
453388
400193
30469
59919
437829
189702
394336
153658
616217
623251
430352
958065
772782
745420
636639
563999
746510
172096
344196
688800
142339
10854
480405
480213
643227
121
147865
719944
538123
253677
68475
125622
602224
982412
186971
517821
956336
771442
341887
23651
991167
615393
420007
505408
392894
137538
897470
438858
658814
785145
293804
681147
480418
692451
320648
220897
183841
873071
681387
941698
602219
376662
395168
371177
872803
645816
312631
307793
252235
996629
417401
550765
853438
758052
332917
804626
246102
355091
115065
915906
270381
414556
625437
355926
20289
302849
818873
945863
280881
313380
903734
270105
953892
786245
894722
271972
462793
242392
308701
524352
147768
254018
548817
959564
857655
78064
120318
723611
327769
925588
538323
25660
687362
176381
957401
193253
612933
997138
479145
986939
124078
807211
853182
453185
440859
539853
465893
335706
399173
547711
425553
387580
616413
991245
390155
167283
837585
104217
815110
69583
666477
678232
806416
788908
204318
162928
432997
679004
396179
536364
247262
558003
140796
897754
10567
655598
122548
456258
86797
798336
32379
434115
349590
212603
675356
502667
608683
400280
162478
331378
3024
262691
23861
868532
95477
214789
244392
356617
946437
359407
569101
100451
949403
259041
856065
478660
872468
531476
549780
353913
716351
242122
472400
120758
69041
595760
411866
559119
746998
246636
699762
971473
737058
632521
836757
420219
406469
428669
923010
328092
182076
950547
360537
363018
856484
240121
262558
81724
675050
274728
419293
924677
567550
148971
617448
176942
325862
108367
9276
72366
957807
690534
478722
569608
473470
719607
790641
895489
63108
828229
395216
689341
914448
826362
646105
602613
214142
930609
540473
129559
814157
61597
17909
10555
552910
679960
255398
406077
10041
854348
194277
281339
764570
131832
222145
939756
156712
716192
184429
517147
638390
49236
695735
814720
736067
692378
177587
428665
382060
428282
58422
600746
194049
987047
943422
130286
454580
292037
143343
260920
427437
920987
363704
842251
113083
936471
480852
932882
522150
461048
959277
566236
254688
24924
428059
898744
176858
56166
944457
641961
69746
355595
207864
241735
305097
393402
262301
343538
913779
31846
258022
74035
673544
562737
1819
473200
514327
743158
538079
8268
965946
410035
904277
249817
312453
724241
978975
634619
440664
916242
245889
742554
18132
539350
296548
609475
517546
176458
846007
364956
595855
313902
860848
590594
946188
539776
358832
117121
510961
627914
662021
251759
181801
356933
75209
427877
396265
500073
65767
360347
311363
280402
796797
441375
424791
510352
13853
209842
685992
549259
725870
48511
723724
212369
413680
127097
669822
26110
936285
12047
136974
795975
801194
582735
815799
515555
971949
843093
903825
214422
227096
825581
61597
804379
544355
917389
716862
891885
20552
15848
100743
717938
77544
121712
139759
851653
211083
352555
820385
221470
135557
279729
250032
615200
922291
891647
437160
352127
281765
726075
590656
424524
744662
229829
14763
390751
583958
594806
551245
608160
175881
434488
684491
982514
642248
257410
899579
761532
412389
793710
61755
983700
262283
585080
471453
438474
176388
915349
494400
811663
28437
870766
968570
215105
992196
241144
142321
261012
269306
182193
293321
432542
758210
784184
339639
815166
457457
879113
845236
847466
757536
315541
853838
746709
759317
666810
220888
440569
60480
173796
521986
294598
156449
52607
619843
353191
149831
926424
314354
118701
872882
519055
559413
970202
519258
188155
318928
461580
958985
951066
128543
325445
584611
456627
666591
909843
246534
906186
652966
374816
218060
866559
77683
92824
619117
531332
332448
376498
927554
825721
134516
269342
22308
945958
917653
849737
84723
978388
615898
741776
228978
240200
844607
239295
309136
256157
420402
447428
174722
414141
8778
991412
6091
994236
86999
379769
385437
798417
667348
553432
104985
519921
297401
184283
556275
933066
423661
898271
155761
966489
411353
86588
844242
340840
517400
524300
943435
321320
130506
153242
966189
58406