513342
361600
467043
157767
578968
870613
537863
374011
280099
458746
509941
614337
285481
83926
592566
711651
910677
190302
229330
803528
617080
911011
551331
497701
113962
798740
247685
199491
339017
847064
988457
536744
502493
383104
114249
534565
146588
27757
577270
188220
528201
759486
552717
12779
262582
150579
659528
365401
30187
920419
527920
294556
803615
701014
376880
294885
12899
593664
634053
710601
246750
727003
644242
805996
248243
815967
160400
998092
327231
129441
687331
538919
374014
124806
471367
400458
250573
651618
992681
710072
906442
285553
735826
833843
388311
916272
793022
974058
812350
763929
114187
659838
131758
45754
613197
740082
227236
523953
585406
576879
961445
896070
188435
162802
824295
341605
331305
267475
51408
388406
686814
905523
854230
760155
475773
470656
404293
318853
688465
622823
604255
518643
602266
319384
400349
732041
48286
243247
609172
145865
956502
593732
737587
544624
991049
223632
460008
173679
26295
501882
463139
283716
621227
761021
298483
405685
401140
595320
868492
141417
430061
84563
303017
11043
562231
452168
4814
3675
629832
405333
419623
382203
361821
547773
606796
994291
377675
43189
212006
437817
524211
328050
731371
744481
318292
299205
505940
506491
32463
991184
347632
325077
666911
357314
786492
979045
520837
910630
906438
322128
259930
673217
123739
180502
301838
837013
293539
580891
160790
379011
550038
868451
22000
42507
488671
861
652436
630256
398859
341782
663353
993591
886830
750478
860416
58765
153299
407464
923201
632968
573533
199802
533745
120902
163838
496581
513261
866098
461395
866622
208485
244197
381915
258571
785767
480488
29075
557641
787655
212312
279343
963274
129833
13730
331894
207388
31211
901870
218170
872836
231857
787481
110963
536714
194446
934874
269048
734958
690123
892102
66521
478904
147544
483118
750555
239405
235213
280038
39441
354589
538139
870753
780307
722714
132755
653048
642206
9859
411283
57161
975304
463870
107465
743100
621726
644484
924325
393121
513308
843029
105375
164533
769543
24461
255202
268356
636907
34831
563220
27048
377517
888861
881986
29487
524748
891338
459181
676699
629944
833414
644523
862914
863887
679321
470908
190998
404976
391787
457834
116095
192446
406975
820059
12772
86835
686080
989047
34697
906910
506356
414448
933458
990458
674317
134770
827814
906989
507678
375145
642031
616858
479659
310249
495485
444643
532057
610751
495434
326718
924228
844946
819352
682162
215599
498996
189943
503087
392150
601675
457379
22600
190944
370070
248585
444430
682161
847070
9706
426698
223707
878012
360601
892502
49716
740865
43742
610200
439746
418757
797245
169244
163091
996623
69265
876301
595306
433694
241361
1552
913107
665682
156276
608894
29080
595002
875761
951036
915020
724219
366944
121272
662212
830745
288380
813889
170214
464165
892937
365443
742105
978947
415570
897374
922908
254231
521996
437795
519667
743244
868311
328619
332283
348928
64098
395859
688415
160527
223533
370775
470755
924539
438314
681802
903325
824949
684093
59439
307972
456139
930915
658040
135585
448237
100334
805336
356962
626589
230958
793415
744845
429619
349100
676050
378258
18378
36880
278300
963193
562123
549602
811445
805114
92371
599149
151060
547691
638404
663039
236916
39124
338533
547406
648137
250974
774263
33909
547742
537962
214485
953883
843085
235967
480134
693813
64858
778779
175971
644833
38252
383722
847263
219187
687208
549525
155128
152205
690603
745265
159737
117159
580260
341528
197609
102831
806221
468565
508564
585418
567556
817593
172019
913912
413002
299210
340666
150677
794006
861723
690367
623739
799255
868919
389378
874373
307205
364215
306077
227119
544355
898867
620169
497881
902291
37845
20618
444906
704853
974345
685880
10449
957214
837584
371756
658407
488721
259572
17795
348017
943580
726678
909778
121153
78130
556195
951654
485179
55648
509989
398326
517685
522254
333366
776040
883448
218069
582031
949692
574628
703991
249982
249753
739887
651327
770614
123058
404493
93942
524224
35349
173356
459135
179920
5264
86807
601232
739826
717120
958778
454285
357219
361015
56645
778499
541500
685833
556201
140477
61897
153459
392767
395591
960440
929769
646856
52541
376237
626939
835151
531022
609779
856355
418923
872275
141900
678765
777952
234566
404905
641283
434213
914464
129845
673876
697473
913619
107915
215969
733519
462817
577801
385252
915872
876375
955260
246877
451839
603434
606778
484090
512847
783532
71503
904674
615249
20651
981647
199710
703234
580263
418827
418212
782433
887917
135646
249538
666383
985620
497255
10275
390478
382803
288337
806209
703596
812606
765581
519400
622265
144411
60961
841315
743731
149733
494554
953925
212931
985948
192861
740949
968928
883143
834716
572951
210066
543624
133412
890547
854033
459418
553170
606469
170764
560745
766758
913216
755525
751245
469551
899007
312153
283045
118310
172906
961245
201612
641879
436225
788964
384123
29626
559624
129118
374715
819680
232783
617563
39620
800841
317661
46637
320055
508562
728889
421994
786421
769675
699028
619344
386650
766055
472790
345284
516698
274125
249475
658419
844022
893067
961610
183001
618906
170
411946
921888
574422
695004
672001
577440
320887
273938
962163
158405
320450
26858
466611
901070
832972
22150
531697
804978
426489
286008
362592
754781
981071
671577
643619
192408
313846
290809
11987
788998
193230
771184
394671
25802
511981
633875
241185
485126
250547
819842
107433
76351
843852
401695
889448
440412
181122
578585
717131
188045
929532
210086
857746
398921
821208
932495
423036
432047
148448
780197
362129
580558
663787
544657
85900
735104
874259
372937
331618
846257
594190
966687
729139
768061
286379
656819
869452
382328
766891
200009
650135
39431
373498
542261
675872
584299
639368
119859
994948
466974
708617
219155
806008
291670
751621
747153
916339
73446
556892
777603
109753
351044
657626
446763
37510
903717
734131
902508
856659
490628
17883
692698
910215
11458
514884
206122
158973
667112
310645
417224
7150
741512
154436
418184
413947
527361
285168
675252
421658
375392
656797
224964
803162
954275
777772
531307
365396
642970
94966
10446
507504
532263
625638
975760
716945
913700
560624
895112
499486
407075
679218
652436
433070
897296
361189
16647
324047
898931
560960
518845
921524
339154
934825
873168
821944
258740
565080
564131
823827
164991
910411
159579
38552
16067
508448
848430
879144
281872
713490
614739
614199
70529
106002
342041
811576
393500
968065
421076
933608
23697
955016
307890
719988
481696
104853
395563
719048
551448
351922
534039
74422
167162
785731
602329
145471
921660
412124
649849
718080
867177
382141
462352
982715
867941
511403
96348
539969
868495
719724
96371
559418
163775
468254
302421
994193
548719
240180
921434
764030
365301
105102
846090
516465
655982
951092
334475
152
585463
348400
651253
870029
304277
830341
746050
421215
271412
204047
708705
354427
762765
38776
271849
112504
729376
973524
658858
688060
6881