393034
351433
614366
792520
705685
606529
731682
429498
516937
889706
11277
935407
682389
280590
770039
779206
601729
13649
19888
927068
379504
881239
843409
610861
507013
905522
333805
285987
994722
625606
58661
38912
267276
191868
577690
274725
998314
428767
464702
272829
210924
653846
452996
689993
908297
701950
291638
861064
335840
164260
181988
627074
188544
595228
991034
225393
267843
894208
881195
544077
55765
506313
68809
39539
104466
511619
191415
551793
558222
861808
123190
631408
23598
503356
206811
9726
64371
754711
401569
360375
28055
167732
136091
586768
724176
426142
475906
671232
406833
871410
912172
257292
109488
179965
664222
161709
526594
988530
84408
539487
598242
975304
28046
345289
801585
271982
681368
628676
630776
114924
2431
237897
551753
351896
361943
221564
251779
283633
801196
745295
398259
280923
391349
101908
397783
884535
864486
196515
19583
145118
335521
891492
176973
368443
737036
636090
794139
170434
65598
180941
524859
15185
152402
908786
93913
557217
598558
706232
529341
520168
98430
381009
518189
415183
849353
80987
102384
493515
80294
485706
848877
709530
437687
353140
257649
1948
295730
23481
672975
331788
936337
263885
433185
341337
44256
900644
709933
701861
749811
748088
905315
542425
852218
12218
848643
188003
116973
517395
511900
513357
71393
308565
205295
12923
227645
582275
149618
511425
446342
248377
21616
988831
70805
989178
634574
642522
541227
146516
234344
574199
241051
247282
408345
840343
512293
396478
687578
991914
331299
562160
132545
348817
201500
454520
897835
34260
908663
826244
747189
900476
921802
526446
585124
672335
951055
723846
219493
927206
102775
563447
936430
437996
692441
971544
185154
783221
388739
476049
426644
381944
341233
992680
33411
839659
764700
174247
211332
30586
6185
902508
667422
813283
246786
939149
793102
8561
669506
57509
160202
568786
201802
520704
884578
799639
141425
699806
126531
284424
728856
861800
449238
196834
32155
558957
331653
130671
732707
251094
441886
363775
612696
486318
316112
670600
9524
24264
722961
988632
944691
253964
130082
350002
262566
691682
604586
471693
647335
798522
357823
298533
331943
387509
332804
604795
402787
619699
944940
682224
867957
418298
466333
781946
951047
898239
42031
738048
771362
569365
820115
902552
407268
281775
559249
165978
893840
344531
577513
863905
830656
332254
688603
56286
443829
672622
620483
168472
659343
293743
902044
261316
159448
994630
120293
28156
194298
551571
579104
803104
963473
604775
894903
228742
192475
747458
119226
866078
388044
303879
318915
988775
925247
639678
639419
360904
705670
853510
27829
670924
610914
934037
371639
909629
9934
800429
544858
387419
218486
415966
896967
137210
708741
566770
621729
606453
221083
22136
378497
205330
835742
678320
461148
759988
569000
862096
845953
975031
866142
774129
88063
575276
853216
567897
347364
539249
40220
775717
276448
913835
997437
722707
241351
33890
859714
660266
118709
894522
303145
368902
789003
98186
989769
30084
900696
907291
787327
904646
523924
938239
966144
796131
683334
696331
96974
725230
51077
439986
285062
944097
403419
308607
446869
555367
877189
762798
929035
940803
94935
731240
348488
518368
523388
752922
940947
761397
785051
380465
231433
964500
958550
302196
450418
715536
145324
956797
441263
265737
443326
865301
784144
46038
465839
896427
524994
296589
694500
452593
621477
563313
110954
664212
14460
859385
61431
690133
314494
171961
277193
657161
413193
524463
244075
534761
104502
168045
725526
2647
20423
914206
386612
627950
401149
452534
389312
89220
135238
443898
229577
4223
258452
684777
857812
395793
944073
241478
980065
321745
441550
85955
61510
605239
358339
200971
342200
407156
984017
206316
53097
804972
79579
441952
595723
741521
619666
878967
96562
209885
350887
183522
999895
933035
516700
697182
614712
402291
310580
549050
786909
636128
436937
84743
627318
863440
739900
737372
841505
131815
169286
267779
511431
55568
678445
589060
142758
522642
632595
313931
218473
705290
990889
464056
188915
143179
830528
499907
110778
930383
148672
697994
728464
574552
350129
505337
293822
129383
848183
786197
355913
787096
512283
445221
602326
679832
248899
18301
134761
771781
663108
715560
130057
653856
386766
246385
742720
147185
173638
37006
663551
589304
861297
240554
223582
579147
157067
881038
12672
482257
655480
418475
820372
287001
208914
147910
745209
110680
904737
75264
174969
480125
324392
890113
758838
178739
115164
286145
751139
832306
569904
4723
237929
967426
29451
941646
271593
701390
825179
696889
944673
227297
651907
742162
392872
925183
749168
869274
482195
614370
736009
547457
865850
484240
629189
817930
947093
221013
437846
576091
789759
639331
852931
856612
167389
491778
913939
28841
420312
496565
284645
620013
781381
644139
194205
960189
122854
882207
986937
123094
249034
926413
437313
295028
546703
228560
521757
998136
135560
702109
92864
804660
931961
608278
834434
233623
410111
435852
325516
668528
839501
864276
374764
463008
357201
355076
305545
923169
840436
85067
744304
773676
2816
906666
789836
782348
654813
992019
92341
724349
404788
497180
309535
88896
369013
581856
106931
502462
401971
464690
56186
959126
339756
773055
311030
269381
973671
531775
890187
539953
361078
382808
699034
83602
768411
635343
91823
62974
870215
189803
215952
59023
452413
379496
370806
494642
700182
628629
157144
522703
444445
295563
711586
437904
562266
865610
996485
452177
563308
205553
850088
911778
780239
8985
937340
769915
270590
815632
861037
116413
236850
106541
520820
542561
379016
612244
621449
543679
601984
173000
858998
489469
787489
797800
751687
588498
48571
529928
984606
636406
500229
546925
714466
128040
116196
392932
462807
614363
903117
715327
936586
187326
681793
286381
748451
633767
540727
223925
638108
991771
978136
861263
630161
266492
116516
789983
769069
509200
30258
269263
155652
652777
864788
52488
589568
334711
657305
355980
697650
180198
685419
545907
48970
927477
994521
256383
796194
48597
46896
833054
525044
430137
808770
69053
386412
435008
734344
727236
942809
418429
98659
21617
175356
71711
707838
864596
719491
497090
977552
656484
743888
83025
687038
635325
109617
507413
622493
37623
831285
183071
873557
91044
11988
772302
931297
210277
839437
94654
310770
85865
442509
935437
627187
876228
601675
921355
383464
965672
752753
467901
787376
207234
636852
786446
825193
750835
34052
210771
57586
826089
472927
336377
203724
772506
455681
146126
233113
105693
10678
863848
647239
670821
295375
649142
942854
674138
708467
593057
364980
407189
201677
586206
969115
321528
71203
566227
777296
52009
768198
769379
973436
592105
660325
828824
219959
451028
61757
24044
96080
832823
88620
403252
590889
620489
334243
978538
897599
554824
637112
250965
998600
511409
91163
294231
284213
213404
824929
417491
168471
291889
848316
279097
371870
816843
974284
109295
836348
306023
977614
725789
736487
922952
920370
465749