323692
4113
668335
85780
134353
216825
864937
185352
603393
533307
915734
901870
186036
346470
724264
94636
107592
954920
907302
20722
304670
759821
160471
95172
89826
28948
505306
380709
405225
820272
826195
488482
545651
709784
180224
937720
845647
218571
553769
857442
778014
223652
775606
279748
945071
3669
165658
839149
333066
158915
350381
387468
758536
252222
135896
575155
760607
843483
432489
65600
731644
765424
197575
787757
212233
579244
972991
185782
398734
945040
26044
302755
184499
332750
994198
291505
604964
559292
379457
991777
604557
127349
588902
790940
323589
222733
272143
547905
265479
212462
235451
883661
37466
61652
251793
949286
402771
395169
627506
382468
262769
460701
524647
23932
325734
583694
971641
250923
780981
496688
549600
251323
88182
506834
732627
457493
40823
204045
57150
874403
872317
973601
915986
753408
1640
393389
99510
726463
51572
484491
345755
944917
68187
404486
160109
102436
579800
181433
428517
714468
987143
578821
506299
198192
507625
783150
167609
68331
651971
959763
190443
723981
518821
998728
500787
828238
400584
632145
321272
577389
205201
144126
8831
314205
739314
833310
594194
406925
686512
137441
282268
568914
358015
90958
281623
654196
581513
81885
327196
608914
217293
863346
410457
726258
536804
629174
652385
973801
372832
957972
851870
249635
206221
706381
514657
606736
803865
150201
413722
382380
726672
574875
722467
624809
277183
181727
470646
218618
519802
192242
97343
32318
683066
552702
981133
992967
936350
962561
193250
851079
297746
244553
475753
92055
904973
116686
300807
401443
497268
277099
165386
96372
983068
108859
775806
202907
392621
240588
878366
369527
804641
425027
630760
929316
147500
347532
514185
365952
664630
85627
630776
183451
448387
671748
224415
959354
346868
732755
369075
51784
880359
879561
949988
800666
261497
658197
520880
357277
989675
118954
357715
192287
284962
464866
377113
528758
723528
491375
901587
567761
457297
125753
595432
498649
938328
536346
737667
39939
389607
21618
109610
133557
399062
516007
95919
299026
479050
463036
956223
927844
816351
675149
776727
124261
653664
122020
842199
384554
805683
254524
747247
963949
729938
862992
828853
734581
958963
388382
945113
276516
894026
961725
692208
901149
424740
159000
686380
928463
490420
886790
805549
680547
233515
646663
849776
490238
402048
176542
243045
196723
97359
247174
196319
777032
996702
997266
19685
189219
696314
849316
325989
513746
263104
22793
675400
265140
138423
124720
838817
117766
436187
424005
525311
473166
817397
558831
777825
374173
862501
23906
375625
835397
623938
560737
329129
977560
394392
525140
287482
465176
120080
657665
5548
951232
169069
203562
731768
7278
559218
119748
485265
239339
845474
623311
929336
927001
770655
280918
687343
798008
473716
412997
731333
113364
375470
315618
116240
561423
635621
418922
867193
111174
870424
978249
880753
225443
14198
614580
492930
869631
785785
368999
519360
587377
940461
634550
786846
509752
334799
102290
845532
949377
486992
501915
473246
179797
386169
775516
741913
922529
100136
219111
121574
839971
180536
4302
33465
313327
645119
282427
674283
848412
447408
540845
666290
420429
48097
605584
619315
771423
396712
70455
837742
422060
927774
71544
595736
727930
156037
97124
37766
356996
486022
478241
74309
475874
217043
176038
271046
32151
219051
335443
188598
492791
270011
367851
948332
326515
664610
834095
568828
442371
292749
849176
292265
668846
645441
475184
976567
144057
796728
515533
768477
433770
919202
183467
885529
864247
521612
757477
405406
910096
905310
959952
23017
728518
564351
254004
356977
70870
790739
703656
301757
684374
127076
191305
730831
16187
323998
680534
128702
183045
650356
165035
674849
13127
655521
546904
331687
641431
452169
95134
659460
685774
836862
803397
752070
464508
149278
322845
440774
315307
338009
858447
16633
203854
836624
62494
901094
244103
777241
309376
681074
617874
83487
982803
205399
262417
371942
611198
744179
868532
529069
136869
812029
47684
570092
115272
232338
913549
131773
903033
295981
271142
223959
194936
199926
936350
352053
895981
202097
309637
819285
958912
820695
88660
688668
953624
488962
286970
370454
902703
337857
107396
42524
632591
470156
617063
638030
236843
285969
343149
350976
389404
956588
707386
701938
59511
675318
273018
858166
851079
755252
602858
125238
200684
332913
252735
857358
280911
610278
660150
534613
350848
612757
778681
852409
758639
628917
654315
997320
475844
860167
605905
64523
155931
507271
23324
798093
779423
564414
276631
797497
366274
855732
960873
314401
828438
472195
3400
531483
702539
610247
568571
584326
640646
243826
962121
482026
646042
260540
492483
921470
780901
946615
452843
717123
647946
275584
480128
884813
465094
540945
759719
907937
650609
167476
50871
154426
267219
209042
55137
457190
151201
756458
52667
632333
27603
200477
93351