121973
598246
816815
655842
981414
495342
629795
205130
859953
937768
567884
640272
380681
610666
812545
422105
164989
483744
662258
911187
409790
41250
544449
131046
358335
991151
299369
879032
781685
617801
769948
539933
542782
776492
505835
505562
171870
800620
340191
168020
962660
344554
472485
300762
266603
761394
16549
286796
233468
746933
611059
10534
837969
650398
529886
810157
276148
533458
444199
158708
749894
166729
236940
357323
497244
983620
562177
741189
96004
858282
116160
94309
977445
241731
385655
628580
125764
992528
802336
112674
143331
567172
909423
943591
904452
73379
163556
751636
734539
99830
169024
350314
656257
138408
451604
612726
641653
798849
171508
758680
236285
926844
758731
265071
853722
130502
404873
135396
467577
72150
291703
165775
593942
532643
545258
182345
796923
412743
148310
275343
515623
2734
22970
269455
31625
313594
55225
204947
851755
318135
314249
955655
472684
246902
205508
962280
968422
994824
281692
357899
798894
695512
456300
884039
988857
693862
564521
314113
634587
828380
77111
814802
657643
896206
889816
16919
797763
686995
964607
9236
157284
162042
941059
428357
442998
710443
838319
190851
339052
745436
89718
34064
781126
830828
38467
467007
292720
377184
762223
279299
372616
365751
977804
658962
771965
343083
970974
493493
640723
707783
133289
29743
407618
402976
582118
149511
975934
90673
118799
329972
192658
538519
859929
297317
575462
548133
202754
892202
744927
115621
612736
346498
748389
764588
573081
43201
881216
62361
926864
287262
730651
514346
561533
620631
887147
644154
1206
179585
985961
476059
424553
710256
697915
841612
147212
819774
85297
517079
725355
747196
524714
922442
115808
188147
76759
211919
997473
971669
997143
827434
369459
413573
307842
715791
133373
942848
47298
632414
832631
522470
539035
781244
598785
374889
634890
112527
466128
424337
255947
536853
430595
939305
822069
969506
45396
177161
988993
755444
229546
192641
703272
880948
644042
878431
746026
69580
604334
587678
384490
375583
648494
367403
863734
494889
216859
28245
613477
356341
854123
227600