786388
621434
45965
866062
658654
733515
704362
81296
91058
436878
188953
696052
178431
91930
73730
982499
761563
315974
611567
547388
611329
696699
271263
710780
808953
967477
601465
387337
458389
224470
256798
50843
594263
575207
72087
23304
334896
644268
869870
200938
360483
790626
613784
766574
158792
38743
89679
577788
755437
348838
405246
714558
520407
848590
136982
238864
976870
964015
689662
761666
133910
5600
522983
9036
699106
689327
65853
380943
501507
385462
634425
398852
109462
951766
588883
765443
238363
455955
455253
679346
674009
115724
987211
222920
336672
646037
400023
890749
249830
804787
905697
840016
989203
95155
215339
23412
353368
845223
39234
828824
356858
893182
811344
81106
344685
60735
129167
300391
57435
699810
986008
348409
701060
812235
484185
607310
614911
805283
593189
969849
208414
362581
881702
396199
278383
150114
428333
364679
167199
265698
38122
699287
969146
501336
336759
349064
461709
214704
856014
139149
727405
43607
898908
738181
275152
442743
173613
365315
535256
503246
710854
731958
911984
199082
306449
606074
743119
243075
999603
439482
663706
302197
177146
362495
555622
354648
383666
455002
940187
779646
709591
408874
62580
568392
495652
862027
675682
754085
789578
139867
776464
773864
348412
652330
35202
242821
642855
730110
783575
177769
796159
586047
462061
561395
201205
337093
319971
704018
27652
541565