4049
829960
516705
217300
355132
647203
891807
239816
684740
67399
23283
843500
482691
423722
449919
546172
31528
873605
478108
987870
964804
149797
971782
70377
584314
50337
446515
285308
518907
292666
6592
993088
611491
837350
177566
133135
55090
278408
375834
838195
364773
497665
332487
841158
458864
849696
894473
868345
904155
692277
30977
996721
374454
169539
867792
481292
403450
116243
774474
9666
189310
657509
98681
282470
935571
752770
223755
519370
839932
75053
600281
484162
992653
531960
387540
991618
91295
237746
552590
918753
545709
963198
670946
811198
356750
607807
294658
758145
600847
600623
292187
683195
533548
902927
801831
758951
873131
383544
487886
250194