806769
303497
709873
932161
176399
879974
603741
395385
638230
737645
686597
933025
175145
730975
964005
743960
967546
442074
150167
159268
211313
760918
82116
968890
900645
312252
79159
570412
637639
422238
289677
13807
678622
97943
996617
677832
606828
781824
152772
919955
382896
876684
777601
779760
66885
63233
408351
720779
634088
977236
463847
684869
713942
343647
656069
827652
156180
33857
602516
214164
668616
223058
929490
484152
536069
78657
630835
734097
339940
410765
442449
925226
251661
852572
685504
273054
331349
791163
410752
145190
310082
601651
699916
468867
802665
401156
409423
381124
951480
19969
603126
535413
895376
235015
606304
203044
840266
469595
867890
275537
700379
450272
605064
775601
23954
84401
928710
435871
400254
545505
245324
471328
538668
831052
929352
682001
565901
605274
219493
879023
384055
263632
816097
22147
150786
368210
623420
304168
450003
609465
269324
556730
229557
134477
986349
617693
773922
909407
100310
961063
403618
212806
487688
520235
522763
886004
427295
511331
161190
185076
779595
297145
333490
67138
401880
955186
125442
489990
363880
690232
489921
280623
540355
107586
383382
683112
447429
37602
488994
447226
428918
642666
268646
755326
777143
17916
895426
406909
778647
537069
393112
646822
279685
298774
778191
831979
607392
204279
371700
167544
936491
738311
66042
856656
888092
690972
778658
352902
343251
183603
971190
682134
557288
8413
835439
504542
232925
227015
495862
113340
924338
226276
161736
883141
536280
310393
847538
839582
868669
357956
580988
526075
124806
264074
315682
396018
707675
222332
442557
330875
206747
226885
991937
832134
404465
411635
443935
761273
371390
773695
318027
640069
20918
775802
817752
576804
313479
126486
383998
353329
96883
503823
235966
546147
28095
290484
624796
103399
436291
549718
159819
276826
44066
483916
664231
779424
180308
775327
955932
228
906207
666265
308260
735660
208101
621157
2605
542807
929750
628643
109848
489334
726021
113675
52318
607429
70680
42683
826893
220805
702426
581342
659504
740407
466347
327803
551949
591478
647063
344663
699272
348465
369603
894536
41189
539653
477059
810968
133675
332339
801097
197266
532772
114179
107449
775276
344448
275380
990680
845456
20313
737310
28514
371657
964881
612902
752698
793991
480151
489054
918844
542606
945225
570167
551214
802689
891827
451235
257366
531015
87030
356811
688229
557720
776196
609514
731537
512614
566344
497861
458752
599722
785314
659335
443296
522249
746384
68092
462291
425891
566184
617386
508168
350329
209922
972488
986917
493816
85938
429340
457504
977510
492530
692020
298349
417192
632159
794432
18194
821997
776346
110090
61782
841467
150351
936084
647575
959508
608786
988749
330491
298500
631653
198895
910399
856138
670742
719608
683499
524321
632133
302466
158630
412650
612036
435073
172710
986935
218775
34841
130687
878390
924250
971546
883869
347000
925442
43609
56973
125213
897787
365868
197749
831006
89905
489089
16996
747447
341355
584219
148036
662703
779409
222507
474476
504005
542542
257799
928786
844281
696720
608713
874718
39348
415148
91079
484953
575380
170271
224042
881732
60248
153392
765293
353349
744677
861553
499508
33980
938547
878052
107206
561909
421847
258297
481129
319222
911597
224437
480217
755511
647329
106671
709284
71729
872026
593717
998437
960399
500548
676555
318043
83521
835833
402835
119909
781104
875148
216456
203740
98380
788593
210148
743821
514240
41228
80162
470161
923271
675156