21992
414276
446722
593898
688427
774221
371428
31233
263261
786693
328061
514110
874039
263033
17088
778759
341717
94488
373617
316172
941850
576174
397403
350417
295664
851835
769626
421594
728685
935664
138067
389362
363665
400325
92612
673111
125484
441
35766
769541
749020
921767
803599
481053
172020
86722
910404
843378
923449
933421
535019
123121
855750
543034
975406
486122
24015
567420
113500
625983
527362
506826
750553
534440
201481
722387
929526
593184
236
934617
394011
369071
535444
73740
910881
47957
5227
199812
607996
263568
827358
640537
137302
387722
917188
789730
433655
816419
70360
142921
357151
787286
939106
58760
556918
545034
141301
471618
665178
958967
363153
222464
740440
442035
747368
33414
779895
986969
855102
102226
128173
696596
685865
800624
245
132941
774520
766653
158200
361839
307760
463286
893288
312787
320370
335035
168620
629197
126776
307878
786997
882514
695806
136578
922672
786309
569021
928362
495572
11420
458578
38144
813467
344115
509118
392198
297613
721837
449414
933852
384183
686339
382395
996118
13243
269483
982676
842809
198657
121509
534839
690963
392907
13284
299927
807220
412519
981080
634166
320397
263357
283412
531596
913379
306184
699233
124096
204335
650018
28830
694739
912789
475831
469202
439580
32575
650459
314128
360877
328854
663992
873350
328469
333277
563488
125858
59583
923241
648833
981472
359928
545153
904438
943605
137678
187214
747770
953489
25555
51518
950199
6677
178241
593596
669501
397777
49912
910468
95630
65464
181026
551909
351893
886563
492215
746583
43127
745342
351004
422966
812419
101139
162343
832475
258947
19505
221373
571733
263924
1784
446045
567945
80785
711108
874101
357923
381323
835444
51570
601656
523414
758550
631317
249786
990109
285169
688512
264919
848086
846638
645649
491694
905647
412067
131941
87150
402471
35837
721342
91149
804346
525450
419519
479714
651893
753889
960148
773665
977895
745006
141806
634480
236088
439390
16300
853738
60819
817891
745813
194287
798015
173156
326338
614565
780492
48709
623769
712080
639720
388942
913715
14026
817297
640570
162143
129439
409188
697182
373888
987015
529813
420020
286481
60352
555256
794500
512265
12040
869371
247790
236698
667444
941686
982230
163923
968752
922203
412972
758373
313812
442312
488663
786050
694559
631612
722557
734113
322130
14629
941745
808799
488299
93655
20602
813375
140925
979545
167932
856850
730024
125978
370822
338738
331131
906177
606199
588776
256546
312226
832589
837229
614029
712780
664268
608846
188640
771647
279623
665832
227280
915899
974669
16595
607841
976819
851763
3419
595769
153888
729595
558058
802975
978419
823390
465217
901910
42146
342075
524709
590352
432292
603996
701846
178001
280119
805153
733882
811681
496030
904395
414169
536813
301097
143655
804481
869243
981740
511636
783946
603336
810450
53043
684660
94401
426890
551531
145900
70810
172447
993366
599470
7885
282341
906828
458244
930738
368719
249226
263084
536631
203934
405246
135895
940861
978612
823537
632718
621776
698375
233169
789040
813376
201008
171610
594262
329184
189859
585441
481431
145755
71417
34813
401319
784558
735849
750098
210522
326597
331542
955131
238535
784694
581506
466707
807559
663188
891296
11233
227293
497457
259718
30302
332591
661684
533697
494947
726386
895634
115587
893875
76709
173612
416695
298467
948660
408773
778165
659170
643452
437407
807633
438505
88558
990833
164878
907840
826061
765382
6768
443753
276561
598196
531119
717485
872366
212664
319431
458626
333230
646059
783021
223766
966139
250979
151580
668219
532793
576425
82252
943471
516048
308498
78468
926662
980487
143740
577927
116854
792139
674215
5546
562879
757456
154797
540613
602869
681103
140703
689992
295788
373549
59070
811877
307134
468796
798227
221803
40955
544794
109931
16499
286766
651319
357171
430387
760968
691125
165996
735663
469228
258216
412362
665424
970198
731196
719791
983309
22120
394166
500991
691206
927379
213395
211103
394799
151326
617228
54991
722857
518166
126459
347425
440876
205587
255255
882454
232225
115746
671324
556116
689677
987476
888070
535941
10983
375970
383035
995662
228426
193083
698824
475626
96837
523501
555396
782627
956944
761963
450769
989869
552538
60417
452544
842015
484221
59153
215636
617294
404563
448520
693663
99720
955554
919011
253833
226346
453682
874840
400688
615135
884032
747554
547241
876469
66763
634284
174883
4381
521291
818393
398828
980607
212417
404974
320718
596600
109866
378397
344529
65009
767693
135983
694244
679069
515060
137420
790102
703374
853687
748074
760319
73205
635507
714704
929340
237748
423962
991878
400918
736418
266788
912667
594116
973914
343460
217363
823751
190528
596981
33899
437107
721554
683091
4809
648526
733478
202182
912773
352657
759942
252152
723470
654987
94884
452392
116218
653029
599996
775799
463726
822400
290949
243168
577510
661370
154131
894213
702306
329424
376396
326628
17262
823198
500292
991848
466444
804801
334456
829340
439935
738077
3620
557946
81911
477818
703745
872738
980372
684297
883743
672358
997080
837189
584218
860354
41326
534133
418556
375977
899537
477262
954223
65274
446939
382324
846365
926481
30379
788193
813606
279226
448497
102303
899645
708609
836057
947631
693471
721253
98641
43724
470897
641771
976441
909961
417718
403726
739494
681623
714474
848660
955347
228259
311997
520315
573029
887964
864239
221587
970457
29586
652420
689637
309069
176570
389925
531025
239336
125774
767507
323190
521382
746513
892232
360713
892355
91312
23020
422088
938243
912708
535665
26313
13596
120756
145483
811308
170050
749880
356879
197871
886029
744952
728615
603936
868360
284178
829872
429165
334360
353403
147120
315543
894151
815293
689847
120133
357740
827358
448529
657845
696569
557281
124004
80653
82465
259174
844397
245904
412323
380012
41617
77740
834360
657847
536931
894384
813333
899917
533937
738842
798941
785626
814859
823182
147559
721971
385746
328035
148135
997879
497272
170008
38843
708370
987161
466148
684180
57947
57845
109611
6527
211165
677642
692492
390607
141491
119306
520279
633321
363148
704382
105756
962348
525967
710071
683231
282491
33176
109036
471015
975016
277663
637429
810102
785598
423418
317603
155666
800619
489401
442489
662146
872264
790191
206667
519189
344455
816592
2226
960859
209336
68150
837930
268919
21048
357694
592520
263308
639670
1103
943706
629205
217635
177338
914845
145617
627702
920893
727701
668763
85529
315746
589965
696663
726963
752901
550507
141833
742547
437938
425199
711935
484981
487980
999304
547247
941044
944651
858067
582747
813645
743485
287857
737392
518732
956461
838275
736367
538582
187008
238981
157698
536146
243260
620676
207472
506228
808067
225597
329644
83942
785789
896532
293768
764565
544789
285229
247879
977942
308826
957035
125775
18420
368965
482563
563069
789720
183386
266620
21907
684563
675879
750981
802445
333322
27881
473202
751441
204862
923278
679829
284932
377718
296982
269173
355385
60108
780947
926382
65092
47122
613903
379109
539437
515743
338764
484901
12416
981625
618342
236187
914689
869472
419797
215210
550846
624693
52047
343724
368828
265926
650698
511750
893587
386295
766239
463975
839190
65549
589194
194269
662570
195290
774606
626452
827256
495041
191989
843307
924285
429029
390453
953460
102398
346546
134831
190600
978457
509063
787536
886469
165111
677887
785498
764902
112478
665499
754493
294781
176611
277965
981983
946063
115452
693220
19195
818764
623860
244943
925477
553577
806583
377999
399851
982620
506957
131901
351000
751219
813668
480181
344018
917010
517637
168862
418915
235335
941225
306711
2004
391884
609445
98816
517941
359896
535744
524194
532474
802914
416293
998460
286336
897075
642420
54315
915629
729382
387314
979637
406964
710079
737
973618
321848
491046
328811
141655
454792
821567
949112
541152
744713
776359
444127
180314
447409
20684
557496
297418
182767
829097
199120
167869
366185
610525
24182
497453
144157
184999
762418
982413
600105
162496
624341
503858
685158
35093
34924
189533
37102
855008
549902
431785
257406
49122
529813
751821
204407
516543
5353
622543
845759
247925
756087
802310
911876
939898
390081
353098
280672
803058
863504
448122
652056
410954
790276
937193
586367
205492
628812
869158
342840
505535
53808
492774
45401
165458
185739
93264
732138
869381
520983
7269
295948
839451
342881
402378
454262
673056
555931
980468
563931
283611
357520
114607
780584
144113
269554
60491
145577
413782
340047
570595
449419
618480
179938
461963
164924
824266
737926
668437
834799
188657
725701
470784
694971
581359
447375
924735
767907
958369
447494
518177
944944
424695
247030
895201
185019
30024
811234
645516
181383
14992
459770
30027
887562
208519
894952
386444
610252
508190
505161
725457
683049
446745
890041
425557
516721
147204
918279
176406
148846
134803
29960
232196
177029
332122
959495
511364
556277
596197
22426
612897
314813
711349
757647
70352
334106
835928
966918
344798
509422
138467
106904
73464
796732
510159
204917
660502
847312
680302
236684
431814
859772
315272
503395
371409
905468
827478
563974
237900
443
974810
917020
207996
188207
553497
43477
468134
572063
90679
41599
645939
223172
733485
24248
39037
279373
423208
977982
592505
409277
912129
221410
308673
7728
595925
629915
756220
309307
83585
824375
437164
535984
451132
293228
374547
959105
771601
837261
983043
8828
89719
884888
82881
834228
910991
417388
820885
628032
267641
464280
652017
927901
654482
230094
579195
170991
822478
843190
907449
357220
523567
667551
303960
4537
877088
420112
943961
392726
589488
151229
62681
428949
434926
180373
983227
23457
263197
425080
122356
566008
438228
138438
871602
418002
923573
310419
527594
745884
629639
620470
359229
321181
496435
684160
301318
6266
338968
265482
800386
229460
352331
445736
160861
886799
315054
878586
92565
885422
993771
73440
862093
614426
912590
601165
288432
165698
19645
10613
373696
788060
586644
891680
93946
584073
52769
495328
905064
281494
337465
614559
83459
765406
349941
631698
829378
284750
453901
199498
189187
1
107598
183081
351829
653961
871547
345521
255392
630607
336638
943864
210162
344786
870601
907256
644838
737803
660430
53955
973875
600561
58327
402963
497614
93464
659266
795967
292413
640309
751517
735754
368186
541500
764314
434646
748543
610986
960879
739254
344116
141151
512909
626465
489459
896163
340282
593986
222516
393609
471309
909931
395418
616305
704390
751146
240857
524775
362375
424180
892546
973352
353395
561982
671340
225605
217314
334571
457409
428193
289150
448672
476770
928532
279293
553523
57144
869106
457851
820545
607256
799206
495411
860958
456082
773815
499993
664103
392919
801517
750935
862900
52100
398668
732835
510250
968143
548543
851130
953709
743693
283537
681403
333298
264221
437460
844450
482994
604085
547684
611039
732794
999815
168133
842322
665376
905039
19305
142310
269008
922876
875599
938887
860996
458936
387653
913857
33362
51798
93006
836983
500767
909911
322590
989052
10993
540249
557314
748625
539042
959325
285148
414076
384305
768819
332300
386369
9779
840004
762475
957760
848935
352380
60465
363498
670438
832978
202614
962017
136185
470005
60885
468460
152261
34772
188269
786451
312097
487690
580993
385501
7368
991205
948799
278244
600170
509522
139422
15506
538653
123814
507168
54394
447217
776715
199735
243669
389856
498949
467524
328343
378468
766944
840058
566317
815395
826424
802337
189078
887686
124132
51511
476123
433511
479936
182897
928492
456168
515478
75551
205785
269601
302569
768237
695721
620721
221341
208965
541083
351158
507142
911378
461175
43799
747467
248928
916239
500286
651959
271327
862167
706851
379548
401671
145502
347716
114788
518869
418600
56625
659701
181555
826730
488835
891072
271157
506978
410925
807207
183296
649680
134442
429576
411525
9492
798294
152491
978539
488293
755929
550404
782603
798123
740798
853604
448789
114811
456289
462723
689103
863468
574791
590626
260094
174170
548616
807008
176221
66359
947559
186139
263754
751497
273154
384065
431616
104836
580836
101874
581631
140292
166456
938323
755656
251686
19609
328434
231556
718276
812356
545297
853445
186316
395695
402961
794788
684925
46835
623357
330760
845053
106532
399471
232968
417177
907649
635555
472104
136601
884935
170518
626560
4735
362080
815258
467195
443869
875833
444729
54778
846352
969457
256195
963864
262876
5164
557943
676233
591525
588424
322378
996891
852360
512999
941334
738719
742036
841579
876322
849953
958760
370241
330058
78034
457770
672083
694475
349703
358241
77089
2477
39770
1008
212650
714061
590894
400624
177540
860230
156561
997161
830795
678524
476474
342188
500598
761541
763249
857615
932229
796019
458190
269830
832983
170946
646489
189978
259800
66267
443664
404105
531031
686659
366280
826363
707061
612579
920939
764060
295097
618804
578144
537818
496641
815878
826056
61117
383123
891374
883939
880669
818258
68938
920083
391557
989708
663090
462393
440931
383280
906685
843388
655656
657309
90541
405608
333186
658517
153016
633586
651379
384400
864500
879898
464654
481453
74398
501737
655950
264131
205190
969050
819411
661270
245595
174101
671802
136294
523919
719190
851927
137953
882342
329196
892626
972152
425569
610654
467931
522446
72129
466152
749899
480589
816954
394083
280857
117715
599734
28610
73781
93578
92354
410104
335428
995862
643289
453496
737081
554855
994187
124820
318988
874030
149706
607687
765978
117931
881681
846222
539161
126757
507250
207280
177462
996019
310074
806239
282381
115576
78338
51063
637892
295084
363093
789347
11909
789716
526521
729375
49174
992148
90396
289175
143894
30491
105180
640238
765078
490876
739635
443548
243217
908381
185662
894127
502602
547656
81384
471026
202241
340063
777911
989419
148881
123884
97395
920317
542953
612182
770030
548398
664229
140592
42933
985539
669128
676524
991314