686738
520712
851409
556923
841542
502623
263475
598783
224573
301674
843903
962631
677413
298632
165287
165103
474719
364170
141502
567282
301284
356780
282664
36077
100802
13615
892080
43788
438276
689940
981560
809043
364400
528438
854923
589131
303082
829637
458895
32327
954422
812891
449046
890642
842331
835324
761107
81911
713379
934063
121129
593963
52478
381491
353887
846619
677190
960288
498480
37262
135453
119388
2303
202807
58034
536630
434408
799066
167971
421410
906674
762968
780732
523089
687264
884441
323678
2861
952423
774612
493307
808238
768697
249150
266174
359708
459904
830605
36807
62497
740710
978663
464468
854538
630673
594668
112827
979802
844332
373212
328403
436811
984992
917031
140083
420450
984355
579280
226962
860717
342503
179389
324430
970012
611762
936861
132744
22842
436045
95606
506220
61766
250774
242186
342606
145394
436081
176037
203760
346743
117083
106374
978848
207891
386206
398055
522878
468896
895649
855723
125212
353170
373719
673124
991870
733837
425432
950078
698624
217249
167244
571595
173655
9059
41475
638571
554479
988201
807202
677335
804852
71009
25273
377290
921901
376911
760688
580174
447234
29217
416862
564575
745758
379056
20668
386365
174319
463381
262254
40083
946506
963942
697473
453375
487916
602124
135283
400702
172700
10306
910187
325877
973868
835628
418441
292766
309213
703185
210968
356749
732834
191799
268320
212062
560253
897946
416216
16126
895942
221896
694713
378066
246923
248348
223918
934599
609936
952533
488424
647543
301751
974930
770829
592757
874171
746412
453968
356597
788246
78448
705052
220699
202115
704311
508842
248990
248670
683748
54194
298585
422823
449530
339197
526894
570213
798296
685017
844375
578919
171409
533798
224842
632165
575340
196750
117704
481222
206901
784146
757955
698555
564862
790975
85610
426696
974518
443135
738386
517475
631075
23115
432578
378485
991167
239742
256091
618941
493933
167813
379234
747476
515670
633587
377004
187083
332580
241777
488357
993520
243675
539347
668220
543088
452239
681477
203951
188566
922758
375204
659822
955313
807146
947369
842863
820308
183914
369728
465101
138935
118703
589047
286749
64059
222135
954449
893840
297355
11535
412219
484926
140766
631409
398166
608213
156185
494519
836147
277021
51920
524027
302429
75879
46637
409294
730511
861458
633129
360529
124166
400697
216184
454835
581105
758972
624386
385799
350534
957673
547019
395265
95214
859144
243
853837
355552
954688
532121
878027
782859
694697
264219
814187
775789
967983
288249
598818
169537
585247
334680
830726
897237
819153
817762
654476
102649
130355
488394
173147
767188
145198
685677
224844
565456
94966
710420
413505
61557
484531
415766
336287
305876
581383
55323
389545
766169
418044
78267
691386
273156
717067
616452
762079
101361
253259
671450
922639
384915
834549
282553
530567
456255
515216
576663
464774
344804
23677
339941
362978
407129
378337
70131
931206
167567
226474
913011
468681
278566
394048
479061
191083
549147
746570
394514
153262
787870
511514
422085
992143
569985
747446
231219
547936
908301
334788
177515
184835
558511
649681
523017
381060
229584
490622
191572
78932
578
517255
256583
931294
874261
561329
981549
730056
479370
500112
563045
27016
225567
798514
257413
877664
70281
141932
293467
546232
916544
956670
7183
349270
127988
85413
315620
521404
650653
497662
165405
627614
700912
690898
54140
435646
908205
501570
496294
335462
767637
350544
774178
428033
146297
132935
163520
36247
234478
126985
245334
271267
939485
269747
161893
607955
58295
409518
269019
793564
632325
762901
272946
761591
671325
572542
772534
29371
837873
506536
444067
602008
618625
606719
371500
509741
333936
321294
198808
159751
218293
182145
932935
713335
209704
431574
817747
674767
464060
117792
240466
194425
67148
178104
435191
408435
402126
648832
852760
224426
51108
361301
975114
159090
495313
915729
447976
876960
880392
843769
430259
471877
612640
692682
954643
582023
428773
494043
700220
28061
690120
235759
486636
990310
151734
107609
358864
86887
516741
660236
67078
212576
896267
636798
353278
108937
587337
328505
443065
213678
915845
583230
822835
75364
891125
547414
997790
472359
306455
376566
203908
714705
334110
900110
912461
769593
360134
341038
571937
577766
474824
996117
303461
28655
747690
37272
436130
210288
627054
894508
413316
937771
391530
211600
856574
934584
935032
704537
88074
620714
751427
379547
897422
672448
134850
340145
602715
7621
53249
312618
992334
166597
485403
59536
682713
723564
109956
609878
385372
549436
481923
854365
358509
722602
885820
772259
580471
326550
508459
401865
558910
286630
808173
300095
547712
443262
860792
426190
574391
304029
786220
67329
484220
643799
430401
81969
750085
66795
470047
107308
407823
956800
676364
106881
704919
241793
364735
919787
328641
280145
327316
335064
900764
953325
761753
702484
791165
405021
613317
68951
713735
550615
219144
108135
202189
909296
965502
711531
483214
840447
992061
310670
177631
394513
526413
496012
393190
453826
161975
970204
487746
327166
463990
865850
748680
376148
86858
405328
95209
557684
97388
767616
97583
836997
209436
571793
53862
916453
794902
181939
760087
15614
607011
858224
419888
122241
785611
404914
443455
273346
233512
895979
312221
979952
443989
779941
847911
64175
368518
443622
530216
278740
725297
459839
303123
803196
572906
187633
48491
475146
927181
254973
643333
651067
461524
968967
110053
317671
387337
398886
419398
364054
697109
876810
888886
488124
678262
173066
157725
773267
779663
280202
701086
920595
334937
938694
683733
762705
510135
597629
51393
655793
686824
710972
837115
59849
16342
450053
834788
926164
829195
430109
140638
638416
195459
664367
83952
67189
489372
657824
416973
105233
399530
590192
521838
671557
675751
735049
764060
174358
603463
394024
136970
405360
288618
612837
215070
247230
314411
370144
219536
95902
392214
156682
294059
9797
864374
502797
639409
693679
87819
862105
298780
380096
605274
745804
280702
676988
345695
952446
855882
884704
544670
132710
602283
378779
69591
85356
102610
649260
735256
16587
131981
678681
681964
921570
973331
335049
418929
314136
833564
921215
44104
764714
576045
32691
886181
776019
319281
744207
855622
600086
956739
849987
15040
515115
873545
818821
316532
900740
728378
109992
435297
165690
854143
897944
37203
198681
953847
511408
615738
119365
160149
328504
325397
224455
392420
249662
116621
706488
231147
503759
817630
394696
353004
530514
714352
29483
360582
749506
685636
161250
750202
708358
274442
506018
546698
664239
613263
796962
895869
894669
349523
77190
669696
373806
762552
346403
445991
196212
317015
759854
994641
670802
842605
27782
956648
764643
993203
211611
204231
316071
832203
624505
146423
143834
428630
956533
230994
927091
980130
564338
930249
289910
223937
242129
296769
528502
532661
139763
474647
385131
840839
870891
723205
82988
757943
869061
895516
831497
183309
12142
167921
725895
83406
740350
985493
233400
103114
39657
997884
157943
264466
202493
74238
812542
174920
522072
882172
235364
104654
12906
941595
733685
82336
774627
349932
452911
756478
266105
288236
476951
629250
619799
160550
950455
255696
846757
175415
320116
186410
247280
316010
483983
871715
195959
899073
805560
666411
838801
631957
531466
782217
847422
538901
246440
159336
245768
831530
929778
414664
182037
305339
193763
771029
5644
99788
93641
646101
430114
156865
243938
717562
978048
468801
953040
301207
335699
805622
12665
807791
455279
787760
208382
193386
236384
636457
836886
953249
878415
966371
342918
387224
396750
964078
334143
411723
406912
308550
873940
70049
224424
412632
354966
195965
336780
672677
834894
475956
873349
839231
69206
76377
989542
217585
571604
632179
40007
287356
324052
771344
147885
535739
189121
258483
595223
562280
156352
264872
917416
800951
387434
556728
276780
502496
23523
318969
570568
291258
119067
132733
720899
694403
987361
641514
726187
250620
122783
255722
654565
727729
502518
849848
496469
222679
367223
455707
568422
9421
572922
941680
730102
552389
468319
672735
851745
947132
709023
365808
948777
181733
49038
275894
248319
291364
606319
966697
418224
981557
972019
322706
278575
531117
936464
864863
21435
690521
721914
646166
268588
182275
283841
250662
224544
757202
232135
503258
367420
88401
460252
623783
247009
718984
369272
305956
290157
346246
3988
791257
1003
688129
107557
352751
179672
675540
925238
996679
448595
86182
654945
450919
329952
726827
291241
616976
920
390596
347319
98027
555953
282306
7152
591585
478758
468232
92335
950282
586563
840206
775588
808317
378255
267202
428232
457926
507797
297801
480380
256629
60945
703138
676349
158675
221812
917484
184582
101616
980948
438014
940419
836440
302900
682804
447533
414180
525355
953674
946118
548396
465971
253216
19059
624218
858576
882205
600625
947994
625434
327792
88629
14509
363817
872946
572132
985309
638109
413479
290988
638411
102471
912420
713277
544868
547512
162058
747304
356466
333732
10224
890194
623054
511281
631391
409364
94068
925666
530998
195315
656879
598619
875438
35447
304883
868624
245368
315754
457353
101134
7171
112431
419940
146406
826457
144828
598547
509041
17769
482805
926736
77893
460191
828646
838645
951347
196975
626781
709838
626297
792370
196898
477449
41483
399527
416404
268554
416889
231642
792290
602779
834429
949409
242530
919489
412067
763203
68369
357418
392213
718836
462056
38914
339138
242236
777559
598180
519595
46581
874081
626221
95818
74739
694995
330093
121566
210942
290850
856567
819095
770938
233696
331160
300763
103272
857627
512868
851891
205573
169938
423019
902358
921744
391893
791883
799055
767145
843448
158431
521613
490197
231347
91862
864903
43486
498073
110686
49482
274135
490739
734782
419360
743614
303225
810435
42015
256634
334636
383442
760203
497027
378515
876509
403241
590688
201999
254897
467617
405772
172701
900011
918926
478450
550632
387530
852902
517784
960969
621408
180289
695832
989980
418275
942216
871176
570816
843744
569659
714043
992234
961615
568542
44577
308135
272321
557505
323017
87788
582646
776875
72967
613851
952075
105378
605233
220949
980368
978906
996995
186166
579064
533816
224546
608817
89961
879681
132222
604937
79348
786084
596496
246250
582110
678688
218499
493730
129309
453203
811119
471807
391135
922337
492736
383557
233603
667005
813045
571212
505195
41175
754693
471476
991785
410338
306524
598854
747158
578688
116034
422697
704257
293005
936861
568254
290181
951301
527053
97112
628468
533075
58677
585883
12271
455479
173849
445424
38615
350866
91939
947298
380126
312401
45888
582424
227703
621428
603431
661231
836140
352442
55674
523700
134478
197995
319685
374715
734790
134145
742627
53854
906250
42612
151615
939094
689132
607585
255992
474287
783244
50070
364830
557867
380078
690749
783770
820085
804838
103586
164586
394496
378160
422946
151561
831228
509084
906226
94636
104885
890598
396873
113577
723016
972708
313579
234355
988226
355608
897427
909760
951574
780389
932349
980875
543355
393631
181197
395061
979040
520123
696095
642695
979405
616165
723948
639954
700823
762673
893973
905399
196544
154345
34320
396675
232489
225220
402796
269682
595956
618360
502978
443669
813434
947302
682938
715341
650214
974260
30775
726647
871852
717881
367072
418850
489642
473105
567756
217339
385241
985295
434633
308554
963055
917202
596489
909845
72469
685168
409770
258658
305984
225040
302497
383258
295342
318740
825602
541065
742783
656691
579630
65410
488942
413796
87385
450912
923114
145398
786934
497127
501397
844413
339202
387784
721112
478822
703402
503619
802785
666668
789850
342247
758714
636707
359523
2485
296775
329522
59848
324643
436764
616670
667878
562172
143224
558337
87357
31140
179299
24345
674463
567546
470047
425148
100211
294550
721677
921001
286630
938417
459296
331771
26096
395684
603766
315447
397374
49225
524120
484420
905217
810558
955855
965050
503571
481416
635681
606610
310401
169107
469735
236350
817017
87
441100
870930
599185
267735
560548
355743
130162
925827
655910
63265
813023
439166
938568
821838
299302
151994
506486
248398
747297
595454
273518
548810
890217
855113
150970
391197
798489
949265
609163
962024
308474
279268
740719
187714
701200
226928
712239
518476
674432
248670
803912
789346
951900
90328
178372
438317
696269
257259
971507
775125
27292
194120
281675
288276
980829
766117
395994
621542
594680
513793
641699
923164
405589
9988
771357
750480
896611
164804
674308
448243
701446
741284
641369
609538
503195
833047
648573
373463
835112
297026
708518
19356
127653
324544
440763
504922
940577
682815
148370
686320
388179
85511
962115
648606
916734
317275
433577
424257
346239
793016
104181
316825
315766
897658
716334
307078
905295
778974
412233
41234
246892
17826
13728
7719
270449
702921
842258
301729
37867
456059
531512
278590
316701
870792
739455
358898
196329
507277
66215
550936
39128
372719
664535
377538
708486
659909
827290
293361
932141
245394
950714
19232
146572
327407
851703
624187
497331
475975
752548
515885
709422
236540
666911
160407
256652
296872
868459
727964
290570
600510
744812
288985
706593
765902
312126
226482
347881
932711
868338
340744
715240
956630
595877
951110
83836
900941
82495
4891
309408
744992
85637
109570
21086
636200
471260
652092
237906
998346
608859
132767
590742
479186
229195
80584
397903
834873
295166
954541
789523
310789
598921
231053
506486
349199
586463
742472
874288
304928
274251
865867
388716
308917
422601
198499
684399
326434
477954
71667
731939
105363
334243
878081
899456
423149
302041
889898
943062
382674
208619
742646
109305
532356
367347
323270
956297
696737
170362
119146
200028
478732
712303
87311
914186
786605
345412
485845
338070
363982
319782
153663
744436
862758
550550
392900
710139
325299
691177
437954
430057
23424
529112
347794
759693
982086
660741
389750
779733
724207
232971
478959
654132
537589
895616
681708
475568
539881
899274
850268
450629
404560
974363
967140
3257
420072
376970
852908
62973
713864
801103
306772
150973
593573
371291
966917
663365
181681
321362
404322
323471
41885
324262
171292
774637
998655
327825
436709
98191
204688
852974
372028
520690
127820
481461
813095
826982
632380
845521
389055
712186
3216
708128
203621
464453
525797
756486
89618
730068
166439
360430
147981
553451
683088
375455
70133
653242
459343
213878
556350
767582
146947
55046
447801
349328
713574
775881
686475
278126
450247
179393
42303
59108
616943
317551
800184
676087
698406
4719
114303
578158
751310
503726
315515
492445
265452
330762
895038
919055
51527
483972
395259
326543
271785
136996
376278
159123
914882
475882
135828
578694
222380
955372
951666
174576
175946
333521
829969
998660
731017
639016
51278
712071
493640
432806
276208
947480
452180
337914
152635
878816
446156
239439
191201
577750
724772
246941
32472
687215
84292
885292
269319
424865
750928
597863
772057
521683
140547
521753
956852
719651
886580
445766
374788
290003
251067
176232
917233
334353
422381
468229
531695
581217
502914
493225
21427
889641
332056
228422
45507
772184
960464
787620
543910
916852
128662
306054
227323
637056
615743
457883
123878
161158
256139
80094
609189
27398
566921
163723
239232
242939
706778
897341
467807
906886
568397
332329
44789
40506
612394
215153
967002
267779
891595
133734
799031
969651
910563
443485
540251
741419
446946
895724
320362
363426
131697
827266
31348
76181
683480
979360
354724
485131
934400
680888
423247
615172
968402
374816
647532
467773
913597
769075
557411
515875
655703
423428
557054
789906
67291
197248
866940
628808
576977
523039
280196
880939
210891
261959
910967
588851
702859
294077
918558
112501
559106
56264
976706
514701
50611
714212
809435
886312
539126
917984
481184
728043
463001
464213
535549
899076
724001
764995
157219
968715
177198
690057
696569
498324
891644
808832
645104
676564
637382
13557
281332
753068
431685
659458
242686
459927
388693
125768
275526
148397
711673
89291
734358
246481
875253
954794
975418
190014
197401
295225
52116
50408
7198
270781
204364
477074
980393
972035
299812
117484
895020
958237
205673
852390
319084
915130
296965
85909
216669
178337
177074
636224
912425
205002
768393
360713
423567
733209
533624
980787
785448
420792
174674
325716
581318
784463
493441
623960
359477
564131
496918
40879
785123
954952
305473
495380
949084
276356
251868
820027
861165
608130
261921
765271
475562
476592
59004
970949
241292
464118
769788
134616
469746
414866
941475
910338
80072
780692
705948
119195
747973
251123
289676
681617
877454
362571
433537
354477
224120
219380
239495
533821
371243
827008
606809
151012
205602
877456
305845
258170
813582
637907
968456
275169
272474
587293
283849
367269
552074
451936
866402
453711
356284
737161
383560
175815
832465
460217
439340
832995
156773
924510
757321
217040
375033
463726
488094
206619
184562
446080
946358
233565
742074
747335
71586
904449
526021
172587
922505
514163
246382
444293
177558
191591
19711
76023
313231
590403
313808
432998
744390
432939
974406
908246
405416
513831
388669
7008
283506
83890
118336
586898
562116
811041
658933
841379
528462
681453
829846
72785
519143
381984
496986
993817
767292
939736
323890
105939
899237
699515
659503
475047
869459
638136
781952
694384
789798
928309
966489
194155
368795
496091
742064
398107
886754
759098
672353
969213
255822
185177
920050
26531
348774
877470
508784
228336
464792
979158
823672
265903
857101
223714
635346
751696
746712
668991
655479
985407
980936
924976
303539
854306
659868
204170
59045
735536
222742
110364
863332
190697
999080
256632
709820
600309
881739
498786
179350
245789
315183
234325
541301
829664
489933
299692
77788
831795
532760
105396
515918
454617
622033
182155
646637
497242
215226
744628
860676
565091
74210
64955
961056
189561
221983
243455
726233
704027
468186
205921
600174
907124
803332
322376
74382
841338
49767
732942
520947
979174
141207
28426
597097
809616
76103
60410
223149
389542
254967
10061
661680
502217
574155
737035
971451
420420
946424
987042
266988
830633
285079
893326
783006
922058
652572
940387
728423
468689
862304
193466
229435
946941
727066
481142
726637
287225
739180
936562
847510
441690
985369
653129
981774
443701
258517
427905
984343
760347
735157
679572
437146
467251
967430
566365
163785
583986
979769
979676
997539
188857
473211
63654
313430
81866
119587
350060
37630
674472
294213
269029
692619
902667
258276
892251
9922
66365
954756
356751
417434
308756
493852
365450
873094
452364
985706
87298
462482
379521
508961
749221
651495
809989
459710
778245
569705
578788
945337
278303
623999
342770
229206
848905
124530
578060
937946
140728
33262
934452
631771
205355
569703
110083
383345
345336
379221
798858
191112
559665
640671
181769
494167
56947
203606
743563
9003
365514
470296
397916
797789
770500
659349
357225
845090
847761
767406
724850
717185
972179
346745
408494
429727
316680
964449
573819
714742
355409
219115
397695
205156
896671
280403
318241
831584
465529
952276
727070
31175
317036
40647
266760
678933
911119
263267
17377
880687
665649
213539
953360
124572
491170
960133
581118
971348
60251
34478
817360
791217
969354
901227
474881
813570
864446
126226
738843
913663
209836
436103
830097
973526
338524
623770
122940
840228
921715
60046
505776
241855
994077
185653
420347
399216
491094
105846
694201
500286
465878
178673
706199
281701
808279
971897
190690
302630
505540
434048
640267
607160
452416
913552
779961
816540
363855
730101
896331
993678
102693
870393
681
831383
64713
638599
414789
720127
919142
256753
452148
202848
507822
29901
718819
672086
169579
466362
894071
381587
488228
581248
543301
874959
684264
805270
119787
640476
384762
191613
248457
504023
679385
62857
863904
352251
374698
215231
783877
139599
906500
330330
398273
3968
526488
708776
672456
19401
653051
269010
486612
302222
156178
418232
924638
718089
881881
644602
751545
471707
158159
401620
814731
173060
679810
652705
260072
956910
819698
27200
300748
871204
360357
853716
121909
350304
431367
739685
208155
430657
918523
131620
474381
277083
700162
913931
785258
179752
842310
892643
762488
150621
147396
375199
240420
234008
553237
896998
949143
673717
950743
469806
774320
994368
572092
478660
946852
565700
590575
919976
38576
328322
473438
149908
580278
611198
481064
542749
707899
571443
856229
6771
571132
930214
890188
862595
235816
487064
336773
349691
863167
744788
253260
780013
617221
251945
230654
293837
777570
291890
854468
465877
602265
924113
846681
865351
691427
452602
474937
449106
949224
440939
460904
628430
3801
227065
986012
897698
105004
383366
660871
733061
503477
741007
222853
595809
770270
362466
576031
68819
550659
788973
782202
980751
866220
479408
570335
858017
203560
870804
869352
869774
988354
631574
14851
606169
43555
70300
739110
719649
32196
511784
688399
818216
605773
6698
241271
324142
921551
556207
605075
360828
974875
1016
165893
216444
182077
773990
384166
833861
249496
103120
683688
268405
110111
83383
483180
203320
124141
474001
224735
776677
972482
419649
958033
154631
978459
594024
249108
379384
245549
397013
64589
291497
39933
899672
77850
238719
94367
328692
764384
431960
357321
514482
187887
891371
346515
339986
881108
10126
514573
351005
494652
4944
398269
803606
193920
841478
706995
363534
473425
975651
273355
958743
169729
62529
68607
592912
764460
385788
300518
901791
773249
879037
927245
274174
312433
388629
649200
633836
575346
204031
314134
219331
853040
804104
904838
583466
888849
984458
145961
476320
697379
593428
831997
803833
953061
363365
119347
744486
612207
532823
177383
255660
618494
331225
785338
262391
791392
306837
256589
873416
661880
867248
439899
286473
238959
189743
416883
378881
17207
906999
629969
281250
68413
418285
311064
767424
593643
517756
63023
725788
411287
149556
714229
582687
566283
612176
359714
177378
813041
876432
841019
496234
136219
234245
355505
71601
97453
93483
123351
770911
390632
916144
390527
44760
219539
813651
671408
576302
474888
816680
813957
143863
273112
311031
724837
266874
80348
736516
64410
937795
985305
442026
366992
838230
368975
963809
727021
242112
291806
552543
13255
97225
208853
822810
969734
879493
190809
373226
977367
658953
287855
165005
365898
454651
681894
919685
884298
304707
347364
666140
756662
89438
710667
284871
245728
983441
595911
857384
754657
602554
282423
334382
656150
901377
253237
631192
611004
744430
565764
170966
703780
502997
150741
241552
465938
148588
814582
749760
463160
127101
963096
400890
885514
252470
392251
670412
619070
319390
393208
85632
46050
167074
634282
483518
648985
464782
275514
753614
179315
578455
375366
688828
435688
556564
35438
358420
962545
890637
543930
931981
566148
949804
972075
432898
361002
925840
114781
58971
521470
867073
134485
893962
616324
515070
241965
983282
274915
607217
963801
172514
640256
407300
282325
294910
891897
677068
530413
284670
20475
199971
128168
97040
970113
622997
747922
822745
853034
364913
574949
254105
204020
702207
400339
299949
946075
197648
46771
561773
148616
792048
169221
480693
35896
231096
402084
948417
890282
640256
459719
383730
329924
731250
67443
24749
917507
976635
547329
221027
974365
332634
68423
132331
173046
151066
820582
204298
68026
747421
406000
358037
884253
827022
258867
836014
503085
270840
633127
389610
153296
262069
903728
584339
215264
513790
163215
984713
25439
115938
388331
158915
958681
891218
628152
375923
37909
77592
548866
591816
907831
66152
888920
85261
586421
157199
82199
827054
723188
544520
878674
203739
375358
999022
945179
279685
352482
243275
293489
935494
797417
827086
347525
120605
124656
616411
317419
107223
40679
879677
522842
629577
940965
219511
339359
86905
781989
269816
678245
802268
545057
834860
457561
853626
843017
677743
915069
511022
157280
596764
907339
95177
570804
900356
887235
302998
737016
270522
641491
238585
427711
289292
774947
855089
750935
544268
332282
955260
822080
822092
112592
626458
6728
921319
341104
840937
767940
284796
331145
112175
527148
51190
104467
305015
99668
399943
216089
902546
333443
996147
15910
658431
823218
136520
274000
614501
354530
777068
798876
912124
208602
233807
957068
220876
464956
203711
964684
614094
525507
722138
401653
975022
188700
855965
48507
699058
187805
80155
744954
991220
448486
935946
536
485771
706387
48248
653910
819720
879323
44699
78328
431772
292808
35525
415567
792279
90771
139126
610592
572171
318811
270027
90867
537487
170050
829205
932665
232287
342693
682885
59930
788833
123445
307715
73883
422467
792374
594397
989545
373823
655380
745116
850692
397120
414749
779699
256075
133023
152736
586833
685728
619206
617439
950166
298935
294389
754547
824417
279104
63779
995965
734280
376239
622588
944068
970913
75108
912329
320624
819773
943356
817262
463010
322677
718452
243468
578286
609308
127221
191879
535414
417427
603264
527073
505316
145340
734326
367301
781571
798791
339717
634848
744827
418920
574571
413802
896935
997545
702632
626883
57749
805211
57284
224120
325529
483176
218234
988260
919822
389380
844544
781299
12842
964546
591860
750658
417789
537539
253412
777122
559494
610441
667130
249404
741746
887785
816450
655630
655538
87327
294874
110803
560567
581627
800949
868225
425357
303098
161099
666668
130833
528752
643041
391880
822609
904352
527088
84300
173310
335278
827253
808369
543952
260651
466965
865625
39671
94672
545834
917965
266809
601670
53166
754015
604653
975266
314178
73902
597842
745966
723100
947528
353996
364706
105100
823146
27645
363122
853929
188770
492476
917505
720796
912662
144629
766963
636680
259037
20125
66400
782293
72267
169231
441956
579480
54282
938440
2067
422176
771171
366652
40202
897120
828060
403
754209
865396
274364
113219
452604
367954
90346
713546
603201
103054
802036
428169
350435
389449
462315
842232
283229
153271
232874
709514
997563
405388
493880
235550
29714
345027
399107
622302
45840
760395
188813
974968
678958
860366
866147
338935
647938
603934
1351
544381
419312
902398
597807
269727
515393
179083
609190
589085
460364
250630
163537
507196
938192
705023
452044
274562
521508
614430
415539
358606
900997
554257
460093
306577
57039
289230
40322
940397
364423
795715
14685
10856
27092
158242
71148
466061
698062
791746
506036
206111
890607
209908
302306
637947
108647
162787
535276
382409
96971
266534
605846
921438
238957
579558
985105
219122
150151
734055
423294
536825
671184
567413
766992
958048
130417
36075
135438
297253
422161
607907
189304
783955
704460
228341
186241
893721
751555
926958
525179
137926
141581
176591
612561
544356
619596
420670
625389
770798
628378
925966
84026
839278
942049
6566
910403
747895
944394
404304
652346
115388
539725
580128
47125
149708
273127
142079
174355
730795
865258
718035
776861
273614
314990
735116
198663
167602
47781
985166
30261
574553
99724
703094
190107
48482
774142
919563
520220
927876
760419
74435
202260
800103
364421
897455
606641
704543
881795
523908
374140
843717
340574
88390
653110
353908
379440
665874
215325
191133
771517
839369
115854
864776
591522
614677
221956
716775
909098
338201
311166
194264
120576
504953
684799
208376
602686
849282
787375
118751
192995
905592
480799
845371
232740
222203
474538
586252
155609
21845
368758
961977
519896
875939
822618
194190
234975
684189
323482
652499
193066
790275
953101
293706
859557
783013
654752
622020
915708
826767
303987
305888
947534
357200
336417
154721
328575
50214
440093
604907
249580
68296
109751
130202
151610
342736
918910
699007
450632
785922
374400
739448
284611
821309
966381
735723
468503
69820
717018
123999
442754
654537
665889
672567
775621
838208
787365
56075
914229
224892
645299
740388
874542
729376
420420
870036
743270
138308
115743
190512
984159
344121
846171
544044
786934
862075
749378
894481
293657
160306
624273
874333
537110
961829
646365
778167
539918
323836
876111
253453
190984
24880
521808
196236
927266
340049
625536
420539
957474
435955
391135
814900
795882
965686
19854
510529
578954
601969
898224
405135
475184
251771
786475
994705
136314
818517
413963
172084
108908
284919
782213
792698
55165
636213
407384
842230
642956
608718
133775
942371
14192
58066
462116
474144
284268
428141
732862
205516
185153
518867
462491
629306
269854
696010
130249
705489
253811
90447
264207
26435
662179
779494
614056
896936
911640
748353
955439
431286
602992
303436
301654
145055
360149
891603
982672
847815
461290
248337
553039
117857
795233
202262
493095
669861
113897
862291
886482
620528
810565
928837
850061
756983
491448
610492
917087
202473
818716
657800
224057
818337
255634
116095
998457
975621
908820
824940
922057
659582
527143
377495
187300
729876
806188
349229
591545
585637
102420
147340
15207
425153
653491
978989
947305
210597
235374
513391
549131
326290
862863
72060
735386
602890
273271
381018
522779
816103
527475
274896
185393
93720
102503
156850
579234
569080
981478
200844
784115
188172
627236
579815
336687
901273
561027
821178
562055
291872
289993
730096
821267
964792
217651
519314
469238
453446
938978
840722
187360
807834
611188
267827
898286
358185
638126
817879
724908
302307
230741
455207
815610
423921
463964
22745
168972
146381
722935
33
697099
417917
973070
423478
907673
226029
818061
876671
441522
143016
918680
815130
542957
815411
387548
110921
933730
463110
481985
792186
530470
712232
490235
268082
768050
403878
82944
872341
57186
525167
338068
933268
107545
601615
413119
281907
168193
460486
980640
85878
347696
397316
448156
901607
81190
353924
759279
133895
521267
178562
378466
500559
420662
879834
27613
664737
680703
84095
344020
550992
754582
200596
620957
212680
329749
108330
257762
964444
510960
521559
24562
922219
78485
839599
3762
660205
863854
704930
426608
988191
327364
691378
854040
951689
119933
798287
658111
72105
945990
495504
931485
463934
99083
110160
540824
497074
437923
610275
8635
350500
896649
262964
707717
918162
333317
911676
453406
666208
631210
61089
63908
500231
323704
826793
2276
983581
635425
480217
254245
680380
157673
75566
623838
521170
239718
390775
773191
182981
368359
430669
757388
15680
333745
694768
408990
987359
302245
277120
945956
195059
253
794133
710672
82162
322933
99963
540876
569342
281734
143565
970706
55760
349389
745453
885467
417409
209483
216157
96495
118261
226054
350973
548251
544804
335564
147425
896641
588934
765719
618894
993481
274587
462092
784209
798517
860180
302302
364989
366163
380129
521999
439871
606155
484504
70999
892831
776792
379135
331741
213653
386836
289718
838818
926150
527211
587460
97213
323354
6386
526716
681089
213499
808272
206091
600122
290795
359834
33313
231254
613954
928637
994234
883489
48579
418580
117192
920681
231002
637274
22527
103873
195445
475961
259260
646624
912060
364929
816147
585257
774766
840180
484980
481285
23449
152830
165304
41900
983094
290690
244110
366787
536991
426127
265212
591392
575405
208369
295252
914857
981874
635940
358390
234586
436496
319972
384764
936548
619124
884511
979782
700147
621875
841996
519265
114952
860607
59093
141398
50054
544709
926192
114381
20040
166951
948812
787101
342511
620497
854950
677681
248441
451642
29370
940632
289292
430393
867735
44200
929299
607041
963019
892496
965823
442619
976062
898169
315119
969726
126043
923161
559466
274286
121065
112980
692553
801454
990904
649486
280818
216067
957622
164497
507391
995718
901665
932824
391036
479365
305431
291638
564175
978744
703241
197670
390195
722907
167630
351152
289181
35693
39379
103092
722687
940291
93617
399318
200106
525897
267031
191558
145614
982870
191590
489578
173469
278251
513756
481835
111246
442057
968103
483801
364542
211628
297435
321980
656560
576487
977023
601912
892149
905309
734978
965147
319847
984601
807627
704583
846095
399371
509742
144119
974374
525344
571962
159279
581305
986300
134703
42244
932389
733719
627341
724037
256450
686129
677703
851845
551325
443571
19863
471302
417437
569252
882539
841348
356678
529284
215741
286811
353564
437769
989952
156117
207135
774515
982006
27732
265781
322254
580446
942425
769638
451460
995019
22126
631297
457244
891024
99894
820763
640851
907992
618639
321847
695061
300434
97313
912577
863000
844553
603526
428533
612630
83921
225494
731101
824293
674781
316045
663607
434548
554670
352347
195252
784612
537766
526217
394333
952320
777275
413955
133265
373915
747270
467014
437289
263685
337915
906791
176764
501673
855668
796605
663742
196230
595878
129004
679619
748232
391860
621007
721570
626626
442402
591169
656564
648267
89250
85064
60988
879090
790154
3103
52384
986591
508903
603487
312918
44487
253931
589705
283546
892299
546561
443762
459227
122414
480001
141899
982070
654961
135295
498508
924377
569613
709502
803837
462090
405709
191426
849697
486208
478213
186499
244607
115375
868914
859518
43150
945889
624752
883429
419068
852032
141970
582134
318491
832368
595553
932521
789289
439193
946100
458562
454714
614722
744169
754887
395716
114073
493885
233612
787143
190671
600525
907562
507927
791712
471210
577358
869959
642544
506579
365677
409652
710481
840977
894997
187691
761121
976884
915871
854648
131088
361893
345345
577356
831040
304296
564864
483402
121733
39665
385922
135470
640140
997983
665153
139482
259671
911385
747356
774143
719142
496644
774535
26468
423218
558302
701987
264918
834962
657338
922153
550828
768897
941912
319871
25718
953847
301152
42221
70850
513779
862779
781481
254538
285210
21071
850574
833661
448441
466325
607723
933672
463847
810520
647224
489473
67590
751307
673060
54160
569832
724104
299466
268347
477261
446433
883457
95340
222602
263397
915410
561825
282566
84017
591109
548879
972447
164756
680948
800170
329456
757185
341368
356503
18914
480451
350911
617266
896878
314523
529102
481733
842608
719430
100631
553179
438164
829771
886690
224671
202954
126260
193882
240099
472933
666905
139122
632254
793557
940375
602290
10125
383231
850208
927010
33305
512246
190445
316049
157337
683929
439246
121154
209870
670601
789345
913844
492108
308292
951713
705165
705753
879203
281430
808674
609454
47980
627370
736357
403546
243349
381404
944236
388678
852246
750989
125082
25619
36073
442232
722092
869280
780193
334847
395810
529255
618468
740128
677319
153991
733959
947142
843039
770652
4932
294972
962029
609802
285338
191292
134238
355289
704898
265702
107477
103290
324105
691788
302932
792744
581327
942826
874948
651498
78618
535219
864801
412853
658008
775238
920324
582062
374383
847040
510990
19980
292483
963819
337646
711452
161923
822355
969424
324702
771568
212217
623587
140429
167276
857313
569156
947068
378106
701766
397004
477020
779672
290030
708595
466842
862966
44440
802271
510629
933010
93457
504397
979085
859889
87205
49627
15303
774395
491699
714223
385037
976820
476634
814216
729250
865747
489807
475103
322227
826049
222865
14521
615705
724335
219315
667404
284603
161556
180440
923723
558353
196674
172606
797200
110083
91684
747952
863077
720560
275990
431071
192303
684746
402273
49995
512952
288990
234322
322076
63896
266353
430133
532493
486846
881030
144755
535240
522400
337341
657221
591180
783549
77781
767828
348682
641611
436242
630767
621328
623683
618746
971112
552988
973765
596089
372107
96467
304232
1636
34364
694730
361634
196570
222124
786240
164561
323143
247352
965295
549220
848834
775838
184183
329705
141334
708380
985531
144435
814878
537511
249543
154407
388553
662341
665262
842339
300542
779399
948787
824908
875609
502887
968669
634355
411282
154746
228462
983780
979199
501009
857132
627082
879792
948466
911966
254274
765304
131310
485395
996410
920715
96287
89115
426566
753475
573440
417945
560191
520125
269865
573680
1112
820256
733029
458267
701631
680061
79601
115737
409515
455506
986644
370373
869256
723369
87830
298564
931197
237598
547294
299159
416534
197885
560300
294928
648979
505674
204655
691809
704844
234586
704707
144015
511295
342174
33291
823302
950520
124032
501608
993223
946011
730469
321043
915452
843729
928531
633053
656301
451085
167148
479232
4618
961978
718617
289120
473384
115139
876290
182244
523017
287358
126265
480876
851988
504694
219638
556398
981603
889811
292093
629744
131131
465320
174876
674788
646743
864281
536464
904475
349085
945895
669768
733671
5298
36634
879745
177362
74153
517514
222928
974900
51094
24393
429054
614069
541633
258544
831565
488672
865974
371909
76697
106207
536122
684614
760282
364441
653656
806357
461190
477669
876761
912575
693907
685417
846353
618090
973210
25108
685590
987163
710743
153460
552140
842466
955981
581044
98716
894498
817414
927286
832643
2177
309112
482825
835398
494440
615556
22471
336835
91447
214040
867534
260707
408329
162739
571865
569260
814047
725192
232186
164979
84139
147196
99254
364527
519739
210762
571836
980072
66496
555142
416132
815885
150523
226943
957633
637605
304899
640701
406850
900574
581813
706921
846058
414018
114040
543564
767818
199943
120811
160176
885144
25285
611310
392162
641295
579714
76362
30809
984930
82089
387710
453745
136862
166874
437863
72080
858715
250075
373578
116010
206622
481259
741825
752287
939342
296567
400129
364353
651793
242982
962180
884596
651715
107663
731799
438062
658451
462026
785986
281503
652473
363108
567311
933034
111383
722348
700921
109968
355500
3690
86003
204974
970799
39215
644241
870813
492878
989256
293271
608567
420098
472780
479453
211769
584335
641301
909851
999940
159509
182603
517591
245438
53718
674140
933480
348821
772101
655624
170277
713892
368263
770584
250543
34286
164041
690350
792152
181318
726781
134904
216623
89809
8754
534590
85482
255460
345614
589019
416942
775559
295531
864073
84029
932123
578636
343509
215292
572631
543611
426609
159456
452334
835904
671208
796789
216653
247551
964716
753163
598400
999535
232907
408893
704756
446835
358848
753503
799319
662998
216678
883331
313564
882792
324936
920872
599002
910575
453459
63680
468
46860
514157
581725
725011
51116
425182
521079
270832
854055
472172
576540
595950
774264
816902
404340
567811
317658
65238
586352
233080
754427
660921
414863
35302
792607
200075
935500
741984
328276
583259
445736
732463
994637
927294
298063
271160
902878
22335
268202
295162
602451
396852
637056
860148
277165
551596
773385
703907
135034
516548
87761
617449
81296
589912
467782
668489
433510
695575
6622
264591
708686
949936
261735
116173
356691
237161
38124
939071
768107
390350
643905
727632
843033
529542
163692
926582
178594
598145
54960
975864
892777
394957
812151
913872
7017
378760
608923
63467
518543
883184
203089
600268
547250
662678
188338
591569
340080
616753
374376
680718
147110
931663
549105
424853
238603
96166
711379
739544
293354
447753
655132
53541
914810
411766
585685
441103
717467
345228
615683
937645
990319
400154
234905
595068
868307
440274
555197
252512
933497
786908
949109
323976
79012
540615
408430
89198
178046
993370
768553
195454
9305
121929
166403
813774
42048
104963
203935
202316
661497
147304
395953
224566
714843
303192
976362
179969
480006
762343
637051
357085
750466
421036
270984
184400
751927
587961
671403
138751
444038
983716
471266
543052
833284
128388
169622
102232
440017
286584
635401
700649
704280
593889
313243
612775
784037
458607
352184
450753
472157
581721
626401
456301
207583
103270
633622
258380
893110
771177
975262
121643
360375
814346
805938
963942
214398
12542
260364
860647
874047
881688
250695
625292
218955
100985
815411
205671
168802
275875
779447
602910
58607
601452
21667
889907
328676
679950
152786
903006
386546
383067
547704
154967
578981
99021
918670
297328
968283
17468
205079
393950
539807
162408
41229
313432
603686
757238
435885
142231
431717
304440
390748
463422
211597
851301
179572
678548
622373
582760
540080
64620
56066
675092
369392
195494
444644
770804
527656
945102
364272
372160
354411
224801
394118
791852
347216
762608
24446
289691
131198
985886
306628
945010
813146
720963
542541
992391
250313
5043
134645
610615
831716
994073
904823
442774
543672
949436
966728
879874
278646
150052
493392
688273
539134
251542
524742
648616
607874
902586
583207
253357
991002
623326
272466
573140
924581
589459
654659
437718
276950
190133
254634
781312
402850
994313
258663
222184
844292
712126
721445
216698
883371
192790
717520
50544
386754
977182
20468
141024
39193
319513
489843
670063
284405
833339
92067
457187
904433
621009
996738
69975
324750
322750
433814
478407
584159
105631
529381
290251
52106
617808
655438
960225
586555
92616
301251
601251
957227
361951
912868
654807
464712
403121
816056
374757
780674
947354
861578
277859
876018
115680
901342
455116
996774
253936
887375
700560
785997
19457
881862
694405
502460
982869
74649
184123
383194
808862
772093
400109
446511
557565
3881
555922
41155
782693
900170
680275
118838
16479
861340
187416
908636
806
58732
489724
757394
892466
12711
704223
937378
151826
873949
151449
356174
575538
116248
708171
727933
684540
430675
261842
176511
519771
444953
908565
973567
153371
883004
331326
320836
782829
564526
372357
29795
987014
77119
609512
962181
733286
437299
199735
883473
625270
680063
975755
532150
397258
922208
487575
282134
103047
556569
320150
489362
600734
103879
35748
805166
718262
796514
424105
222753
575592
963602
155760
47932
997540
674859
980694
761140
753073
750983
875357
97934
926737
705791
811296
978022
841474
230533
216609
800219
936225
731425
700158
189722
986986
134150
991298
245766
628442
397969
353496
311233
429621
891037
668507
516122
554147
730053
638024
741011
54966
736823
23765
321037
826759
786225
392987
53394
527614
831644
568302
53695
460207
439489
237389
727884
633569
848364
292661
345978
718635
942428
922128
830808
226872
821347
929355
473585
338217
674656
220165
375509
815001
547991
45539
512642
138172
807978
726336
251120
414368
213494
615746
796342
258838
720013
436040
963612
76458
441291
81471
340798
757133
249815
411604
296409
544020